1.00000e+11 2.03270e+21 2.03270e+32 4.74040e+20 4.74040e+31 4.69663e+20 4.69663e+31 4.98769e+20 4.98769e+31 5.30293e+20 5.30293e+31 
1.10975e+11 2.50336e+21 2.77811e+32 5.83802e+20 6.47875e+31 5.78410e+20 6.41892e+31 6.14256e+20 6.81672e+31 6.53079e+20 7.24756e+31 
1.23155e+11 3.08299e+21 3.79686e+32 7.18977e+20 8.85457e+31 7.12337e+20 8.77279e+31 7.56483e+20 9.31647e+31 8.04295e+20 9.90530e+31 
1.36672e+11 3.79684e+21 5.18920e+32 8.85451e+20 1.21016e+32 8.77273e+20 1.19898e+32 9.31641e+20 1.27329e+32 9.90524e+20 1.35377e+32 
1.51672e+11 4.67596e+21 7.09211e+32 1.09047e+21 1.65393e+32 1.08040e+21 1.63866e+32 1.14735e+21 1.74021e+32 1.21987e+21 1.85020e+32 
1.68318e+11 5.75864e+21 9.69282e+32 1.34296e+21 2.26044e+32 1.33055e+21 2.23956e+32 1.41301e+21 2.37836e+32 1.50232e+21 2.52868e+32 
1.86791e+11 7.09199e+21 1.32472e+33 1.65391e+21 3.08935e+32 1.63863e+21 3.06082e+32 1.74018e+21 3.25051e+32 1.85017e+21 3.45595e+32 
2.07292e+11 8.73405e+21 1.81050e+33 2.03685e+21 4.22223e+32 2.01804e+21 4.18323e+32 2.14310e+21 4.44248e+32 2.27855e+21 4.72326e+32 
2.30043e+11 1.07563e+22 2.47441e+33 2.50845e+21 5.77053e+32 2.48529e+21 5.71723e+32 2.63930e+21 6.07154e+32 2.80612e+21 6.45528e+32 
2.55291e+11 1.32468e+22 3.38178e+33 3.08925e+21 7.88658e+32 3.06072e+21 7.81374e+32 3.25040e+21 8.29796e+32 3.45583e+21 8.82242e+32 
2.83310e+11 1.63138e+22 4.62187e+33 3.80452e+21 1.07786e+33 3.76938e+21 1.06790e+33 4.00297e+21 1.13408e+33 4.25597e+21 1.20576e+33 
3.14404e+11 2.00910e+22 6.31669e+33 4.68539e+21 1.47310e+33 4.64211e+21 1.45950e+33 4.92978e+21 1.54994e+33 5.24136e+21 1.64790e+33 
3.48910e+11 2.47427e+22 8.63297e+33 5.77019e+21 2.01328e+33 5.71690e+21 1.99468e+33 6.07117e+21 2.11829e+33 6.45489e+21 2.25218e+33 
3.87204e+11 3.04713e+22 1.17986e+34 7.10616e+21 2.75153e+33 7.04052e+21 2.72612e+33 7.47682e+21 2.89505e+33 7.94938e+21 3.07803e+33 
4.29700e+11 3.75261e+22 1.61250e+34 8.75141e+21 3.76049e+33 8.67058e+21 3.72575e+33 9.20788e+21 3.95663e+33 9.78985e+21 4.20670e+33 
4.76861e+11 4.62143e+22 2.20378e+34 1.07776e+22 5.13940e+33 1.06780e+22 5.09193e+33 1.13397e+22 5.40746e+33 1.20564e+22 5.74923e+33 
5.29198e+11 5.69138e+22 3.01186e+34 1.32728e+22 7.02393e+33 1.31502e+22 6.95905e+33 1.39651e+22 7.39028e+33 1.48477e+22 7.85737e+33 
5.87279e+11 7.00902e+22 4.11625e+34 1.63456e+22 9.59944e+33 1.61947e+22 9.51078e+33 1.71982e+22 1.01001e+34 1.82851e+22 1.07385e+34 
6.51734e+11 8.63168e+22 5.62556e+34 2.01299e+22 1.31193e+34 1.99439e+22 1.29981e+34 2.11797e+22 1.38036e+34 2.25184e+22 1.46760e+34 
7.23263e+11 1.06300e+23 7.68828e+34 2.47901e+22 1.79298e+34 2.45611e+22 1.77641e+34 2.60830e+22 1.88649e+34 2.77315e+22 2.00572e+34 
8.02643e+11 1.30908e+23 1.05073e+35 3.05291e+22 2.45040e+34 3.02471e+22 2.42776e+34 3.21212e+22 2.57819e+34 3.41514e+22 2.74114e+34 
8.90735e+11 1.61213e+23 1.43598e+35 3.75965e+22 3.34885e+34 3.72492e+22 3.31792e+34 3.95572e+22 3.52350e+34 4.20573e+22 3.74619e+34 
9.88496e+11 1.98533e+23 1.96249e+35 4.62998e+22 4.57672e+34 4.58721e+22 4.53444e+34 4.87143e+22 4.81539e+34 5.17932e+22 5.11973e+34 
1.09699e+12 2.44490e+23 2.68202e+35 5.70176e+22 6.25475e+34 5.64908e+22 6.19696e+34 5.99909e+22 6.58091e+34 6.37824e+22 6.99684e+34 
1.21738e+12 3.01084e+23 3.66535e+35 7.02160e+22 8.54797e+34 6.95672e+22 8.46900e+34 7.38773e+22 8.99370e+34 7.85466e+22 9.56212e+34 
1.35099e+12 3.70776e+23 5.00916e+35 8.64689e+22 1.16819e+35 8.56700e+22 1.15740e+35 9.09776e+22 1.22910e+35 9.67276e+22 1.30678e+35 
1.49927e+12 4.56596e+23 6.84560e+35 1.06483e+23 1.59647e+35 1.05499e+23 1.58172e+35 1.12035e+23 1.67971e+35 1.19116e+23 1.78587e+35 
1.66382e+12 5.62275e+23 9.35523e+35 1.31129e+23 2.18175e+35 1.29917e+23 2.16159e+35 1.37966e+23 2.29550e+35 1.46685e+23 2.44058e+35 
1.84642e+12 6.92408e+23 1.27848e+36 1.61478e+23 2.98157e+35 1.59986e+23 2.95402e+35 1.69896e+23 3.13701e+35 1.80634e+23 3.33527e+35 
2.04907e+12 8.52651e+23 1.74715e+36 1.98849e+23 4.07456e+35 1.97011e+23 4.03691e+35 2.09215e+23 4.28696e+35 2.22437e+23 4.55790e+35 
2.27397e+12 1.04997e+24 2.38759e+36 2.44866e+23 5.56817e+35 2.42603e+23 5.51670e+35 2.57629e+23 5.85840e+35 2.73912e+23 6.22866e+35 
2.52354e+12 1.29293e+24 3.26275e+36 3.01528e+23 7.60919e+35 2.98741e+23 7.53886e+35 3.17244e+23 8.00577e+35 3.37294e+23 8.51175e+35 
2.80050e+12 1.59209e+24 4.45865e+36 3.71298e+23 1.03982e+36 3.67866e+23 1.03021e+36 3.90648e+23 1.09401e+36 4.15337e+23 1.16315e+36 
3.10787e+12 1.96044e+24 6.09278e+36 4.57205e+23 1.42093e+36 4.52978e+23 1.40779e+36 4.81028e+23 1.49497e+36 5.11430e+23 1.58945e+36 
3.44896e+12 2.41397e+24 8.32571e+36 5.62978e+23 1.94169e+36 5.57773e+23 1.92374e+36 5.92310e+23 2.04285e+36 6.29744e+23 2.17196e+36 
3.82749e+12 2.97238e+24 1.13768e+37 6.93209e+23 2.65326e+36 6.86799e+23 2.62872e+36 7.29321e+23 2.79147e+36 7.75414e+23 2.96789e+36 
4.24757e+12 3.65987e+24 1.55456e+37 8.53550e+23 3.62551e+36 8.45656e+23 3.59198e+36 8.98007e+23 3.81435e+36 9.54761e+23 4.05541e+36 
4.71375e+12 4.50628e+24 2.12415e+37 1.05095e+24 4.95393e+36 1.04123e+24 4.90811e+36 1.10568e+24 5.21192e+36 1.17556e+24 5.54130e+36 
5.23110e+12 5.54830e+24 2.90237e+37 1.29398e+24 6.76894e+36 1.28201e+24 6.70631e+36 1.36135e+24 7.12137e+36 1.44739e+24 7.57143e+36 
5.80523e+12 6.83108e+24 3.96559e+37 1.59316e+24 9.24865e+36 1.57842e+24 9.16307e+36 1.67609e+24 9.73010e+36 1.78202e+24 1.03450e+37 
6.44236e+12 8.41017e+24 5.41814e+37 1.96145e+24 1.26364e+37 1.94330e+24 1.25194e+37 2.06353e+24 1.32940e+37 2.19394e+24 1.41342e+37 
7.14943e+12 1.03539e+25 7.40248e+37 2.41481e+24 1.72645e+37 2.39245e+24 1.71047e+37 2.54045e+24 1.81628e+37 2.70099e+24 1.93106e+37 
7.93410e+12 1.27465e+25 1.01132e+38 2.97283e+24 2.35867e+37 2.94530e+24 2.33683e+37 3.12746e+24 2.48136e+37 3.32510e+24 2.63817e+37 
8.80488e+12 1.56912e+25 1.38159e+38 3.65966e+24 3.22228e+37 3.62576e+24 3.19244e+37 3.84995e+24 3.38983e+37 4.09324e+24 3.60405e+37 
9.77124e+12 1.93153e+25 1.88734e+38 4.50495e+24 4.40190e+37 4.46321e+24 4.36111e+37 4.73911e+24 4.63070e+37 5.03859e+24 4.92333e+37 
1.08437e+13 2.37751e+25 2.57809e+38 5.54521e+24 6.01303e+37 5.49381e+24 5.95730e+37 5.83332e+24 6.32545e+37 6.20194e+24 6.72517e+37 
1.20338e+13 2.92631e+25 3.52145e+38 6.82528e+24 8.21339e+37 6.76199e+24 8.13723e+37 7.17975e+24 8.63995e+37 7.63344e+24 9.18591e+37 
1.33545e+13 3.60154e+25 4.80969e+38 8.40032e+24 1.12182e+38 8.32239e+24 1.11142e+38 8.83637e+24 1.18005e+38 9.39473e+24 1.25462e+38 
1.48202e+13 4.43227e+25 6.56872e+38 1.03381e+25 1.53213e+38 1.02421e+25 1.51791e+38 1.08744e+25 1.61162e+38 1.15616e+25 1.71345e+38 
1.64468e+13 5.45419e+25 8.97037e+38 1.27219e+25 2.09234e+38 1.26038e+25 2.07291e+38 1.33815e+25 2.20083e+38 1.42270e+25 2.33989e+38 
1.82518e+13 6.71112e+25 1.22490e+39 1.56540e+25 2.85715e+38 1.55086e+25 2.83060e+38 1.64651e+25 3.00518e+38 1.75054e+25 3.19506e+38 
2.02550e+13 8.25690e+25 1.67244e+39 1.92601e+25 3.90113e+38 1.90810e+25 3.86486e+38 2.02573e+25 4.10311e+38 2.15371e+25 4.36235e+38 
2.24781e+13 1.01576e+26 2.28324e+39 2.36943e+25 5.32602e+38 2.34738e+25 5.27645e+38 2.49200e+25 5.60154e+38 2.64944e+25 5.95544e+38 
2.49451e+13 1.24944e+26 3.11673e+39 2.91460e+25 7.27048e+38 2.88745e+25 7.20277e+38 3.06523e+25 7.64624e+38 3.25888e+25 8.12930e+38 
2.76829e+13 1.53666e+26 4.25392e+39 3.58472e+25 9.92355e+38 3.55130e+25 9.83103e+38 3.76980e+25 1.04359e+39 4.00795e+25 1.10952e+39 
3.07211e+13 1.88963e+26 5.80516e+39 4.40829e+25 1.35428e+39 4.36715e+25 1.34164e+39 4.63562e+25 1.42411e+39 4.92845e+25 1.51408e+39 
3.40929e+13 2.32329e+26 7.92077e+39 5.42018e+25 1.84789e+39 5.36954e+25 1.83063e+39 5.69934e+25 1.94307e+39 6.05934e+25 2.06580e+39 
3.78346e+13 2.85595e+26 1.08054e+40 6.66315e+25 2.52098e+39 6.60081e+25 2.49739e+39 7.00583e+25 2.65063e+39 7.44832e+25 2.81805e+39 
4.19871e+13 3.51002e+26 1.47375e+40 8.18952e+25 3.43854e+39 8.11279e+25 3.40632e+39 8.61003e+25 3.61510e+39 9.15381e+25 3.84341e+39 
4.65953e+13 4.31289e+26 2.00960e+40 1.00633e+26 4.68902e+39 9.96888e+25 4.64502e+39 1.05791e+26 4.92937e+39 1.12472e+26 5.24066e+39 
5.17092e+13 5.29808e+26 2.73959e+40 1.23628e+26 6.39269e+39 1.22466e+26 6.33260e+39 1.29952e+26 6.71972e+39 1.38158e+26 7.14403e+39 
5.73844e+13 6.50648e+26 3.73371e+40 1.51835e+26 8.71297e+39 1.50405e+26 8.63091e+39 1.59585e+26 9.15771e+39 1.69661e+26 9.73591e+39 
6.36825e+13 7.98800e+26 5.08696e+40 1.86422e+26 1.18718e+40 1.84662e+26 1.17597e+40 1.95914e+26 1.24763e+40 2.08282e+26 1.32639e+40 
7.06718e+13 9.80347e+26 6.92829e+40 2.28809e+26 1.61703e+40 2.26644e+26 1.60174e+40 2.40428e+26 1.69915e+40 2.55604e+26 1.80640e+40 
7.84282e+13 1.20269e+27 9.43248e+40 2.80729e+26 2.20170e+40 2.78065e+26 2.18082e+40 2.94941e+26 2.31317e+40 3.13554e+26 2.45915e+40 
8.70359e+13 1.47483e+27 1.28363e+41 3.44285e+26 2.99652e+40 3.41009e+26 2.96801e+40 3.61655e+26 3.14770e+40 3.84476e+26 3.34632e+40 
9.65883e+13 1.80768e+27 1.74601e+41 4.22034e+26 4.07636e+40 4.18006e+26 4.03745e+40 4.43246e+26 4.28124e+40 4.71209e+26 4.55133e+40 
1.07189e+14 2.21447e+27 2.37368e+41 5.17074e+26 5.54247e+40 5.12119e+26 5.48936e+40 5.42952e+26 5.81985e+40 5.77197e+26 6.18693e+40 
1.18953e+14 2.71121e+27 3.22508e+41 6.33150e+26 7.53154e+40 6.27059e+26 7.45908e+40 6.64687e+26 7.90668e+40 7.06599e+26 8.40524e+40 
1.32009e+14 3.31719e+27 4.37898e+41 7.74788e+26 1.02279e+41 7.67300e+26 1.01290e+41 8.13173e+26 1.07346e+41 8.64433e+26 1.14113e+41 
1.46497e+14 4.05564e+27 5.94139e+41 9.47433e+26 1.38796e+41 9.38231e+26 1.37448e+41 9.94091e+26 1.45631e+41 1.05673e+27 1.54809e+41 
1.62576e+14 4.95442e+27 8.05468e+41 1.15763e+27 1.88202e+41 1.14632e+27 1.86364e+41 1.21425e+27 1.97408e+41 1.29074e+27 2.09843e+41 
1.80419e+14 6.04688e+27 1.09097e+42 1.41320e+27 2.54968e+41 1.39932e+27 2.52463e+41 1.48181e+27 2.67346e+41 1.57511e+27 2.84179e+41 
2.00220e+14 7.37275e+27 1.47617e+42 1.72350e+27 3.45080e+41 1.70645e+27 3.41665e+41 1.80646e+27 3.61689e+41 1.92014e+27 3.84451e+41 
2.22195e+14 8.97917e+27 1.99512e+42 2.09962e+27 4.66525e+41 2.07869e+27 4.61873e+41 2.19971e+27 4.88764e+41 2.33806e+27 5.19505e+41 
2.46581e+14 1.09218e+28 2.69311e+42 2.55468e+27 6.29937e+41 2.52899e+27 6.23602e+41 2.67514e+27 6.59640e+41 2.84328e+27 7.01099e+41 
2.73644e+14 1.32660e+28 3.63016e+42 3.10412e+27 8.49424e+41 3.07261e+27 8.40800e+41 3.24869e+27 8.88984e+41 3.45271e+27 9.44813e+41 
3.03677e+14 1.60879e+28 4.88554e+42 3.76596e+27 1.14364e+42 3.72732e+27 1.13190e+42 3.93890e+27 1.19615e+42 4.18604e+27 1.27120e+42 
3.37006e+14 1.94758e+28 6.56348e+42 4.56113e+27 1.53713e+42 4.51377e+27 1.52117e+42 4.76724e+27 1.60659e+42 5.06602e+27 1.70728e+42 
3.73994e+14 2.35308e+28 8.80036e+42 5.51365e+27 2.06207e+42 5.45565e+27 2.04038e+42 5.75828e+27 2.15356e+42 6.11870e+27 2.28835e+42 
4.15040e+14 2.83673e+28 1.17736e+43 6.65089e+27 2.76039e+42 6.57991e+27 2.73093e+42 6.93982e+27 2.88030e+42 7.37352e+27 3.06031e+42 
4.60592e+14 3.41135e+28 1.57124e+43 8.00356e+27 3.68638e+42 7.91675e+27 3.64639e+42 8.34290e+27 3.84268e+42 8.86334e+27 4.08238e+42 
5.11143e+14 4.09103e+28 2.09110e+43 9.60566e+27 4.90987e+42 9.49957e+27 4.85564e+42 1.00016e+28 5.11225e+42 1.06241e+28 5.43045e+42 
5.67243e+14 4.89091e+28 2.77433e+43 1.14940e+28 6.51989e+42 1.13645e+28 6.44642e+42 1.19525e+28 6.77994e+42 1.26944e+28 7.20083e+42 
6.29499e+14 5.82682e+28 3.66797e+43 1.37075e+28 8.62889e+42 1.35496e+28 8.52945e+42 1.42336e+28 8.96002e+42 1.51143e+28 9.51446e+42 
6.98588e+14 6.91467e+28 4.83051e+43 1.62861e+28 1.13772e+43 1.60937e+28 1.12428e+43 1.68831e+28 1.17943e+43 1.79237e+28 1.25213e+43 
7.75260e+14 8.16957e+28 6.33354e+43 1.92683e+28 1.49379e+43 1.90342e+28 1.47565e+43 1.99370e+28 1.54564e+43 2.11600e+28 1.64045e+43 
8.60346e+14 9.60451e+28 8.26320e+43 2.26890e+28 1.95204e+43 2.24048e+28 1.92759e+43 2.34260e+28 2.01545e+43 2.48545e+28 2.13835e+43 
9.54772e+14 1.12287e+29 1.07208e+44 2.65758e+28 2.53738e+43 2.62311e+28 2.50448e+43 2.73714e+28 2.61334e+43 2.90283e+28 2.77154e+43 
1.05956e+15 1.30454e+29 1.38224e+44 3.09436e+28 3.27867e+43 3.05267e+28 3.23449e+43 3.17799e+28 3.36727e+43 3.36862e+28 3.56925e+43 
1.17585e+15 1.50492e+29 1.76956e+44 3.57897e+28 4.20833e+43 3.52865e+28 4.14916e+43 3.66373e+28 4.30799e+43 3.88097e+28 4.56344e+43 
1.30490e+15 1.72231e+29 2.24745e+44 4.10860e+28 5.36132e+43 4.04803e+28 5.28228e+43 4.19008e+28 5.46765e+43 4.43496e+28 5.78719e+43 
1.44812e+15 1.95350e+29 2.82890e+44 4.67721e+28 6.77315e+43 4.60453e+28 6.66791e+43 4.74919e+28 6.87740e+43 5.02168e+28 7.27199e+43 
1.60705e+15 2.19348e+29 3.52503e+44 5.27474e+28 8.47679e+43 5.18786e+28 8.33717e+43 5.32883e+28 8.56372e+43 5.62747e+28 9.04365e+43 
1.78343e+15 2.43513e+29 4.34288e+44 5.88648e+28 1.04981e+44 5.78308e+28 1.03137e+44 5.91181e+28 1.05433e+44 6.23326e+28 1.11166e+44 
1.97917e+15 2.66915e+29 5.28270e+44 6.49265e+28 1.28500e+44 6.37020e+28 1.26077e+44 6.47569e+28 1.28165e+44 6.81433e+28 1.34867e+44 
2.19639e+15 2.88417e+29 6.33474e+44 7.06840e+28 1.55249e+44 6.92427e+28 1.52084e+44 6.99307e+28 1.53595e+44 7.34065e+28 1.61229e+44 
2.43744e+15 3.06713e+29 7.47596e+44 7.58452e+28 1.84868e+44 7.41605e+28 1.80762e+44 7.43258e+28 1.81165e+44 7.77813e+28 1.89588e+44 
2.70496e+15 3.20421e+29 8.66727e+44 8.00889e+28 2.16637e+44 7.81360e+28 2.11355e+44 7.76084e+28 2.09928e+44 8.09099e+28 2.18858e+44 
3.00184e+15 3.28213e+29 9.85242e+44 8.30899e+28 2.49422e+44 8.08480e+28 2.42692e+44 7.94554e+28 2.38512e+44 8.24521e+28 2.47508e+44 
3.33129e+15 3.28987e+29 1.09595e+45 8.45529e+28 2.81671e+44 8.20087e+28 2.73195e+44 7.95938e+28 2.65151e+44 8.21322e+28 2.73606e+44 
3.69691e+15 3.22065e+29 1.19065e+45 8.42544e+28 3.11481e+44 8.14051e+28 3.00948e+44 7.78471e+28 2.87794e+44 7.97892e+28 2.94974e+44 
4.10266e+15 3.07380e+29 1.26107e+45 8.20854e+28 3.36768e+44 7.89432e+28 3.23877e+44 7.41797e+28 3.04334e+44 7.54258e+28 3.09446e+44 
4.55294e+15 2.85599e+29 1.30031e+45 7.80890e+28 3.55534e+44 7.46837e+28 3.40030e+44 6.87304e+28 3.12925e+44 6.92394e+28 3.15242e+44 
5.05263e+15 2.58145e+29 1.30431e+45 7.24800e+28 3.66215e+44 6.88607e+28 3.47928e+44 6.18226e+28 3.12367e+44 6.16252e+28 3.11369e+44 
5.60717e+15 2.27061e+29 1.27317e+45 6.56384e+28 3.68045e+44 6.18722e+28 3.46928e+44 5.39417e+28 3.02460e+44 5.31403e+28 2.97967e+44 
6.22257e+15 1.94738e+29 1.21177e+45 5.80700e+28 3.61345e+44 5.42376e+28 3.37497e+44 4.56768e+28 2.84227e+44 4.44288e+28 2.76462e+44 
6.90551e+15 1.63530e+29 1.12926e+45 5.03371e+28 3.47604e+44 4.65247e+28 3.21277e+44 3.76335e+28 2.59878e+44 3.61197e+28 2.49425e+44 
7.66341e+15 1.35370e+29 1.03740e+45 4.29716e+28 3.29309e+44 3.92608e+28 3.00871e+44 3.03367e+28 2.32483e+44 2.87233e+28 2.20118e+44 
8.50449e+15 1.11474e+29 9.48028e+44 3.63923e+28 3.09498e+44 3.28505e+28 2.79377e+44 2.41501e+28 2.05384e+44 2.25539e+28 1.91810e+44 
9.43788e+15 9.22392e+28 8.70543e+44 3.08491e+28 2.91150e+44 2.75223e+28 2.59752e+44 1.92333e+28 1.81521e+44 1.77032e+28 1.67081e+44 
1.04737e+16 7.73473e+28 8.10113e+44 2.64093e+28 2.76604e+44 2.33195e+28 2.44242e+44 1.55508e+28 1.62875e+44 1.40680e+28 1.47345e+44 
1.16232e+16 6.60146e+28 7.67303e+44 2.29862e+28 2.67174e+44 2.01343e+28 2.34025e+44 1.29234e+28 1.50211e+44 1.14200e+28 1.32737e+44 
1.28989e+16 5.72970e+28 7.39068e+44 2.03966e+28 2.63094e+44 1.77686e+28 2.29195e+44 1.11012e+28 1.43193e+44 9.48825e+27 1.22388e+44 
1.43146e+16 5.03399e+28 7.20594e+44 1.84244e+28 2.63738e+44 1.59991e+28 2.29021e+44 9.83276e+27 1.40752e+44 8.02790e+27 1.14916e+44 
1.58857e+16 4.45178e+28 7.07194e+44 1.68708e+28 2.68003e+44 1.46263e+28 2.32348e+44 8.91029e+27 1.41546e+44 6.85780e+27 1.08941e+44 
1.76291e+16 3.94600e+28 6.95647e+44 1.55810e+28 2.74680e+44 1.34986e+28 2.37970e+44 8.18662e+27 1.44323e+44 5.86738e+27 1.03437e+44 
1.95640e+16 3.49980e+28 6.84700e+44 1.44499e+28 2.82697e+44 1.25154e+28 2.44851e+44 7.57042e+27 1.48107e+44 5.00278e+27 9.78743e+43 
2.17112e+16 3.10814e+28 6.74815e+44 1.34126e+28 2.91204e+44 1.16160e+28 2.52198e+44 7.01105e+27 1.52218e+44 4.24512e+27 9.21665e+43 
2.40940e+16 2.76991e+28 6.67383e+44 1.24318e+28 2.99533e+44 1.07663e+28 2.59405e+44 6.48249e+27 1.56189e+44 3.59060e+27 8.65121e+43 
2.67384e+16 2.48223e+28 6.63710e+44 1.14846e+28 3.07081e+44 9.94600e+27 2.65940e+44 5.97119e+27 1.59660e+44 3.03677e+27 8.11983e+43 
2.96730e+16 2.23803e+28 6.64091e+44 1.05549e+28 3.13195e+44 9.14079e+27 2.71235e+44 5.46898e+27 1.62281e+44 2.57580e+27 7.64318e+43 
3.29297e+16 2.02633e+28 6.67263e+44 9.62950e+27 3.17097e+44 8.33939e+27 2.74614e+44 4.97010e+27 1.63664e+44 2.19376e+27 7.22397e+43 
3.65438e+16 1.83458e+28 6.70425e+44 8.69896e+27 3.17893e+44 7.53352e+27 2.75304e+44 4.47087e+27 1.63383e+44 1.87345e+27 6.84630e+43 
4.05546e+16 1.65153e+28 6.69773e+44 7.75923e+27 3.14673e+44 6.71969e+27 2.72514e+44 3.97044e+27 1.61020e+44 1.59845e+27 6.48247e+43 
4.50056e+16 1.46945e+28 6.61335e+44 6.81357e+27 3.06649e+44 5.90072e+27 2.65565e+44 3.47149e+27 1.56236e+44 1.35608e+27 6.10313e+43 
4.99451e+16 1.28498e+28 6.41782e+44 5.87243e+27 2.93299e+44 5.08568e+27 2.54004e+44 2.97987e+27 1.48830e+44 1.13834e+27 5.68544e+43 
5.54266e+16 1.09876e+28 6.09007e+44 4.95176e+27 2.74459e+44 4.28835e+27 2.37689e+44 2.50368e+27 1.38771e+44 9.41159e+26 5.21653e+43 
6.15099e+16 9.14401e+27 5.62447e+44 4.07050e+27 2.50376e+44 3.52516e+27 2.16832e+44 2.05197e+27 1.26216e+44 7.62997e+26 4.69318e+43 
6.82607e+16 7.37167e+27 5.03196e+44 3.24853e+27 2.21747e+44 2.81331e+27 1.92038e+44 1.63380e+27 1.11525e+44 6.03603e+26 4.12023e+43 
7.57525e+16 5.72885e+27 4.33975e+44 2.50483e+27 1.89747e+44 2.16925e+27 1.64326e+44 1.25767e+27 9.52716e+43 4.63364e+26 3.51010e+43 
8.40665e+16 4.26926e+27 3.58902e+44 1.85582e+27 1.56013e+44 1.60719e+27 1.35111e+44 9.30775e+26 7.82471e+43 3.42959e+26 2.88314e+43 
9.32930e+16 3.03344e+27 2.82999e+44 1.31314e+27 1.22506e+44 1.13721e+27 1.06094e+44 6.58162e+26 6.14019e+43 2.43001e+26 2.26703e+43 
1.03532e+17 2.04226e+27 2.11439e+44 8.81480e+26 9.12615e+43 7.63384e+26 7.90348e+43 4.41663e+26 4.57263e+43 1.63570e+26 1.69348e+43 
1.14895e+17 1.29394e+27 1.48667e+44 5.57346e+26 6.40363e+43 4.82676e+26 5.54571e+43 2.79222e+26 3.20813e+43 1.03765e+26 1.19221e+43 
1.27505e+17 7.65725e+26 9.76338e+43 3.29348e+26 4.19935e+43 2.85223e+26 3.63674e+43 1.64999e+26 2.10382e+43 6.15178e+25 7.84383e+42 
1.41499e+17 4.19714e+26 5.93892e+43 1.80336e+26 2.55173e+43 1.56175e+26 2.20986e+43 9.03517e+25 1.27847e+43 3.37822e+25 4.78015e+42 
1.57029e+17 2.11112e+26 3.31507e+43 9.06367e+25 1.42326e+43 7.84937e+25 1.23258e+43 4.54153e+25 7.13151e+42 1.70199e+25 2.67262e+42 
1.74263e+17 9.64428e+25 1.68065e+43 4.13813e+25 7.21125e+42 3.58373e+25 6.24512e+42 2.07372e+25 3.61373e+42 7.78574e+24 1.35677e+42 
1.93389e+17 3.95639e+25 7.65124e+42 1.69678e+25 3.28139e+42 1.46946e+25 2.84177e+42 8.50393e+24 1.64457e+42 3.19748e+24 6.18359e+41 
2.14614e+17 1.43954e+25 3.08945e+42 6.17121e+24 1.32443e+42 5.34443e+24 1.14699e+42 3.09323e+24 6.63850e+41 1.16451e+24 2.49921e+41 
2.38169e+17 4.58352e+24 1.09165e+42 1.96418e+24 4.67806e+41 1.70103e+24 4.05132e+41 9.84621e+23 2.34506e+41 3.71112e+23 8.83873e+40 
2.64308e+17 1.25861e+24 3.32661e+41 5.39152e+23 1.42502e+41 4.66919e+23 1.23411e+41 2.70299e+23 7.14422e+40 1.01996e+23 2.69585e+40 
2.93317e+17 2.93360e+23 8.60474e+40 1.25620e+23 3.68465e+40 1.08790e+23 3.19100e+40 6.29848e+22 1.84745e+40 2.37956e+22 6.97964e+39 
3.25509e+17 5.70391e+22 1.85667e+40 2.44157e+22 7.94753e+39 2.11446e+22 6.88276e+39 1.22430e+22 3.98520e+39 4.63107e+21 1.50745e+39 
3.61234e+17 9.07540e+21 3.27834e+39 3.88334e+21 1.40280e+39 3.36307e+21 1.21486e+39 1.94743e+21 7.03477e+38 7.37543e+20 2.66426e+38 
4.00881e+17 1.15669e+21 4.63693e+38 4.94776e+20 1.98346e+38 4.28489e+20 1.71773e+38 2.48141e+20 9.94749e+37 9.40872e+19 3.77177e+37 
4.44878e+17 1.15315e+20 5.13013e+37 4.93116e+19 2.19377e+37 4.27051e+19 1.89986e+37 2.47325e+19 1.10030e+37 9.38773e+18 4.17640e+36 
4.93705e+17 8.75668e+18 4.32321e+36 3.74359e+18 1.84823e+36 3.24205e+18 1.60061e+36 1.87773e+18 9.27044e+35 7.13384e+17 3.52201e+35 
5.47890e+17 4.91692e+17 2.69393e+35 2.10160e+17 1.15144e+35 1.82004e+17 9.97179e+34 1.05418e+17 5.77574e+34 4.00808e+16 2.19599e+34 
6.08022e+17 1.97519e+16 1.20096e+34 8.44092e+15 5.13227e+33 7.31005e+15 4.44467e+33 4.23420e+15 2.57449e+33 1.61087e+15 9.79444e+32 
6.74754e+17 5.47203e+14 3.69228e+32 2.33814e+14 1.57767e+32 2.02489e+14 1.36630e+32 1.17291e+14 7.91429e+31 4.46440e+13 3.01237e+31 
7.48810e+17 1.00375e+13 7.51620e+30 4.28847e+12 3.21125e+30 3.71393e+12 2.78103e+30 2.15134e+12 1.61094e+30 8.19157e+11 6.13393e+29 
8.30994e+17 1.16526e+11 9.68323e+28 4.97810e+10 4.13677e+28 4.31116e+10 3.58255e+28 2.49734e+10 2.07528e+28 9.51173e+09 7.90419e+27 
9.22198e+17 8.14267e+08 7.50915e+26 3.47842e+08 3.20779e+26 3.01240e+08 2.77803e+26 1.74503e+08 1.60926e+26 6.64780e+07 6.13058e+25 
1.02341e+18 3.23958e+06 3.31543e+24 1.38383e+06 1.41623e+24 1.19843e+06 1.22649e+24 6.94239e+05 7.10492e+23 2.64519e+05 2.70711e+23 
1.13573e+18 6.89810e+03 7.83440e+21 2.94651e+03 3.34646e+21 2.55176e+03 2.89812e+21 1.47821e+03 1.67886e+21 5.63299e+02 6.39758e+20 
1.26038e+18 7.33877e+00 9.24966e+18 3.13466e+00 3.95087e+18 2.71470e+00 3.42156e+18 1.57261e+00 1.98210e+18 5.99329e-01 7.55384e+17 
1.39871e+18 3.61369e-03 5.05451e+15 1.54351e-03 2.15892e+15 1.33672e-03 1.86968e+15 7.74360e-04 1.08311e+15 2.95133e-04 4.12806e+14 
1.55223e+18 7.56409e-07 1.17412e+12 3.23079e-07 5.01491e+11 2.79794e-07 4.34304e+11 1.62085e-07 2.51593e+11 6.17792e-08 9.58952e+10 
1.72259e+18 6.12260e-11 1.05467e+08 2.61506e-11 4.50467e+07 2.26471e-11 3.90116e+07 1.31196e-11 2.25996e+07 5.00075e-12 8.61422e+06 
1.91164e+18 1.72494e-15 3.29748e+03 7.36745e-16 1.40839e+03 6.38040e-16 1.21971e+03 3.69620e-16 7.06581e+02 1.40891e-16 2.69334e+02 
2.12145e+18 1.50472e-20 3.19218e-02 6.42680e-21 1.36341e-02 5.56577e-21 1.18075e-02 3.22428e-21 6.84016e-03 1.22906e-21 2.60739e-03 
2.35429e+18 3.56866e-26 8.40165e-08 1.52420e-26 3.58841e-08 1.32000e-26 3.10766e-08 7.64684e-27 1.80029e-08 2.91493e-27 6.86259e-09 
2.61268e+18 1.99169e-32 5.20363e-14 8.50657e-33 2.22249e-14 7.36691e-33 1.92473e-14 4.26772e-33 1.11502e-14 1.62687e-33 4.25049e-15 
2.89942e+18 2.23333e-39 6.47536e-21 9.53532e-40 2.76469e-21 8.25783e-40 2.39429e-21 4.78494e-40 1.38736e-21 1.82563e-40 5.29329e-22 
3.21764e+18 5.06984e-47 1.63129e-28 2.11140e-47 6.79372e-29 1.82852e-47 5.88353e-29 1.07753e-47 3.46712e-29 4.36588e-48 1.40478e-29 
3.57079e+18 3.37407e-54 1.20481e-35 1.24431e-54 4.44316e-36 1.07760e-54 3.84789e-36 6.90939e-55 2.46719e-36 3.57496e-55 1.27654e-36 
3.96269e+18 2.27764e-61 9.02557e-43 8.35818e-62 3.31208e-43 7.23839e-62 2.86835e-43 4.65747e-62 1.84561e-43 2.43045e-62 9.63113e-44 
4.39760e+18 2.51951e-69 1.10798e-50 9.24618e-70 4.06611e-51 8.00743e-70 3.52135e-51 5.15214e-70 2.26571e-51 2.68840e-70 1.18225e-51 
4.88025e+18 3.61524e-78 1.76433e-59 1.32677e-78 6.47497e-60 1.14902e-78 5.60748e-60 7.39283e-79 3.60789e-60 3.85745e-79 1.88253e-60 
5.41587e+18 5.37492e-88 2.91099e-69 1.97259e-88 1.06833e-69 1.70831e-88 9.25201e-70 1.09912e-88 5.95271e-70 5.73490e-89 3.10595e-70 
6.01028e+18 6.45290e-99 3.87837e-80 2.36824e-99 1.42338e-80 2.05095e-99 1.23268e-80 1.31956e-99 7.93095e-81 6.88499e-100 4.13807e-81 
6.66992e+18 4.74413e-111 3.16430e-92 1.74113e-111 1.16132e-92 1.50786e-111 1.00573e-92 9.70137e-112 6.47074e-93 5.06177e-112 3.37616e-93 
7.40196e+18 1.57143e-124 1.16317e-105 5.76728e-125 4.26892e-106 4.99461e-125 3.69699e-106 3.21346e-125 2.37859e-106 1.67664e-125 1.24104e-106 
8.21434e+18 1.66839e-139 1.37047e-120 6.12313e-140 5.02975e-121 5.30278e-140 4.35589e-121 3.41173e-140 2.80251e-121 1.78008e-140 1.46222e-121 
9.11589e+18 3.89128e-156 3.54725e-137 1.42813e-156 1.30187e-137 1.23680e-156 1.12745e-137 7.95737e-157 7.25385e-138 4.15178e-157 3.78471e-138 
1.01164e+19 1.31110e-174 1.32636e-155 4.81185e-175 4.86785e-156 4.16718e-175 4.21568e-156 2.68109e-175 2.71230e-156 1.39887e-175 1.41515e-156 
1.12267e+19 4.00793e-195 4.49957e-176 1.47095e-195 1.65138e-176 1.27388e-195 1.43014e-176 8.19590e-196 9.20127e-177 4.27623e-196 4.80078e-177 
1.24588e+19 6.63417e-218 8.26540e-199 2.43480e-218 3.03348e-199 2.10860e-218 2.62707e-199 1.35664e-218 1.69021e-199 7.07828e-219 8.81871e-200 
1.38262e+19 3.35337e-243 4.63644e-224 1.23072e-243 1.70162e-224 1.06583e-243 1.47364e-224 6.85738e-244 9.48117e-225 3.57785e-244 4.94682e-225 
1.53437e+19 2.74129e-271 4.20615e-252 1.00608e-271 1.54370e-252 8.71290e-272 1.33688e-252 5.60573e-272 8.60125e-253 2.92480e-272 4.48772e-253 
1.70277e+19 0.00000e+00 0.00000e+00 0.00000e+00 0.00000e+00 0.00000e+00 0.00000e+00 0.00000e+00 0.00000e+00 0.00000e+00 0.00000e+00 
1.88965e+19 0.00000e+00 0.00000e+00 0.00000e+00 0.00000e+00 0.00000e+00 0.00000e+00 0.00000e+00 0.00000e+00 0.00000e+00 0.00000e+00 
2.09705e+19 0.00000e+00 0.00000e+00 0.00000e+00 0.00000e+00 0.00000e+00 0.00000e+00 0.00000e+00 0.00000e+00 0.00000e+00 0.00000e+00 
2.32720e+19 0.00000e+00 0.00000e+00 0.00000e+00 0.00000e+00 0.00000e+00 0.00000e+00 0.00000e+00 0.00000e+00 0.00000e+00 0.00000e+00 
2.58262e+19 0.00000e+00 0.00000e+00 0.00000e+00 0.00000e+00 0.00000e+00 0.00000e+00 0.00000e+00 0.00000e+00 0.00000e+00 0.00000e+00 
2.86607e+19 0.00000e+00 0.00000e+00 0.00000e+00 0.00000e+00 0.00000e+00 0.00000e+00 0.00000e+00 0.00000e+00 0.00000e+00 0.00000e+00 
3.18063e+19 0.00000e+00 0.00000e+00 0.00000e+00 0.00000e+00 0.00000e+00 0.00000e+00 0.00000e+00 0.00000e+00 0.00000e+00 0.00000e+00 
3.52971e+19 0.00000e+00 0.00000e+00 0.00000e+00 0.00000e+00 0.00000e+00 0.00000e+00 0.00000e+00 0.00000e+00 0.00000e+00 0.00000e+00 
3.91710e+19 0.00000e+00 0.00000e+00 0.00000e+00 0.00000e+00 0.00000e+00 0.00000e+00 0.00000e+00 0.00000e+00 0.00000e+00 0.00000e+00 
4.34701e+19 0.00000e+00 0.00000e+00 0.00000e+00 0.00000e+00 0.00000e+00 0.00000e+00 0.00000e+00 0.00000e+00 0.00000e+00 0.00000e+00 
4.82411e+19 0.00000e+00 0.00000e+00 0.00000e+00 0.00000e+00 0.00000e+00 0.00000e+00 0.00000e+00 0.00000e+00 0.00000e+00 0.00000e+00 
5.35357e+19 0.00000e+00 0.00000e+00 0.00000e+00 0.00000e+00 0.00000e+00 0.00000e+00 0.00000e+00 0.00000e+00 0.00000e+00 0.00000e+00 
5.94113e+19 0.00000e+00 0.00000e+00 0.00000e+00 0.00000e+00 0.00000e+00 0.00000e+00 0.00000e+00 0.00000e+00 0.00000e+00 0.00000e+00 
6.59319e+19 0.00000e+00 0.00000e+00 0.00000e+00 0.00000e+00 0.00000e+00 0.00000e+00 0.00000e+00 0.00000e+00 0.00000e+00 0.00000e+00 
7.31681e+19 0.00000e+00 0.00000e+00 0.00000e+00 0.00000e+00 0.00000e+00 0.00000e+00 0.00000e+00 0.00000e+00 0.00000e+00 0.00000e+00 
8.11984e+19 0.00000e+00 0.00000e+00 0.00000e+00 0.00000e+00 0.00000e+00 0.00000e+00 0.00000e+00 0.00000e+00 0.00000e+00 0.00000e+00 
9.01102e+19 0.00000e+00 0.00000e+00 0.00000e+00 0.00000e+00 0.00000e+00 0.00000e+00 0.00000e+00 0.00000e+00 0.00000e+00 0.00000e+00 
1.00000e+20 0.00000e+00 0.00000e+00 0.00000e+00 0.00000e+00 0.00000e+00 0.00000e+00 0.00000e+00 0.00000e+00 0.00000e+00 0.00000e+00 
