1.00000e+11 1.49053e+21 1.49053e+32 3.09047e+20 3.09047e+31 3.37137e+20 3.37137e+31 3.97296e+20 3.97296e+31 4.15486e+20 4.15486e+31 
1.10975e+11 1.83565e+21 2.03712e+32 3.80605e+20 4.22377e+31 4.15199e+20 4.60768e+31 4.89287e+20 5.42988e+31 5.11690e+20 5.67849e+31 
1.23155e+11 2.26068e+21 2.78414e+32 4.68731e+20 5.77266e+31 5.11335e+20 6.29735e+31 6.02578e+20 7.42105e+31 6.30168e+20 7.76083e+31 
1.36672e+11 2.78412e+21 3.80511e+32 5.77262e+20 7.88953e+31 6.29731e+20 8.60663e+31 7.42100e+20 1.01424e+32 7.76078e+20 1.06068e+32 
1.51672e+11 3.42876e+21 5.20046e+32 7.10921e+20 1.07827e+32 7.75539e+20 1.17627e+32 9.13926e+20 1.38617e+32 9.55771e+20 1.44963e+32 
1.68318e+11 4.22266e+21 7.10749e+32 8.75528e+20 1.47367e+32 9.55107e+20 1.60762e+32 1.12554e+21 1.89448e+32 1.17707e+21 1.98122e+32 
1.86791e+11 5.20037e+21 9.71384e+32 1.07825e+21 2.01407e+32 1.17625e+21 2.19714e+32 1.38614e+21 2.58919e+32 1.44961e+21 2.70774e+32 
2.07292e+11 6.40445e+21 1.32759e+33 1.32790e+21 2.75264e+32 1.44860e+21 3.00283e+32 1.70708e+21 3.53865e+32 1.78525e+21 3.70067e+32 
2.30043e+11 7.88731e+21 1.81442e+33 1.63536e+21 3.76203e+32 1.78400e+21 4.10397e+32 2.10233e+21 4.83627e+32 2.19859e+21 5.05771e+32 
2.55291e+11 9.71349e+21 2.47976e+33 2.01400e+21 5.14156e+32 2.19706e+21 5.60888e+32 2.58909e+21 6.60972e+32 2.70764e+21 6.91236e+32 
2.83310e+11 1.19625e+22 3.38909e+33 2.48031e+21 7.02695e+32 2.70575e+21 7.66564e+32 3.18855e+21 9.03347e+32 3.33455e+21 9.44710e+32 
3.14404e+11 1.47322e+22 4.63184e+33 3.05457e+21 9.60369e+32 3.33221e+21 1.04766e+33 3.92679e+21 1.23460e+33 4.10660e+21 1.29113e+33 
3.48910e+11 1.81431e+22 6.33030e+33 3.76179e+21 1.31253e+33 4.10371e+21 1.43183e+33 4.83596e+21 1.68731e+33 5.05739e+21 1.76457e+33 
3.87204e+11 2.23437e+22 8.65156e+33 4.63275e+21 1.79382e+33 5.05382e+21 1.95686e+33 5.95560e+21 2.30603e+33 6.22830e+21 2.41162e+33 
4.29700e+11 2.75168e+22 1.18240e+34 5.70533e+21 2.45158e+33 6.22390e+21 2.67441e+33 7.33445e+21 3.15162e+33 7.67030e+21 3.29593e+33 
4.76861e+11 3.38875e+22 1.61596e+34 7.02623e+21 3.35054e+33 7.66485e+21 3.65507e+33 9.03252e+21 4.30726e+33 9.44612e+21 4.50449e+33 
5.29198e+11 4.17330e+22 2.20850e+34 8.65293e+21 4.57911e+33 9.43939e+21 4.99531e+33 1.11237e+22 5.88663e+33 1.16331e+22 6.15619e+33 
5.87279e+11 5.13947e+22 3.01830e+34 1.06562e+22 6.25815e+33 1.16247e+22 6.82696e+33 1.36989e+22 8.04510e+33 1.43262e+22 8.41350e+33 
6.51734e+11 6.32931e+22 4.12503e+34 1.31232e+22 8.55283e+33 1.43160e+22 9.33019e+33 1.68703e+22 1.09950e+34 1.76429e+22 1.14985e+34 
7.23263e+11 7.79458e+22 5.63753e+34 1.61613e+22 1.16889e+34 1.76302e+22 1.27512e+34 2.07759e+22 1.50264e+34 2.17273e+22 1.57145e+34 
8.02643e+11 9.59902e+22 7.70459e+34 1.99026e+22 1.59747e+34 2.17115e+22 1.74266e+34 2.55854e+22 2.05360e+34 2.67571e+22 2.14764e+34 
8.90735e+11 1.18211e+23 1.05295e+35 2.45099e+22 2.18319e+34 2.67376e+22 2.38161e+34 3.15082e+22 2.80655e+34 3.29512e+22 2.93508e+34 
9.88496e+11 1.45576e+23 1.43901e+35 3.01837e+22 2.98364e+34 3.29270e+22 3.25482e+34 3.88019e+22 3.83555e+34 4.05789e+22 4.01121e+34 
1.09699e+12 1.79274e+23 1.96661e+35 3.71706e+22 4.07756e+34 4.05489e+22 4.44816e+34 4.77837e+22 5.24180e+34 4.99721e+22 5.48187e+34 
1.21738e+12 2.20771e+23 2.68763e+35 4.57746e+22 5.57252e+34 4.99348e+22 6.07898e+34 5.88441e+22 7.16358e+34 6.15393e+22 7.49168e+34 
1.35099e+12 2.71872e+23 3.67298e+35 5.63698e+22 7.61553e+34 6.14929e+22 8.30765e+34 7.24643e+22 9.78987e+34 7.57833e+22 1.02383e+35 
1.49927e+12 3.34799e+23 5.01953e+35 6.94169e+22 1.04075e+35 7.57257e+22 1.13533e+35 8.92362e+22 1.33789e+35 9.33236e+22 1.39917e+35 
1.66382e+12 4.12286e+23 6.85969e+35 8.54831e+22 1.42228e+35 9.32519e+22 1.55154e+35 1.09889e+23 1.82835e+35 1.14923e+23 1.91210e+35 
1.84642e+12 5.07703e+23 9.37436e+35 1.05267e+23 1.94367e+35 1.14833e+23 2.12031e+35 1.35320e+23 2.49859e+35 1.41519e+23 2.61305e+35 
2.04907e+12 6.25197e+23 1.28107e+36 1.29627e+23 2.65616e+35 1.41408e+23 2.89755e+35 1.66635e+23 3.41448e+35 1.74269e+23 3.57091e+35 
2.27397e+12 7.69872e+23 1.75066e+36 1.59624e+23 3.62980e+35 1.74130e+23 3.95966e+35 2.05195e+23 4.66606e+35 2.14596e+23 4.87983e+35 
2.52354e+12 9.48013e+23 2.39235e+36 1.96559e+23 4.96025e+35 2.14422e+23 5.41102e+35 2.52673e+23 6.37630e+35 2.64250e+23 6.66846e+35 
2.80050e+12 1.16736e+24 3.26919e+36 2.42038e+23 6.77828e+35 2.64032e+23 7.39424e+35 3.11133e+23 8.71328e+35 3.25389e+23 9.11255e+35 
3.10787e+12 1.43743e+24 4.46735e+36 2.98034e+23 9.26249e+35 3.25116e+23 1.01042e+36 3.83111e+23 1.19066e+36 4.00668e+23 1.24522e+36 
3.44896e+12 1.76996e+24 6.10452e+36 3.66978e+23 1.26569e+36 4.00325e+23 1.38071e+36 4.71733e+23 1.62699e+36 4.93353e+23 1.70156e+36 
3.82749e+12 2.17936e+24 8.34151e+36 4.51863e+23 1.72950e+36 4.92921e+23 1.88665e+36 5.80843e+23 2.22317e+36 6.07466e+23 2.32507e+36 
4.24757e+12 2.68341e+24 1.13980e+37 5.56370e+23 2.36322e+36 6.06922e+23 2.57795e+36 7.15173e+23 3.03775e+36 7.47958e+23 3.17701e+36 
4.71375e+12 3.30396e+24 1.55741e+37 6.85030e+23 3.22906e+36 7.47271e+23 3.52245e+36 8.80547e+23 4.15068e+36 9.20919e+23 4.34098e+36 
5.23110e+12 4.06790e+24 2.12796e+37 8.43421e+23 4.41202e+36 9.20049e+23 4.81287e+36 1.08413e+24 5.67120e+36 1.13385e+24 5.93126e+36 
5.80523e+12 5.00834e+24 2.90745e+37 1.03840e+24 6.02817e+36 1.13274e+24 6.57583e+36 1.33474e+24 7.74849e+36 1.39596e+24 8.10386e+36 
6.44236e+12 6.16598e+24 3.97235e+37 1.27842e+24 8.23605e+36 1.39456e+24 8.98425e+36 1.64323e+24 1.05863e+37 1.71861e+24 1.10719e+37 
7.14943e+12 7.59093e+24 5.42708e+37 1.57386e+24 1.12522e+37 1.71683e+24 1.22743e+37 2.02294e+24 1.44629e+37 2.11576e+24 1.51265e+37 
7.93410e+12 9.34482e+24 7.41427e+37 1.93749e+24 1.53722e+37 2.11348e+24 1.67685e+37 2.49028e+24 1.97582e+37 2.60457e+24 2.06649e+37 
8.80488e+12 1.15034e+25 1.01286e+38 2.38503e+24 2.09999e+37 2.60165e+24 2.29072e+37 3.06545e+24 2.69909e+37 3.20617e+24 2.82299e+37 
9.77124e+12 1.41599e+25 1.38360e+38 2.93580e+24 2.86864e+37 3.20242e+24 3.12917e+37 3.77326e+24 3.68694e+37 3.94652e+24 3.85624e+37 
1.08437e+13 1.74290e+25 1.88994e+38 3.61355e+24 3.91841e+37 3.94170e+24 4.27425e+37 4.64423e+24 5.03605e+37 4.85756e+24 5.26737e+37 
1.20338e+13 2.14514e+25 2.58142e+38 4.44750e+24 5.35202e+37 4.85134e+24 5.83800e+37 5.71589e+24 6.87837e+37 5.97853e+24 7.19443e+37 
1.33545e+13 2.64004e+25 3.52565e+38 5.47354e+24 7.30964e+37 5.97049e+24 7.97330e+37 7.03432e+24 9.39399e+37 7.35767e+24 9.82581e+37 
1.48202e+13 3.24887e+25 4.81489e+38 6.73576e+24 9.98254e+37 7.34724e+24 1.08888e+38 8.65617e+24 1.28286e+38 9.05424e+24 1.34186e+38 
1.64468e+13 3.99777e+25 6.57504e+38 8.28837e+24 1.36317e+38 9.04069e+24 1.48690e+38 1.06510e+25 1.75175e+38 1.11411e+25 1.83235e+38 
1.82518e+13 4.91884e+25 8.97779e+38 1.01979e+25 1.86130e+38 1.11234e+25 2.03022e+38 1.31043e+25 2.39178e+38 1.37076e+25 2.50188e+38 
2.02550e+13 6.05150e+25 1.22573e+39 1.25461e+25 2.54121e+38 1.36845e+25 2.77179e+38 1.61209e+25 3.26529e+38 1.68635e+25 3.41570e+38 
2.24781e+13 7.44413e+25 1.67330e+39 1.54331e+25 3.46906e+38 1.68332e+25 3.78378e+38 1.98296e+25 4.45730e+38 2.07436e+25 4.66275e+38 
2.49451e+13 9.15608e+25 2.28399e+39 1.89821e+25 4.73510e+38 2.07038e+25 5.16458e+38 2.43881e+25 6.08363e+38 2.55130e+25 6.36425e+38 
2.76829e+13 1.12601e+26 3.11713e+39 2.33439e+25 6.46225e+38 2.54607e+25 7.04826e+38 2.99901e+25 8.30213e+38 3.13746e+25 8.68539e+38 
3.07211e+13 1.38455e+26 4.25351e+39 2.87034e+25 8.81801e+38 3.13056e+25 9.61742e+38 3.68729e+25 1.13278e+39 3.85766e+25 1.18512e+39 
3.40929e+13 1.70216e+26 5.80315e+39 3.52872e+25 1.20304e+39 3.84853e+25 1.31207e+39 4.53269e+25 1.54532e+39 4.74234e+25 1.61680e+39 
3.78346e+13 2.09222e+26 7.91583e+39 4.33727e+25 1.64099e+39 4.73024e+25 1.78967e+39 5.57078e+25 2.10768e+39 5.82873e+25 2.20528e+39 
4.19871e+13 2.57111e+26 1.07953e+40 5.32994e+25 2.23789e+39 5.81267e+25 2.44057e+39 6.84508e+25 2.87405e+39 7.16242e+25 3.00729e+39 
4.65953e+13 3.15886e+26 1.47188e+40 6.54823e+25 3.05116e+39 7.14105e+25 3.32739e+39 8.40874e+25 3.91807e+39 8.79911e+25 4.09997e+39 
5.17092e+13 3.87994e+26 2.00629e+40 8.04283e+25 4.15889e+39 8.77065e+25 4.53523e+39 1.03267e+26 5.33986e+39 1.08069e+26 5.58814e+39 
5.73844e+13 4.76423e+26 2.73392e+40 9.87565e+25 5.66709e+39 1.07689e+26 6.17966e+39 1.26782e+26 7.27533e+39 1.32687e+26 7.61417e+39 
6.36825e+13 5.84814e+26 3.72424e+40 1.21221e+26 7.71969e+39 1.32179e+26 8.41752e+39 1.55599e+26 9.90891e+39 1.62859e+26 1.03713e+40 
7.06718e+13 7.17604e+26 5.07144e+40 1.48742e+26 1.05119e+40 1.62180e+26 1.14615e+40 1.90891e+26 1.34906e+40 1.99817e+26 1.41214e+40 
7.84282e+13 8.80191e+26 6.90318e+40 1.82437e+26 1.43082e+40 1.98907e+26 1.55999e+40 2.34089e+26 1.83592e+40 2.45059e+26 1.92196e+40 
8.70359e+13 1.07913e+27 9.39232e+40 2.23664e+26 1.94668e+40 2.43840e+26 2.12228e+40 2.86927e+26 2.49729e+40 3.00407e+26 2.61462e+40 
9.65883e+13 1.32238e+27 1.27726e+41 2.74069e+26 2.64719e+40 2.98771e+26 2.88578e+40 3.51506e+26 3.39513e+40 3.68066e+26 3.55509e+40 
1.07189e+14 1.61955e+27 1.73598e+41 3.35647e+26 3.59777e+40 3.65869e+26 3.92172e+40 4.30367e+26 4.61307e+40 4.50706e+26 4.83108e+40 
1.18953e+14 1.98229e+27 2.35800e+41 4.10806e+26 4.88667e+40 4.47755e+26 5.32620e+40 5.26578e+26 6.26383e+40 5.51550e+26 6.56088e+40 
1.32009e+14 2.42460e+27 3.20069e+41 5.02448e+26 6.63275e+40 5.47584e+26 7.22860e+40 6.43832e+26 8.49915e+40 6.74480e+26 8.90374e+40 
1.46497e+14 2.96335e+27 4.34122e+41 6.14063e+26 8.99584e+40 6.69150e+26 9.80286e+40 7.86560e+26 1.15229e+41 8.24161e+26 1.20737e+41 
1.62576e+14 3.61873e+27 5.88317e+41 7.49833e+26 1.21905e+41 8.16997e+26 1.32824e+41 9.60069e+26 1.56084e+41 1.00618e+27 1.63580e+41 
1.80419e+14 4.41489e+27 7.96528e+41 9.14756e+26 1.65039e+41 9.96549e+26 1.79796e+41 1.17068e+27 2.11213e+41 1.22719e+27 2.21409e+41 
2.00220e+14 5.38054e+27 1.07729e+42 1.11478e+27 2.23201e+41 1.21426e+27 2.43119e+41 1.42591e+27 2.85497e+41 1.49514e+27 2.99356e+41 
2.22195e+14 6.54974e+27 1.45532e+42 1.35695e+27 3.01507e+41 1.47777e+27 3.28353e+41 1.73465e+27 3.85429e+41 1.81938e+27 4.04257e+41 
2.46581e+14 7.96261e+27 1.96343e+42 1.64958e+27 4.06754e+41 1.79609e+27 4.42881e+41 2.10731e+27 5.19624e+41 2.21096e+27 5.45182e+41 
2.73644e+14 9.66619e+27 2.64510e+42 2.00240e+27 5.47945e+41 2.17974e+27 5.96473e+41 2.55612e+27 6.99467e+41 2.68280e+27 7.34132e+41 
3.03677e+14 1.17153e+28 3.55766e+42 2.42678e+27 7.36957e+41 2.64101e+27 8.02013e+41 3.09522e+27 9.39946e+41 3.24989e+27 9.86917e+41 
3.37006e+14 1.41731e+28 4.77644e+42 2.93583e+27 9.89392e+41 3.19403e+27 1.07641e+42 3.74087e+27 1.26070e+42 3.92952e+27 1.32427e+42 
3.73994e+14 1.71122e+28 6.39987e+42 3.54457e+27 1.32565e+42 3.85499e+27 1.44174e+42 4.51162e+27 1.68732e+42 4.74141e+27 1.77326e+42 
4.15040e+14 2.06145e+28 8.55587e+42 4.27006e+27 1.77225e+42 4.64220e+27 1.92670e+42 5.42830e+27 2.25296e+42 5.70781e+27 2.36897e+42 
4.60592e+14 2.47717e+28 1.14096e+43 5.13137e+27 2.36347e+42 5.57606e+27 2.56829e+42 6.51402e+27 3.00031e+42 6.85344e+27 3.15664e+42 
5.11143e+14 2.96844e+28 1.51730e+43 6.14954e+27 3.14330e+42 6.67902e+27 3.41394e+42 7.79395e+27 3.98383e+42 8.20534e+27 4.19410e+42 
5.67243e+14 3.54612e+28 2.01151e+43 7.34735e+27 4.16773e+42 7.97521e+27 4.52388e+42 9.29487e+27 5.27245e+42 9.79238e+27 5.55466e+42 
6.29499e+14 4.22159e+28 2.65748e+43 8.74887e+27 5.50740e+42 9.48996e+27 5.97392e+42 1.10445e+28 6.95248e+42 1.16446e+28 7.33025e+42 
6.98588e+14 5.00640e+28 3.49741e+43 1.03788e+28 7.25052e+42 1.12490e+28 7.85840e+42 1.30702e+28 9.13068e+42 1.37919e+28 9.63488e+42 
7.75260e+14 5.91170e+28 4.58310e+43 1.22615e+28 9.50586e+42 1.32772e+28 1.02933e+43 1.53977e+28 1.19373e+43 1.62627e+28 1.26079e+43 
8.60346e+14 6.94747e+28 5.97723e+43 1.44195e+28 1.24058e+43 1.55970e+28 1.34188e+43 1.80489e+28 1.55283e+43 1.90815e+28 1.64167e+43 
9.54772e+14 8.12152e+28 7.75420e+43 1.68718e+28 1.61087e+43 1.82264e+28 1.74020e+43 2.10390e+28 2.00875e+43 2.22657e+28 2.12586e+43 
1.05956e+15 9.43821e+28 1.00004e+44 1.96315e+28 2.08008e+43 2.11761e+28 2.24373e+43 2.43734e+28 2.58251e+43 2.58227e+28 2.73607e+43 
1.17585e+15 1.08969e+29 1.28132e+44 2.27033e+28 2.66956e+43 2.44466e+28 2.87456e+43 2.80437e+28 3.29752e+43 2.97451e+28 3.49757e+43 
1.30490e+15 1.24904e+29 1.62987e+44 2.60798e+28 3.40316e+43 2.80247e+28 3.65695e+43 3.20237e+28 4.17878e+43 3.40060e+28 4.43745e+43 
1.44812e+15 1.42026e+29 2.05671e+44 2.97390e+28 4.30655e+43 3.18794e+28 4.61652e+43 3.62648e+28 5.25157e+43 3.85543e+28 5.58311e+43 
1.60705e+15 1.60073e+29 2.57245e+44 3.36398e+28 5.40609e+43 3.59586e+28 5.77873e+43 4.06918e+28 6.53938e+43 4.33093e+28 6.96003e+43 
1.78343e+15 1.78658e+29 3.18625e+44 3.77191e+28 6.72694e+43 4.01849e+28 7.16671e+43 4.51995e+28 8.06101e+43 4.81572e+28 8.58850e+43 
1.97917e+15 1.97264e+29 3.90418e+44 4.18887e+28 8.29047e+43 4.44537e+28 8.79814e+43 4.96509e+28 9.82674e+43 5.29481e+28 1.04793e+44 
2.19639e+15 2.15235e+29 4.72738e+44 4.60327e+28 1.01106e+44 4.86311e+28 1.06813e+44 5.38772e+28 1.18335e+44 5.74966e+28 1.26285e+44 
2.43744e+15 2.31788e+29 5.64971e+44 5.00074e+28 1.21890e+44 5.25550e+28 1.28100e+44 5.76813e+28 1.40595e+44 6.15853e+28 1.50111e+44 
2.70496e+15 2.46042e+29 6.65534e+44 5.36423e+28 1.45100e+44 5.60386e+28 1.51582e+44 6.08456e+28 1.64585e+44 6.49738e+28 1.75751e+44 
3.00184e+15 2.57063e+29 7.71662e+44 5.67463e+28 1.70343e+44 5.88787e+28 1.76744e+44 6.31444e+28 1.89549e+44 6.74135e+28 2.02364e+44 
3.33129e+15 2.63944e+29 8.79274e+44 5.91178e+28 1.96939e+44 6.08693e+28 2.02774e+44 6.43631e+28 2.14413e+44 6.86695e+28 2.28758e+44 
3.69691e+15 2.65897e+29 9.82999e+44 6.05612e+28 2.23890e+44 6.18205e+28 2.28545e+44 6.43222e+28 2.37794e+44 6.85479e+28 2.53416e+44 
4.10266e+15 2.62380e+29 1.07645e+45 6.09101e+28 2.49893e+44 6.15836e+28 2.52657e+44 6.29058e+28 2.58081e+44 6.69274e+28 2.74580e+44 
4.55294e+15 2.53206e+29 1.15283e+45 6.00543e+28 2.73423e+44 6.00791e+28 2.73536e+44 6.00905e+28 2.73588e+44 6.37905e+28 2.90434e+44 
5.05263e+15 2.38648e+29 1.20580e+45 5.79679e+28 2.92890e+44 5.73223e+28 2.89628e+44 5.59676e+28 2.82784e+44 5.92467e+28 2.99352e+44 
5.60717e+15 2.19480e+29 1.23066e+45 5.47305e+28 3.06883e+44 5.34406e+28 2.99650e+44 5.07540e+28 2.84586e+44 5.35407e+28 3.00212e+44 
6.22257e+15 1.96939e+29 1.22547e+45 5.05353e+28 3.14459e+44 4.86745e+28 3.02880e+44 4.47808e+28 2.78652e+44 4.70379e+28 2.92697e+44 
6.90551e+15 1.72602e+29 1.19190e+45 4.56752e+28 3.15411e+44 4.33566e+28 2.99400e+44 3.84594e+28 2.65582e+44 4.01842e+28 2.77493e+44 
7.66341e+15 1.48161e+29 1.13542e+45 4.05080e+28 3.10429e+44 3.78692e+28 2.90207e+44 3.22262e+28 2.46963e+44 3.34444e+28 2.56298e+44 
8.50449e+15 1.25176e+29 1.06456e+45 3.54017e+28 3.01074e+44 3.25860e+28 2.77127e+44 2.64761e+28 2.25166e+44 2.72309e+28 2.31585e+44 
9.43788e+15 1.04828e+29 9.89352e+44 3.06762e+28 2.89518e+44 2.78135e+28 2.62501e+44 2.15015e+28 2.02928e+44 2.18416e+28 2.06139e+44 
1.04737e+16 8.77755e+28 9.19335e+44 2.65538e+28 2.78116e+44 2.37468e+28 2.48718e+44 1.74544e+28 1.82813e+44 1.74232e+28 1.82485e+44 
1.16232e+16 7.41331e+28 8.61665e+44 2.31357e+28 2.68911e+44 2.04531e+28 2.37731e+44 1.43423e+28 1.66704e+44 1.39715e+28 1.62394e+44 
1.28989e+16 6.35745e+28 8.20041e+44 2.04083e+28 2.63245e+44 1.78864e+28 2.30715e+44 1.20561e+28 1.55511e+44 1.13659e+28 1.46608e+44 
1.43146e+16 5.55155e+28 7.94681e+44 1.82752e+28 2.61602e+44 1.59249e+28 2.27958e+44 1.04204e+28 1.49163e+44 9.42331e+27 1.34891e+44 
1.58857e+16 4.93043e+28 7.83231e+44 1.66004e+28 2.63708e+44 1.44171e+28 2.29025e+44 9.24530e+27 1.46868e+44 7.95207e+27 1.26324e+44 
1.76291e+16 4.43625e+28 7.82072e+44 1.52484e+28 2.68816e+44 1.32206e+28 2.33068e+44 8.36652e+27 1.47495e+44 6.79072e+27 1.19715e+44 
1.95640e+16 4.02520e+28 7.87489e+44 1.41105e+28 2.76057e+44 1.22249e+28 2.39168e+44 7.66427e+27 1.49944e+44 5.82473e+27 1.13955e+44 
2.17112e+16 3.66781e+28 7.96326e+44 1.31124e+28 2.84686e+44 1.13571e+28 2.46576e+44 7.06405e+27 1.53369e+44 4.98509e+27 1.08232e+44 
2.40940e+16 3.34567e+28 8.06106e+44 1.22094e+28 2.94173e+44 1.05740e+28 2.54770e+44 6.52559e+27 1.57228e+44 4.23707e+27 1.02088e+44 
2.67384e+16 3.04726e+28 8.14788e+44 1.13725e+28 3.04082e+44 9.84892e+27 2.63344e+44 6.02816e+27 1.61183e+44 3.56682e+27 9.53712e+43 
2.96730e+16 2.76470e+28 8.20370e+44 1.05760e+28 3.13822e+44 9.15909e+27 2.71778e+44 5.55803e+27 1.64923e+44 2.97050e+27 8.81437e+43 
3.29297e+16 2.49175e+28 8.20527e+44 9.78973e+27 3.22373e+44 8.47816e+27 2.79183e+44 5.10112e+27 1.67979e+44 2.44690e+27 8.05758e+43 
3.65438e+16 2.22313e+28 8.12417e+44 8.97926e+27 3.28137e+44 7.77627e+27 2.84175e+44 4.64140e+27 1.69615e+44 1.99360e+27 7.28538e+43 
4.05546e+16 1.95484e+28 7.92776e+44 8.11302e+27 3.29020e+44 7.02608e+27 2.84940e+44 4.16367e+27 1.68856e+44 1.60558e+27 6.51137e+43 
4.50056e+16 1.68511e+28 7.58394e+44 7.17248e+27 3.22801e+44 6.21155e+27 2.79554e+44 3.65853e+27 1.64654e+44 1.27578e+27 5.74170e+43 
4.99451e+16 1.41543e+28 7.06937e+44 6.16061e+27 3.07692e+44 5.33525e+27 2.66469e+44 3.12664e+27 1.56160e+44 9.96522e+26 4.97713e+43 
5.54266e+16 1.15091e+28 6.37912e+44 5.10483e+27 2.82944e+44 4.42091e+27 2.45036e+44 2.58046e+27 1.43026e+44 7.61068e+26 4.21834e+43 
6.15099e+16 8.99735e+27 5.53426e+44 4.05277e+27 2.49285e+44 3.50980e+27 2.15887e+44 2.04229e+27 1.25621e+44 5.64424e+26 3.47176e+43 
6.82607e+16 6.71520e+27 4.58384e+44 3.06204e+27 2.09017e+44 2.65180e+27 1.81014e+44 1.53940e+27 1.05080e+44 4.03295e+26 2.75292e+43 
7.57525e+16 4.75080e+27 3.59885e+44 2.18697e+27 1.65668e+44 1.89397e+27 1.43473e+44 1.09755e+27 8.31419e+43 2.75303e+26 2.08549e+43 
8.40665e+16 3.16267e+27 2.65875e+44 1.46649e+27 1.23283e+44 1.27002e+27 1.06766e+44 7.35041e+26 6.17923e+43 1.77977e+26 1.49619e+43 
9.32930e+16 1.96620e+27 1.83433e+44 9.16733e+26 8.55248e+43 7.93914e+26 7.40667e+43 4.59081e+26 4.28290e+43 1.07986e+26 1.00743e+43 
1.03532e+17 1.13254e+27 1.17254e+44 5.30258e+26 5.48988e+43 4.59217e+26 4.75437e+43 2.65382e+26 2.74756e+43 6.09270e+25 6.30791e+42 
1.14895e+17 5.99398e+26 6.88678e+43 2.81559e+26 3.23497e+43 2.43837e+26 2.80157e+43 1.40858e+26 1.61839e+43 3.16645e+25 3.63810e+42 
1.27505e+17 2.88937e+26 3.68410e+43 1.36085e+26 1.73515e+43 1.17853e+26 1.50268e+43 6.80638e+25 8.67848e+42 1.50109e+25 1.91397e+42 
1.41499e+17 1.25681e+26 1.77838e+43 5.93287e+25 8.39497e+42 5.13802e+25 7.27025e+42 2.96694e+25 4.19820e+42 6.42574e+24 9.09236e+41 
1.57029e+17 4.88425e+25 7.66969e+42 2.31042e+25 3.62804e+42 2.00089e+25 3.14197e+42 1.15531e+25 1.81418e+42 2.45789e+24 3.85960e+41 
1.74263e+17 1.67777e+25 2.92373e+42 7.95202e+24 1.38575e+42 6.88665e+24 1.20009e+42 3.97618e+24 6.92902e+41 8.30907e+23 1.44797e+41 
1.93389e+17 5.03481e+24 9.73677e+41 2.39084e+24 4.62363e+41 2.07053e+24 4.00418e+41 1.19545e+24 2.31186e+41 2.45372e+23 4.74522e+40 
2.14614e+17 1.30280e+24 2.79599e+41 6.19772e+23 1.33012e+41 5.36738e+23 1.15192e+41 3.09888e+23 6.65064e+40 6.24986e+22 1.34131e+40 
2.38169e+17 2.86376e+23 6.82057e+40 1.36463e+23 3.25012e+40 1.18180e+23 2.81468e+40 6.82317e+22 1.62506e+40 1.35375e+22 3.22421e+39 
2.64308e+17 5.25529e+22 1.38902e+40 2.50783e+22 6.62839e+39 2.17184e+22 5.74036e+39 1.25392e+22 3.31420e+39 2.45331e+21 6.48430e+38 
2.93317e+17 7.88648e+21 2.31324e+39 3.76749e+21 1.10507e+39 3.26274e+21 9.57017e+38 1.88375e+21 5.52534e+38 3.64897e+20 1.07030e+38 
3.25509e+17 9.44198e+20 3.07345e+38 4.51315e+20 1.46907e+38 3.90851e+20 1.27225e+38 2.25658e+20 7.34536e+37 4.35376e+19 1.41719e+37 
3.61234e+17 8.75638e+19 3.16311e+37 4.18483e+19 1.51170e+37 3.62417e+19 1.30917e+37 2.09241e+19 7.55852e+36 4.05633e+18 1.46529e+36 
4.00881e+17 6.07569e+18 2.43563e+36 2.90011e+18 1.16260e+36 2.51157e+18 1.00684e+36 1.45005e+18 5.81298e+35 2.86215e+17 1.14738e+35 
4.44878e+17 3.03380e+17 1.34967e+35 1.44368e+17 6.42264e+34 1.25027e+17 5.56217e+34 7.21842e+16 3.21132e+34 1.48246e+16 6.59513e+33 
4.93705e+17 1.05273e+16 5.19737e+33 4.97679e+15 2.45706e+33 4.31003e+15 2.12788e+33 2.48839e+15 1.22853e+33 5.52122e+14 2.72585e+32 
5.47890e+17 2.56031e+14 1.40277e+32 1.19497e+14 6.54712e+31 1.03487e+14 5.66997e+31 5.97485e+13 3.27356e+31 1.51450e+13 8.29777e+30 
6.08022e+17 5.17557e+12 3.14686e+30 2.37791e+12 1.44582e+30 2.05933e+12 1.25212e+30 1.18896e+12 7.22911e+29 3.46025e+11 2.10391e+29 
6.74754e+17 1.14696e+11 7.73916e+28 5.27575e+10 3.55984e+28 4.56893e+10 3.08291e+28 2.63787e+10 1.77992e+28 7.52629e+09 5.07840e+27 
7.48810e+17 2.36587e+09 1.77159e+27 1.10178e+09 8.25021e+26 9.54166e+08 7.14489e+26 5.50888e+08 4.12511e+26 1.39559e+08 1.04503e+26 
8.30994e+17 3.23090e+07 2.68486e+25 1.51744e+07 1.26098e+25 1.31414e+07 1.09204e+25 7.58720e+06 6.30492e+24 1.76268e+06 1.46478e+24 
9.22198e+17 2.53397e+05 2.33682e+23 1.19517e+05 1.10219e+23 1.03505e+05 9.54521e+22 5.97586e+04 5.51093e+22 1.32723e+04 1.22396e+22 
1.02341e+18 1.08238e+03 1.10772e+21 5.11519e+02 5.23495e+20 4.42989e+02 4.53360e+20 2.55760e+02 2.61747e+20 5.56138e+01 5.69158e+19 
1.13573e+18 2.40960e+00 2.73667e+18 1.13977e+00 1.29447e+18 9.87068e-01 1.12105e+18 5.69884e-01 6.47236e+17 1.22745e-01 1.39405e+17 
1.26038e+18 2.64548e-03 3.33432e+15 1.25185e-03 1.57782e+15 1.08414e-03 1.36643e+15 6.25927e-04 7.88908e+14 1.34238e-04 1.69192e+14 
1.39871e+18 1.33619e-06 1.86895e+12 6.32425e-07 8.84582e+11 5.47697e-07 7.66070e+11 3.16213e-07 4.42291e+11 6.76738e-08 9.46562e+10 
1.55223e+18 2.85862e-10 4.43722e+08 1.35316e-10 2.10041e+08 1.17187e-10 1.81901e+08 6.76581e-11 1.05021e+08 1.44625e-11 2.24490e+07 
1.72259e+18 2.35699e-14 4.06012e+04 1.11580e-14 1.92206e+04 9.66312e-15 1.66455e+04 5.57900e-15 9.61031e+03 1.19164e-15 2.05270e+03 
1.91164e+18 6.73795e-19 1.28806e+00 3.18993e-19 6.09801e-01 2.76256e-19 5.28103e-01 1.59496e-19 3.04900e-01 3.40493e-20 6.50901e-02 
2.12145e+18 5.93725e-24 1.25956e-05 2.81097e-24 5.96333e-06 2.43437e-24 5.16439e-06 1.40548e-24 2.98166e-06 2.99932e-25 6.36291e-07 
2.35429e+18 1.41541e-29 3.33227e-11 6.70135e-30 1.57769e-11 5.80354e-30 1.36632e-11 3.35067e-30 7.88845e-12 7.14860e-31 1.68298e-12 
2.61268e+18 7.89993e-36 2.06399e-17 3.74034e-36 9.77231e-18 3.23923e-36 8.46307e-18 1.87017e-36 4.88615e-18 3.98933e-37 1.04228e-18 
2.89942e+18 8.79454e-43 2.54991e-24 4.16396e-43 1.20731e-24 3.60609e-43 1.04556e-24 2.08198e-43 6.03654e-25 4.44069e-44 1.28754e-25 
3.21764e+18 1.63491e-50 5.26057e-32 7.74089e-51 2.49074e-32 6.70381e-51 2.15705e-32 3.87045e-51 1.24537e-32 8.25486e-52 2.65612e-33 
3.57079e+18 4.16790e-59 1.48827e-40 1.97340e-59 7.04657e-41 1.70901e-59 6.10251e-41 9.86698e-60 3.52329e-41 2.10436e-60 7.51423e-42 
3.96269e+18 1.17112e-68 4.64078e-50 5.54497e-69 2.19730e-50 4.80208e-69 1.90292e-50 2.77248e-69 1.09865e-50 5.91291e-70 2.34310e-51 
4.39760e+18 2.84650e-79 1.25178e-60 1.34775e-79 5.92686e-61 1.16718e-79 5.13281e-61 6.73874e-80 2.96343e-61 1.43718e-80 6.32016e-62 
4.88025e+18 4.57406e-91 2.23226e-72 2.16570e-91 1.05692e-72 1.87555e-91 9.15317e-73 1.08285e-91 5.28459e-73 2.30944e-92 1.12706e-73 
5.41587e+18 3.60617e-104 1.95306e-85 1.70743e-104 9.24722e-86 1.47868e-104 8.00832e-86 8.53715e-105 4.62361e-86 1.82078e-105 9.86109e-87 
6.01028e+18 1.00190e-118 6.02170e-100 4.74373e-119 2.85111e-100 4.10819e-119 2.46914e-100 2.37187e-119 1.42556e-100 5.05874e-120 3.04044e-101 
6.66992e+18 6.79449e-135 4.53187e-116 3.21700e-135 2.14572e-116 2.78601e-135 1.85824e-116 1.60850e-135 1.07286e-116 3.43070e-136 2.28825e-117 
7.40196e+18 7.48290e-153 5.53881e-134 3.54294e-153 2.62247e-134 3.06827e-153 2.27112e-134 1.77147e-153 1.31123e-134 3.77838e-154 2.79674e-135 
8.21434e+18 8.51472e-173 6.99429e-154 4.03146e-173 3.31158e-154 3.49135e-173 2.86792e-154 2.01573e-173 1.65579e-154 4.29949e-174 3.53175e-155 
9.11589e+18 6.06060e-195 5.52477e-176 2.86950e-195 2.61580e-176 2.48506e-195 2.26535e-176 1.43475e-195 1.30790e-176 3.06036e-196 2.78979e-177 
1.01164e+19 1.54612e-219 1.56411e-200 7.32035e-220 7.40555e-201 6.33961e-220 6.41339e-201 3.66018e-220 3.70277e-201 7.80752e-221 7.89839e-202 
1.12267e+19 7.61986e-247 8.55457e-228 3.60774e-247 4.05029e-228 3.12439e-247 3.50765e-228 1.80387e-247 2.02514e-228 3.84797e-248 4.32000e-229 
1.24588e+19 3.65393e-277 4.55237e-258 1.73001e-277 2.15539e-258 1.49824e-277 1.86664e-258 8.65023e-278 1.07772e-258 1.84536e-278 2.29911e-259 
1.38262e+19 6.25534e-308 8.64878e-289 2.29577e-308 3.17418e-289 1.98819e-308 2.74892e-289 1.27917e-308 1.76861e-289 6.67409e-309 9.22775e-290 
1.53437e+19 0.00000e+00 0.00000e+00 0.00000e+00 0.00000e+00 0.00000e+00 0.00000e+00 0.00000e+00 0.00000e+00 0.00000e+00 0.00000e+00 
1.70277e+19 0.00000e+00 0.00000e+00 0.00000e+00 0.00000e+00 0.00000e+00 0.00000e+00 0.00000e+00 0.00000e+00 0.00000e+00 0.00000e+00 
1.88965e+19 0.00000e+00 0.00000e+00 0.00000e+00 0.00000e+00 0.00000e+00 0.00000e+00 0.00000e+00 0.00000e+00 0.00000e+00 0.00000e+00 
2.09705e+19 0.00000e+00 0.00000e+00 0.00000e+00 0.00000e+00 0.00000e+00 0.00000e+00 0.00000e+00 0.00000e+00 0.00000e+00 0.00000e+00 
2.32720e+19 0.00000e+00 0.00000e+00 0.00000e+00 0.00000e+00 0.00000e+00 0.00000e+00 0.00000e+00 0.00000e+00 0.00000e+00 0.00000e+00 
2.58262e+19 0.00000e+00 0.00000e+00 0.00000e+00 0.00000e+00 0.00000e+00 0.00000e+00 0.00000e+00 0.00000e+00 0.00000e+00 0.00000e+00 
2.86607e+19 0.00000e+00 0.00000e+00 0.00000e+00 0.00000e+00 0.00000e+00 0.00000e+00 0.00000e+00 0.00000e+00 0.00000e+00 0.00000e+00 
3.18063e+19 0.00000e+00 0.00000e+00 0.00000e+00 0.00000e+00 0.00000e+00 0.00000e+00 0.00000e+00 0.00000e+00 0.00000e+00 0.00000e+00 
3.52971e+19 0.00000e+00 0.00000e+00 0.00000e+00 0.00000e+00 0.00000e+00 0.00000e+00 0.00000e+00 0.00000e+00 0.00000e+00 0.00000e+00 
3.91710e+19 0.00000e+00 0.00000e+00 0.00000e+00 0.00000e+00 0.00000e+00 0.00000e+00 0.00000e+00 0.00000e+00 0.00000e+00 0.00000e+00 
4.34701e+19 0.00000e+00 0.00000e+00 0.00000e+00 0.00000e+00 0.00000e+00 0.00000e+00 0.00000e+00 0.00000e+00 0.00000e+00 0.00000e+00 
4.82411e+19 0.00000e+00 0.00000e+00 0.00000e+00 0.00000e+00 0.00000e+00 0.00000e+00 0.00000e+00 0.00000e+00 0.00000e+00 0.00000e+00 
5.35357e+19 0.00000e+00 0.00000e+00 0.00000e+00 0.00000e+00 0.00000e+00 0.00000e+00 0.00000e+00 0.00000e+00 0.00000e+00 0.00000e+00 
5.94113e+19 0.00000e+00 0.00000e+00 0.00000e+00 0.00000e+00 0.00000e+00 0.00000e+00 0.00000e+00 0.00000e+00 0.00000e+00 0.00000e+00 
6.59319e+19 0.00000e+00 0.00000e+00 0.00000e+00 0.00000e+00 0.00000e+00 0.00000e+00 0.00000e+00 0.00000e+00 0.00000e+00 0.00000e+00 
7.31681e+19 0.00000e+00 0.00000e+00 0.00000e+00 0.00000e+00 0.00000e+00 0.00000e+00 0.00000e+00 0.00000e+00 0.00000e+00 0.00000e+00 
8.11984e+19 0.00000e+00 0.00000e+00 0.00000e+00 0.00000e+00 0.00000e+00 0.00000e+00 0.00000e+00 0.00000e+00 0.00000e+00 0.00000e+00 
9.01102e+19 0.00000e+00 0.00000e+00 0.00000e+00 0.00000e+00 0.00000e+00 0.00000e+00 0.00000e+00 0.00000e+00 0.00000e+00 0.00000e+00 
1.00000e+20 0.00000e+00 0.00000e+00 0.00000e+00 0.00000e+00 0.00000e+00 0.00000e+00 0.00000e+00 0.00000e+00 0.00000e+00 0.00000e+00 
