1.00000e+11 1.10731e+21 1.10731e+32 2.39652e+20 2.39652e+31 2.65196e+20 2.65196e+31 3.07597e+20 3.07597e+31 3.12422e+20 3.12422e+31 
1.10975e+11 1.36369e+21 1.51336e+32 2.95142e+20 3.27534e+31 3.26600e+20 3.62446e+31 3.78819e+20 4.20395e+31 3.84761e+20 4.26990e+31 
1.23155e+11 1.67945e+21 2.06832e+32 3.63480e+20 4.47644e+31 4.02222e+20 4.95357e+31 4.66531e+20 5.74556e+31 4.73849e+20 5.83569e+31 
1.36672e+11 2.06830e+21 2.82679e+32 4.47640e+20 6.11797e+31 4.95353e+20 6.77007e+31 5.74551e+20 7.85249e+31 5.83564e+20 7.97566e+31 
1.51672e+11 2.54720e+21 3.86338e+32 5.51287e+20 8.36146e+31 6.10047e+20 9.25268e+31 7.07582e+20 1.07320e+32 7.18681e+20 1.09004e+32 
1.68318e+11 3.13697e+21 5.28008e+32 6.78932e+20 1.14276e+32 7.51296e+20 1.26457e+32 8.71414e+20 1.46675e+32 8.85083e+20 1.48975e+32 
1.86791e+11 3.86329e+21 7.21629e+32 8.36130e+20 1.56182e+32 9.25248e+20 1.72828e+32 1.07318e+21 2.00460e+32 1.09001e+21 2.03605e+32 
2.07292e+11 4.75777e+21 9.86249e+32 1.02973e+21 2.13454e+32 1.13948e+21 2.36204e+32 1.32165e+21 2.73969e+32 1.34239e+21 2.78266e+32 
2.30043e+11 5.85936e+21 1.34790e+33 1.26814e+21 2.91727e+32 1.40330e+21 3.22820e+32 1.62766e+21 3.74432e+32 1.65319e+21 3.80305e+32 
2.55291e+11 7.21598e+21 1.84217e+33 1.56176e+21 3.98703e+32 1.72821e+21 4.41197e+32 2.00451e+21 5.11734e+32 2.03595e+21 5.19760e+32 
2.83310e+11 8.88668e+21 2.51768e+33 1.92336e+21 5.44905e+32 2.12835e+21 6.02981e+32 2.46862e+21 6.99383e+32 2.50733e+21 7.10352e+32 
3.14404e+11 1.09442e+22 3.44089e+33 2.36867e+21 7.44718e+32 2.62112e+21 8.24088e+32 3.04016e+21 9.55839e+32 3.08785e+21 9.70830e+32 
3.48910e+11 1.34780e+22 4.70262e+33 2.91708e+21 1.01780e+33 3.22797e+21 1.12627e+33 3.74403e+21 1.30633e+33 3.80275e+21 1.32682e+33 
3.87204e+11 1.65984e+22 6.42698e+33 3.59246e+21 1.39101e+33 3.97532e+21 1.53926e+33 4.61085e+21 1.78534e+33 4.68316e+21 1.81334e+33 
4.29700e+11 2.04413e+22 8.78363e+33 4.42419e+21 1.90108e+33 4.89568e+21 2.10368e+33 5.67834e+21 2.43999e+33 5.76739e+21 2.47825e+33 
4.76861e+11 2.51737e+22 1.20044e+34 5.44847e+21 2.59817e+33 6.02910e+21 2.87505e+33 6.99295e+21 3.33467e+33 7.10262e+21 3.38696e+33 
5.29198e+11 3.10017e+22 1.64060e+34 6.70988e+21 3.55085e+33 7.42491e+21 3.92925e+33 8.61189e+21 4.55739e+33 8.74693e+21 4.62886e+33 
5.87279e+11 3.81787e+22 2.24215e+34 8.26329e+21 4.85285e+33 9.14384e+21 5.36998e+33 1.06056e+22 6.22843e+33 1.07719e+22 6.32609e+33 
6.51734e+11 4.70171e+22 3.06426e+34 1.01763e+22 6.63224e+33 1.12607e+22 7.33895e+33 1.30608e+22 8.51214e+33 1.32656e+22 8.64561e+33 
7.23263e+11 5.79012e+22 4.18778e+34 1.25321e+22 9.06403e+33 1.38675e+22 1.00298e+34 1.60842e+22 1.16331e+34 1.63364e+22 1.18155e+34 
8.02643e+11 7.13047e+22 5.72322e+34 1.54333e+22 1.23874e+34 1.70777e+22 1.37073e+34 1.98076e+22 1.58984e+34 2.01181e+22 1.61477e+34 
8.90735e+11 8.78104e+22 7.82158e+34 1.90059e+22 1.69293e+34 2.10309e+22 1.87330e+34 2.43926e+22 2.17274e+34 2.47750e+22 2.20680e+34 
9.88496e+11 1.08136e+23 1.06892e+35 2.34055e+22 2.31363e+34 2.58991e+22 2.56012e+34 3.00389e+22 2.96933e+34 3.05097e+22 3.01587e+34 
1.09699e+12 1.33166e+23 1.46081e+35 2.88233e+22 3.16188e+34 3.18940e+22 3.49872e+34 3.69918e+22 4.05795e+34 3.75716e+22 4.12155e+34 
1.21738e+12 1.63988e+23 1.99636e+35 3.54951e+22 4.32111e+34 3.92762e+22 4.78142e+34 4.55537e+22 5.54563e+34 4.62677e+22 5.63255e+34 
1.35099e+12 2.01942e+23 2.72823e+35 4.37107e+22 5.90529e+34 4.83667e+22 6.53431e+34 5.60969e+22 7.57865e+34 5.69760e+22 7.69742e+34 
1.49927e+12 2.48679e+23 3.72836e+35 5.38276e+22 8.07020e+34 5.95608e+22 8.92976e+34 6.90795e+22 1.03569e+35 7.01620e+22 1.05192e+35 
1.66382e+12 3.06228e+23 5.09507e+35 6.62854e+22 1.10287e+35 7.33448e+22 1.22032e+35 8.50659e+22 1.41534e+35 8.63987e+22 1.43752e+35 
1.84642e+12 3.77091e+23 6.96271e+35 8.16256e+22 1.50715e+35 9.03179e+22 1.66765e+35 1.04751e+23 1.93414e+35 1.06392e+23 1.96444e+35 
2.04907e+12 4.64347e+23 9.51481e+35 1.00515e+23 2.05962e+35 1.11217e+23 2.27893e+35 1.28989e+23 2.64308e+35 1.31009e+23 2.68448e+35 
2.27397e+12 5.71784e+23 1.30022e+36 1.23774e+23 2.81457e+35 1.36951e+23 3.11423e+35 1.58833e+23 3.61182e+35 1.61321e+23 3.66837e+35 
2.52354e+12 7.04069e+23 1.77675e+36 1.52413e+23 3.84619e+35 1.68637e+23 4.25563e+35 1.95580e+23 4.93553e+35 1.98642e+23 5.01281e+35 
2.80050e+12 8.66943e+23 2.42788e+36 1.87675e+23 5.25585e+35 2.07651e+23 5.81526e+35 2.40823e+23 6.74427e+35 2.44593e+23 6.84984e+35 
3.10787e+12 1.06747e+24 3.31757e+36 2.31092e+23 7.18204e+35 2.55685e+23 7.94635e+35 2.96527e+23 9.21568e+35 3.01168e+23 9.35989e+35 
3.44896e+12 1.31436e+24 4.53319e+36 2.84548e+23 9.81396e+35 3.14824e+23 1.08582e+36 3.65108e+23 1.25924e+36 3.70820e+23 1.27895e+36 
3.82749e+12 1.61831e+24 6.19408e+36 3.50362e+23 1.34101e+36 3.87634e+23 1.48367e+36 4.49540e+23 1.72061e+36 4.56570e+23 1.74752e+36 
4.24757e+12 1.99250e+24 8.46328e+36 4.31389e+23 1.83236e+36 4.77269e+23 2.02724e+36 5.53481e+23 2.35095e+36 5.62134e+23 2.38771e+36 
4.71375e+12 2.45313e+24 1.15635e+37 5.31141e+23 2.50367e+36 5.87616e+23 2.76988e+36 6.81435e+23 3.21212e+36 6.92085e+23 3.26232e+36 
5.23110e+12 3.02016e+24 1.57987e+37 6.53940e+23 3.42083e+36 7.23454e+23 3.78446e+36 8.38942e+23 4.38859e+36 8.52048e+23 4.45715e+36 
5.80523e+12 3.71811e+24 2.15845e+37 8.05105e+23 4.67382e+36 8.90662e+23 5.17049e+36 1.03282e+24 5.99573e+36 1.04894e+24 6.08936e+36 
6.44236e+12 4.57718e+24 2.94878e+37 9.91180e+23 6.38554e+36 1.09647e+24 7.06388e+36 1.27144e+24 8.19110e+36 1.29129e+24 8.31894e+36 
7.14943e+12 5.63447e+24 4.02833e+37 1.22021e+24 8.72382e+36 1.34979e+24 9.65021e+36 1.56513e+24 1.11898e+37 1.58955e+24 1.13643e+37 
7.93410e+12 6.93566e+24 5.50282e+37 1.50210e+24 1.19178e+37 1.66155e+24 1.31829e+37 1.92656e+24 1.52855e+37 1.95660e+24 1.55238e+37 
8.80488e+12 8.53686e+24 7.51660e+37 1.84903e+24 1.62805e+37 2.04520e+24 1.80078e+37 2.37133e+24 2.08793e+37 2.40827e+24 2.12045e+37 
9.77124e+12 1.05071e+25 1.02667e+38 2.27595e+24 2.22389e+37 2.51730e+24 2.45972e+37 2.91859e+24 2.85183e+37 2.96402e+24 2.89622e+37 
1.08437e+13 1.29311e+25 1.40221e+38 2.80129e+24 3.03763e+37 3.09818e+24 3.35956e+37 3.59191e+24 3.89494e+37 3.64777e+24 3.95552e+37 
1.20338e+13 1.59132e+25 1.91496e+38 3.44767e+24 4.14885e+37 3.81283e+24 4.58828e+37 4.42022e+24 5.31919e+37 4.48890e+24 5.40184e+37 
1.33545e+13 1.95814e+25 2.61499e+38 4.24288e+24 5.66616e+37 4.69195e+24 6.26588e+37 5.43908e+24 7.26363e+37 5.52350e+24 7.37637e+37 
1.48202e+13 2.40928e+25 3.57060e+38 5.22110e+24 7.73777e+37 5.77327e+24 8.55610e+37 6.69217e+24 9.91793e+37 6.79591e+24 1.00717e+38 
1.64468e+13 2.96406e+25 4.87492e+38 6.42427e+24 1.05658e+38 7.10310e+24 1.16823e+38 8.23309e+24 1.35408e+38 8.36056e+24 1.37504e+38 
1.82518e+13 3.64618e+25 6.65494e+38 7.90392e+24 1.44261e+38 8.73830e+24 1.59490e+38 1.01277e+25 1.84848e+38 1.02842e+25 1.87706e+38 
2.02550e+13 4.48469e+25 9.08375e+38 9.72331e+24 1.96946e+38 1.07486e+25 2.17714e+38 1.24566e+25 2.52308e+38 1.26488e+25 2.56202e+38 
2.24781e+13 5.51526e+25 1.23972e+39 1.19600e+25 2.68838e+38 1.32197e+25 2.97154e+38 1.53189e+25 3.44339e+38 1.55549e+25 3.49644e+38 
2.49451e+13 6.78159e+25 1.69167e+39 1.47093e+25 3.66925e+38 1.62565e+25 4.05520e+38 1.88359e+25 4.69863e+38 1.91255e+25 4.77088e+38 
2.76829e+13 8.33722e+25 2.30798e+39 1.80878e+25 5.00723e+38 1.99876e+25 5.53315e+38 2.31563e+25 6.41034e+38 2.35116e+25 6.50868e+38 
3.07211e+13 1.02477e+26 3.14821e+39 2.22387e+25 6.83197e+38 2.45706e+25 7.54836e+38 2.84622e+25 8.74390e+38 2.88977e+25 8.87771e+38 
3.40929e+13 1.25933e+26 4.29341e+39 2.73369e+25 9.31994e+38 3.01983e+25 1.02955e+39 3.49762e+25 1.19244e+39 3.55099e+25 1.21063e+39 
3.78346e+13 1.54721e+26 5.85380e+39 3.35971e+25 1.27113e+39 3.71066e+25 1.40391e+39 4.29707e+25 1.62578e+39 4.36244e+25 1.65051e+39 
4.19871e+13 1.90039e+26 7.97916e+39 4.12814e+25 1.73329e+39 4.55839e+25 1.91393e+39 5.27783e+25 2.21601e+39 5.35785e+25 2.24960e+39 
4.65953e+13 2.33350e+26 1.08730e+40 5.07104e+25 2.36286e+39 5.59823e+25 2.60851e+39 6.48052e+25 3.01962e+39 6.57840e+25 3.06522e+39 
5.17092e+13 2.86438e+26 1.48115e+40 6.22755e+25 3.22021e+39 6.87317e+25 3.55406e+39 7.95465e+25 4.11329e+39 8.07427e+25 4.17514e+39 
5.73844e+13 3.51477e+26 2.01693e+40 7.64541e+25 4.38727e+39 8.43556e+25 4.84070e+39 9.76052e+25 5.60102e+39 9.90659e+25 5.68484e+39 
6.36825e+13 4.31109e+26 2.74541e+40 9.38281e+25 5.97521e+39 1.03492e+26 6.59061e+39 1.19715e+26 7.62373e+39 1.21497e+26 7.73722e+39 
7.06718e+13 5.28545e+26 3.73532e+40 1.15106e+26 8.13473e+39 1.26915e+26 8.96932e+39 1.46766e+26 1.03722e+40 1.48938e+26 1.05257e+40 
7.84282e+13 6.47679e+26 5.07963e+40 1.41148e+26 1.10700e+40 1.55567e+26 1.22008e+40 1.79839e+26 1.41044e+40 1.82482e+26 1.43118e+40 
8.70359e+13 7.93226e+26 6.90391e+40 1.72999e+26 1.50571e+40 1.90587e+26 1.65879e+40 2.20241e+26 1.91689e+40 2.23455e+26 1.94486e+40 
9.65883e+13 9.70880e+26 9.37757e+40 2.11924e+26 2.04694e+40 2.33354e+26 2.25393e+40 2.69553e+26 2.60356e+40 2.73452e+26 2.64123e+40 
1.07189e+14 1.18751e+27 1.27288e+41 2.59454e+26 2.78106e+40 2.85534e+26 3.06062e+40 3.29676e+26 3.53376e+40 3.34401e+26 3.58441e+40 
1.18953e+14 1.45136e+27 1.72644e+41 3.17435e+26 3.77599e+40 3.49131e+26 4.15303e+40 4.02898e+26 4.79261e+40 4.08612e+26 4.86058e+40 
1.32009e+14 1.77233e+27 2.33963e+41 3.88088e+26 5.12310e+40 4.26550e+26 5.63084e+40 4.91961e+26 6.49431e+40 4.98855e+26 6.58533e+40 
1.46497e+14 2.16223e+27 3.16760e+41 4.74079e+26 6.94512e+40 5.20672e+26 7.62770e+40 6.00137e+26 8.79184e+40 6.08436e+26 8.91342e+40 
1.62576e+14 2.63513e+27 4.28408e+41 5.78598e+26 9.40659e+40 6.34933e+26 1.03225e+41 7.31322e+26 1.18895e+41 7.41283e+26 1.20515e+41 
1.80419e+14 3.20770e+27 5.78729e+41 7.05445e+26 1.27276e+41 7.73413e+26 1.39538e+41 8.90126e+26 1.60595e+41 9.02046e+26 1.62746e+41 
2.00220e+14 3.89958e+27 7.80773e+41 8.59132e+26 1.72016e+41 9.40937e+26 1.88394e+41 1.08198e+27 2.16635e+41 1.09620e+27 2.19481e+41 
2.22195e+14 4.73379e+27 1.05182e+42 1.04499e+27 2.32191e+41 1.14318e+27 2.54008e+41 1.31326e+27 2.91800e+41 1.33014e+27 2.95550e+41 
2.46581e+14 5.73715e+27 1.41467e+42 1.26927e+27 3.12978e+41 1.38677e+27 3.41950e+41 1.59137e+27 3.92401e+41 1.61131e+27 3.97319e+41 
2.73644e+14 6.94063e+27 1.89926e+42 1.53928e+27 4.21214e+41 1.67939e+27 4.59556e+41 1.92484e+27 5.26721e+41 1.94829e+27 5.33137e+41 
3.03677e+14 8.37967e+27 2.54471e+42 1.86348e+27 5.65896e+41 2.02991e+27 6.16438e+41 2.32346e+27 7.05581e+41 2.35085e+27 7.13898e+41 
3.37006e+14 1.00944e+28 3.40187e+42 2.25158e+27 7.58796e+41 2.44840e+27 8.25127e+41 2.79826e+27 9.43030e+41 2.83002e+27 9.53735e+41 
3.73994e+14 1.21296e+28 4.53639e+42 2.71461e+27 1.01525e+42 2.94620e+27 1.10186e+42 3.36155e+27 1.25720e+42 3.39808e+27 1.27086e+42 
4.15040e+14 1.45345e+28 6.03242e+42 3.26494e+27 1.35508e+42 3.53589e+27 1.46754e+42 4.02684e+27 1.67130e+42 4.06843e+27 1.68856e+42 
4.60592e+14 1.73623e+28 7.99694e+42 3.91623e+27 1.80378e+42 4.23116e+27 1.94884e+42 4.80863e+27 2.21482e+42 4.85542e+27 2.23637e+42 
5.11143e+14 2.06686e+28 1.05646e+43 4.68327e+27 2.39382e+42 5.04660e+27 2.57954e+42 5.72207e+27 2.92480e+42 5.77396e+27 2.95132e+42 
5.67243e+14 2.45098e+28 1.39030e+43 5.58167e+27 3.16616e+42 5.99727e+27 3.40191e+42 6.78245e+27 3.84729e+42 6.83897e+27 3.87936e+42 
6.29499e+14 2.89408e+28 1.82182e+43 6.62741e+27 4.17195e+42 7.09813e+27 4.46826e+42 8.00440e+27 5.03876e+42 8.06463e+27 5.07667e+42 
6.98588e+14 3.40105e+28 2.37594e+43 7.83604e+27 5.47417e+42 8.36313e+27 5.84239e+42 9.40088e+27 6.56734e+42 9.46324e+27 6.61090e+42 
7.75260e+14 3.97580e+28 3.08228e+43 9.22172e+27 7.14923e+42 9.80416e+27 7.60077e+42 1.09818e+28 8.51375e+42 1.10439e+28 8.56189e+42 
8.60346e+14 4.62061e+28 3.97532e+43 1.07958e+28 9.28812e+42 1.14295e+28 9.83332e+42 1.27524e+28 1.09714e+43 1.28108e+28 1.10218e+43 
9.54772e+14 5.33546e+28 5.09415e+43 1.25651e+28 1.19968e+43 1.32421e+28 1.26432e+43 1.47111e+28 1.40458e+43 1.47615e+28 1.40939e+43 
1.05956e+15 6.11730e+28 6.48165e+43 1.45299e+28 1.53953e+43 1.52375e+28 1.61450e+43 1.68478e+28 1.78513e+43 1.68844e+28 1.78901e+43 
1.17585e+15 6.95927e+28 8.18305e+43 1.66816e+28 1.96150e+43 1.74018e+28 2.04619e+43 1.91413e+28 2.25073e+43 1.91572e+28 2.25260e+43 
1.30490e+15 7.84995e+28 1.02434e+44 1.89998e+28 2.47928e+43 1.97093e+28 2.57187e+43 2.15574e+28 2.81303e+43 2.15446e+28 2.81136e+43 
1.44812e+15 8.77291e+28 1.27042e+44 2.14505e+28 3.10629e+43 2.21207e+28 3.20334e+43 2.40476e+28 3.48237e+43 2.39975e+28 3.47512e+43 
1.60705e+15 9.70638e+28 1.55987e+44 2.39840e+28 3.85435e+43 2.45822e+28 3.95048e+43 2.65484e+28 4.26646e+43 2.64521e+28 4.25099e+43 
1.78343e+15 1.06234e+29 1.89462e+44 2.65334e+28 4.73205e+43 2.70247e+28 4.81967e+43 2.89819e+28 5.16871e+43 2.88310e+28 5.14181e+43 
1.97917e+15 1.14927e+29 2.27460e+44 2.90161e+28 5.74277e+43 2.93658e+28 5.81197e+43 3.12578e+28 6.18644e+43 3.10454e+28 6.14440e+43 
2.19639e+15 1.22795e+29 2.69705e+44 3.13356e+28 6.88250e+43 3.15123e+28 6.92132e+43 3.32775e+28 7.30902e+43 3.29983e+28 7.24769e+43 
2.43744e+15 1.29477e+29 3.15594e+44 3.33871e+28 8.13792e+43 3.33660e+28 8.13277e+43 3.49392e+28 8.51623e+43 3.45902e+28 8.43116e+43 
2.70496e+15 1.34622e+29 3.64147e+44 3.50658e+28 9.48516e+43 3.48305e+28 9.42150e+43 3.61452e+28 9.77713e+43 3.57251e+28 9.66349e+43 
3.00184e+15 1.37915e+29 4.14000e+44 3.62772e+28 1.08898e+44 3.58209e+28 1.07528e+44 3.68108e+28 1.10500e+44 3.63183e+28 1.09022e+44 
3.33129e+15 1.39114e+29 4.63430e+44 3.69494e+28 1.23089e+44 3.62742e+28 1.20840e+44 3.68735e+28 1.22837e+44 3.63049e+28 1.20942e+44 
3.69691e+15 1.38077e+29 5.10457e+44 3.70457e+28 1.36955e+44 3.61597e+28 1.33679e+44 3.63027e+28 1.34208e+44 3.56479e+28 1.31787e+44 
4.10266e+15 1.34794e+29 5.53015e+44 3.65736e+28 1.50049e+44 3.54874e+28 1.45593e+44 3.51083e+28 1.44037e+44 3.43465e+28 1.40912e+44 
4.55294e+15 1.29409e+29 5.89191e+44 3.55891e+28 1.62035e+44 3.43118e+28 1.56219e+44 3.33450e+28 1.51817e+44 3.24414e+28 1.47704e+44 
5.05263e+15 1.22218e+29 6.17521e+44 3.41930e+28 1.72765e+44 3.27296e+28 1.65371e+44 3.11127e+28 1.57201e+44 3.00161e+28 1.51661e+44 
5.60717e+15 1.13655e+29 6.37283e+44 3.25183e+28 1.82336e+44 3.08696e+28 1.73091e+44 2.85488e+28 1.60078e+44 2.71932e+28 1.52477e+44 
6.22257e+15 1.04254e+29 6.48729e+44 3.07117e+28 1.91106e+44 2.88761e+28 1.79683e+44 2.58144e+28 1.60632e+44 2.41234e+28 1.50110e+44 
6.90551e+15 9.45928e+28 6.53212e+44 2.89126e+28 1.99657e+44 2.68898e+28 1.85688e+44 2.30753e+28 1.59347e+44 2.09710e+28 1.44815e+44 
7.66341e+15 8.52286e+28 6.53142e+44 2.72361e+28 2.08721e+44 2.50310e+28 1.91823e+44 2.04829e+28 1.56969e+44 1.78950e+28 1.37137e+44 
8.50449e+15 7.66421e+28 6.51802e+44 2.57632e+28 2.19102e+44 2.33888e+28 1.98910e+44 1.81579e+28 1.54424e+44 1.50326e+28 1.27845e+44 
9.43788e+15 6.91929e+28 6.53034e+44 2.45412e+28 2.31617e+44 2.20180e+28 2.07803e+44 1.61813e+28 1.52717e+44 1.24856e+28 1.17838e+44 
1.04737e+16 6.30967e+28 6.60857e+44 2.35901e+28 2.47075e+44 2.09432e+28 2.19353e+44 1.45918e+28 1.52830e+44 1.03144e+28 1.08030e+44 
1.16232e+16 5.84230e+28 6.79064e+44 2.29099e+28 2.66287e+44 2.01650e+28 2.34382e+44 1.33903e+28 1.55638e+44 8.53830e+27 9.92426e+43 
1.28989e+16 5.51084e+28 7.10838e+44 2.24852e+28 2.90034e+44 1.96642e+28 2.53646e+44 1.25463e+28 1.61834e+44 7.14140e+27 9.21162e+43 
1.43146e+16 5.29784e+28 7.58364e+44 2.22835e+28 3.18980e+44 1.94028e+28 2.77744e+44 1.20059e+28 1.71859e+44 6.08240e+27 8.70671e+43 
1.58857e+16 5.17712e+28 8.22420e+44 2.22505e+28 3.53464e+44 1.93222e+28 3.06945e+44 1.16977e+28 1.85825e+44 5.30449e+27 8.42653e+43 
1.76291e+16 5.11616e+28 9.01936e+44 2.23054e+28 3.93226e+44 1.93412e+28 3.40969e+44 1.15391e+28 2.03425e+44 4.74405e+27 8.36335e+43 
1.95640e+16 5.07843e+28 9.93544e+44 2.23423e+28 4.37104e+44 1.93589e+28 3.78738e+44 1.14419e+28 2.23848e+44 4.33713e+27 8.48515e+43 
2.17112e+16 5.02617e+28 1.09124e+45 2.22376e+28 4.82805e+44 1.92620e+28 4.18201e+44 1.13176e+28 2.45717e+44 4.02391e+27 8.73638e+43 
2.40940e+16 4.92383e+28 1.18635e+45 2.18657e+28 5.26834e+44 1.89375e+28 4.56280e+44 1.10853e+28 2.67089e+44 3.75211e+27 9.04034e+43 
2.67384e+16 4.74221e+28 1.26799e+45 2.11181e+28 5.64665e+44 1.82892e+28 4.89023e+44 1.06795e+28 2.85552e+44 3.47992e+27 9.30476e+43 
2.96730e+16 4.46264e+28 1.32420e+45 1.99237e+28 5.91196e+44 1.72545e+28 5.11993e+44 1.00580e+28 2.98452e+44 3.17873e+27 9.43226e+43 
3.29297e+16 4.08045e+28 1.34368e+45 1.82660e+28 6.01494e+44 1.58188e+28 5.20909e+44 9.20925e+27 3.03258e+44 2.83486e+27 9.33510e+43 
3.65438e+16 3.60654e+28 1.31797e+45 1.61928e+28 5.91746e+44 1.40234e+28 5.12467e+44 8.15543e+27 2.98030e+44 2.44970e+27 8.95214e+43 
4.05546e+16 3.06637e+28 1.24355e+45 1.38141e+28 5.60227e+44 1.19634e+28 4.85171e+44 6.95111e+27 2.81899e+44 2.03765e+27 8.26362e+43 
4.50056e+16 2.49609e+28 1.12338e+45 1.12877e+28 5.08011e+44 9.77547e+27 4.39951e+44 5.67515e+27 2.55413e+44 1.62186e+27 7.29926e+43 
4.99451e+16 1.93622e+28 9.67044e+44 8.79272e+27 4.39153e+44 7.61472e+27 3.80318e+44 4.41730e+27 2.20622e+44 1.22850e+27 6.13573e+43 
5.54266e+16 1.42441e+28 7.89501e+44 6.49809e+27 3.60167e+44 5.62751e+27 3.11914e+44 3.26213e+27 1.80809e+44 8.80891e+26 4.88248e+43 
6.15099e+16 9.88913e+27 6.08279e+44 4.53346e+27 2.78853e+44 3.92610e+27 2.41494e+44 2.27430e+27 1.39892e+44 5.94827e+26 3.65877e+43 
6.82607e+16 6.44585e+27 4.39998e+44 2.97017e+27 2.02746e+44 2.57224e+27 1.75583e+44 1.48909e+27 1.01646e+44 3.76255e+26 2.56834e+43 
7.57525e+16 3.92290e+27 2.97170e+44 1.81722e+27 1.37659e+44 1.57376e+27 1.19216e+44 9.10534e+26 6.89752e+43 2.21727e+26 1.67964e+43 
8.40665e+16 2.21595e+27 1.86287e+44 1.03202e+27 8.67583e+43 8.93755e+26 7.51349e+43 5.16837e+26 4.34487e+43 1.21028e+26 1.01744e+43 
9.32930e+16 1.15431e+27 1.07689e+44 5.40450e+26 5.04202e+43 4.68044e+26 4.36652e+43 2.70541e+26 2.52396e+43 6.08086e+25 5.67302e+42 
1.03532e+17 5.50543e+26 5.69989e+43 2.59102e+26 2.68254e+43 2.24389e+26 2.32315e+43 1.29656e+26 1.34236e+43 2.79297e+25 2.89162e+42 
1.14895e+17 2.38536e+26 2.74067e+43 1.12819e+26 1.29624e+43 9.77044e+25 1.12258e+43 5.64401e+25 6.48469e+42 1.16376e+25 1.33711e+42 
1.27505e+17 9.30817e+25 1.18684e+43 4.42311e+25 5.63969e+42 3.83052e+25 4.88412e+42 2.21230e+25 2.82080e+42 4.36169e+24 5.56138e+41 
1.41499e+17 3.24073e+25 4.58561e+42 1.54675e+25 2.18863e+42 1.33952e+25 1.89541e+42 7.73525e+24 1.09453e+42 1.45662e+24 2.06110e+41 
1.57029e+17 9.96545e+24 1.56487e+42 4.77604e+24 7.49977e+41 4.13617e+24 6.49499e+41 2.38828e+24 3.75029e+41 4.29039e+23 6.73715e+40 
1.74263e+17 2.67741e+24 4.66574e+41 1.28816e+24 2.24479e+41 1.11558e+24 1.94405e+41 6.44115e+23 1.12246e+41 1.10252e+23 1.92129e+40 
1.93389e+17 6.21171e+23 1.20128e+41 2.99946e+23 5.80063e+40 2.59761e+23 5.02350e+40 1.49977e+23 2.90039e+40 2.44377e+22 4.72599e+39 
2.14614e+17 1.22852e+23 2.63658e+40 5.95208e+22 1.27740e+40 5.15465e+22 1.10626e+40 2.97607e+22 6.38707e+39 4.61623e+21 9.90708e+38 
2.38169e+17 2.04095e+22 4.86090e+39 9.91806e+21 2.36217e+39 8.58929e+21 2.04570e+39 4.95905e+21 1.18109e+39 7.33395e+20 1.74672e+38 
2.64308e+17 2.79915e+21 7.39839e+38 1.36379e+21 3.60462e+38 1.18108e+21 3.12169e+38 6.81897e+20 1.80231e+38 9.65045e+19 2.55069e+37 
2.93317e+17 3.10412e+20 9.10489e+37 1.51559e+20 4.44549e+37 1.31254e+20 3.84991e+37 7.57797e+19 2.22275e+37 1.03216e+19 3.02749e+36 
3.25509e+17 2.71530e+19 8.83854e+36 1.32793e+19 4.32254e+36 1.15002e+19 3.74343e+36 6.63966e+18 2.16127e+36 8.76488e+17 2.85305e+35 
3.61234e+17 1.82030e+18 6.57555e+35 8.91299e+17 3.21968e+35 7.71887e+17 2.78832e+35 4.45649e+17 1.60984e+35 5.74293e+16 2.07454e+34 
4.00881e+17 9.05149e+16 3.62857e+34 4.43572e+16 1.77820e+34 3.84145e+16 1.53996e+34 2.21786e+16 8.89098e+33 2.80793e+15 1.12564e+33 
4.44878e+17 3.21975e+15 1.43240e+33 1.57876e+15 7.02355e+32 1.36725e+15 6.08258e+32 7.89379e+14 3.51178e+32 9.86740e+13 4.38979e+31 
4.93705e+17 7.87553e+13 3.88819e+31 3.86319e+13 1.90728e+31 3.34562e+13 1.65175e+31 1.93160e+13 9.53638e+30 2.39216e+12 1.18102e+30 
5.47890e+17 1.26900e+12 6.95273e+29 6.22665e+11 3.41152e+29 5.39244e+11 2.95446e+29 3.11333e+11 1.70576e+29 3.82811e+10 2.09739e+28 
6.08022e+17 1.28573e+10 7.81750e+27 6.31017e+09 3.83672e+27 5.46476e+09 3.32270e+27 3.15508e+09 1.91836e+27 3.85634e+08 2.34474e+26 
6.74754e+17 7.78612e+07 5.25372e+25 3.82209e+07 2.57897e+25 3.31003e+07 2.23346e+25 1.91105e+07 1.28949e+25 2.32323e+06 1.56761e+24 
7.48810e+17 2.66619e+05 1.99647e+23 1.30904e+05 9.80222e+22 1.13366e+05 8.48897e+22 6.54519e+04 4.90111e+22 7.91587e+03 5.92749e+21 
8.30994e+17 4.85690e+02 4.03605e+20 2.38506e+02 1.98197e+20 2.06552e+02 1.71644e+20 1.19253e+02 9.90986e+19 1.43492e+01 1.19241e+19 
9.22198e+17 4.39991e-01 4.05759e+17 2.16104e-01 1.99290e+17 1.87151e-01 1.72591e+17 1.08052e-01 9.96452e+16 1.29349e-02 1.19285e+16 
1.02341e+18 1.83991e-04 1.88299e+14 9.03847e-05 9.25008e+13 7.82755e-05 8.01080e+13 4.51924e-05 4.62504e+13 5.38119e-06 5.50717e+12 
1.13573e+18 3.27534e-08 3.71991e+10 1.60932e-08 1.82776e+10 1.39372e-08 1.58289e+10 8.04662e-09 9.13882e+09 9.52139e-10 1.08138e+09 
1.26038e+18 2.28709e-12 2.88261e+06 1.12411e-12 1.41680e+06 9.73504e-13 1.22699e+06 5.62053e-13 7.08402e+05 6.58421e-14 8.29863e+04 
1.39871e+18 5.90930e-17 8.26541e+01 2.90647e-17 4.06532e+01 2.51708e-17 3.52067e+01 1.45323e-17 2.03266e+01 1.66288e-18 2.32590e+00 
1.55223e+18 5.86760e-22 9.10783e-04 2.89091e-22 4.48735e-04 2.50361e-22 3.88616e-04 1.44546e-22 2.24368e-04 1.55757e-23 2.41770e-05 
1.72259e+18 2.63634e-27 4.54132e-09 1.30219e-27 2.24313e-09 1.12773e-27 1.94261e-09 6.51094e-28 1.12157e-09 6.37627e-29 1.09837e-10 
1.91164e+18 5.05497e-33 9.66331e-15 2.50069e-33 4.78043e-15 2.16566e-33 4.13998e-15 1.25035e-33 2.39022e-15 1.14874e-34 2.19599e-16 
2.12145e+18 2.95992e-39 6.27933e-21 1.46540e-39 3.10877e-21 1.26907e-39 2.69227e-21 7.32698e-40 1.55438e-21 6.47591e-41 1.37383e-22 
2.35429e+18 4.86517e-46 1.14540e-27 2.41248e-46 5.67967e-28 2.08927e-46 4.91874e-28 1.20624e-46 2.83984e-28 9.65896e-48 2.27400e-29 
2.61268e+18 3.09953e-53 8.09807e-35 1.54078e-53 4.02555e-35 1.33435e-53 3.48623e-35 7.70389e-54 2.01278e-35 5.16005e-55 1.34815e-36 
2.89942e+18 6.28431e-61 1.82209e-42 3.12691e-61 9.06624e-43 2.70799e-61 7.85159e-43 1.56346e-61 4.53312e-43 9.68553e-63 2.80825e-44 
3.21764e+18 2.13748e-69 6.87765e-51 1.06370e-69 3.42261e-51 9.21192e-70 2.96407e-51 5.31850e-70 1.71130e-51 3.25641e-71 1.04780e-52 
3.57079e+18 8.49539e-79 3.03352e-60 4.22772e-79 1.50963e-60 3.66132e-79 1.30738e-60 2.11386e-79 7.54815e-61 1.29264e-80 4.61572e-62 
3.96269e+18 3.04692e-89 1.20740e-70 1.51630e-89 6.00863e-71 1.31316e-89 5.20363e-71 7.58151e-90 3.00432e-71 4.63489e-91 1.83666e-72 
4.39760e+18 7.55713e-101 3.32332e-82 3.76081e-101 1.65386e-82 3.25696e-101 1.43228e-82 1.88041e-101 8.26929e-83 1.14936e-102 5.05445e-84 
4.88025e+18 9.66676e-114 4.71762e-95 4.81068e-114 2.34773e-95 4.16617e-114 2.03320e-95 2.40534e-114 1.17387e-95 1.46999e-115 7.17393e-97 
5.41587e+18 4.60602e-128 2.49456e-109 2.29220e-128 1.24142e-109 1.98510e-128 1.07510e-109 1.14610e-128 6.20712e-110 7.00329e-130 3.79289e-111 
6.01028e+18 5.69730e-144 3.42424e-125 2.83528e-144 1.70408e-125 2.45542e-144 1.47578e-125 1.41764e-144 8.52041e-126 8.66162e-146 5.20587e-127 
6.66992e+18 1.22538e-161 8.17320e-143 6.09816e-162 4.06742e-143 5.28116e-162 3.52249e-143 3.04908e-162 2.03371e-143 1.86279e-163 1.24247e-144 
7.40196e+18 2.93757e-181 2.17437e-162 1.46189e-181 1.08209e-162 1.26603e-181 9.37114e-163 7.30946e-182 5.41043e-163 4.46533e-183 3.30522e-164 
8.21434e+18 4.79155e-203 3.93595e-184 2.38454e-203 1.95874e-184 2.06507e-203 1.69632e-184 1.19227e-203 9.79370e-185 7.28321e-205 5.98268e-186 
9.11589e+18 3.07529e-227 2.80340e-208 1.53043e-227 1.39512e-208 1.32539e-227 1.20821e-208 7.65216e-228 6.97562e-209 4.67434e-229 4.26108e-210 
1.01164e+19 4.22947e-254 4.27869e-235 2.10481e-254 2.12931e-235 1.82282e-254 1.84404e-235 1.05241e-254 1.06465e-235 6.42855e-256 6.50337e-237 
1.12267e+19 6.35053e-284 7.12954e-265 3.16037e-284 3.54805e-265 2.73696e-284 3.07270e-265 1.58019e-284 1.77402e-265 9.65238e-286 1.08364e-266 
1.24588e+19 0.00000e+00 0.00000e+00 0.00000e+00 0.00000e+00 0.00000e+00 0.00000e+00 0.00000e+00 0.00000e+00 0.00000e+00 0.00000e+00 
1.38262e+19 0.00000e+00 0.00000e+00 0.00000e+00 0.00000e+00 0.00000e+00 0.00000e+00 0.00000e+00 0.00000e+00 0.00000e+00 0.00000e+00 
1.53437e+19 0.00000e+00 0.00000e+00 0.00000e+00 0.00000e+00 0.00000e+00 0.00000e+00 0.00000e+00 0.00000e+00 0.00000e+00 0.00000e+00 
1.70277e+19 0.00000e+00 0.00000e+00 0.00000e+00 0.00000e+00 0.00000e+00 0.00000e+00 0.00000e+00 0.00000e+00 0.00000e+00 0.00000e+00 
1.88965e+19 0.00000e+00 0.00000e+00 0.00000e+00 0.00000e+00 0.00000e+00 0.00000e+00 0.00000e+00 0.00000e+00 0.00000e+00 0.00000e+00 
2.09705e+19 0.00000e+00 0.00000e+00 0.00000e+00 0.00000e+00 0.00000e+00 0.00000e+00 0.00000e+00 0.00000e+00 0.00000e+00 0.00000e+00 
2.32720e+19 0.00000e+00 0.00000e+00 0.00000e+00 0.00000e+00 0.00000e+00 0.00000e+00 0.00000e+00 0.00000e+00 0.00000e+00 0.00000e+00 
2.58262e+19 0.00000e+00 0.00000e+00 0.00000e+00 0.00000e+00 0.00000e+00 0.00000e+00 0.00000e+00 0.00000e+00 0.00000e+00 0.00000e+00 
2.86607e+19 0.00000e+00 0.00000e+00 0.00000e+00 0.00000e+00 0.00000e+00 0.00000e+00 0.00000e+00 0.00000e+00 0.00000e+00 0.00000e+00 
3.18063e+19 0.00000e+00 0.00000e+00 0.00000e+00 0.00000e+00 0.00000e+00 0.00000e+00 0.00000e+00 0.00000e+00 0.00000e+00 0.00000e+00 
3.52971e+19 0.00000e+00 0.00000e+00 0.00000e+00 0.00000e+00 0.00000e+00 0.00000e+00 0.00000e+00 0.00000e+00 0.00000e+00 0.00000e+00 
3.91710e+19 0.00000e+00 0.00000e+00 0.00000e+00 0.00000e+00 0.00000e+00 0.00000e+00 0.00000e+00 0.00000e+00 0.00000e+00 0.00000e+00 
4.34701e+19 0.00000e+00 0.00000e+00 0.00000e+00 0.00000e+00 0.00000e+00 0.00000e+00 0.00000e+00 0.00000e+00 0.00000e+00 0.00000e+00 
4.82411e+19 0.00000e+00 0.00000e+00 0.00000e+00 0.00000e+00 0.00000e+00 0.00000e+00 0.00000e+00 0.00000e+00 0.00000e+00 0.00000e+00 
5.35357e+19 0.00000e+00 0.00000e+00 0.00000e+00 0.00000e+00 0.00000e+00 0.00000e+00 0.00000e+00 0.00000e+00 0.00000e+00 0.00000e+00 
5.94113e+19 0.00000e+00 0.00000e+00 0.00000e+00 0.00000e+00 0.00000e+00 0.00000e+00 0.00000e+00 0.00000e+00 0.00000e+00 0.00000e+00 
6.59319e+19 0.00000e+00 0.00000e+00 0.00000e+00 0.00000e+00 0.00000e+00 0.00000e+00 0.00000e+00 0.00000e+00 0.00000e+00 0.00000e+00 
7.31681e+19 0.00000e+00 0.00000e+00 0.00000e+00 0.00000e+00 0.00000e+00 0.00000e+00 0.00000e+00 0.00000e+00 0.00000e+00 0.00000e+00 
8.11984e+19 0.00000e+00 0.00000e+00 0.00000e+00 0.00000e+00 0.00000e+00 0.00000e+00 0.00000e+00 0.00000e+00 0.00000e+00 0.00000e+00 
9.01102e+19 0.00000e+00 0.00000e+00 0.00000e+00 0.00000e+00 0.00000e+00 0.00000e+00 0.00000e+00 0.00000e+00 0.00000e+00 0.00000e+00 
1.00000e+20 0.00000e+00 0.00000e+00 0.00000e+00 0.00000e+00 0.00000e+00 0.00000e+00 0.00000e+00 0.00000e+00 0.00000e+00 0.00000e+00 
