1.00000e+11 2.76713e+21 2.76713e+32 5.84911e+20 5.84911e+31 6.21479e+20 6.21479e+31 6.60007e+20 6.60007e+31 7.10989e+20 7.10989e+31 
1.10975e+11 3.40784e+21 3.78185e+32 7.20343e+20 7.99403e+31 7.65378e+20 8.49380e+31 8.12827e+20 9.02037e+31 8.75613e+20 9.71714e+31 
1.23155e+11 4.19689e+21 5.16869e+32 8.87134e+20 1.09255e+32 9.42595e+20 1.16085e+32 1.00103e+21 1.23282e+32 1.07835e+21 1.32805e+32 
1.36672e+11 5.16865e+21 7.06407e+32 1.09254e+21 1.49320e+32 1.16085e+21 1.58655e+32 1.23281e+21 1.68490e+32 1.32804e+21 1.81505e+32 
1.51672e+11 6.36539e+21 9.65450e+32 1.34551e+21 2.04076e+32 1.42963e+21 2.16834e+32 1.51825e+21 2.30276e+32 1.63553e+21 2.48064e+32 
1.68318e+11 7.83923e+21 1.31948e+33 1.65705e+21 2.78912e+32 1.76064e+21 2.96348e+32 1.86979e+21 3.14719e+32 2.01422e+21 3.39029e+32 
1.86791e+11 9.65430e+21 1.80334e+33 2.04073e+21 3.81190e+32 2.16830e+21 4.05020e+32 2.30271e+21 4.30127e+32 2.48058e+21 4.63352e+32 
2.07292e+11 1.18896e+22 2.46463e+33 2.51323e+21 5.20973e+32 2.67034e+21 5.53541e+32 2.83588e+21 5.87855e+32 3.05493e+21 6.33262e+32 
2.30043e+11 1.46425e+22 3.36840e+33 3.09514e+21 7.12015e+32 3.28862e+21 7.56524e+32 3.49248e+21 8.03420e+32 3.76224e+21 8.65478e+32 
2.55291e+11 1.80327e+22 4.60358e+33 3.81177e+21 9.73110e+32 4.05005e+21 1.03394e+33 4.30110e+21 1.09803e+33 4.63332e+21 1.18285e+33 
2.83310e+11 2.22078e+22 6.29169e+33 4.69433e+21 1.32995e+33 4.98776e+21 1.41308e+33 5.29693e+21 1.50067e+33 5.70608e+21 1.61659e+33 
3.14404e+11 2.73496e+22 8.59880e+33 5.78121e+21 1.81763e+33 6.14258e+21 1.93125e+33 6.52332e+21 2.05096e+33 7.02719e+21 2.20937e+33 
3.48910e+11 3.36817e+22 1.17519e+34 7.11973e+21 2.48415e+33 7.56476e+21 2.63942e+33 8.03364e+21 2.80302e+33 8.65416e+21 3.01953e+33 
3.87204e+11 4.14798e+22 1.60611e+34 8.76815e+21 3.39506e+33 9.31619e+21 3.60727e+33 9.89361e+21 3.83084e+33 1.06578e+22 4.12674e+33 
4.29700e+11 5.10832e+22 2.19505e+34 1.07982e+22 4.63999e+33 1.14731e+22 4.93000e+33 1.21842e+22 5.23555e+33 1.31253e+22 5.63994e+33 
4.76861e+11 6.29099e+22 2.99993e+34 1.32982e+22 6.34140e+33 1.41293e+22 6.73773e+33 1.50050e+22 7.15531e+33 1.61640e+22 7.70798e+33 
5.29198e+11 7.74743e+22 4.09993e+34 1.63770e+22 8.66667e+33 1.74005e+22 9.20831e+33 1.84789e+22 9.77898e+33 1.99061e+22 1.05343e+34 
5.87279e+11 9.54104e+22 5.60325e+34 2.01685e+22 1.18445e+34 2.14289e+22 1.25848e+34 2.27569e+22 1.33646e+34 2.45146e+22 1.43969e+34 
6.51734e+11 1.17498e+23 7.65777e+34 2.48378e+22 1.61876e+34 2.63899e+22 1.71992e+34 2.80252e+22 1.82650e+34 3.01898e+22 1.96757e+34 
7.23263e+11 1.44699e+23 1.04656e+35 3.05879e+22 2.21231e+34 3.24993e+22 2.35055e+34 3.45130e+22 2.49620e+34 3.71786e+22 2.68899e+34 
8.02643e+11 1.78196e+23 1.43028e+35 3.76691e+22 3.02348e+34 4.00228e+22 3.21240e+34 4.25025e+22 3.41144e+34 4.57852e+22 3.67492e+34 
8.90735e+11 2.19446e+23 1.95469e+35 4.63893e+22 4.13206e+34 4.92877e+22 4.39023e+34 5.23413e+22 4.66223e+34 5.63838e+22 5.02230e+34 
9.88496e+11 2.70244e+23 2.67135e+35 5.71281e+22 5.64709e+34 6.06971e+22 5.99989e+34 6.44573e+22 6.37157e+34 6.94354e+22 6.86366e+34 
1.09699e+12 3.32799e+23 3.65075e+35 7.03524e+22 7.71755e+34 7.47472e+22 8.19966e+34 7.93773e+22 8.70758e+34 8.55076e+22 9.38006e+34 
1.21738e+12 4.09830e+23 4.98920e+35 8.66374e+22 1.05471e+35 9.20490e+22 1.12059e+35 9.77503e+22 1.19000e+35 1.05299e+23 1.28190e+35 
1.35099e+12 5.04687e+23 6.81829e+35 1.06691e+23 1.44139e+35 1.13355e+23 1.53142e+35 1.20375e+23 1.62626e+35 1.29671e+23 1.75185e+35 
1.49927e+12 6.21495e+23 9.31787e+35 1.31386e+23 1.96983e+35 1.39591e+23 2.09284e+35 1.48235e+23 2.22244e+35 1.59682e+23 2.39407e+35 
1.66382e+12 7.65330e+23 1.27337e+36 1.61796e+23 2.69198e+35 1.71898e+23 2.86007e+35 1.82541e+23 3.03715e+35 1.96637e+23 3.27168e+35 
1.84642e+12 9.42443e+23 1.74015e+36 1.99242e+23 3.67885e+35 2.11681e+23 3.90852e+35 2.24785e+23 4.15048e+35 2.42142e+23 4.47097e+35 
2.04907e+12 1.16053e+24 2.37801e+36 2.45352e+23 5.02744e+35 2.60667e+23 5.34126e+35 2.76801e+23 5.67185e+35 2.98174e+23 6.10981e+35 
2.27397e+12 1.42907e+24 3.24965e+36 3.02129e+23 6.87032e+35 3.20985e+23 7.29910e+35 3.40849e+23 7.75079e+35 3.67167e+23 8.34925e+35 
2.52354e+12 1.75971e+24 4.44071e+36 3.72042e+23 9.38863e+35 3.95257e+23 9.97446e+35 4.19711e+23 1.05916e+36 4.52117e+23 1.14093e+36 
2.80050e+12 2.16683e+24 6.06822e+36 4.58126e+23 1.28298e+36 4.86706e+23 1.36302e+36 5.16812e+23 1.44733e+36 5.56712e+23 1.55907e+36 
3.10787e+12 2.66809e+24 8.29206e+36 5.64120e+23 1.75321e+36 5.99304e+23 1.86256e+36 6.36365e+23 1.97774e+36 6.85492e+23 2.13042e+36 
3.44896e+12 3.28524e+24 1.13307e+37 6.94626e+23 2.39574e+36 7.37937e+23 2.54512e+36 7.83559e+23 2.70246e+36 8.44045e+23 2.91108e+36 
3.82749e+12 4.04506e+24 1.54824e+37 8.55308e+23 3.27368e+36 9.08622e+23 3.47774e+36 9.64778e+23 3.69268e+36 1.03925e+24 3.97772e+36 
4.24757e+12 4.98048e+24 2.11550e+37 1.05314e+24 4.47327e+36 1.11876e+24 4.75201e+36 1.18788e+24 5.04560e+36 1.27956e+24 5.43504e+36 
4.71375e+12 6.13207e+24 2.89051e+37 1.29669e+24 6.11229e+36 1.37746e+24 6.49302e+36 1.46253e+24 6.89402e+36 1.57541e+24 7.42607e+36 
5.23110e+12 7.54970e+24 3.94932e+37 1.59654e+24 8.35164e+36 1.69594e+24 8.87165e+36 1.80064e+24 9.41931e+36 1.93959e+24 1.01462e+37 
5.80523e+12 9.29475e+24 5.39581e+37 1.96566e+24 1.14111e+37 2.08799e+24 1.21213e+37 2.21683e+24 1.28692e+37 2.38788e+24 1.38622e+37 
6.44236e+12 1.14428e+25 7.37184e+37 2.42005e+24 1.55908e+37 2.57059e+24 1.65606e+37 2.72911e+24 1.75819e+37 2.93966e+24 1.89384e+37 
7.14943e+12 1.40866e+25 1.00711e+38 2.97938e+24 2.13009e+37 3.16460e+24 2.26251e+37 3.35965e+24 2.40195e+37 3.61881e+24 2.58724e+37 
7.93410e+12 1.73405e+25 1.37581e+38 3.66784e+24 2.91010e+37 3.89572e+24 3.09090e+37 4.13567e+24 3.28128e+37 4.45464e+24 3.53435e+37 
8.80488e+12 2.13449e+25 1.87940e+38 4.51519e+24 3.97557e+37 4.79552e+24 4.22240e+37 5.09068e+24 4.48228e+37 5.48324e+24 4.82793e+37 
9.77124e+12 2.62727e+25 2.56717e+38 5.55804e+24 5.43089e+37 5.90285e+24 5.76781e+37 6.26587e+24 6.12253e+37 6.74896e+24 6.59458e+37 
1.08437e+13 3.23361e+25 3.50642e+38 6.84139e+24 7.41857e+37 7.26545e+24 7.87841e+37 7.71187e+24 8.36249e+37 8.30633e+24 9.00710e+37 
1.20338e+13 3.97962e+25 4.78899e+38 8.42058e+24 1.01331e+38 8.94203e+24 1.07606e+38 9.49091e+24 1.14212e+38 1.02223e+25 1.23013e+38 
1.33545e+13 4.89737e+25 6.54020e+38 1.03636e+25 1.38401e+38 1.10047e+25 1.46963e+38 1.16795e+25 1.55974e+38 1.25793e+25 1.67991e+38 
1.48202e+13 6.02625e+25 8.93102e+38 1.27541e+25 1.89019e+38 1.35421e+25 2.00697e+38 1.43715e+25 2.12988e+38 1.54784e+25 2.29393e+38 
1.64468e+13 7.41466e+25 1.21947e+39 1.56947e+25 2.58128e+38 1.66632e+25 2.74056e+38 1.76822e+25 2.90816e+38 1.90438e+25 3.13208e+38 
1.82518e+13 9.12200e+25 1.66493e+39 1.93117e+25 3.52474e+38 2.05016e+25 3.74191e+38 2.17535e+25 3.97041e+38 2.34279e+25 4.27602e+38 
2.02550e+13 1.12212e+26 2.27286e+39 2.37598e+25 4.81256e+38 2.52214e+25 5.10861e+38 2.67589e+25 5.42003e+38 2.88178e+25 5.83706e+38 
2.24781e+13 1.38017e+26 3.10236e+39 2.92294e+25 6.57019e+38 3.10242e+25 6.97363e+38 3.29119e+25 7.39795e+38 3.54431e+25 7.96692e+38 
2.49451e+13 1.69733e+26 4.23399e+39 3.59536e+25 8.96866e+38 3.81570e+25 9.51828e+38 4.04738e+25 1.00962e+39 4.35851e+25 1.08723e+39 
2.76829e+13 2.08703e+26 5.77750e+39 4.42189e+25 1.22411e+39 4.69227e+25 1.29896e+39 4.97652e+25 1.37764e+39 5.35886e+25 1.48349e+39 
3.07211e+13 2.56577e+26 7.88233e+39 5.43762e+25 1.67050e+39 5.76928e+25 1.77239e+39 6.11787e+25 1.87948e+39 6.58762e+25 2.02379e+39 
3.40929e+13 3.15370e+26 1.07519e+40 6.68556e+25 2.27930e+39 7.09222e+25 2.41794e+39 7.51950e+25 2.56361e+39 8.09649e+25 2.76032e+39 
3.78346e+13 3.87553e+26 1.46629e+40 8.21839e+25 3.10940e+39 8.71675e+25 3.29795e+39 9.24022e+25 3.49600e+39 9.94872e+25 3.76406e+39 
4.19871e+13 4.76143e+26 1.99919e+40 1.01006e+26 4.24095e+39 1.07110e+26 4.49724e+39 1.13519e+26 4.76635e+39 1.22216e+26 5.13151e+39 
4.65953e+13 5.84828e+26 2.72502e+40 1.24111e+26 5.78297e+39 1.31583e+26 6.13113e+39 1.39425e+26 6.49654e+39 1.50097e+26 6.99380e+39 
5.17092e+13 7.18109e+26 3.71329e+40 1.52462e+26 7.88369e+39 1.61602e+26 8.35631e+39 1.71191e+26 8.85212e+39 1.84280e+26 9.52900e+39 
5.73844e+13 8.81476e+26 5.05830e+40 1.87238e+26 1.07445e+40 1.98409e+26 1.13856e+40 2.10123e+26 1.20578e+40 2.26172e+26 1.29787e+40 
6.36825e+13 1.08161e+27 6.88797e+40 2.29874e+26 1.46389e+40 2.43517e+26 1.55078e+40 2.57814e+26 1.64183e+40 2.77480e+26 1.76706e+40 
7.06718e+13 1.32665e+27 9.37567e+40 2.82121e+26 1.99380e+40 2.98767e+26 2.11144e+40 3.16199e+26 2.23464e+40 3.40285e+26 2.40485e+40 
7.84282e+13 1.62647e+27 1.27561e+41 3.46110e+26 2.71448e+40 3.66398e+26 2.87359e+40 3.87628e+26 3.04010e+40 4.17107e+26 3.27130e+40 
8.70359e+13 1.99304e+27 1.73466e+41 4.24432e+26 3.69408e+40 4.49128e+26 3.90902e+40 4.74949e+26 4.13376e+40 5.11006e+26 4.44759e+40 
9.65883e+13 2.44087e+27 2.35759e+41 5.20229e+26 5.02481e+40 5.50251e+26 5.31479e+40 5.81611e+26 5.61769e+40 6.25679e+26 6.04333e+40 
1.07189e+14 2.98747e+27 3.20224e+41 6.37312e+26 6.83130e+40 6.73754e+26 7.22191e+40 7.11778e+26 7.62948e+40 7.65588e+26 8.20628e+40 
1.18953e+14 3.65394e+27 4.34648e+41 7.80287e+26 9.28178e+40 8.24446e+26 9.80707e+40 8.70463e+26 1.03545e+41 9.36108e+26 1.11353e+41 
1.32009e+14 4.46566e+27 5.89506e+41 9.54712e+26 1.26030e+41 1.00812e+27 1.33081e+41 1.06369e+27 1.40417e+41 1.14369e+27 1.50977e+41 
1.46497e+14 5.45303e+27 7.98853e+41 1.16728e+27 1.71003e+41 1.23173e+27 1.80445e+41 1.29869e+27 1.90254e+41 1.39605e+27 2.04518e+41 
1.62576e+14 6.65236e+27 1.08151e+42 1.42601e+27 2.31835e+41 1.50361e+27 2.44450e+41 1.58406e+27 2.57529e+41 1.70240e+27 2.76769e+41 
1.80419e+14 8.10684e+27 1.46263e+42 1.74052e+27 3.14023e+41 1.83368e+27 3.30830e+41 1.93004e+27 3.48216e+41 2.07368e+27 3.74130e+41 
2.00220e+14 9.86764e+27 1.97570e+42 2.12226e+27 4.24920e+41 2.23375e+27 4.47242e+41 2.34877e+27 4.70271e+41 2.52280e+27 5.05115e+41 
2.22195e+14 1.19950e+28 2.66523e+42 2.58483e+27 5.74335e+41 2.71778e+27 6.03877e+41 2.85451e+27 6.34257e+41 3.06496e+27 6.81019e+41 
2.46581e+14 1.45596e+28 3.59012e+42 3.14427e+27 7.75317e+41 3.30218e+27 8.14255e+41 3.46395e+27 8.54145e+41 3.71791e+27 9.16766e+41 
2.73644e+14 1.76434e+28 4.82802e+42 3.81946e+27 1.04517e+42 4.00612e+27 1.09625e+42 4.19649e+27 1.14835e+42 4.50221e+27 1.23200e+42 
3.03677e+14 2.13412e+28 6.48085e+42 4.63240e+27 1.40676e+42 4.85188e+27 1.47341e+42 5.07449e+27 1.54101e+42 5.44152e+27 1.65247e+42 
3.37006e+14 2.57612e+28 8.68170e+42 5.60862e+27 1.89014e+42 5.86507e+27 1.97657e+42 6.12342e+27 2.06363e+42 6.56272e+27 2.21168e+42 
3.73994e+14 3.10256e+28 1.16034e+43 6.77736e+27 2.53469e+42 7.07485e+27 2.64595e+42 7.37203e+27 2.75709e+42 7.89600e+27 2.95306e+42 
4.15040e+14 3.72702e+28 1.54686e+43 8.17188e+27 3.39166e+42 8.51404e+27 3.53367e+42 8.85224e+27 3.67404e+42 9.47476e+27 3.93241e+42 
4.60592e+14 4.46438e+28 2.05626e+43 9.82943e+27 4.52736e+42 1.02190e+28 4.70679e+42 1.05989e+28 4.88177e+42 1.13352e+28 5.22090e+42 
5.11143e+14 5.33056e+28 2.72468e+43 1.17911e+28 6.02695e+42 1.22293e+28 6.25095e+42 1.26492e+28 6.46553e+42 1.35156e+28 6.90842e+42 
5.67243e+14 6.34206e+28 3.59749e+43 1.41013e+28 7.99887e+42 1.45871e+28 8.27444e+42 1.50415e+28 8.53216e+42 1.60552e+28 9.10719e+42 
6.29499e+14 7.51538e+28 4.73092e+43 1.68068e+28 1.05799e+43 1.73357e+28 1.09128e+43 1.78140e+28 1.12139e+43 1.89922e+28 1.19555e+43 
6.98588e+14 8.86600e+28 6.19368e+43 1.99552e+28 1.39405e+43 2.05178e+28 1.43335e+43 2.10025e+28 1.46721e+43 2.23612e+28 1.56213e+43 
7.75260e+14 1.04071e+29 8.06821e+43 2.35924e+28 1.82903e+43 2.41731e+28 1.87404e+43 2.46370e+28 1.91001e+43 2.61901e+28 2.03041e+43 
8.60346e+14 1.21479e+29 1.04514e+44 2.77594e+28 2.38827e+43 2.83345e+28 2.43774e+43 2.87381e+28 2.47247e+43 3.04949e+28 2.62362e+43 
9.54772e+14 1.40913e+29 1.34540e+44 3.24879e+28 3.10186e+43 3.30234e+28 3.15298e+43 3.33116e+28 3.18049e+43 3.52747e+28 3.36793e+43 
1.05956e+15 1.62318e+29 1.71986e+44 3.77945e+28 4.00455e+43 3.82447e+28 4.05226e+43 3.83431e+28 4.06268e+43 4.05052e+28 4.29177e+43 
1.17585e+15 1.85520e+29 2.18143e+44 4.36737e+28 5.13537e+43 4.39795e+28 5.17133e+43 4.37914e+28 5.14921e+43 4.61313e+28 5.42435e+43 
1.30490e+15 2.10199e+29 2.74289e+44 5.00905e+28 6.53631e+43 5.01784e+28 6.54779e+43 4.95815e+28 6.46990e+43 5.20600e+28 6.79331e+43 
1.44812e+15 2.35862e+29 3.41555e+44 5.69712e+28 8.25010e+43 5.67541e+28 8.21866e+43 5.55983e+28 8.05130e+43 5.81537e+28 8.42135e+43 
1.60705e+15 2.61817e+29 4.20753e+44 6.41963e+28 1.03167e+44 6.35749e+28 1.02168e+44 6.16826e+28 9.91272e+43 6.42263e+28 1.03215e+44 
1.78343e+15 2.87168e+29 5.12145e+44 7.15935e+28 1.27682e+44 7.04606e+28 1.25662e+44 6.76286e+28 1.20611e+44 7.00417e+28 1.24914e+44 
1.97917e+15 3.10825e+29 6.15175e+44 7.89358e+28 1.56227e+44 7.71823e+28 1.52757e+44 7.31876e+28 1.44851e+44 7.53188e+28 1.49068e+44 
2.19639e+15 3.31546e+29 7.28203e+44 8.59445e+28 1.88767e+44 8.34675e+28 1.83327e+44 7.80773e+28 1.71488e+44 7.97440e+28 1.75148e+44 
2.43744e+15 3.48015e+29 8.48266e+44 9.23018e+28 2.24980e+44 8.90140e+28 2.16967e+44 8.19993e+28 1.99869e+44 8.29926e+28 2.02290e+44 
2.70496e+15 3.58960e+29 9.70973e+44 9.76723e+28 2.64200e+44 9.35123e+28 2.52947e+44 8.46661e+28 2.29018e+44 8.47603e+28 2.29273e+44 
3.00184e+15 3.63313e+29 1.09061e+45 1.01736e+29 3.05396e+44 9.66772e+28 2.90209e+44 8.58349e+28 2.57662e+44 8.48026e+28 2.54564e+44 
3.33129e+15 3.60379e+29 1.20053e+45 1.04232e+29 3.47226e+44 9.82870e+28 3.27423e+44 8.53469e+28 2.84316e+44 8.29790e+28 2.76427e+44 
3.69691e+15 3.50009e+29 1.29395e+45 1.04997e+29 3.88164e+44 9.82236e+28 3.63124e+44 8.31650e+28 3.07454e+44 7.92925e+28 2.93137e+44 
4.10266e+15 3.32715e+29 1.36501e+45 1.04012e+29 4.26724e+44 9.65060e+28 3.95931e+44 7.94002e+28 3.25752e+44 7.39161e+28 3.03253e+44 
4.55294e+15 3.09689e+29 1.40999e+45 1.01417e+29 4.61743e+44 9.33062e+28 4.24817e+44 7.43179e+28 3.38364e+44 6.71936e+28 3.05928e+44 
5.05263e+15 2.82704e+29 1.42840e+45 9.75088e+28 4.92676e+44 8.89395e+28 4.49378e+44 6.83162e+28 3.45177e+44 5.96086e+28 3.01180e+44 
5.60717e+15 2.53874e+29 1.42351e+45 9.27016e+28 5.19793e+44 8.38228e+28 4.70009e+44 6.18750e+28 3.46944e+44 5.17216e+28 2.90012e+44 
6.22257e+15 2.25331e+29 1.40214e+45 8.74555e+28 5.44198e+44 7.84075e+28 4.87896e+44 5.54819e+28 3.45240e+44 4.40859e+28 2.74328e+44 
6.90551e+15 1.98879e+29 1.37336e+45 8.21927e+28 5.67583e+44 7.30981e+28 5.04780e+44 4.95524e+28 3.42185e+44 3.71614e+28 2.56618e+44 
7.66341e+15 1.75719e+29 1.34661e+45 7.72164e+28 5.91741e+44 6.81782e+28 5.22477e+44 4.43634e+28 3.39975e+44 3.12481e+28 2.39467e+44 
8.50449e+15 1.56324e+29 1.32946e+45 7.26583e+28 6.17922e+44 6.37654e+28 5.42292e+44 4.00182e+28 3.40335e+44 2.64582e+28 2.25014e+44 
9.43788e+15 1.40490e+29 1.32592e+45 6.84724e+28 6.46234e+44 5.98078e+28 5.64459e+44 3.64533e+28 3.44041e+44 2.27310e+28 2.14533e+44 
1.04737e+16 1.27523e+29 1.33564e+45 6.44746e+28 6.75288e+44 5.61240e+28 5.87827e+44 3.34815e+28 3.50675e+44 1.98829e+28 2.08247e+44 
1.16232e+16 1.16517e+29 1.35430e+45 6.04170e+28 7.02240e+44 5.24731e+28 6.09907e+44 3.08592e+28 3.58684e+44 1.76739e+28 2.05428e+44 
1.28989e+16 1.06596e+29 1.37497e+45 5.60716e+28 7.23262e+44 4.86318e+28 6.27297e+44 2.83544e+28 3.65740e+44 1.58699e+28 2.04704e+44 
1.43146e+16 9.70946e+28 1.38987e+45 5.12972e+28 7.34299e+44 4.44564e+28 6.36376e+44 2.57979e+28 3.69287e+44 1.42841e+28 2.04471e+44 
1.58857e+16 8.76235e+28 1.39196e+45 4.60752e+28 7.31935e+44 3.99149e+28 6.34074e+44 2.31092e+28 3.67105e+44 1.27941e+28 2.03242e+44 
1.76291e+16 7.80536e+28 1.37602e+45 4.05083e+28 7.14127e+44 3.50857e+28 6.18530e+44 2.02942e+28 3.57769e+44 1.13381e+28 1.99881e+44 
1.95640e+16 6.84516e+28 1.33919e+45 3.47916e+28 6.80662e+44 3.01318e+28 5.89497e+44 1.74249e+28 3.40900e+44 9.90020e+27 1.93687e+44 
2.17112e+16 5.90038e+28 1.28104e+45 2.91675e+28 6.33262e+44 2.52602e+28 5.48429e+44 1.46099e+28 3.17198e+44 8.49333e+27 1.84400e+44 
2.40940e+16 4.99498e+28 1.20349e+45 2.38786e+28 5.75333e+44 2.06796e+28 4.98255e+44 1.19651e+28 2.88287e+44 7.14504e+27 1.72153e+44 
2.67384e+16 4.15302e+28 1.11045e+45 1.91263e+28 5.11407e+44 1.65639e+28 4.42892e+44 9.58900e+27 2.56395e+44 5.88731e+27 1.57417e+44 
2.96730e+16 3.39491e+28 1.00737e+45 1.50432e+28 4.46377e+44 1.30278e+28 3.86574e+44 7.54728e+27 2.23951e+44 4.74948e+27 1.40931e+44 
3.29297e+16 2.73455e+28 9.00478e+44 1.16817e+28 3.84676e+44 1.01167e+28 3.33139e+44 5.86594e+27 1.93164e+44 3.75346e+27 1.23600e+44 
3.65438e+16 2.17779e+28 7.95848e+44 9.01949e+27 3.29607e+44 7.81111e+27 2.85448e+44 4.53366e+27 1.65677e+44 2.91064e+27 1.06366e+44 
4.05546e+16 1.72224e+28 6.98448e+44 6.97695e+27 2.82948e+44 6.04222e+27 2.45040e+44 3.51074e+27 1.42377e+44 2.22091e+27 9.00681e+43 
4.50056e+16 1.35846e+28 6.11382e+44 5.44220e+27 2.44930e+44 4.71309e+27 2.12115e+44 2.74128e+27 1.23373e+44 1.67375e+27 7.53280e+43 
4.99451e+16 1.07229e+28 5.35558e+44 4.29488e+27 2.14508e+44 3.71947e+27 1.85769e+44 2.16521e+27 1.08142e+44 1.25102e+27 6.24822e+43 
5.54266e+16 8.47693e+27 4.69848e+44 3.42462e+27 1.89815e+44 2.96581e+27 1.64385e+44 1.72749e+27 9.57492e+43 9.30671e+26 5.15840e+43 
6.15099e+16 6.69335e+27 4.11707e+44 2.74204e+27 1.68663e+44 2.37468e+27 1.46066e+44 1.38357e+27 8.51031e+43 6.90301e+26 4.24603e+43 
6.82607e+16 5.24546e+27 3.58059e+44 2.18284e+27 1.49002e+44 1.89039e+27 1.29040e+44 1.10142e+27 7.51836e+43 5.09856e+26 3.48031e+43 
7.57525e+16 4.04266e+27 3.06242e+44 1.70706e+27 1.29314e+44 1.47836e+27 1.11990e+44 8.61187e+26 6.52371e+43 3.73161e+26 2.82679e+43 
8.40665e+16 3.03075e+27 2.54784e+44 1.29513e+27 1.08877e+44 1.12161e+27 9.42902e+43 6.53164e+26 5.49092e+43 2.68366e+26 2.25606e+43 
9.32930e+16 2.18461e+27 2.03809e+44 9.41702e+26 8.78542e+43 8.15538e+26 7.60840e+43 4.74742e+26 4.42901e+43 1.87541e+26 1.74963e+43 
1.03532e+17 1.49644e+27 1.54929e+44 6.48708e+26 6.71622e+43 5.61798e+26 5.81641e+43 3.26903e+26 3.38449e+43 1.25737e+26 1.30178e+43 
1.14895e+17 9.62954e+26 1.10639e+44 4.18772e+26 4.81149e+43 3.62667e+26 4.16687e+43 2.10947e+26 2.42368e+43 7.98037e+25 9.16905e+42 
1.27505e+17 5.75587e+26 7.33902e+43 2.50666e+26 3.19611e+43 2.17083e+26 2.76792e+43 1.26219e+26 1.60935e+43 4.73151e+25 6.03292e+42 
1.41499e+17 3.15992e+26 4.47126e+43 1.37650e+26 1.94774e+43 1.19209e+26 1.68679e+43 6.92865e+25 9.80398e+42 2.58667e+25 3.66012e+42 
1.57029e+17 1.57508e+26 2.47333e+43 6.85851e+25 1.07699e+43 5.93965e+25 9.32697e+42 3.45109e+25 5.41922e+42 1.28730e+25 2.02144e+42 
1.74263e+17 7.04293e+25 1.22733e+43 3.06440e+25 5.34013e+42 2.65385e+25 4.62469e+42 1.54149e+25 2.68625e+42 5.75715e+24 1.00326e+42 
1.93389e+17 2.78879e+25 5.39321e+42 1.21220e+25 2.34427e+42 1.04980e+25 2.03020e+42 6.09615e+24 1.17893e+42 2.28298e+24 4.41504e+41 
2.14614e+17 9.64166e+24 2.06924e+42 4.18602e+24 8.98379e+41 3.62520e+24 7.78019e+41 2.10467e+24 4.51692e+41 7.91321e+23 1.69829e+41 
2.38169e+17 2.86516e+24 6.82391e+41 1.24221e+24 2.95856e+41 1.07579e+24 2.56219e+41 6.24459e+23 1.48727e+41 2.36029e+23 5.62148e+40 
2.64308e+17 7.19010e+23 1.90040e+41 3.11211e+23 8.22555e+40 2.69516e+23 7.12353e+40 1.56428e+23 4.13453e+40 5.95369e+22 1.57361e+40 
2.93317e+17 1.49330e+23 4.38008e+40 6.44994e+22 1.89188e+40 5.58581e+22 1.63841e+40 3.24194e+22 9.50914e+39 1.24530e+22 3.65266e+39 
3.25509e+17 2.50715e+22 8.16099e+39 1.07995e+22 3.51532e+39 9.35261e+21 3.04436e+39 5.42855e+21 1.76704e+39 2.11162e+21 6.87351e+38 
3.61234e+17 3.30828e+21 1.19506e+39 1.41965e+21 5.12825e+38 1.22945e+21 4.44119e+38 7.13774e+20 2.57840e+38 2.82676e+20 1.02112e+38 
4.00881e+17 3.31100e+20 1.32732e+38 1.41278e+20 5.66355e+37 1.22350e+20 4.90478e+37 7.10657e+19 2.84889e+37 2.89225e+19 1.15945e+37 
4.44878e+17 2.39202e+19 1.06416e+37 1.01093e+19 4.49739e+36 8.75487e+18 3.89485e+36 5.09003e+18 2.26445e+36 2.16834e+18 9.64646e+35 
4.93705e+17 1.14777e+18 5.66660e+35 4.75574e+17 2.34793e+35 4.11859e+17 2.03337e+35 2.39975e+17 1.18477e+35 1.11882e+17 5.52368e+34 
5.47890e+17 2.95638e+16 1.61977e+34 1.14848e+16 6.29239e+33 9.94610e+15 5.44937e+33 5.83988e+15 3.19962e+33 3.51810e+15 1.92753e+33 
6.08022e+17 -5.49422e+13 -3.34061e+31 -7.99704e+13 -4.86238e+31 -6.92564e+13 -4.21094e+31 -3.69663e+13 -2.24763e+31 4.23489e+13 2.57491e+31 
6.74754e+17 -3.04220e+13 -2.05274e+31 -1.47837e+13 -9.97534e+30 -1.28030e+13 -8.63890e+30 -7.32945e+12 -4.94558e+30 -1.14641e+12 -7.73547e+29 
7.48810e+17 -9.73511e+11 -7.28975e+29 -4.51391e+11 -3.38006e+29 -3.90916e+11 -2.92722e+29 -2.24873e+11 -1.68387e+29 -5.47816e+10 -4.10210e+28 
8.30994e+17 -1.47315e+10 -1.22418e+28 -6.72099e+09 -5.58510e+27 -5.82055e+09 -4.83684e+27 -3.35390e+09 -2.78707e+27 -9.20712e+08 -7.65107e+26 
9.22198e+17 -1.17373e+08 -1.08241e+26 -5.31295e+07 -4.89959e+25 -4.60115e+07 -4.24317e+25 -2.65344e+07 -2.44699e+25 -7.69019e+06 -7.09188e+24 
1.02341e+18 -4.89531e+05 -5.00991e+23 -2.20606e+05 -2.25771e+23 -1.91051e+05 -1.95523e+23 -1.10227e+05 -1.12808e+23 -3.29120e+04 -3.36825e+22 
1.13573e+18 -1.02674e+03 -1.16611e+21 -4.61457e+02 -5.24092e+20 -3.99633e+02 -4.53877e+20 -2.30632e+02 -2.61937e+20 -7.01091e+01 -7.96252e+19 
1.26038e+18 -1.02227e+00 -1.28845e+18 -4.58671e-01 -5.78101e+17 -3.97221e-01 -5.00650e+17 -2.29278e-01 -2.88979e+17 -7.04900e-02 -8.88444e+16 
1.39871e+18 -4.50365e-04 -6.29931e+14 -2.01854e-04 -2.82336e+14 -1.74811e-04 -2.44510e+14 -1.00912e-04 -1.41147e+14 -3.12506e-05 -4.37107e+13 
1.55223e+18 -8.09348e-08 -1.25629e+11 -3.62508e-08 -5.62695e+10 -3.13941e-08 -4.87308e+10 -1.81239e-08 -2.81324e+10 -5.63866e-09 -8.75248e+09 
1.72259e+18 -5.41087e-12 -9.32068e+06 -2.42257e-12 -4.17308e+06 -2.09800e-12 -3.61399e+06 -1.21123e-12 -2.08645e+06 -3.77911e-13 -6.50984e+05 
1.91164e+18 -1.21383e-16 -2.32041e+02 -5.43343e-17 -1.03868e+02 -4.70549e-17 -8.99521e+01 -2.71665e-17 -5.19327e+01 -8.48970e-18 -1.62293e+01 
2.12145e+18 -8.14754e-22 -1.72846e-03 -3.64684e-22 -7.73659e-04 -3.15825e-22 -6.70008e-04 -1.82340e-22 -3.86825e-04 -5.70190e-23 -1.20963e-04 
2.35429e+18 -1.44181e-27 -3.39442e-09 -6.45417e-28 -1.51950e-09 -5.58948e-28 -1.31592e-09 -3.22704e-28 -7.59739e-10 -1.00882e-28 -2.37504e-10 
2.61268e+18 -5.83682e-34 -1.52497e-15 -2.61439e-34 -6.83054e-16 -2.26412e-34 -5.91542e-16 -1.30709e-34 -3.41500e-16 -4.07527e-35 -1.06474e-16 
2.89942e+18 -4.36082e-41 -1.26439e-22 -1.96463e-41 -5.69629e-23 -1.70142e-41 -4.93313e-23 -9.81278e-42 -2.84514e-23 -2.98144e-42 -8.64445e-24 
3.21764e+18 2.10465e-49 6.77200e-31 6.92990e-50 2.22979e-31 6.00147e-50 1.93106e-31 3.69112e-50 1.18767e-31 2.84926e-50 9.16789e-32 
3.57079e+18 3.28509e-56 1.17304e-37 1.37424e-56 4.90713e-38 1.19013e-56 4.24970e-38 6.95996e-57 2.48525e-38 2.82973e-57 1.01044e-38 
3.96269e+18 1.99266e-64 7.89631e-46 8.35895e-65 3.31239e-46 7.23906e-65 2.86862e-46 4.23125e-65 1.67671e-46 1.70362e-65 6.75091e-47 
4.39760e+18 1.40465e-73 6.17707e-55 5.89266e-74 2.59136e-55 5.10319e-74 2.24418e-55 2.98277e-74 1.31170e-55 1.20046e-74 5.27914e-56 
4.88025e+18 9.44572e-84 4.60975e-65 3.95882e-84 1.93200e-65 3.42843e-84 1.67316e-65 2.00393e-84 9.77968e-66 8.06925e-85 3.93800e-66 
5.41587e+18 4.61888e-95 2.50153e-76 1.89663e-95 1.02719e-76 1.64253e-95 8.89572e-77 9.60511e-96 5.20200e-77 3.91196e-96 2.11867e-77 
6.01028e+18 6.45634e-108 3.88044e-89 -5.15597e-109 -3.09888e-90 -4.46520e-109 -2.68371e-90 -2.24109e-109 -1.34696e-90 2.73470e-109 1.64363e-90 
6.66992e+18 -2.83928e-120 -1.89378e-101 -2.66431e-120 -1.77708e-101 -2.30736e-120 -1.53899e-101 -1.33178e-120 -8.88287e-102 -3.69816e-121 -2.46664e-102 
7.40196e+18 -5.82165e-134 -4.30916e-115 -5.31836e-134 -3.93663e-115 -4.60584e-134 -3.40922e-115 -2.65917e-134 -1.96831e-115 -7.45793e-135 -5.52033e-116 
8.21434e+18 -3.43866e-149 -2.82464e-130 -3.14006e-149 -2.57935e-130 -2.71937e-149 -2.23378e-130 -1.57003e-149 -1.28968e-130 -4.40401e-150 -3.61761e-131 
9.11589e+18 -4.17903e-166 -3.80956e-147 -3.81619e-166 -3.47880e-147 -3.30491e-166 -3.01272e-147 -1.90809e-166 -1.73939e-147 -5.35219e-167 -4.87900e-148 
1.01164e+19 1.56197e-177 1.58014e-158 1.15151e-178 1.16492e-159 1.77448e-178 1.79513e-159 2.42576e-178 2.45399e-159 2.42706e-178 2.45531e-159 
1.12267e+19 4.85733e-185 5.45316e-166 3.58518e-186 4.02497e-167 5.52021e-186 6.19736e-167 7.54461e-186 8.47009e-167 7.54744e-186 8.47327e-167 
1.24588e+19 2.20548e-193 2.74777e-174 1.62783e-194 2.02809e-175 2.50645e-194 3.12275e-175 3.42565e-194 4.26796e-175 3.42694e-194 4.26957e-175 
1.38262e+19 1.18071e-202 1.63247e-183 8.71296e-204 1.20467e-184 1.34176e-203 1.85514e-184 1.83389e-203 2.53557e-184 1.83463e-203 2.53660e-184 
1.53437e+19 5.88711e-213 9.03300e-194 4.34368e-214 6.66480e-195 6.68980e-214 1.02646e-194 9.14376e-214 1.40299e-194 9.14765e-214 1.40359e-194 
1.70277e+19 2.10508e-224 3.58446e-205 1.55302e-225 2.64443e-206 2.39202e-225 4.07306e-206 3.26953e-225 5.56725e-206 3.27097e-225 5.56970e-206 
1.88965e+19 4.03939e-237 7.63304e-218 2.97986e-238 5.63091e-219 4.58991e-238 8.67334e-219 6.27379e-238 1.18553e-218 6.27661e-238 1.18606e-218 
2.09705e+19 3.01548e-251 6.32361e-232 2.22444e-252 4.66476e-233 3.42642e-252 7.18536e-233 4.68348e-252 9.82148e-233 4.68561e-252 9.82594e-233 
2.32720e+19 6.12956e-267 1.42647e-247 4.52153e-268 1.05225e-248 6.96483e-268 1.62086e-248 9.52008e-268 2.21552e-248 9.52443e-268 2.21653e-248 
2.58262e+19 2.28362e-284 5.89771e-265 1.68452e-285 4.35046e-266 2.59479e-285 6.70136e-266 3.54678e-285 9.15997e-266 3.54840e-285 9.16417e-266 
2.86607e+19 1.00510e-303 2.88067e-284 7.41409e-305 2.12493e-285 1.14206e-304 3.27321e-285 1.56106e-304 4.47409e-285 1.56177e-304 4.47614e-285 
3.18063e+19 0.00000e+00 1.18240e-305 0.00000e+00 0.00000e+00 0.00000e+00 0.00000e+00 0.00000e+00 0.00000e+00 0.00000e+00 0.00000e+00 
3.52971e+19 0.00000e+00 0.00000e+00 0.00000e+00 0.00000e+00 0.00000e+00 0.00000e+00 0.00000e+00 0.00000e+00 0.00000e+00 0.00000e+00 
3.91710e+19 0.00000e+00 0.00000e+00 0.00000e+00 0.00000e+00 0.00000e+00 0.00000e+00 0.00000e+00 0.00000e+00 0.00000e+00 0.00000e+00 
4.34701e+19 0.00000e+00 0.00000e+00 0.00000e+00 0.00000e+00 0.00000e+00 0.00000e+00 0.00000e+00 0.00000e+00 0.00000e+00 0.00000e+00 
4.82411e+19 0.00000e+00 0.00000e+00 0.00000e+00 0.00000e+00 0.00000e+00 0.00000e+00 0.00000e+00 0.00000e+00 0.00000e+00 0.00000e+00 
5.35357e+19 0.00000e+00 0.00000e+00 0.00000e+00 0.00000e+00 0.00000e+00 0.00000e+00 0.00000e+00 0.00000e+00 0.00000e+00 0.00000e+00 
5.94113e+19 0.00000e+00 0.00000e+00 0.00000e+00 0.00000e+00 0.00000e+00 0.00000e+00 0.00000e+00 0.00000e+00 0.00000e+00 0.00000e+00 
6.59319e+19 0.00000e+00 0.00000e+00 0.00000e+00 0.00000e+00 0.00000e+00 0.00000e+00 0.00000e+00 0.00000e+00 0.00000e+00 0.00000e+00 
7.31681e+19 0.00000e+00 0.00000e+00 0.00000e+00 0.00000e+00 0.00000e+00 0.00000e+00 0.00000e+00 0.00000e+00 0.00000e+00 0.00000e+00 
8.11984e+19 0.00000e+00 0.00000e+00 0.00000e+00 0.00000e+00 0.00000e+00 0.00000e+00 0.00000e+00 0.00000e+00 0.00000e+00 0.00000e+00 
9.01102e+19 0.00000e+00 0.00000e+00 0.00000e+00 0.00000e+00 0.00000e+00 0.00000e+00 0.00000e+00 0.00000e+00 0.00000e+00 0.00000e+00 
1.00000e+20 0.00000e+00 0.00000e+00 0.00000e+00 0.00000e+00 0.00000e+00 0.00000e+00 0.00000e+00 0.00000e+00 0.00000e+00 0.00000e+00 
