radius(rg)  best_T_OUV(K) best_L_OUV(erg/s) best_L_OUV/L_OUV best_L_OUV/L_Edd chi2_OUV  best_T_X(K) best_L_X(erg/s) best_L_X/L_Edd chi2_X
 2.14703e+02  7.24701e+04  1.21302e+45  3.95658e+00  9.62712e-01  6.41397e+41  4.30814e+05  1.51492e+48  1.20232e+03  8.99596e+47
 2.21720e+02  6.86147e+04  1.03952e+45  3.39068e+00  8.25017e-01  5.22620e+41  4.30814e+05  1.61556e+48  1.28219e+03  9.59706e+47
 2.28967e+02  6.67646e+04  9.93765e+44  3.24143e+00  7.88703e-01  3.79168e+41  4.30814e+05  1.72289e+48  1.36737e+03  1.02381e+48
 2.36450e+02  6.32128e+04  8.51629e+44  2.77782e+00  6.75896e-01  1.49407e+41  4.30814e+05  1.83735e+48  1.45821e+03  1.09217e+48
 2.44178e+02  6.15083e+04  8.14143e+44  2.65555e+00  6.46145e-01  2.90521e+41  4.30814e+05  1.95941e+48  1.55509e+03  1.16508e+48
 2.52158e+02  5.82361e+04  6.97698e+44  2.27573e+00  5.53729e-01  4.60784e+39  4.30814e+05  2.08958e+48  1.65840e+03  1.24283e+48
 2.60399e+02  5.51379e+04  5.97908e+44  1.95024e+00  4.74530e-01  3.08743e+41  4.16479e+05  1.94627e+48  1.54466e+03  1.30753e+48
 2.68910e+02  5.36512e+04  5.71590e+44  1.86440e+00  4.53643e-01  7.09416e+40  4.16479e+05  2.07557e+48  1.64728e+03  1.34963e+48
 2.77699e+02  5.22046e+04  5.46430e+44  1.78233e+00  4.33675e-01  4.33700e+41  4.16479e+05  2.21346e+48  1.75671e+03  1.39734e+48
 2.86774e+02  4.94273e+04  4.68276e+44  1.52741e+00  3.71647e-01  4.05621e+41  4.16479e+05  2.36050e+48  1.87342e+03  1.45086e+48
 2.96147e+02  4.80946e+04  4.47664e+44  1.46018e+00  3.55289e-01  7.34555e+41  4.16479e+05  2.51732e+48  1.99787e+03  1.51040e+48
 3.05826e+02  4.55359e+04  3.83635e+44  1.25133e+00  3.04473e-01  1.16840e+42  4.16479e+05  2.68455e+48  2.13060e+03  1.57622e+48
 3.15821e+02  4.43081e+04  3.66749e+44  1.19625e+00  2.91071e-01  1.40075e+42  4.16479e+05  2.86290e+48  2.27214e+03  1.64858e+48
 3.26143e+02  4.31134e+04  3.50606e+44  1.14360e+00  2.78259e-01  2.06019e+42  4.16479e+05  3.05309e+48  2.42309e+03  1.72778e+48
