radius(rg)  best_T_OUV(K) best_L_OUV(erg/s) best_L_OUV/L_OUV best_L_OUV/L_Edd chi2_OUV  best_T_X(K) best_L_X(erg/s) best_L_X/L_Edd chi2_X
 8.72502e+01  1.12226e+05  1.15202e+45  1.26888e+01  9.14298e-01  1.06611e+42  4.16479e+05  2.18503e+47  1.73415e+02  1.04047e+47
 9.01018e+01  1.06255e+05  9.87245e+44  1.08740e+01  7.83528e-01  9.63484e+41  4.16479e+05  2.33019e+47  1.84936e+02  1.11058e+47
 9.30466e+01  1.00603e+05  8.46042e+44  9.31869e+00  6.71462e-01  8.73974e+41  4.16479e+05  2.48499e+47  1.97221e+02  1.18556e+47
 9.60876e+01  9.52506e+04  7.25034e+44  7.98586e+00  5.75424e-01  8.04818e+41  4.16479e+05  2.65008e+47  2.10323e+02  1.26572e+47
 9.92280e+01  9.26823e+04  6.93121e+44  7.63434e+00  5.50096e-01  6.96816e+41  4.16479e+05  2.82613e+47  2.24296e+02  1.35140e+47
 1.02471e+02  8.77516e+04  5.93985e+44  6.54242e+00  4.71417e-01  5.72401e+41  4.16479e+05  3.01388e+47  2.39197e+02  1.44295e+47
 1.05820e+02  8.30832e+04  5.09029e+44  5.60667e+00  4.03991e-01  4.81325e+41  4.16479e+05  3.21410e+47  2.55087e+02  1.54074e+47
 1.09278e+02  7.86632e+04  4.36224e+44  4.80476e+00  3.46209e-01  4.37784e+41  4.16479e+05  3.42762e+47  2.72034e+02  1.64519e+47
 1.12850e+02  7.65422e+04  4.17022e+44  4.59327e+00  3.30970e-01  3.31384e+41  4.16479e+05  3.65533e+47  2.90106e+02  1.75672e+47
 1.16538e+02  7.24701e+04  3.57377e+44  3.93631e+00  2.83632e-01  2.36949e+41  4.16479e+05  3.89817e+47  3.09378e+02  1.87581e+47
 1.20347e+02  6.86147e+04  3.06262e+44  3.37331e+00  2.43065e-01  2.23153e+41  4.16479e+05  4.15714e+47  3.29931e+02  2.00293e+47
 1.24280e+02  6.67646e+04  2.92781e+44  3.22482e+00  2.32366e-01  1.24699e+41  4.16479e+05  4.43331e+47  3.51850e+02  2.13862e+47
 1.28342e+02  6.32128e+04  2.50905e+44  2.76359e+00  1.99131e-01  8.20248e+40  4.16479e+05  4.72783e+47  3.75225e+02  2.28343e+47
 1.32537e+02  6.15083e+04  2.39861e+44  2.64194e+00  1.90366e-01  7.03774e+40  4.16479e+05  5.04191e+47  4.00152e+02  2.43797e+47
 1.36868e+02  5.82361e+04  2.05554e+44  2.26407e+00  1.63138e-01  1.54208e+40  4.16479e+05  5.37687e+47  4.26735e+02  2.60288e+47
 1.41341e+02  5.66658e+04  1.96507e+44  2.16441e+00  1.55958e-01  5.53881e+40  4.16479e+05  5.73407e+47  4.55085e+02  2.77884e+47
 1.45961e+02  5.36512e+04  1.68401e+44  1.85484e+00  1.33651e-01  1.88026e+40  4.16479e+05  6.11500e+47  4.85318e+02  2.96657e+47
 1.50731e+02  5.22046e+04  1.60988e+44  1.77320e+00  1.27768e-01  7.84643e+40  4.16479e+05  6.52124e+47  5.17559e+02  3.16686e+47
 1.55658e+02  4.94273e+04  1.37962e+44  1.51958e+00  1.09494e-01  1.09747e+41  4.16479e+05  6.95447e+47  5.51942e+02  3.38053e+47
 1.60745e+02  4.80946e+04  1.31890e+44  1.45269e+00  1.04674e-01  1.62572e+41  4.16479e+05  7.41648e+47  5.88609e+02  3.60847e+47
 1.65998e+02  4.55359e+04  1.13026e+44  1.24492e+00  8.97031e-02  3.36255e+41  4.16479e+05  7.90918e+47  6.27713e+02  3.85161e+47
 1.71424e+02  4.43081e+04  1.08051e+44  1.19012e+00  8.57546e-02  3.63914e+41  4.02620e+05  7.36675e+47  5.84663e+02  4.10798e+47
 1.77026e+02  4.31134e+04  1.03295e+44  1.13774e+00  8.19800e-02  5.19388e+41  4.02620e+05  7.85615e+47  6.23504e+02  4.23259e+47
