radius(rg)  best_T_OUV(K) best_L_OUV(erg/s) best_L_OUV/L_OUV best_L_OUV/L_Edd chi2_OUV  best_T_X(K) best_L_X(erg/s) best_L_X/L_Edd chi2_X
 2.60399e+02  6.49644e+04  1.15222e+45  2.97884e+00  9.14460e-01  2.12892e+41  4.16479e+05  1.94627e+48  1.54466e+03  9.63973e+47
 2.68910e+02  6.15083e+04  9.87420e+44  2.55278e+00  7.83667e-01  3.36345e+41  4.16479e+05  2.07557e+48  1.64728e+03  1.02779e+48
 2.77699e+02  5.98498e+04  9.43957e+44  2.44041e+00  7.49172e-01  3.79354e+40  4.16479e+05  2.21346e+48  1.75671e+03  1.09586e+48
 2.86774e+02  5.66658e+04  8.08945e+44  2.09137e+00  6.42020e-01  1.93378e+41  4.16479e+05  2.36050e+48  1.87342e+03  1.16847e+48
 2.96147e+02  5.51379e+04  7.73338e+44  1.99931e+00  6.13760e-01  8.94656e+40  4.16479e+05  2.51732e+48  1.99787e+03  1.24591e+48
 3.05826e+02  5.22046e+04  6.62729e+44  1.71335e+00  5.25975e-01  4.37072e+41  4.16479e+05  2.68455e+48  2.13060e+03  1.32851e+48
 3.15821e+02  5.07970e+04  6.33558e+44  1.63794e+00  5.02824e-01  4.01336e+41  4.16479e+05  2.86290e+48  2.27214e+03  1.41662e+48
 3.26143e+02  4.94273e+04  6.05671e+44  1.56584e+00  4.80691e-01  1.05547e+42  4.16479e+05  3.05309e+48  2.42309e+03  1.51058e+48
 3.36802e+02  4.67978e+04  5.19043e+44  1.34188e+00  4.11939e-01  1.12327e+42  4.16479e+05  3.25592e+48  2.58406e+03  1.61080e+48
 3.47810e+02  4.55359e+04  4.96196e+44  1.28282e+00  3.93807e-01  1.66078e+42  4.16479e+05  3.47222e+48  2.75573e+03  1.71769e+48
 3.59177e+02  4.31134e+04  4.25226e+44  1.09934e+00  3.37481e-01  2.56299e+42  4.16479e+05  3.70289e+48  2.93880e+03  1.83169e+48
 3.70916e+02  4.19509e+04  4.06509e+44  1.05095e+00  3.22626e-01  2.93509e+42  4.16479e+05  3.94889e+48  3.13404e+03  1.95327e+48
 3.83038e+02  4.08198e+04  3.88616e+44  1.00469e+00  3.08425e-01  3.79156e+42  4.16479e+05  4.21122e+48  3.34224e+03  2.08294e+48
