radius(rg)  best_T_OUV(K) best_L_OUV(erg/s) best_L_OUV/L_OUV best_L_OUV/L_Edd chi2_OUV  best_T_X(K) best_L_X(erg/s) best_L_X/L_Edd chi2_X
 1.55658e+02  8.53855e+04  1.22866e+45  6.04624e+00  9.75124e-01  6.29696e+41  4.30814e+05  7.96257e+47  6.31950e+02  4.70498e+47
 1.60745e+02  8.08430e+04  1.05292e+45  5.18146e+00  8.35654e-01  4.37860e+41  4.30814e+05  8.49155e+47  6.73932e+02  5.02033e+47
 1.65998e+02  7.65422e+04  9.02327e+44  4.44037e+00  7.16133e-01  3.61854e+41  4.30814e+05  9.05567e+47  7.18704e+02  5.35672e+47
 1.71424e+02  7.44783e+04  8.62609e+44  4.24492e+00  6.84611e-01  3.09536e+41  4.30814e+05  9.65727e+47  7.66450e+02  5.71552e+47
 1.77026e+02  7.05161e+04  7.39232e+44  3.63778e+00  5.86692e-01  1.23427e+41  4.30814e+05  1.02988e+48  8.17368e+02  6.09823e+47
 1.82812e+02  6.67646e+04  6.33502e+44  3.11747e+00  5.02779e-01  1.35417e+41  4.30814e+05  1.09830e+48  8.71668e+02  6.50643e+47
 1.88787e+02  6.49644e+04  6.05617e+44  2.98025e+00  4.80648e-01  5.98213e+40  4.30814e+05  1.17127e+48  9.29576e+02  6.94182e+47
 1.94957e+02  6.15083e+04  5.18997e+44  2.55399e+00  4.11902e-01  2.38856e+40  4.30814e+05  1.24908e+48  9.91331e+02  7.40618e+47
 2.01328e+02  5.98498e+04  4.96152e+44  2.44157e+00  3.93772e-01  1.12787e+41  4.30814e+05  1.33206e+48  1.05719e+03  7.90145e+47
 2.07908e+02  5.66658e+04  4.25189e+44  2.09236e+00  3.37451e-01  7.64800e+40  4.30814e+05  1.42055e+48  1.12742e+03  8.42967e+47
 2.14703e+02  5.51379e+04  4.06473e+44  2.00026e+00  3.22598e-01  2.54660e+41  4.30814e+05  1.51492e+48  1.20232e+03  8.99303e+47
 2.21720e+02  5.22046e+04  3.48336e+44  1.71417e+00  2.76457e-01  3.00219e+41  4.30814e+05  1.61556e+48  1.28219e+03  9.59387e+47
 2.28967e+02  5.07970e+04  3.33004e+44  1.63872e+00  2.64289e-01  5.01237e+41  4.30814e+05  1.72289e+48  1.36737e+03  1.02347e+48
 2.36450e+02  4.80946e+04  2.85375e+44  1.40434e+00  2.26488e-01  7.57226e+41  4.30814e+05  1.83735e+48  1.45821e+03  1.09181e+48
 2.44178e+02  4.67978e+04  2.72814e+44  1.34252e+00  2.16519e-01  9.28615e+41  4.30814e+05  1.95941e+48  1.55509e+03  1.16469e+48
 2.52158e+02  4.55359e+04  2.60805e+44  1.28343e+00  2.06988e-01  1.40896e+42  4.30814e+05  2.08958e+48  1.65840e+03  1.24242e+48
 2.60399e+02  4.31134e+04  2.23503e+44  1.09986e+00  1.77383e-01  1.69517e+42  4.30814e+05  2.22840e+48  1.76857e+03  1.32531e+48
 2.68910e+02  4.19509e+04  2.13665e+44  1.05145e+00  1.69575e-01  2.07505e+42  4.30814e+05  2.37644e+48  1.88606e+03  1.41372e+48
 2.77699e+02  4.08198e+04  2.04260e+44  1.00517e+00  1.62111e-01  2.70105e+42  4.16479e+05  2.21346e+48  1.75671e+03  1.47923e+48
