radius(rg)  best_T_OUV(K) best_L_OUV(erg/s) best_L_OUV/L_OUV best_L_OUV/L_Edd chi2_OUV  best_T_X(K) best_L_X(erg/s) best_L_X/L_Edd chi2_X
 2.14703e+02  7.24701e+04  1.21302e+45  3.95194e+00  9.62712e-01  1.93540e+42  4.16479e+05  1.32313e+48  1.05010e+03  6.50474e+47
 2.21720e+02  7.05161e+04  1.15962e+45  3.77799e+00  9.20336e-01  1.41482e+42  4.16479e+05  1.41103e+48  1.11986e+03  6.93929e+47
 2.28967e+02  6.67646e+04  9.93765e+44  3.23763e+00  7.88703e-01  1.10598e+42  4.16479e+05  1.50477e+48  1.19426e+03  7.40272e+47
 2.36450e+02  6.49644e+04  9.50023e+44  3.09512e+00  7.53986e-01  9.62036e+41  4.16479e+05  1.60473e+48  1.27360e+03  7.89695e+47
 2.44178e+02  6.15083e+04  8.14143e+44  2.65243e+00  6.46145e-01  5.38172e+41  4.16479e+05  1.71134e+48  1.35821e+03  8.42403e+47
 2.52158e+02  5.82361e+04  6.97698e+44  2.27306e+00  5.53729e-01  6.03079e+41  4.16479e+05  1.82503e+48  1.44844e+03  8.98614e+47
 2.60399e+02  5.66658e+04  6.66988e+44  2.17301e+00  5.29355e-01  1.71624e+41  4.16479e+05  1.94627e+48  1.54466e+03  9.58560e+47
 2.68910e+02  5.36512e+04  5.71590e+44  1.86221e+00  4.53643e-01  3.40245e+41  4.16479e+05  2.07557e+48  1.64728e+03  1.02249e+48
 2.77699e+02  5.22046e+04  5.46430e+44  1.78024e+00  4.33675e-01  5.76399e+39  4.16479e+05  2.21346e+48  1.75671e+03  1.09067e+48
 2.86774e+02  5.07970e+04  5.22378e+44  1.70188e+00  4.14586e-01  2.61477e+41  4.16479e+05  2.36050e+48  1.87342e+03  1.16337e+48
 2.96147e+02  4.80946e+04  4.47664e+44  1.45846e+00  3.55289e-01  1.23421e+41  4.16479e+05  2.51732e+48  1.99787e+03  1.24091e+48
 3.05826e+02  4.67978e+04  4.27959e+44  1.39427e+00  3.39650e-01  3.14656e+41  4.16479e+05  2.68455e+48  2.13060e+03  1.32361e+48
 3.15821e+02  4.43081e+04  3.66749e+44  1.19485e+00  2.91071e-01  7.21670e+41  4.02620e+05  2.50044e+48  1.98448e+03  1.38471e+48
 3.26143e+02  4.31134e+04  3.50606e+44  1.14225e+00  2.78259e-01  7.93843e+41  4.02620e+05  2.66655e+48  2.11631e+03  1.42877e+48
 3.36802e+02  4.19509e+04  3.35173e+44  1.09198e+00  2.66011e-01  1.28240e+42  4.02620e+05  2.84370e+48  2.25691e+03  1.47875e+48
