radius(rg)  best_T_OUV(K) best_L_OUV(erg/s) best_L_OUV/L_OUV best_L_OUV/L_Edd chi2_OUV  best_T_X(K) best_L_X(erg/s) best_L_X/L_Edd chi2_X
 8.44889e+01  1.15336e+05  1.20506e+45  1.38372e+01  9.56395e-01  1.06387e+42  4.02620e+05  1.78951e+47  1.42025e+02  7.14137e+46
 8.72502e+01  1.09200e+05  1.03270e+45  1.18581e+01  8.19604e-01  9.44777e+41  4.02620e+05  1.90839e+47  1.51460e+02  7.60710e+46
 9.01018e+01  1.03390e+05  8.84996e+44  1.01620e+01  7.02378e-01  8.31972e+41  4.02620e+05  2.03517e+47  1.61522e+02  8.10591e+46
 9.30466e+01  9.78901e+04  7.58417e+44  8.70857e+00  6.01919e-01  7.31410e+41  4.02620e+05  2.17038e+47  1.72252e+02  8.63984e+46
 9.60876e+01  9.26823e+04  6.49943e+44  7.46301e+00  5.15828e-01  6.50630e+41  4.02620e+05  2.31456e+47  1.83696e+02  9.21112e+46
 9.92280e+01  8.77516e+04  5.56983e+44  6.39559e+00  4.42050e-01  5.99043e+41  4.02620e+05  2.46833e+47  1.95899e+02  9.82210e+46
 1.02471e+02  8.53855e+04  5.32466e+44  6.11407e+00  4.22592e-01  4.84718e+41  4.02620e+05  2.63231e+47  2.08913e+02  1.04753e+47
 1.05820e+02  8.08430e+04  4.56309e+44  5.23959e+00  3.62150e-01  3.80226e+41  4.02620e+05  2.80718e+47  2.22792e+02  1.11735e+47
 1.09278e+02  7.65422e+04  3.91044e+44  4.49019e+00  3.10352e-01  3.24418e+41  4.02620e+05  2.99367e+47  2.37593e+02  1.19194e+47
 1.12850e+02  7.44783e+04  3.73831e+44  4.29254e+00  2.96692e-01  2.74884e+41  4.02620e+05  3.19255e+47  2.53377e+02  1.27163e+47
 1.16538e+02  7.05161e+04  3.20363e+44  3.67859e+00  2.54257e-01  1.69491e+41  4.02620e+05  3.40464e+47  2.70210e+02  1.35674e+47
 1.20347e+02  6.67646e+04  2.74542e+44  3.15245e+00  2.17891e-01  1.47903e+41  4.02620e+05  3.63082e+47  2.88161e+02  1.44762e+47
 1.24280e+02  6.49644e+04  2.62458e+44  3.01369e+00  2.08300e-01  8.86476e+40  4.02620e+05  3.87203e+47  3.07304e+02  1.54465e+47
 1.28342e+02  6.15083e+04  2.24919e+44  2.58265e+00  1.78507e-01  4.36074e+40  4.02620e+05  4.12926e+47  3.27719e+02  1.64824e+47
 1.32537e+02  5.98498e+04  2.15019e+44  2.46897e+00  1.70650e-01  5.59499e+40  4.02620e+05  4.40358e+47  3.49491e+02  1.75880e+47
 1.36868e+02  5.66658e+04  1.84265e+44  2.11584e+00  1.46242e-01  7.45401e+39  4.02620e+05  4.69613e+47  3.72709e+02  1.87680e+47
 1.41341e+02  5.51379e+04  1.76154e+44  2.02270e+00  1.39805e-01  5.85566e+40  4.02620e+05  5.00811e+47  3.97469e+02  2.00272e+47
 1.45961e+02  5.22046e+04  1.50959e+44  1.73340e+00  1.19809e-01  4.14823e+40  4.02620e+05  5.34081e+47  4.23874e+02  2.13710e+47
 1.50731e+02  5.07970e+04  1.44315e+44  1.65710e+00  1.14536e-01  1.02257e+41  4.02620e+05  5.69562e+47  4.52034e+02  2.28047e+47
 1.55658e+02  4.80946e+04  1.23674e+44  1.42009e+00  9.81538e-02  1.71361e+41  4.02620e+05  6.07400e+47  4.82064e+02  2.43344e+47
 1.60745e+02  4.67978e+04  1.18230e+44  1.35758e+00  9.38333e-02  2.18705e+41  4.02620e+05  6.47752e+47  5.14089e+02  2.59664e+47
 1.65998e+02  4.55359e+04  1.13026e+44  1.29783e+00  8.97031e-02  4.00225e+41  4.02620e+05  6.90784e+47  5.48241e+02  2.77074e+47
 1.71424e+02  4.31134e+04  9.68601e+43  1.11220e+00  7.68731e-02  4.74850e+41  4.02620e+05  7.36675e+47  5.84663e+02  2.95647e+47
 1.77026e+02  4.19509e+04  9.25966e+43  1.06325e+00  7.34894e-02  6.11624e+41  4.02620e+05  7.85615e+47  6.23504e+02  3.15460e+47
 1.82812e+02  4.08198e+04  8.85208e+43  1.01645e+00  7.02546e-02  8.55123e+41  4.02620e+05  8.37806e+47  6.64926e+02  3.36593e+47
