radius(rg)  best_T_OUV(K) best_L_OUV(erg/s) best_L_OUV/L_OUV best_L_OUV/L_Edd chi2_OUV  best_T_X(K) best_L_X(erg/s) best_L_X/L_Edd chi2_X
 6.53228e+01  1.28661e+05  1.11551e+45  1.80527e+01  8.85323e-01  7.10968e+41  4.16479e+05  1.22477e+47  9.72038e+01  5.69828e+46
 6.74577e+01  1.21816e+05  9.55958e+44  1.54706e+01  7.58697e-01  6.60735e+41  4.16479e+05  1.30613e+47  1.03661e+02  6.09445e+46
 6.96624e+01  1.18532e+05  9.13880e+44  1.47897e+01  7.25301e-01  6.15057e+41  4.16479e+05  1.39290e+47  1.10548e+02  6.51773e+46
 7.19392e+01  1.12226e+05  7.83170e+44  1.26743e+01  6.21563e-01  5.39708e+41  4.16479e+05  1.48544e+47  1.17892e+02  6.96988e+46
 7.42903e+01  1.06255e+05  6.71155e+44  1.08616e+01  5.32662e-01  4.67722e+41  4.16479e+05  1.58412e+47  1.25724e+02  7.45276e+46
 7.67183e+01  1.00603e+05  5.75161e+44  9.30805e+00  4.56477e-01  4.02862e+41  4.16479e+05  1.68936e+47  1.34076e+02  7.96838e+46
 7.92257e+01  9.52506e+04  4.92897e+44  7.97674e+00  3.91188e-01  3.49926e+41  4.16479e+05  1.80159e+47  1.42983e+02  8.51888e+46
 8.18150e+01  9.01833e+04  4.22399e+44  6.83584e+00  3.35237e-01  3.14931e+41  4.16479e+05  1.92128e+47  1.52482e+02  9.10652e+46
 8.44889e+01  8.77516e+04  4.03806e+44  6.53495e+00  3.20481e-01  2.69002e+41  4.16479e+05  2.04891e+47  1.62612e+02  9.73374e+46
 8.72502e+01  8.30832e+04  3.46051e+44  5.60027e+00  2.74644e-01  1.96103e+41  4.16479e+05  2.18503e+47  1.73415e+02  1.04031e+47
 9.01018e+01  7.86632e+04  2.96556e+44  4.79928e+00  2.35362e-01  1.53132e+41  4.16479e+05  2.33019e+47  1.84936e+02  1.11175e+47
 9.30466e+01  7.44783e+04  2.54140e+44  4.11285e+00  2.01699e-01  1.51673e+41  4.16479e+05  2.48499e+47  1.97221e+02  1.18797e+47
 9.60876e+01  7.24701e+04  2.42954e+44  3.93181e+00  1.92821e-01  8.02125e+40  4.16479e+05  2.65008e+47  2.10323e+02  1.26930e+47
 9.92280e+01  6.86147e+04  2.08205e+44  3.36946e+00  1.65242e-01  5.12407e+40  4.16479e+05  2.82613e+47  2.24296e+02  1.35608e+47
 1.02471e+02  6.67646e+04  1.99040e+44  3.22114e+00  1.57968e-01  6.01143e+40  4.16479e+05  3.01388e+47  2.39197e+02  1.44865e+47
 1.05820e+02  6.32128e+04  1.70572e+44  2.76043e+00  1.35375e-01  7.57355e+39  4.16479e+05  3.21410e+47  2.55087e+02  1.54741e+47
 1.09278e+02  5.98498e+04  1.46175e+44  2.36561e+00  1.16012e-01  4.47226e+40  4.16479e+05  3.42762e+47  2.72034e+02  1.65276e+47
 1.12850e+02  5.82361e+04  1.39741e+44  2.26149e+00  1.10906e-01  6.60051e+39  4.16479e+05  3.65533e+47  2.90106e+02  1.76514e+47
 1.16538e+02  5.51379e+04  1.19754e+44  1.93803e+00  9.50431e-02  5.84346e+40  4.16479e+05  3.89817e+47  3.09378e+02  1.88502e+47
 1.20347e+02  5.36512e+04  1.14483e+44  1.85272e+00  9.08596e-02  4.48607e+40  4.16479e+05  4.15714e+47  3.29931e+02  2.01288e+47
 1.24280e+02  5.07970e+04  9.81089e+43  1.58773e+00  7.78642e-02  1.41451e+41  4.16479e+05  4.43331e+47  3.51850e+02  2.14927e+47
 1.28342e+02  4.94273e+04  9.37904e+43  1.51785e+00  7.44369e-02  1.33804e+41  4.16479e+05  4.72783e+47  3.75225e+02  2.29474e+47
 1.32537e+02  4.80946e+04  8.96621e+43  1.45104e+00  7.11604e-02  2.31048e+41  4.16479e+05  5.04191e+47  4.00152e+02  2.44989e+47
 1.36868e+02  4.55359e+04  7.68379e+43  1.24350e+00  6.09825e-02  3.05408e+41  4.16479e+05  5.37687e+47  4.26735e+02  2.61537e+47
 1.41341e+02  4.43081e+04  7.34558e+43  1.18876e+00  5.82982e-02  3.81898e+41  4.16479e+05  5.73407e+47  4.55085e+02  2.79187e+47
 1.45961e+02  4.31134e+04  7.02225e+43  1.13644e+00  5.57321e-02  5.42848e+41  4.16479e+05  6.11500e+47  4.85318e+02  2.98011e+47
