radius(rg)  best_T_OUV(K) best_L_OUV(erg/s) best_L_OUV/L_OUV best_L_OUV/L_Edd chi2_OUV  best_T_X(K) best_L_X(erg/s) best_L_X/L_Edd chi2_X
 7.67183e+01  1.18532e+05  1.10838e+45  1.56492e+01  8.79670e-01  2.72047e+42  2.87027e+05  3.81102e+46  3.02462e+01  1.18518e+45
 7.92257e+01  1.12226e+05  9.49854e+44  1.34109e+01  7.53853e-01  2.57553e+42  2.87027e+05  4.06420e+46  3.22556e+01  1.26403e+45
 8.18150e+01  1.06255e+05  8.13999e+44  1.14928e+01  6.46031e-01  2.43447e+42  2.87027e+05  4.33420e+46  3.43984e+01  1.34813e+45
 8.44889e+01  1.00603e+05  6.97574e+44  9.84902e+00  5.53631e-01  2.30170e+42  2.77476e+05  4.03695e+46  3.20393e+01  1.43328e+45
 8.72502e+01  9.78901e+04  6.66869e+44  9.41550e+00  5.29261e-01  2.16406e+42  2.77476e+05  4.30514e+46  3.41678e+01  1.46088e+45
 9.01018e+01  9.26823e+04  5.71489e+44  8.06882e+00  4.53562e-01  1.98206e+42  2.77476e+05  4.59115e+46  3.64377e+01  1.49453e+45
 9.30466e+01  8.77516e+04  4.89750e+44  6.91475e+00  3.88690e-01  1.81462e+42  2.77476e+05  4.89615e+46  3.88584e+01  1.53438e+45
 9.60876e+01  8.30832e+04  4.19702e+44  5.92575e+00  3.33097e-01  1.67077e+42  2.77476e+05  5.22142e+46  4.14398e+01  1.58058e+45
 9.92280e+01  7.86632e+04  3.59673e+44  5.07821e+00  2.85455e-01  1.56162e+42  2.77476e+05  5.56830e+46  4.41928e+01  1.63333e+45
 1.02471e+02  7.65422e+04  3.43841e+44  4.85468e+00  2.72890e-01  1.36610e+42  2.77476e+05  5.93822e+46  4.71287e+01  1.69284e+45
 1.05820e+02  7.24701e+04  2.94663e+44  4.16033e+00  2.33859e-01  1.20958e+42  2.77476e+05  6.33271e+46  5.02596e+01  1.75937e+45
 1.09278e+02  6.86147e+04  2.52518e+44  3.56528e+00  2.00411e-01  1.11342e+42  2.77476e+05  6.75342e+46  5.35985e+01  1.83319e+45
 1.12850e+02  6.67646e+04  2.41403e+44  3.40835e+00  1.91589e-01  9.26761e+41  2.77476e+05  7.20207e+46  5.71593e+01  1.91460e+45
 1.16538e+02  6.32128e+04  2.06875e+44  2.92086e+00  1.64187e-01  7.98824e+41  2.77476e+05  7.68053e+46  6.09566e+01  2.00395e+45
 1.20347e+02  6.15083e+04  1.97769e+44  2.79230e+00  1.56960e-01  6.85642e+41  2.77476e+05  8.19077e+46  6.50061e+01  2.10159e+45
 1.24280e+02  5.82361e+04  1.69483e+44  2.39292e+00  1.34510e-01  5.37682e+41  2.77476e+05  8.73491e+46  6.93247e+01  2.20794e+45
 1.28342e+02  5.66658e+04  1.62023e+44  2.28759e+00  1.28589e-01  4.68162e+41  2.77476e+05  9.31520e+46  7.39302e+01  2.32343e+45
 1.32537e+02  5.36512e+04  1.38849e+44  1.96040e+00  1.10198e-01  3.23049e+41  2.77476e+05  9.93404e+46  7.88416e+01  2.44855e+45
 1.36868e+02  5.22046e+04  1.32737e+44  1.87411e+00  1.05347e-01  2.69902e+41  2.77476e+05  1.05940e+47  8.40793e+01  2.58381e+45
 1.41341e+02  4.94273e+04  1.13752e+44  1.60606e+00  9.02795e-02  1.65419e+41  2.77476e+05  1.12978e+47  8.96650e+01  2.72977e+45
 1.45961e+02  4.80946e+04  1.08745e+44  1.53537e+00  8.63057e-02  1.05573e+41  2.77476e+05  1.20483e+47  9.56217e+01  2.88703e+45
 1.50731e+02  4.55359e+04  9.31916e+43  1.31577e+00  7.39616e-02  9.93219e+40  2.77476e+05  1.28487e+47  1.01974e+02  3.05625e+45
 1.55658e+02  4.43081e+04  8.90896e+43  1.25785e+00  7.07060e-02  1.61622e+40  2.77476e+05  1.37023e+47  1.08749e+02  3.23813e+45
 1.60745e+02  4.31134e+04  8.51682e+43  1.20248e+00  6.75938e-02  3.94048e+40  2.77476e+05  1.46126e+47  1.15973e+02  3.43341e+45
 1.65998e+02  4.08198e+04  7.29868e+43  1.03050e+00  5.79260e-02  7.82211e+40  2.77476e+05  1.55834e+47  1.23678e+02  3.64291e+45
