radius(rg)  best_T_OUV(K) best_L_OUV(erg/s) best_L_OUV/L_OUV best_L_OUV/L_Edd chi2_OUV  best_T_X(K) best_L_X(erg/s) best_L_X/L_Edd chi2_X
 2.14703e+02  7.24701e+04  1.21302e+45  3.92019e+00  9.62712e-01  2.52121e+41  4.60983e+05  1.98595e+48  1.57615e+03  1.72887e+48
 2.21720e+02  6.86147e+04  1.03952e+45  3.35949e+00  8.25017e-01  1.32447e+41  4.60983e+05  2.11789e+48  1.68086e+03  1.83815e+48
 2.28967e+02  6.67646e+04  9.93765e+44  3.21162e+00  7.88703e-01  2.38161e+41  4.60983e+05  2.25858e+48  1.79253e+03  1.95505e+48
 2.36450e+02  6.32128e+04  8.51629e+44  2.75227e+00  6.75896e-01  2.34187e+39  4.60983e+05  2.40863e+48  1.91161e+03  2.08005e+48
 2.44178e+02  5.98498e+04  7.29823e+44  2.35862e+00  5.79224e-01  2.16241e+41  4.60983e+05  2.56864e+48  2.03860e+03  2.21365e+48
 2.52158e+02  5.82361e+04  6.97698e+44  2.25480e+00  5.53729e-01  8.55647e+40  4.60983e+05  2.73929e+48  2.17404e+03  2.35643e+48
 2.60399e+02  5.51379e+04  5.97908e+44  1.93230e+00  4.74530e-01  3.75337e+41  4.60983e+05  2.92127e+48  2.31846e+03  2.50897e+48
 2.68910e+02  5.36512e+04  5.71590e+44  1.84725e+00  4.53643e-01  3.65796e+41  4.60983e+05  3.11533e+48  2.47249e+03  2.67189e+48
 2.77699e+02  5.07970e+04  4.89837e+44  1.58304e+00  3.88759e-01  8.82378e+41  4.60983e+05  3.32230e+48  2.63674e+03  2.84588e+48
 2.86774e+02  4.94273e+04  4.68276e+44  1.51336e+00  3.71647e-01  9.01379e+41  4.60983e+05  3.54301e+48  2.81191e+03  3.03166e+48
 2.96147e+02  4.80946e+04  4.47664e+44  1.44675e+00  3.55289e-01  1.44262e+42  4.60983e+05  3.77838e+48  2.99872e+03  3.22998e+48
 3.05826e+02  4.55359e+04  3.83635e+44  1.23982e+00  3.04473e-01  1.85345e+42  4.60983e+05  4.02939e+48  3.19793e+03  3.44169e+48
 3.15821e+02  4.43081e+04  3.66749e+44  1.18525e+00  2.91071e-01  2.29066e+42  4.60983e+05  4.29708e+48  3.41038e+03  3.66764e+48
 3.26143e+02  4.31134e+04  3.50606e+44  1.13308e+00  2.78259e-01  3.14838e+42  4.60983e+05  4.58255e+48  3.63694e+03  3.90877e+48
