radius(rg)  best_T_OUV(K) best_L_OUV(erg/s) best_L_OUV/L_OUV best_L_OUV/L_Edd chi2_OUV  best_T_X(K) best_L_X(erg/s) best_L_X/L_Edd chi2_X
 3.15821e+02  5.98498e+04  1.22092e+45  2.50271e+00  9.68984e-01  5.72961e+41  4.30814e+05  3.27790e+48  2.60150e+03  1.97163e+48
 3.26143e+02  5.66658e+04  1.04629e+45  2.14475e+00  8.30392e-01  2.94203e+40  4.30814e+05  3.49566e+48  2.77433e+03  2.10082e+48
 3.36802e+02  5.51379e+04  1.00024e+45  2.05034e+00  7.93841e-01  4.77291e+41  4.30814e+05  3.72789e+48  2.95864e+03  2.23870e+48
 3.47810e+02  5.22046e+04  8.57178e+44  1.75709e+00  6.80300e-01  7.24483e+40  4.30814e+05  3.97554e+48  3.15519e+03  2.38586e+48
 3.59177e+02  5.07970e+04  8.19448e+44  1.67975e+00  6.50355e-01  5.58814e+41  4.30814e+05  4.23965e+48  3.36480e+03  2.54288e+48
 3.70916e+02  4.80946e+04  7.02244e+44  1.43950e+00  5.57336e-01  5.96469e+41  4.30814e+05  4.52130e+48  3.58834e+03  2.71044e+48
 3.83038e+02  4.67978e+04  6.71333e+44  1.37613e+00  5.32804e-01  9.88223e+41  4.30814e+05  4.82167e+48  3.82672e+03  2.88921e+48
 3.95557e+02  4.43081e+04  5.75314e+44  1.17931e+00  4.56598e-01  1.91993e+42  4.30814e+05  5.14199e+48  4.08094e+03  3.07995e+48
 4.08485e+02  4.31134e+04  5.49991e+44  1.12740e+00  4.36500e-01  2.13406e+42  4.30814e+05  5.48359e+48  4.35205e+03  3.28343e+48
 4.21835e+02  4.19509e+04  5.25782e+44  1.07777e+00  4.17287e-01  3.00290e+42  4.30814e+05  5.84788e+48  4.64118e+03  3.50050e+48
 4.35622e+02  4.08198e+04  5.02638e+44  1.03033e+00  3.98919e-01  4.46796e+42  4.30814e+05  6.23638e+48  4.94950e+03  3.73206e+48
