radius(rg)  best_T_OUV(K) best_L_OUV(erg/s) best_L_OUV/L_OUV best_L_OUV/L_Edd chi2_OUV  best_T_X(K) best_L_X(erg/s) best_L_X/L_Edd chi2_X
 1.36868e+02  9.01833e+04  1.18212e+45  7.10363e+00  9.38193e-01  1.24914e+42  3.89223e+05  4.10158e+47  3.25522e+02  1.80312e+47
 1.41341e+02  8.53855e+04  1.01305e+45  6.08762e+00  8.04005e-01  1.03681e+42  3.89223e+05  4.37406e+47  3.47148e+02  1.86307e+47
 1.45961e+02  8.08430e+04  8.68153e+44  5.21692e+00  6.89010e-01  8.97178e+41  3.89223e+05  4.66464e+47  3.70210e+02  1.93084e+47
 1.50731e+02  7.86632e+04  8.29939e+44  4.98729e+00  6.58682e-01  8.09712e+41  3.89223e+05  4.97453e+47  3.94804e+02  2.00673e+47
 1.55658e+02  7.44783e+04  7.11235e+44  4.27397e+00  5.64472e-01  5.63534e+41  3.89223e+05  5.30501e+47  4.21032e+02  2.09103e+47
 1.60745e+02  7.05161e+04  6.09509e+44  3.66267e+00  4.83737e-01  4.43262e+41  3.89223e+05  5.65743e+47  4.49003e+02  2.18411e+47
 1.65998e+02  6.86147e+04  5.82680e+44  3.50145e+00  4.62444e-01  3.89943e+41  3.89223e+05  6.03328e+47  4.78832e+02  2.28634e+47
 1.71424e+02  6.49644e+04  4.99341e+44  3.00065e+00  3.96302e-01  1.92074e+41  3.89223e+05  6.43409e+47  5.10642e+02  2.39815e+47
 1.77026e+02  6.15083e+04  4.27921e+44  2.57147e+00  3.39620e-01  2.12166e+41  3.89223e+05  6.86153e+47  5.44566e+02  2.52001e+47
 1.82812e+02  5.98498e+04  4.09085e+44  2.45828e+00  3.24671e-01  5.75581e+40  3.89223e+05  7.31736e+47  5.80743e+02  2.65241e+47
 1.88787e+02  5.66658e+04  3.50575e+44  2.10668e+00  2.78234e-01  8.76297e+40  3.89223e+05  7.80348e+47  6.19324e+02  2.79590e+47
 1.94957e+02  5.51379e+04  3.35144e+44  2.01395e+00  2.65987e-01  1.71787e+40  3.89223e+05  8.32189e+47  6.60467e+02  2.95108e+47
 2.01328e+02  5.22046e+04  2.87209e+44  1.72590e+00  2.27943e-01  1.25767e+41  3.89223e+05  8.87474e+47  7.04344e+02  3.11859e+47
 2.07908e+02  5.07970e+04  2.74567e+44  1.64993e+00  2.17910e-01  8.43992e+40  3.89223e+05  9.46432e+47  7.51136e+02  3.29912e+47
 2.14703e+02  4.94273e+04  2.62481e+44  1.57731e+00  2.08318e-01  3.42315e+41  3.89223e+05  1.00931e+48  8.01037e+02  3.49342e+47
 2.21720e+02  4.67978e+04  2.24939e+44  1.35171e+00  1.78523e-01  3.22586e+41  3.89223e+05  1.07636e+48  8.54252e+02  3.70230e+47
 2.28967e+02  4.55359e+04  2.15038e+44  1.29221e+00  1.70665e-01  5.28944e+41  3.89223e+05  1.14786e+48  9.11003e+02  3.92662e+47
 2.36450e+02  4.31134e+04  1.84282e+44  1.10739e+00  1.46255e-01  8.63151e+41  3.89223e+05  1.22412e+48  9.71524e+02  4.16730e+47
 2.44178e+02  4.19509e+04  1.76170e+44  1.05864e+00  1.39818e-01  9.96253e+41  3.89223e+05  1.30544e+48  1.03607e+03  4.42535e+47
 2.52158e+02  4.08198e+04  1.68416e+44  1.01205e+00  1.33663e-01  1.33920e+42  3.89223e+05  1.39217e+48  1.10490e+03  4.70182e+47
