radius(rg)  best_T_OUV(K) best_L_OUV(erg/s) best_L_OUV/L_OUV best_L_OUV/L_Edd chi2_OUV  best_T_X(K) best_L_X(erg/s) best_L_X/L_Edd chi2_X
 1.24280e+02  9.52506e+04  1.21291e+45  7.96509e+00  9.62626e-01  1.24034e+42  4.02620e+05  3.87203e+47  3.07304e+02  1.56362e+47
 1.28342e+02  9.26823e+04  1.15952e+45  7.61449e+00  9.20255e-01  1.07341e+42  4.02620e+05  4.12926e+47  3.27719e+02  1.66669e+47
 1.32537e+02  8.77516e+04  9.93677e+44  6.52541e+00  7.88633e-01  8.70709e+41  4.02620e+05  4.40358e+47  3.49491e+02  1.77677e+47
 1.36868e+02  8.30832e+04  8.51554e+44  5.59209e+00  6.75836e-01  7.24040e+41  4.02620e+05  4.69613e+47  3.72709e+02  1.89432e+47
 1.41341e+02  7.86632e+04  7.29758e+44  4.79227e+00  5.79173e-01  6.57196e+41  4.02620e+05  5.00811e+47  3.97469e+02  2.01983e+47
 1.45961e+02  7.65422e+04  6.97636e+44  4.58133e+00  5.53680e-01  4.92371e+41  4.02620e+05  5.34081e+47  4.23874e+02  2.15380e+47
 1.50731e+02  7.24701e+04  5.97855e+44  3.92607e+00  4.74488e-01  3.40736e+41  4.02620e+05  5.69562e+47  4.52034e+02  2.29681e+47
 1.55658e+02  6.86147e+04  5.12345e+44  3.36453e+00  4.06623e-01  3.24440e+41  4.02620e+05  6.07400e+47  4.82064e+02  2.44943e+47
 1.60745e+02  6.67646e+04  4.89793e+44  3.21644e+00  3.88725e-01  1.72511e+41  4.02620e+05  6.47752e+47  5.14089e+02  2.61230e+47
 1.65998e+02  6.32128e+04  4.19739e+44  2.75640e+00  3.33126e-01  1.08466e+41  4.02620e+05  6.90784e+47  5.48241e+02  2.78610e+47
 1.71424e+02  6.15083e+04  4.01264e+44  2.63507e+00  3.18463e-01  1.01433e+41  4.02620e+05  7.36675e+47  5.84663e+02  2.97155e+47
 1.77026e+02  5.82361e+04  3.43872e+44  2.25818e+00  2.72914e-01  1.75648e+40  4.02620e+05  7.85615e+47  6.23504e+02  3.16940e+47
 1.82812e+02  5.66658e+04  3.28736e+44  2.15878e+00  2.60901e-01  9.66313e+40  4.02620e+05  8.37806e+47  6.64926e+02  3.38048e+47
 1.88787e+02  5.36512e+04  2.81717e+44  1.85002e+00  2.23585e-01  4.44237e+40  4.02620e+05  8.93464e+47  7.09099e+02  3.60567e+47
 1.94957e+02  5.22046e+04  2.69317e+44  1.76859e+00  2.13744e-01  1.56281e+41  4.02620e+05  9.52820e+47  7.56207e+02  3.84590e+47
 2.01328e+02  4.94273e+04  2.30797e+44  1.51563e+00  1.83172e-01  2.18796e+41  4.02620e+05  1.01612e+48  8.06444e+02  4.10215e+47
 2.07908e+02  4.80946e+04  2.20638e+44  1.44892e+00  1.75110e-01  3.19171e+41  4.02620e+05  1.08362e+48  8.60019e+02  4.37549e+47
 2.14703e+02  4.55359e+04  1.89081e+44  1.24168e+00  1.50064e-01  6.21421e+41  4.02620e+05  1.15561e+48  9.17153e+02  4.66706e+47
 2.21720e+02  4.43081e+04  1.80758e+44  1.18703e+00  1.43459e-01  6.79789e+41  4.02620e+05  1.23238e+48  9.78082e+02  4.97806e+47
 2.28967e+02  4.31134e+04  1.72802e+44  1.13478e+00  1.37144e-01  9.51788e+41  4.02620e+05  1.31425e+48  1.04306e+03  5.30976e+47
