radius(rg)  best_T_OUV(K) best_L_OUV(erg/s) best_L_OUV/L_OUV best_L_OUV/L_Edd chi2_OUV  best_T_X(K) best_L_X(erg/s) best_L_X/L_Edd chi2_X
 1.24280e+02  9.26823e+04  1.08729e+45  7.27629e+00  8.62927e-01  4.75000e+41  3.76271e+05  2.95366e+47  2.34418e+02  9.36570e+46
 1.28342e+02  9.01833e+04  1.03943e+45  6.95601e+00  8.24944e-01  4.42556e+41  3.76271e+05  3.14988e+47  2.49991e+02  9.78598e+46
 1.32537e+02  8.53855e+04  8.90762e+44  5.96111e+00  7.06954e-01  2.83016e+41  3.76271e+05  3.35914e+47  2.66598e+02  1.02471e+47
 1.36868e+02  8.08430e+04  7.63359e+44  5.10850e+00  6.05840e-01  1.86555e+41  3.76271e+05  3.58230e+47  2.84309e+02  1.07509e+47
 1.41341e+02  7.65422e+04  6.54177e+44  4.37785e+00  5.19188e-01  1.78605e+41  3.76271e+05  3.82028e+47  3.03197e+02  1.12995e+47
 1.45961e+02  7.44783e+04  6.25382e+44  4.18515e+00  4.96335e-01  1.11688e+41  3.76271e+05  4.07408e+47  3.23339e+02  1.18952e+47
 1.50731e+02  7.05161e+04  5.35935e+44  3.58656e+00  4.25346e-01  2.99791e+40  3.76271e+05  4.34473e+47  3.44820e+02  1.25404e+47
 1.55658e+02  6.67646e+04  4.59282e+44  3.07358e+00  3.64509e-01  9.76897e+40  3.76271e+05  4.63337e+47  3.67728e+02  1.32378e+47
 1.60745e+02  6.49644e+04  4.39066e+44  2.93829e+00  3.48465e-01  1.75246e+40  3.76271e+05  4.94118e+47  3.92157e+02  1.39903e+47
 1.65998e+02  6.15083e+04  3.76267e+44  2.51803e+00  2.98625e-01  5.83877e+40  3.76271e+05  5.26944e+47  4.18209e+02  1.48011e+47
 1.71424e+02  5.98498e+04  3.59705e+44  2.40720e+00  2.85480e-01  1.00362e+41  3.76271e+05  5.61950e+47  4.45992e+02  1.56734e+47
 1.77026e+02  5.66658e+04  3.08257e+44  2.06290e+00  2.44649e-01  1.50199e+41  3.76271e+05  5.99282e+47  4.75621e+02  1.66108e+47
 1.82812e+02  5.51379e+04  2.94689e+44  1.97210e+00  2.33880e-01  2.60134e+41  3.76271e+05  6.39095e+47  5.07218e+02  1.76173e+47
 1.88787e+02  5.22046e+04  2.52540e+44  1.69003e+00  2.00429e-01  3.80240e+41  3.76271e+05  6.81552e+47  5.40914e+02  1.86971e+47
 1.94957e+02  5.07970e+04  2.41424e+44  1.61564e+00  1.91606e-01  5.10439e+41  3.76271e+05  7.26830e+47  5.76849e+02  1.98545e+47
 2.01328e+02  4.80946e+04  2.06894e+44  1.38456e+00  1.64201e-01  7.96123e+41  3.76271e+05  7.75116e+47  6.15171e+02  2.10944e+47
 2.07908e+02  4.67978e+04  1.97787e+44  1.32362e+00  1.56974e-01  9.09181e+41  3.76271e+05  8.26609e+47  6.56039e+02  2.24219e+47
 2.14703e+02  4.55359e+04  1.89081e+44  1.26536e+00  1.50064e-01  1.24805e+42  3.76271e+05  8.81524e+47  6.99622e+02  2.38425e+47
 2.21720e+02  4.31134e+04  1.62037e+44  1.08438e+00  1.28601e-01  1.57468e+42  3.76271e+05  9.40086e+47  7.46100e+02  2.53621e+47
 2.28967e+02  4.19509e+04  1.54905e+44  1.03664e+00  1.22940e-01  1.84613e+42  3.76271e+05  1.00254e+48  7.95666e+02  2.69870e+47
