radius(rg)  best_T_OUV(K) best_L_OUV(erg/s) best_L_OUV/L_OUV best_L_OUV/L_Edd chi2_OUV  best_T_X(K) best_L_X(erg/s) best_L_X/L_Edd chi2_X
 2.52158e+02  6.49644e+04  1.08044e+45  2.90574e+00  8.57494e-01  8.65346e+40  4.30814e+05  2.08958e+48  1.65840e+03  1.35400e+48
 2.60399e+02  6.32128e+04  1.03288e+45  2.77784e+00  8.19750e-01  1.43910e+41  4.30814e+05  2.22840e+48  1.76857e+03  1.43032e+48
 2.68910e+02  5.98498e+04  8.85153e+44  2.38053e+00  7.02503e-01  8.03206e+40  4.30814e+05  2.37644e+48  1.88606e+03  1.51256e+48
 2.77699e+02  5.82361e+04  8.46192e+44  2.27575e+00  6.71581e-01  3.87823e+41  4.30814e+05  2.53431e+48  2.01136e+03  1.60106e+48
 2.86774e+02  5.51379e+04  7.25163e+44  1.95025e+00  5.75526e-01  3.66350e+41  4.30814e+05  2.70268e+48  2.14498e+03  1.69619e+48
 2.96147e+02  5.36512e+04  6.93243e+44  1.86441e+00  5.50193e-01  7.91639e+41  4.30814e+05  2.88222e+48  2.28748e+03  1.79833e+48
 3.05826e+02  5.07970e+04  5.94090e+44  1.59775e+00  4.71500e-01  9.88289e+41  4.30814e+05  3.07370e+48  2.43944e+03  1.90792e+48
 3.15821e+02  4.94273e+04  5.67940e+44  1.52742e+00  4.50746e-01  1.41793e+42  4.30814e+05  3.27790e+48  2.60150e+03  2.02541e+48
 3.26143e+02  4.67978e+04  4.86709e+44  1.30896e+00  3.86277e-01  2.10171e+42  4.30814e+05  3.49566e+48  2.77433e+03  2.15128e+48
 3.36802e+02  4.55359e+04  4.65286e+44  1.25134e+00  3.69274e-01  2.45161e+42  4.30814e+05  3.72789e+48  2.95864e+03  2.28605e+48
 3.47810e+02  4.43081e+04  4.44805e+44  1.19626e+00  3.53020e-01  3.33753e+42  4.30814e+05  3.97554e+48  3.15519e+03  2.43028e+48
 3.59177e+02  4.19509e+04  3.81186e+44  1.02516e+00  3.02528e-01  4.24379e+42  4.30814e+05  4.23965e+48  3.36480e+03  2.58457e+48
