radius(rg)  best_T_OUV(K) best_L_OUV(erg/s) best_L_OUV/L_OUV best_L_OUV/L_Edd chi2_OUV  best_T_X(K) best_L_X(erg/s) best_L_X/L_Edd chi2_X
 2.52158e+02  6.49644e+04  1.08044e+45  3.14128e+00  8.57494e-01  4.51934e+42  4.16479e+05  1.82503e+48  1.44844e+03  9.49548e+47
 2.60399e+02  6.32128e+04  1.03288e+45  3.00301e+00  8.19750e-01  3.85303e+42  4.16479e+05  1.94627e+48  1.54466e+03  1.00621e+48
 2.68910e+02  5.98498e+04  8.85153e+44  2.57349e+00  7.02503e-01  3.13896e+42  4.16479e+05  2.07557e+48  1.64728e+03  1.06706e+48
 2.77699e+02  5.82361e+04  8.46192e+44  2.46022e+00  6.71581e-01  2.73324e+42  4.16479e+05  2.21346e+48  1.75671e+03  1.13236e+48
 2.86774e+02  5.51379e+04  7.25163e+44  2.10834e+00  5.75526e-01  1.98627e+42  4.16479e+05  2.36050e+48  1.87342e+03  1.20236e+48
 2.96147e+02  5.36512e+04  6.93243e+44  2.01554e+00  5.50193e-01  1.70268e+42  4.16479e+05  2.51732e+48  1.99787e+03  1.27736e+48
 3.05826e+02  5.07970e+04  5.94090e+44  1.72726e+00  4.71500e-01  1.08014e+42  4.16479e+05  2.68455e+48  2.13060e+03  1.35767e+48
 3.15821e+02  4.94273e+04  5.67940e+44  1.65123e+00  4.50746e-01  7.97739e+41  4.16479e+05  2.86290e+48  2.27214e+03  1.44362e+48
 3.26143e+02  4.67978e+04  4.86709e+44  1.41506e+00  3.86277e-01  5.44948e+41  4.16479e+05  3.05309e+48  2.42309e+03  1.53558e+48
 3.36802e+02  4.55359e+04  4.65286e+44  1.35277e+00  3.69274e-01  1.70294e+41  4.16479e+05  3.25592e+48  2.58406e+03  1.63391e+48
 3.47810e+02  4.43081e+04  4.44805e+44  1.29323e+00  3.53020e-01  3.40504e+41  4.16479e+05  3.47222e+48  2.75573e+03  1.73902e+48
 3.59177e+02  4.19509e+04  3.81186e+44  1.10826e+00  3.02528e-01  1.29159e+41  4.16479e+05  3.70289e+48  2.93880e+03  1.85136e+48
 3.70916e+02  4.08198e+04  3.64407e+44  1.05948e+00  2.89212e-01  8.34498e+40  4.16479e+05  3.94889e+48  3.13404e+03  1.97138e+48
 3.83038e+02  3.97191e+04  3.48367e+44  1.01284e+00  2.76482e-01  4.68392e+41  4.16479e+05  4.21122e+48  3.34224e+03  2.09959e+48
