radius(rg)  best_T_OUV(K) best_L_OUV(erg/s) best_L_OUV/L_OUV best_L_OUV/L_Edd chi2_OUV  best_T_X(K) best_L_X(erg/s) best_L_X/L_Edd chi2_X
 2.86774e+02  6.32128e+04  1.25272e+45  2.78554e+00  9.94220e-01  1.24940e+41  4.02620e+05  2.06165e+48  1.63623e+03  8.23363e+47
 2.96147e+02  5.98498e+04  1.07354e+45  2.38713e+00  8.52019e-01  6.56193e+40  4.02620e+05  2.19862e+48  1.74493e+03  8.75903e+47
 3.05826e+02  5.82361e+04  1.02629e+45  2.28205e+00  8.14516e-01  3.04568e+41  4.02620e+05  2.34468e+48  1.86086e+03  9.32068e+47
 3.15821e+02  5.51379e+04  8.79502e+44  1.95566e+00  6.98017e-01  3.00684e+41  4.02620e+05  2.50044e+48  1.98448e+03  9.92090e+47
 3.26143e+02  5.36512e+04  8.40789e+44  1.86957e+00  6.67293e-01  6.88190e+41  4.02620e+05  2.66655e+48  2.11631e+03  1.05622e+48
 3.36802e+02  5.07970e+04  7.20533e+44  1.60217e+00  5.71851e-01  9.53283e+41  4.02620e+05  2.84370e+48  2.25691e+03  1.12472e+48
 3.47810e+02  4.94273e+04  6.88817e+44  1.53165e+00  5.46680e-01  1.35148e+42  4.02620e+05  3.03262e+48  2.40684e+03  1.19787e+48
 3.59177e+02  4.67978e+04  5.90297e+44  1.31258e+00  4.68490e-01  2.21186e+42  4.02620e+05  3.23409e+48  2.56674e+03  1.27598e+48
 3.70916e+02  4.55359e+04  5.64314e+44  1.25481e+00  4.47868e-01  2.51847e+42  4.02620e+05  3.44894e+48  2.73725e+03  1.35938e+48
 3.83038e+02  4.43081e+04  5.39475e+44  1.19957e+00  4.28155e-01  3.47928e+42  4.02620e+05  3.67806e+48  2.91910e+03  1.44839e+48
 3.95557e+02  4.19509e+04  4.62315e+44  1.02800e+00  3.66917e-01  4.61471e+42  4.02620e+05  3.92241e+48  3.11302e+03  1.54341e+48
