radius(rg)  best_T_OUV(K) best_L_OUV(erg/s) best_L_OUV/L_OUV best_L_OUV/L_Edd chi2_OUV  best_T_X(K) best_L_X(erg/s) best_L_X/L_Edd chi2_X
 1.20347e+02  9.52506e+04  1.13735e+45  7.96015e+00  9.02660e-01  7.19879e+41  4.16479e+05  4.15714e+47  3.29931e+02  2.47066e+47
 1.24280e+02  9.01833e+04  9.74678e+44  6.82163e+00  7.73554e-01  6.49439e+41  4.16479e+05  4.43331e+47  3.51850e+02  2.57832e+47
 1.28342e+02  8.77516e+04  9.31776e+44  6.52136e+00  7.39505e-01  5.41809e+41  4.16479e+05  4.72783e+47  3.75225e+02  2.69686e+47
 1.32537e+02  8.30832e+04  7.98506e+44  5.58863e+00  6.33735e-01  3.84939e+41  4.16479e+05  5.04191e+47  4.00152e+02  2.82676e+47
 1.36868e+02  7.86632e+04  6.84298e+44  4.78930e+00  5.43093e-01  2.98162e+41  4.16479e+05  5.37687e+47  4.26735e+02  2.96856e+47
 1.41341e+02  7.44783e+04  5.86424e+44  4.10430e+00  4.65416e-01  3.08326e+41  4.16479e+05  5.73407e+47  4.55085e+02  3.12285e+47
 1.45961e+02  7.24701e+04  5.60612e+44  3.92364e+00  4.44930e-01  1.42348e+41  4.16479e+05  6.11500e+47  4.85318e+02  3.29026e+47
 1.50731e+02  6.86147e+04  4.80429e+44  3.36245e+00  3.81293e-01  9.05262e+40  4.16479e+05  6.52124e+47  5.17559e+02  3.47150e+47
 1.55658e+02  6.67646e+04  4.59282e+44  3.21444e+00  3.64509e-01  1.10273e+41  4.16479e+05  6.95447e+47  5.51942e+02  3.66730e+47
 1.60745e+02  6.32128e+04  3.93592e+44  2.75469e+00  3.12374e-01  5.81310e+39  4.16479e+05  7.41648e+47  5.88609e+02  3.87848e+47
 1.65998e+02  5.98498e+04  3.37297e+44  2.36069e+00  2.67696e-01  1.10032e+41  4.16479e+05  7.90918e+47  6.27713e+02  4.10592e+47
 1.71424e+02  5.82361e+04  3.22450e+44  2.25678e+00  2.55913e-01  2.20874e+40  4.16479e+05  8.43461e+47  6.69414e+02  4.35056e+47
 1.77026e+02  5.51379e+04  2.76331e+44  1.93400e+00  2.19310e-01  1.62531e+41  4.16479e+05  8.99495e+47  7.13885e+02  4.61340e+47
 1.82812e+02  5.36512e+04  2.64168e+44  1.84887e+00  2.09657e-01  1.31823e+41  4.16479e+05  9.59252e+47  7.61311e+02  4.89553e+47
 1.88787e+02  5.22046e+04  2.52540e+44  1.76749e+00  2.00429e-01  3.76053e+41  4.16479e+05  1.02298e+48  8.11888e+02  5.19813e+47
 1.94957e+02  4.94273e+04  2.16420e+44  1.51469e+00  1.71762e-01  3.62016e+41  4.16479e+05  1.09094e+48  8.65824e+02  5.52245e+47
 2.01328e+02  4.80946e+04  2.06894e+44  1.44802e+00  1.64201e-01  5.87991e+41  4.16479e+05  1.16341e+48  9.23344e+02  5.86982e+47
 2.07908e+02  4.55359e+04  1.77302e+44  1.24091e+00  1.40716e-01  7.87183e+41  4.16479e+05  1.24070e+48  9.84684e+02  6.24169e+47
 2.14703e+02  4.43081e+04  1.69498e+44  1.18629e+00  1.34522e-01  9.66222e+41  4.16479e+05  1.32313e+48  1.05010e+03  6.63959e+47
 2.21720e+02  4.31134e+04  1.62037e+44  1.13407e+00  1.28601e-01  1.34046e+42  4.16479e+05  1.41103e+48  1.11986e+03  7.06517e+47
