radius(rg)  best_T_OUV(K) best_L_OUV(erg/s) best_L_OUV/L_OUV best_L_OUV/L_Edd chi2_OUV  best_T_X(K) best_L_X(erg/s) best_L_X/L_Edd chi2_X
 3.15821e+02  5.98498e+04  1.22092e+45  2.41270e+00  9.68984e-01  6.84228e+41  4.16479e+05  2.86290e+48  2.27214e+03  1.43911e+48
 3.26143e+02  5.82361e+04  1.16718e+45  2.30650e+00  9.26332e-01  1.46877e+41  4.16479e+05  3.05309e+48  2.42309e+03  1.53169e+48
 3.36802e+02  5.51379e+04  1.00024e+45  1.97661e+00  7.93841e-01  3.49321e+41  4.16479e+05  3.25592e+48  2.58406e+03  1.63061e+48
 3.47810e+02  5.36512e+04  9.56212e+44  1.88961e+00  7.58899e-01  1.76984e+40  4.16479e+05  3.47222e+48  2.75573e+03  1.73628e+48
 3.59177e+02  5.07970e+04  8.19448e+44  1.61934e+00  6.50355e-01  5.63178e+41  4.16479e+05  3.70289e+48  2.93880e+03  1.84914e+48
 3.70916e+02  4.94273e+04  7.83378e+44  1.54806e+00  6.21729e-01  2.79294e+41  4.16479e+05  3.94889e+48  3.13404e+03  1.96965e+48
 3.83038e+02  4.80946e+04  7.48896e+44  1.47992e+00  5.94362e-01  8.74967e+41  4.16479e+05  4.21122e+48  3.34224e+03  2.09831e+48
 3.95557e+02  4.55359e+04  6.41783e+44  1.26825e+00  5.09352e-01  1.18786e+42  4.16479e+05  4.49099e+48  3.56428e+03  2.23565e+48
 4.08485e+02  4.43081e+04  6.13534e+44  1.21243e+00  4.86932e-01  1.60427e+42  4.16479e+05  4.78934e+48  3.80106e+03  2.38225e+48
 4.21835e+02  4.31134e+04  5.86528e+44  1.15906e+00  4.65499e-01  2.72805e+42  4.16479e+05  5.10751e+48  4.05358e+03  2.53871e+48
