radius(rg)  best_T_OUV(K) best_L_OUV(erg/s) best_L_OUV/L_OUV best_L_OUV/L_Edd chi2_OUV  best_T_X(K) best_L_X(erg/s) best_L_X/L_Edd chi2_X
 2.14703e+02  7.24701e+04  1.21302e+45  4.11711e+00  9.62712e-01  3.00176e+42  4.16479e+05  1.32313e+48  1.05010e+03  6.52582e+47
 2.21720e+02  6.86147e+04  1.03952e+45  3.52825e+00  8.25017e-01  2.63685e+42  4.16479e+05  1.41103e+48  1.11986e+03  6.96044e+47
 2.28967e+02  6.67646e+04  9.93765e+44  3.37295e+00  7.88703e-01  2.20584e+42  4.16479e+05  1.50477e+48  1.19426e+03  7.42393e+47
 2.36450e+02  6.32128e+04  8.51629e+44  2.89052e+00  6.75896e-01  1.70625e+42  4.16479e+05  1.60473e+48  1.27360e+03  7.91822e+47
 2.44178e+02  6.15083e+04  8.14143e+44  2.76329e+00  6.46145e-01  1.56448e+42  4.16479e+05  1.71134e+48  1.35821e+03  8.44536e+47
 2.52158e+02  5.82361e+04  6.97698e+44  2.36806e+00  5.53729e-01  9.79398e+41  4.16479e+05  1.82503e+48  1.44844e+03  9.00752e+47
 2.60399e+02  5.51379e+04  5.97908e+44  2.02937e+00  4.74530e-01  9.54021e+41  4.16479e+05  1.94627e+48  1.54466e+03  9.60703e+47
 2.68910e+02  5.36512e+04  5.71590e+44  1.94004e+00  4.53643e-01  4.29689e+41  4.16479e+05  2.07557e+48  1.64728e+03  1.02464e+48
 2.77699e+02  5.22046e+04  5.46430e+44  1.85465e+00  4.33675e-01  5.11504e+41  4.16479e+05  2.21346e+48  1.75671e+03  1.09282e+48
 2.86774e+02  4.94273e+04  4.68276e+44  1.58938e+00  3.71647e-01  1.02682e+41  4.16479e+05  2.36050e+48  1.87342e+03  1.16553e+48
 2.96147e+02  4.80946e+04  4.47664e+44  1.51942e+00  3.55289e-01  1.46790e+41  4.02620e+05  2.19862e+48  1.74493e+03  1.22213e+48
 3.05826e+02  4.55359e+04  3.83635e+44  1.30210e+00  3.04473e-01  1.43408e+41  4.02620e+05  2.34468e+48  1.86086e+03  1.26070e+48
 3.15821e+02  4.43081e+04  3.66749e+44  1.24479e+00  2.91071e-01  8.26894e+40  4.02620e+05  2.50044e+48  1.98448e+03  1.30449e+48
 3.26143e+02  4.31134e+04  3.50606e+44  1.18999e+00  2.78259e-01  4.51443e+41  4.02620e+05  2.66655e+48  2.11631e+03  1.35368e+48
 3.36802e+02  4.08198e+04  3.00459e+44  1.01979e+00  2.38460e-01  6.38187e+41  4.02620e+05  2.84370e+48  2.25691e+03  1.40849e+48
