radius(rg)  best_T_OUV(K) best_L_OUV(erg/s) best_L_OUV/L_OUV best_L_OUV/L_Edd chi2_OUV  best_T_X(K) best_L_X(erg/s) best_L_X/L_Edd chi2_X
 3.59177e+02  5.51379e+04  1.13755e+45  2.06143e+00  9.02820e-01  2.62942e+42  4.30814e+05  4.23965e+48  3.36480e+03  2.85064e+48
 3.70916e+02  5.36512e+04  1.08748e+45  1.97069e+00  8.63080e-01  1.65384e+42  4.30814e+05  4.52130e+48  3.58834e+03  2.99867e+48
 3.83038e+02  5.07970e+04  9.31941e+44  1.68883e+00  7.39636e-01  1.54111e+42  4.30814e+05  4.82167e+48  3.82672e+03  3.15913e+48
 3.95557e+02  4.94273e+04  8.90920e+44  1.61449e+00  7.07080e-01  6.15923e+41  4.30814e+05  5.14199e+48  4.08094e+03  3.33269e+48
 4.08485e+02  4.80946e+04  8.51705e+44  1.54342e+00  6.75956e-01  7.00859e+41  4.30814e+05  5.48359e+48  4.35205e+03  3.52008e+48
 4.21835e+02  4.55359e+04  7.29887e+44  1.32267e+00  5.79276e-01  1.96969e+41  4.30814e+05  5.84788e+48  4.64118e+03  3.72205e+48
 4.35622e+02  4.43081e+04  6.97760e+44  1.26445e+00  5.53778e-01  6.30927e+40  4.30814e+05  6.23638e+48  4.94950e+03  3.93946e+48
 4.49859e+02  4.31134e+04  6.67047e+44  1.20879e+00  5.29402e-01  7.39429e+41  4.30814e+05  6.65068e+48  5.27832e+03  4.17319e+48
 4.64562e+02  4.08198e+04  5.71641e+44  1.03590e+00  4.53683e-01  5.01321e+41  4.30814e+05  7.09251e+48  5.62897e+03  4.42422e+48
