radius(rg)  best_T_OUV(K) best_L_OUV(erg/s) best_L_OUV/L_OUV best_L_OUV/L_Edd chi2_OUV  best_T_X(K) best_L_X(erg/s) best_L_X/L_Edd chi2_X
 9.60876e+01  1.06255e+05  1.12277e+45  1.07713e+01  8.91091e-01  1.18079e+42  3.89223e+05  2.02153e+47  1.60439e+02  6.54092e+46
 9.92280e+01  1.03390e+05  1.07335e+45  1.02971e+01  8.51868e-01  1.07474e+42  3.89223e+05  2.15583e+47  1.71097e+02  6.97775e+46
 1.02471e+02  9.78901e+04  9.19834e+44  8.82436e+00  7.30027e-01  9.23566e+41  3.89223e+05  2.29904e+47  1.82464e+02  7.44435e+46
 1.05820e+02  9.26823e+04  7.88272e+44  7.56223e+00  6.25613e-01  7.91673e+41  3.89223e+05  2.45178e+47  1.94586e+02  7.94265e+46
 1.09278e+02  8.77516e+04  6.75527e+44  6.48063e+00  5.36133e-01  6.90060e+41  3.89223e+05  2.61466e+47  2.07513e+02  8.47472e+46
 1.12850e+02  8.30832e+04  5.78908e+44  5.55372e+00  4.59451e-01  6.32341e+41  3.89223e+05  2.78836e+47  2.21298e+02  9.04276e+46
 1.16538e+02  8.08430e+04  5.53427e+44  5.30926e+00  4.39227e-01  4.98042e+41  3.89223e+05  2.97360e+47  2.36000e+02  9.64911e+46
 1.20347e+02  7.65422e+04  4.74271e+44  4.54989e+00  3.76406e-01  3.78010e+41  3.89223e+05  3.17114e+47  2.51678e+02  1.02963e+47
 1.24280e+02  7.24701e+04  4.06437e+44  3.89913e+00  3.22569e-01  3.31980e+41  3.89223e+05  3.38181e+47  2.68398e+02  1.09870e+47
 1.28342e+02  7.05161e+04  3.88547e+44  3.72750e+00  3.08371e-01  2.41190e+41  3.89223e+05  3.60648e+47  2.86229e+02  1.17240e+47
 1.32537e+02  6.67646e+04  3.32974e+44  3.19436e+00  2.64265e-01  1.46452e+41  3.89223e+05  3.84607e+47  3.05244e+02  1.25105e+47
 1.36868e+02  6.32128e+04  2.85350e+44  2.73748e+00  2.26468e-01  1.78208e+41  3.89223e+05  4.10158e+47  3.25522e+02  1.33496e+47
 1.41341e+02  6.15083e+04  2.72789e+44  2.61699e+00  2.16500e-01  4.49253e+40  3.89223e+05  4.37406e+47  3.47148e+02  1.42449e+47
 1.45961e+02  5.82361e+04  2.33773e+44  2.24268e+00  1.85534e-01  7.50238e+40  3.89223e+05  4.66464e+47  3.70210e+02  1.52000e+47
 1.50731e+02  5.66658e+04  2.23483e+44  2.14397e+00  1.77368e-01  7.75768e+39  3.89223e+05  4.97453e+47  3.94804e+02  1.62189e+47
 1.55658e+02  5.36512e+04  1.91519e+44  1.83732e+00  1.51999e-01  7.27484e+40  3.89223e+05  5.30501e+47  4.21032e+02  1.73059e+47
 1.60745e+02  5.22046e+04  1.83089e+44  1.75645e+00  1.45309e-01  3.54436e+40  3.89223e+05  5.65743e+47  4.49003e+02  1.84653e+47
 1.65998e+02  5.07970e+04  1.75030e+44  1.67914e+00  1.38912e-01  1.93551e+41  3.89223e+05  6.03328e+47  4.78832e+02  1.97021e+47
 1.71424e+02  4.80946e+04  1.49996e+44  1.43897e+00  1.19044e-01  1.56581e+41  3.89223e+05  6.43409e+47  5.10642e+02  2.10212e+47
 1.77026e+02  4.67978e+04  1.43393e+44  1.37563e+00  1.13804e-01  2.91066e+41  3.89223e+05  6.86153e+47  5.44566e+02  2.24283e+47
 1.82812e+02  4.43081e+04  1.22884e+44  1.17888e+00  9.75271e-02  4.38268e+41  3.89223e+05  7.31736e+47  5.80743e+02  2.39291e+47
 1.88787e+02  4.31134e+04  1.17475e+44  1.12699e+00  9.32342e-02  5.31262e+41  3.89223e+05  7.80348e+47  6.19324e+02  2.55298e+47
 1.94957e+02  4.19509e+04  1.12304e+44  1.07738e+00  8.91303e-02  7.61896e+41  3.89223e+05  8.32189e+47  6.60467e+02  2.72371e+47
