radius(rg)  best_T_OUV(K) best_L_OUV(erg/s) best_L_OUV/L_OUV best_L_OUV/L_Edd chi2_OUV  best_T_X(K) best_L_X(erg/s) best_L_X/L_Edd chi2_X
 3.90477e+01  1.69105e+05  1.18951e+45  4.68365e+01  9.44054e-01  3.60066e+42  2.42346e+05  5.01751e+45  3.98215e+00  2.47901e+43
 4.03238e+01  1.60108e+05  1.01938e+45  4.01376e+01  8.09028e-01  3.52180e+42  2.42346e+05  5.35084e+45  4.24670e+00  2.64451e+43
 4.16417e+01  1.51591e+05  8.73576e+44  3.43968e+01  6.93315e-01  3.43934e+42  2.42346e+05  5.70631e+45  4.52882e+00  2.82100e+43
 4.30027e+01  1.43526e+05  7.48631e+44  2.94771e+01  5.94151e-01  3.35317e+42  2.42346e+05  6.08540e+45  4.82968e+00  3.00921e+43
 4.44081e+01  1.35890e+05  6.41556e+44  2.52611e+01  5.09171e-01  3.26327e+42  2.42346e+05  6.48967e+45  5.15053e+00  3.20993e+43
 4.58595e+01  1.28661e+05  5.49795e+44  2.16480e+01  4.36346e-01  3.16981e+42  2.42346e+05  6.92080e+45  5.49270e+00  3.42399e+43
 4.73583e+01  1.21816e+05  4.71159e+44  1.85518e+01  3.73936e-01  3.07317e+42  2.42346e+05  7.38058e+45  5.85760e+00  3.65226e+43
 4.89061e+01  1.15336e+05  4.03771e+44  1.58984e+01  3.20453e-01  2.97395e+42  2.42346e+05  7.87089e+45  6.24674e+00  3.89570e+43
 5.05045e+01  1.09200e+05  3.46020e+44  1.36245e+01  2.74619e-01  2.87304e+42  2.42346e+05  8.39378e+45  6.66173e+00  4.15532e+43
 5.21551e+01  1.03390e+05  2.96530e+44  1.16758e+01  2.35341e-01  2.77168e+42  2.42346e+05  8.95141e+45  7.10429e+00  4.43218e+43
 5.38597e+01  9.78901e+04  2.54118e+44  1.00058e+01  2.01681e-01  2.67151e+42  2.42346e+05  9.54608e+45  7.57626e+00  4.72743e+43
 5.56199e+01  9.52506e+04  2.42932e+44  9.56539e+00  1.92803e-01  2.56701e+42  2.42346e+05  1.01803e+46  8.07957e+00  5.04230e+43
 5.74378e+01  9.01833e+04  2.08186e+44  8.19728e+00  1.65227e-01  2.44392e+42  2.42346e+05  1.08566e+46  8.61632e+00  5.37808e+43
 5.93150e+01  8.53855e+04  1.78410e+44  7.02484e+00  1.41595e-01  2.32426e+42  2.42346e+05  1.15778e+46  9.18874e+00  5.73617e+43
 6.12535e+01  8.08430e+04  1.52892e+44  6.02009e+00  1.21343e-01  2.21151e+42  2.42346e+05  1.23470e+46  9.79917e+00  6.11806e+43
 6.32555e+01  7.65422e+04  1.31024e+44  5.15905e+00  1.03988e-01  2.10995e+42  2.42346e+05  1.31672e+46  1.04502e+01  6.52531e+43
 6.53228e+01  7.44783e+04  1.25257e+44  4.93197e+00  9.94105e-02  1.97602e+42  2.42346e+05  1.40420e+46  1.11444e+01  6.95962e+43
 6.74577e+01  7.05161e+04  1.07342e+44  4.22656e+00  8.51920e-02  1.85165e+42  2.42346e+05  1.49748e+46  1.18848e+01  7.42277e+43
 6.96624e+01  6.67646e+04  9.19891e+43  3.62204e+00  7.30072e-02  1.74838e+42  2.42346e+05  1.59696e+46  1.26743e+01  7.91670e+43
 7.19392e+01  6.49644e+04  8.79400e+43  3.46261e+00  6.97936e-02  1.61363e+42  2.42346e+05  1.70305e+46  1.35163e+01  8.44345e+43
 7.42903e+01  6.15083e+04  7.53621e+43  2.96736e+00  5.98112e-02  1.49342e+42  2.42346e+05  1.81619e+46  1.44142e+01  9.00518e+43
 7.67183e+01  5.98498e+04  7.20449e+43  2.83675e+00  5.71785e-02  1.38465e+42  2.42346e+05  1.93685e+46  1.53718e+01  9.60423e+43
 7.92257e+01  5.66658e+04  6.17405e+43  2.43102e+00  4.90004e-02  1.25205e+42  2.42346e+05  2.06552e+46  1.63930e+01  1.02431e+44
 8.18150e+01  5.51379e+04  5.90229e+43  2.32401e+00  4.68436e-02  1.15737e+42  2.34282e+05  1.92386e+46  1.52688e+01  1.05545e+44
 8.44889e+01  5.22046e+04  5.05810e+43  1.99161e+00  4.01436e-02  1.02135e+42  2.34282e+05  2.05167e+46  1.62831e+01  1.07257e+44
 8.72502e+01  5.07970e+04  4.83546e+43  1.90395e+00  3.83766e-02  9.29922e+41  2.34282e+05  2.18797e+46  1.73649e+01  1.09414e+44
 9.01018e+01  4.80946e+04  4.14385e+43  1.63163e+00  3.28877e-02  8.05416e+41  2.34282e+05  2.33333e+46  1.85185e+01  1.12023e+44
 9.30466e+01  4.67978e+04  3.96145e+43  1.55981e+00  3.14401e-02  7.08170e+41  2.34282e+05  2.48834e+46  1.97487e+01  1.15097e+44
 9.60876e+01  4.43081e+04  3.39485e+43  1.33671e+00  2.69433e-02  6.18021e+41  2.34282e+05  2.65365e+46  2.10607e+01  1.18647e+44
 9.92280e+01  4.31134e+04  3.24542e+43  1.27788e+00  2.57573e-02  5.08524e+41  2.34282e+05  2.82994e+46  2.24598e+01  1.22689e+44
 1.02471e+02  4.19509e+04  3.10257e+43  1.22163e+00  2.46236e-02  4.39274e+41  2.34282e+05  3.01794e+46  2.39519e+01  1.27240e+44
 1.05820e+02  3.97191e+04  2.65882e+43  1.04690e+00  2.11017e-02  3.61624e+41  2.34282e+05  3.21843e+46  2.55431e+01  1.32317e+44
 1.09278e+02  3.86482e+04  2.54178e+43  1.00082e+00  2.01729e-02  2.72292e+41  2.34282e+05  3.43224e+46  2.72400e+01  1.37942e+44
