radius(rg)  best_T_OUV(K) best_L_OUV(erg/s) best_L_OUV/L_OUV best_L_OUV/L_Edd chi2_OUV  best_T_X(K) best_L_X(erg/s) best_L_X/L_Edd chi2_X
 9.60876e+01  1.09200e+05  1.25249e+45  1.17847e+01  9.94043e-01  1.50476e+42  3.76271e+05  1.76559e+47  1.40127e+02  5.30187e+46
 9.92280e+01  1.03390e+05  1.07335e+45  1.00992e+01  8.51868e-01  1.39265e+42  3.76271e+05  1.88289e+47  1.49436e+02  5.54762e+46
 1.02471e+02  1.00603e+05  1.02611e+45  9.65463e+00  8.14371e-01  1.29284e+42  3.76271e+05  2.00798e+47  1.59363e+02  5.81809e+46
 1.05820e+02  9.52506e+04  8.79346e+44  8.27375e+00  6.97893e-01  1.11720e+42  3.76271e+05  2.14137e+47  1.69950e+02  6.11443e+46
 1.09278e+02  9.01833e+04  7.53575e+44  7.09037e+00  5.98075e-01  9.63595e+41  3.76271e+05  2.28363e+47  1.81240e+02  6.43785e+46
 1.12850e+02  8.53855e+04  6.45793e+44  6.07625e+00  5.12534e-01  8.44356e+41  3.76271e+05  2.43534e+47  1.93281e+02  6.78968e+46
 1.16538e+02  8.08430e+04  5.53427e+44  5.20718e+00  4.39227e-01  7.74702e+41  3.76271e+05  2.59713e+47  2.06121e+02  7.17139e+46
 1.20347e+02  7.86632e+04  5.29066e+44  4.97798e+00  4.19894e-01  6.17181e+41  3.76271e+05  2.76966e+47  2.19815e+02  7.58456e+46
 1.24280e+02  7.44783e+04  4.53395e+44  4.26599e+00  3.59838e-01  4.84216e+41  3.76271e+05  2.95366e+47  2.34418e+02  8.03089e+46
 1.28342e+02  7.05161e+04  3.88547e+44  3.65583e+00  3.08371e-01  4.35378e+41  3.76271e+05  3.14988e+47  2.49991e+02  8.51224e+46
 1.32537e+02  6.86147e+04  3.71445e+44  3.49492e+00  2.94797e-01  3.05557e+41  3.76271e+05  3.35914e+47  2.66598e+02  9.03059e+46
 1.36868e+02  6.49644e+04  3.18318e+44  2.99505e+00  2.52633e-01  2.12645e+41  3.76271e+05  3.58230e+47  2.84309e+02  9.58809e+46
 1.41341e+02  6.32128e+04  3.04306e+44  2.86321e+00  2.41513e-01  1.97746e+41  3.76271e+05  3.82028e+47  3.03197e+02  1.01871e+47
 1.45961e+02  5.98498e+04  2.60782e+44  2.45369e+00  2.06970e-01  7.49678e+40  3.76271e+05  4.07408e+47  3.23339e+02  1.08299e+47
 1.50731e+02  5.82361e+04  2.49303e+44  2.34569e+00  1.97860e-01  1.32144e+41  3.76271e+05  4.34473e+47  3.44820e+02  1.15194e+47
 1.55658e+02  5.51379e+04  2.13646e+44  2.01019e+00  1.69560e-01  8.58155e+39  3.76271e+05  4.63337e+47  3.67728e+02  1.22584e+47
 1.60745e+02  5.36512e+04  2.04242e+44  1.92171e+00  1.62097e-01  9.81037e+40  3.76271e+05  4.94118e+47  3.92157e+02  1.30498e+47
 1.65998e+02  5.07970e+04  1.75030e+44  1.64685e+00  1.38912e-01  2.28603e+40  3.76271e+05  5.26944e+47  4.18209e+02  1.38971e+47
 1.71424e+02  4.94273e+04  1.67325e+44  1.57436e+00  1.32798e-01  1.10371e+41  3.63750e+05  4.90805e+47  3.89528e+02  1.45948e+47
 1.77026e+02  4.67978e+04  1.43393e+44  1.34919e+00  1.13804e-01  1.59229e+41  3.63750e+05  5.23411e+47  4.15405e+02  1.49934e+47
 1.82812e+02  4.55359e+04  1.37082e+44  1.28980e+00  1.08795e-01  2.18749e+41  3.63750e+05  5.58182e+47  4.43002e+02  1.54557e+47
 1.88787e+02  4.43081e+04  1.31048e+44  1.23303e+00  1.04006e-01  4.35328e+41  3.63750e+05  5.95264e+47  4.72432e+02  1.59839e+47
 1.94957e+02  4.19509e+04  1.12304e+44  1.05667e+00  8.91303e-02  5.20699e+41  3.63750e+05  6.34810e+47  5.03817e+02  1.65799e+47
 2.01328e+02  4.08198e+04  1.07361e+44  1.01016e+00  8.52071e-02  6.75517e+41  3.63750e+05  6.76982e+47  5.37288e+02  1.72463e+47
