radius(rg)  best_T_OUV(K) best_L_OUV(erg/s) best_L_OUV/L_OUV best_L_OUV/L_Edd chi2_OUV  best_T_X(K) best_L_X(erg/s) best_L_X/L_Edd chi2_X
 1.82812e+02  7.86632e+04  1.22081e+45  4.83938e+00  9.68898e-01  6.74824e+41  4.60983e+05  1.43979e+48  1.14269e+03  1.29391e+48
 1.88787e+02  7.44783e+04  1.04620e+45  4.14722e+00  8.30319e-01  6.08516e+41  4.60983e+05  1.53544e+48  1.21861e+03  1.37034e+48
 1.94957e+02  7.24701e+04  1.00015e+45  3.96467e+00  7.93771e-01  4.09640e+41  4.60983e+05  1.63745e+48  1.29956e+03  1.45247e+48
 2.01328e+02  6.86147e+04  8.57102e+44  3.39761e+00  6.80240e-01  2.20856e+41  4.60983e+05  1.74623e+48  1.38590e+03  1.54063e+48
 2.07908e+02  6.49644e+04  7.34512e+44  2.91166e+00  5.82946e-01  3.10909e+41  4.60983e+05  1.86224e+48  1.47797e+03  1.63519e+48
 2.14703e+02  6.32128e+04  7.02182e+44  2.78350e+00  5.57287e-01  5.08177e+40  4.60983e+05  1.98595e+48  1.57615e+03  1.73654e+48
 2.21720e+02  5.98498e+04  6.01750e+44  2.38538e+00  4.77579e-01  1.14137e+41  4.60983e+05  2.11789e+48  1.68086e+03  1.84510e+48
 2.28967e+02  5.82361e+04  5.75263e+44  2.28038e+00  4.56558e-01  3.88323e+40  4.60983e+05  2.25858e+48  1.79253e+03  1.96132e+48
 2.36450e+02  5.51379e+04  4.92984e+44  1.95422e+00  3.91257e-01  1.49217e+41  4.60983e+05  2.40863e+48  1.91161e+03  2.08568e+48
 2.44178e+02  5.36512e+04  4.71285e+44  1.86821e+00  3.74036e-01  1.68555e+41  4.60983e+05  2.56864e+48  2.03860e+03  2.21869e+48
 2.52158e+02  5.07970e+04  4.03878e+44  1.60100e+00  3.20538e-01  4.47618e+41  4.60983e+05  2.73929e+48  2.17404e+03  2.36091e+48
 2.60399e+02  4.94273e+04  3.86101e+44  1.53053e+00  3.06429e-01  4.84439e+41  4.60983e+05  2.92127e+48  2.31846e+03  2.51292e+48
 2.68910e+02  4.80946e+04  3.69106e+44  1.46316e+00  2.92941e-01  9.49212e+41  4.60983e+05  3.11533e+48  2.47249e+03  2.67536e+48
 2.77699e+02  4.55359e+04  3.16313e+44  1.25389e+00  2.51042e-01  1.11469e+42  4.60983e+05  3.32230e+48  2.63674e+03  2.84889e+48
 2.86774e+02  4.43081e+04  3.02390e+44  1.19870e+00  2.39992e-01  1.48629e+42  4.60983e+05  3.54301e+48  2.81191e+03  3.03423e+48
 2.96147e+02  4.31134e+04  2.89080e+44  1.14593e+00  2.29429e-01  2.20162e+42  4.60983e+05  3.77838e+48  2.99872e+03  3.23215e+48
