radius(rg)  best_T_OUV(K) best_L_OUV(erg/s) best_L_OUV/L_OUV best_L_OUV/L_Edd chi2_OUV  best_T_X(K) best_L_X(erg/s) best_L_X/L_Edd chi2_X
 4.89061e+01  1.51591e+05  1.20495e+45  2.81151e+01  9.56310e-01  3.42047e+41  4.02620e+05  5.99599e+46  4.75872e+01  2.22603e+46
 5.05045e+01  1.43526e+05  1.03261e+45  2.40939e+01  8.19532e-01  3.13449e+41  4.02620e+05  6.39433e+46  5.07486e+01  2.38328e+46
 5.21551e+01  1.35890e+05  8.84918e+44  2.06478e+01  7.02316e-01  2.85718e+41  4.02620e+05  6.81912e+46  5.41200e+01  2.55154e+46
 5.38597e+01  1.28661e+05  7.58350e+44  1.76946e+01  6.01865e-01  2.59658e+41  4.02620e+05  7.27214e+46  5.77154e+01  2.73150e+46
 5.56199e+01  1.21816e+05  6.49885e+44  1.51638e+01  5.15782e-01  2.36417e+41  4.02620e+05  7.75525e+46  6.15496e+01  2.92390e+46
 5.74378e+01  1.15336e+05  5.56933e+44  1.29949e+01  4.42011e-01  2.17551e+41  4.02620e+05  8.27046e+46  6.56386e+01  3.12954e+46
 5.93150e+01  1.12226e+05  5.32419e+44  1.24229e+01  4.22555e-01  1.83600e+41  4.02620e+05  8.81989e+46  6.99992e+01  3.34928e+46
 6.12535e+01  1.06255e+05  4.56268e+44  1.06461e+01  3.62118e-01  1.46560e+41  4.02620e+05  9.40583e+46  7.46494e+01  3.58402e+46
 6.32555e+01  1.00603e+05  3.91009e+44  9.12341e+00  3.10325e-01  1.15018e+41  4.02620e+05  1.00307e+47  7.96086e+01  3.83473e+46
 6.53228e+01  9.52506e+04  3.35084e+44  7.81851e+00  2.65940e-01  9.23221e+40  4.02620e+05  1.06971e+47  8.48973e+01  4.10246e+46
 6.74577e+01  9.01833e+04  2.87158e+44  6.70025e+00  2.27903e-01  8.26573e+40  4.02620e+05  1.14077e+47  9.05373e+01  4.38830e+46
 6.96624e+01  8.77516e+04  2.74518e+44  6.40532e+00  2.17871e-01  6.87188e+40  4.02620e+05  1.21656e+47  9.65520e+01  4.69344e+46
 7.19392e+01  8.30832e+04  2.35254e+44  5.48918e+00  1.86710e-01  3.42567e+40  4.02620e+05  1.29738e+47  1.02966e+02  5.01915e+46
 7.42903e+01  7.86632e+04  2.01606e+44  4.70408e+00  1.60005e-01  2.12470e+40  4.02620e+05  1.38356e+47  1.09807e+02  5.36678e+46
 7.67183e+01  7.44783e+04  1.72771e+44  4.03126e+00  1.37120e-01  3.77172e+40  4.02620e+05  1.47548e+47  1.17102e+02  5.73775e+46
 7.92257e+01  7.24701e+04  1.65166e+44  3.85382e+00  1.31084e-01  6.11970e+39  4.02620e+05  1.57350e+47  1.24881e+02  6.13361e+46
 8.18150e+01  6.86147e+04  1.41543e+44  3.30262e+00  1.12336e-01  5.49087e+39  3.89223e+05  1.46559e+47  1.16316e+02  6.48712e+46
 8.44889e+01  6.67646e+04  1.35313e+44  3.15725e+00  1.07391e-01  2.82368e+40  3.89223e+05  1.56295e+47  1.24044e+02  6.68769e+46
 8.72502e+01  6.32128e+04  1.15959e+44  2.70567e+00  9.20311e-02  1.35404e+40  3.89223e+05  1.66678e+47  1.32284e+02  6.91708e+46
 9.01018e+01  5.98498e+04  9.93738e+43  2.31869e+00  7.88681e-02  6.18443e+40  3.89223e+05  1.77751e+47  1.41072e+02  7.17624e+46
 9.30466e+01  5.82361e+04  9.49997e+43  2.21663e+00  7.53966e-02  5.28699e+40  3.89223e+05  1.89560e+47  1.50444e+02  7.46623e+46
 9.60876e+01  5.51379e+04  8.14121e+43  1.89959e+00  6.46128e-02  1.13950e+41  3.89223e+05  2.02153e+47  1.60439e+02  7.78827e+46
 9.92280e+01  5.36512e+04  7.78286e+43  1.81597e+00  6.17687e-02  1.21831e+41  3.89223e+05  2.15583e+47  1.71097e+02  8.14368e+46
 1.02471e+02  5.22046e+04  7.44028e+43  1.73604e+00  5.90499e-02  2.10394e+41  3.89223e+05  2.29904e+47  1.82464e+02  8.53393e+46
 1.05820e+02  4.94273e+04  6.37612e+43  1.48774e+00  5.06041e-02  2.29089e+41  3.89223e+05  2.45178e+47  1.94586e+02  8.96064e+46
 1.09278e+02  4.80946e+04  6.09546e+43  1.42225e+00  4.83767e-02  3.12538e+41  3.89223e+05  2.61466e+47  2.07513e+02  9.42558e+46
 1.12850e+02  4.55359e+04  5.22364e+43  1.21883e+00  4.14575e-02  3.97498e+41  3.89223e+05  2.78836e+47  2.21298e+02  9.93066e+46
 1.16538e+02  4.43081e+04  4.99371e+43  1.16518e+00  3.96326e-02  4.67651e+41  3.89223e+05  2.97360e+47  2.36000e+02  1.04780e+47
 1.20347e+02  4.31134e+04  4.77391e+43  1.11389e+00  3.78881e-02  5.95186e+41  3.89223e+05  3.17114e+47  2.51678e+02  1.10698e+47
