radius_rg T_0deg L_0deg L_over_Edd_0deg chi2_0deg T_15deg L_15deg L_over_Edd_15deg chi2_15deg T_30deg L_30deg L_over_Edd_30deg chi2_30deg T_45deg L_45deg L_over_Edd_45deg chi2_45deg nuLnusavg_last
 1.32537e+02  9.01833e+04  1.10848e+45  8.79748e-01  2.86949e+42  9.01833e+04  1.10848e+45  8.79748e-01  3.16907e+42  8.53855e+04  8.90762e+44  7.06954e-01  3.51486e+42  8.53855e+04  8.90762e+44  7.06954e-01  3.30284e+42  2.76977e+44
 1.36868e+02  8.77516e+04  1.05969e+45  8.41024e-01  2.67825e+42  8.53855e+04  9.49939e+44  7.53920e-01  2.85994e+42  8.30832e+04  8.51554e+44  6.75836e-01  3.17790e+42  8.08430e+04  7.63359e+44  6.05840e-01  3.04299e+42  2.76977e+44
 1.41341e+02  8.30832e+04  9.08125e+44  7.20734e-01  2.32604e+42  8.08430e+04  8.14071e+44  6.46088e-01  2.61136e+42  7.86632e+04  7.29758e+44  5.79173e-01  2.83464e+42  7.86632e+04  7.29758e+44  5.79173e-01  2.79174e+42  2.76977e+44
 1.45961e+02  7.86632e+04  7.78238e+44  6.17649e-01  2.03868e+42  7.86632e+04  7.78238e+44  6.17649e-01  2.38890e+42  7.44783e+04  6.25382e+44  4.96335e-01  2.57213e+42  7.44783e+04  6.25382e+44  4.96335e-01  2.42766e+42  2.76977e+44
 1.50731e+02  7.44783e+04  6.66929e+44  5.29308e-01  1.84483e+42  7.44783e+04  6.66929e+44  5.29308e-01  2.03112e+42  7.24701e+04  5.97855e+44  4.74488e-01  2.32353e+42  7.05161e+04  5.35935e+44  4.25346e-01  2.16255e+42  2.76977e+44
 1.55658e+02  7.24701e+04  6.37573e+44  5.06010e-01  1.58306e+42  7.05161e+04  5.71539e+44  4.53603e-01  1.78116e+42  6.86147e+04  5.12345e+44  4.06623e-01  1.96537e+42  6.86147e+04  5.12345e+44  4.06623e-01  1.94452e+42  2.76977e+44
 1.60745e+02  6.86147e+04  5.46382e+44  4.33636e-01  1.29690e+42  6.86147e+04  5.46382e+44  4.33636e-01  1.59298e+42  6.49644e+04  4.39066e+44  3.48465e-01  1.75082e+42  6.49644e+04  4.39066e+44  3.48465e-01  1.59596e+42  2.76977e+44
 1.65998e+02  6.49644e+04  4.68234e+44  3.71614e-01  1.17353e+42  6.49644e+04  4.68234e+44  3.71614e-01  1.25694e+42  6.32128e+04  4.19739e+44  3.33126e-01  1.46161e+42  6.15083e+04  3.76267e+44  2.98625e-01  1.42298e+42  2.76977e+44
 1.71424e+02  6.32128e+04  4.47624e+44  3.55257e-01  8.72240e+41  6.15083e+04  4.01264e+44  3.18463e-01  1.11129e+42  5.98498e+04  3.59705e+44  2.85480e-01  1.20002e+42  5.98498e+04  3.59705e+44  2.85480e-01  1.11591e+42  2.76977e+44
 1.77026e+02  5.98498e+04  3.83601e+44  3.04446e-01  7.11701e+41  5.98498e+04  3.83601e+44  3.04446e-01  8.27695e+41  5.82361e+04  3.43872e+44  2.72914e-01  1.01819e+42  5.66658e+04  3.08257e+44  2.44649e-01  9.29746e+41  2.76977e+44
 1.82812e+02  5.82361e+04  3.66716e+44  2.91045e-01  5.27938e+41  5.66658e+04  3.28736e+44  2.60901e-01  6.72279e+41  5.51379e+04  2.94689e+44  2.33880e-01  7.47209e+41  5.51379e+04  2.94689e+44  2.33880e-01  6.96827e+41  2.76977e+44
 1.88787e+02  5.51379e+04  3.14266e+44  2.49417e-01  3.72846e+41  5.51379e+04  3.14266e+44  2.49417e-01  4.67366e+41  5.36512e+04  2.81717e+44  2.23585e-01  6.16631e+41  5.22046e+04  2.52540e+44  2.00429e-01  5.52591e+41  2.76977e+44
 1.94957e+02  5.36512e+04  3.00433e+44  2.38439e-01  2.47486e+41  5.22046e+04  2.69317e+44  2.13744e-01  3.62013e+41  5.07970e+04  2.41424e+44  1.91606e-01  4.00863e+41  5.07970e+04  2.41424e+44  1.91606e-01  3.43409e+41  2.76977e+44
 2.01328e+02  5.07970e+04  2.57463e+44  2.04335e-01  1.69801e+41  5.07970e+04  2.57463e+44  2.04335e-01  1.82445e+41  4.94273e+04  2.30797e+44  1.83172e-01  2.72556e+41  4.80946e+04  2.06894e+44  1.64201e-01  3.28554e+41  2.76977e+44
 2.07908e+02  4.94273e+04  2.46130e+44  1.95341e-01  5.15981e+40  4.80946e+04  2.20638e+44  1.75110e-01  2.21760e+41  4.67978e+04  1.97787e+44  1.56974e-01  2.12528e+41  4.67978e+04  1.97787e+44  1.56974e-01  1.02373e+41  2.76977e+44
 2.14703e+02  4.67978e+04  2.10927e+44  1.67402e-01  1.62378e+41  4.67978e+04  2.10927e+44  1.67402e-01  2.46248e+40  4.55359e+04  1.89081e+44  1.50064e-01  4.87471e+40  4.55359e+04  1.89081e+44  1.50064e-01  1.08387e+41  2.76977e+44
 2.21720e+02  4.55359e+04  2.01642e+44  1.60033e-01  1.23552e+40  4.55359e+04  2.01642e+44  1.60033e-01  7.44966e+40  4.43081e+04  1.80758e+44  1.43459e-01  1.07352e+41  4.31134e+04  1.62037e+44  1.28601e-01  7.77864e+40  2.76977e+44
 2.28967e+02  4.43081e+04  1.92767e+44  1.52989e-01  1.01272e+41  4.31134e+04  1.72802e+44  1.37144e-01  1.07274e+41  4.19509e+04  1.54905e+44  1.22940e-01  7.20644e+40  4.19509e+04  1.54905e+44  1.22940e-01  1.08309e+40  2.76977e+44
 2.36450e+02  4.19509e+04  1.65196e+44  1.31108e-01  2.71617e+41  4.19509e+04  1.65196e+44  1.31108e-01  8.07937e+40  4.08198e+04  1.48086e+44  1.17529e-01  4.53279e+40  4.08198e+04  1.48086e+44  1.17529e-01  1.28603e+41  2.76977e+44
