radius_rg T_0deg L_0deg L_over_Edd_0deg chi2_0deg T_15deg L_15deg L_over_Edd_15deg chi2_15deg T_30deg L_30deg L_over_Edd_30deg chi2_30deg T_45deg L_45deg L_over_Edd_45deg chi2_45deg nuLnusavg_last
 7.19392e+01  9.78901e+04  4.53355e+44  3.59806e-01  4.56983e+41  1.03390e+05  5.64164e+44  4.47749e-01  7.42836e+41  1.12226e+05  7.83170e+44  6.21563e-01  1.42265e+42  1.25192e+05  1.21280e+45  9.62541e-01  2.10291e+42  1.32573e+44
 7.42903e+01  9.52506e+04  4.33400e+44  3.43968e-01  4.10106e+41  9.78901e+04  4.83473e+44  3.83709e-01  6.54807e+41  1.06255e+05  6.71155e+44  5.32662e-01  1.33356e+42  1.18532e+05  1.03934e+45  8.24871e-01  1.99762e+42  1.32573e+44
 7.67183e+01  9.01833e+04  3.71412e+44  2.94771e-01  3.35660e+41  9.26823e+04  4.14323e+44  3.28828e-01  5.76460e+41  1.00603e+05  5.75161e+44  4.56477e-01  1.25345e+42  1.15336e+05  9.93589e+44  7.88563e-01  1.89135e+42  1.32573e+44
 7.92257e+01  8.53855e+04  3.18289e+44  2.52611e-01  2.77504e+41  8.77516e+04  3.55063e+44  2.81796e-01  5.13508e+41  9.78901e+04  5.49844e+44  4.36384e-01  1.14298e+42  1.09200e+05  8.51478e+44  6.75776e-01  1.75187e+42  1.32573e+44
 8.18150e+01  8.08430e+04  2.72765e+44  2.16480e-01  2.43106e+41  8.30832e+04  3.04279e+44  2.41492e-01  4.73033e+41  9.26823e+04  4.71201e+44  3.73969e-01  1.02489e+42  1.03390e+05  7.29693e+44  5.79122e-01  1.61478e+42  1.32573e+44
 8.44889e+01  7.86632e+04  2.60759e+44  2.06952e-01  2.07068e+41  8.08430e+04  2.90886e+44  2.30862e-01  3.86856e+41  8.77516e+04  4.03806e+44  3.20481e-01  9.21488e+41  9.78901e+04  6.25327e+44  4.96291e-01  1.48468e+42  1.32573e+44
 8.72502e+01  7.44783e+04  2.23463e+44  1.77352e-01  1.40414e+41  7.65422e+04  2.49281e+44  1.97842e-01  3.12922e+41  8.30832e+04  3.46051e+44  2.74644e-01  8.40522e+41  9.26823e+04  5.35888e+44  4.25308e-01  1.36742e+42  1.32573e+44
 9.01018e+01  7.05161e+04  1.91502e+44  1.51986e-01  1.14474e+41  7.24701e+04  2.13627e+44  1.69545e-01  2.77071e+41  8.08430e+04  3.30819e+44  2.62555e-01  7.57859e+41  8.77516e+04  4.59241e+44  3.64477e-01  1.27033e+42  1.32573e+44
 9.30466e+01  6.86147e+04  1.83072e+44  1.45296e-01  8.99678e+40  7.05161e+04  2.04224e+44  1.62082e-01  2.14143e+41  7.65422e+04  2.83503e+44  2.25002e-01  6.34757e+41  8.53855e+04  4.39027e+44  3.48434e-01  1.14456e+42  1.32573e+44
 9.60876e+01  6.49644e+04  1.56888e+44  1.24514e-01  4.11996e+40  6.67646e+04  1.75014e+44  1.38900e-01  1.51648e+41  7.24701e+04  2.42954e+44  1.92821e-01  5.51000e+41  8.08430e+04  3.76234e+44  2.98598e-01  9.99035e+41  1.32573e+44
 9.92280e+01  6.15083e+04  1.34449e+44  1.06705e-01  6.23921e+40  6.49644e+04  1.67311e+44  1.32786e-01  1.53675e+41  7.05161e+04  2.32260e+44  1.84333e-01  4.92645e+41  7.65422e+04  3.22422e+44  2.55890e-01  8.88593e+41  1.32573e+44
 1.02471e+02  5.98498e+04  1.28531e+44  1.02008e-01  7.01266e+39  6.15083e+04  1.43381e+44  1.13794e-01  6.93913e+40  6.67646e+04  1.99040e+44  1.57968e-01  3.73298e+41  7.44783e+04  3.08230e+44  2.44627e-01  8.15903e+41  1.32573e+44
 1.05820e+02  5.66658e+04  1.10147e+44  8.74185e-02  3.33643e+40  5.82361e+04  1.22873e+44  9.75184e-02  6.98547e+40  6.32128e+04  1.70572e+44  1.35375e-01  3.23153e+41  7.05161e+04  2.64144e+44  2.09638e-01  6.58046e+41  1.32573e+44
 1.09278e+02  5.51379e+04  1.05299e+44  8.35706e-02  5.18240e+39  5.66658e+04  1.17465e+44  9.32260e-02  1.95561e+40  6.15083e+04  1.63064e+44  1.29416e-01  2.36836e+41  6.67646e+04  2.26364e+44  1.79654e-01  5.62608e+41  1.32573e+44
 1.12850e+02  5.22046e+04  9.02383e+43  7.16177e-02  5.85745e+40  5.36512e+04  1.00664e+44  7.98921e-02  3.64555e+40  5.82361e+04  1.39741e+44  1.10906e-01  1.76961e+41  6.49644e+04  2.16401e+44  1.71747e-01  4.80548e+41  1.32573e+44
 1.16538e+02  5.07970e+04  8.62663e+43  6.84653e-02  4.03785e+40  5.22046e+04  9.62331e+43  7.63755e-02  1.87927e+39  5.66658e+04  1.33590e+44  1.06024e-01  1.28091e+41  6.15083e+04  1.85449e+44  1.47182e-01  3.56805e+41  1.32573e+44
 1.20347e+02  4.94273e+04  8.24691e+43  6.54517e-02  1.16627e+41  4.94273e+04  8.24691e+43  6.54517e-02  6.54272e+40  5.36512e+04  1.14483e+44  9.08596e-02  7.86405e+40  5.98498e+04  1.77286e+44  1.40704e-01  3.32739e+41  1.32573e+44
 1.24280e+02  4.67978e+04  7.06737e+43  5.60903e-02  1.33068e+41  4.80946e+04  7.88391e+43  6.25707e-02  3.07355e+40  5.22046e+04  1.09444e+44  8.68603e-02  4.51284e+40  5.66658e+04  1.51930e+44  1.20579e-01  1.95361e+41  1.32573e+44
 1.28342e+02  4.55359e+04  6.75629e+43  5.36213e-02  1.94117e+41  4.67978e+04  7.53688e+43  5.98165e-02  8.64479e+40  4.94273e+04  9.37904e+43  7.44369e-02  3.88786e+40  5.36512e+04  1.30199e+44  1.03333e-01  2.00909e+41  1.32573e+44
 1.32537e+02  4.31134e+04  5.78995e+43  4.59520e-02  3.25252e+41  4.43081e+04  6.45890e+43  5.12611e-02  1.40557e+41  4.80946e+04  8.96621e+43  7.11604e-02  2.23030e+39  5.22046e+04  1.24468e+44  9.87845e-02  7.70621e+40  1.32573e+44
 1.36868e+02  4.19509e+04  5.53510e+43  4.39293e-02  3.64464e+41  4.31134e+04  6.17460e+43  4.90047e-02  1.73935e+41  4.67978e+04  8.57154e+43  6.80281e-02  6.72271e+40  5.07970e+04  1.18990e+44  9.44363e-02  8.88166e+40  1.32573e+44
 1.41341e+02  4.08198e+04  5.29146e+43  4.19957e-02  4.70096e+41  4.19509e+04  5.90281e+43  4.68477e-02  2.79751e+41  4.43081e+04  7.34558e+43  5.82982e-02  3.59191e+40  4.80946e+04  1.01971e+44  8.09293e-02  1.94247e+40  1.32573e+44
