radius_rg T_0deg L_0deg L_over_Edd_0deg chi2_0deg T_15deg L_15deg L_over_Edd_15deg chi2_15deg T_30deg L_30deg L_over_Edd_30deg chi2_30deg T_45deg L_45deg L_over_Edd_45deg chi2_45deg nuLnusavg_last
 4.30027e+01  1.09200e+05  2.50861e+44  1.99096e-01  3.21013e+40  1.25192e+05  4.33361e+44  3.43938e-01  2.41032e+41  1.47503e+05  8.35124e+44  6.62797e-01  6.37506e+41  1.60108e+05  1.15932e+45  9.20091e-01  8.22141e+41  6.12708e+43
 4.44081e+01  1.06255e+05  2.39819e+44  1.90332e-01  3.18089e+40  1.18532e+05  3.71379e+44  2.94745e-01  2.23652e+41  1.39656e+05  7.15678e+44  5.67999e-01  6.03961e+41  1.51591e+05  9.93501e+44  7.88493e-01  7.81995e+41  6.12708e+43
 4.58595e+01  1.00603e+05  2.05518e+44  1.63110e-01  1.74375e+40  1.15336e+05  3.55032e+44  2.81771e-01  1.98363e+41  1.35890e+05  6.84176e+44  5.42997e-01  5.65456e+41  1.43526e+05  8.51403e+44  6.75716e-01  7.41549e+41  6.12708e+43
 4.73583e+01  9.52506e+04  1.76123e+44  1.39780e-01  7.37354e+39  1.09200e+05  3.04252e+44  2.41470e-01  1.70135e+41  1.28661e+05  5.86320e+44  4.65334e-01  5.24252e+41  1.35890e+05  7.29629e+44  5.79070e-01  7.01159e+41  6.12708e+43
 4.89061e+01  9.01833e+04  1.50933e+44  1.19788e-01  3.80509e+39  1.03390e+05  2.60736e+44  2.06933e-01  1.44289e+41  1.21816e+05  5.02460e+44  3.98778e-01  4.82215e+41  1.28661e+05  6.25271e+44  4.96247e-01  6.61411e+41  6.12708e+43
 5.05045e+01  8.53855e+04  1.29345e+44  1.02655e-01  9.44131e+39  9.78901e+04  2.23443e+44  1.77336e-01  1.22637e+41  1.15336e+05  4.30594e+44  3.41742e-01  4.40295e+41  1.21816e+05  5.35840e+44  4.25270e-01  6.23163e+41  6.12708e+43
 5.21551e+01  8.30832e+04  1.23652e+44  9.81364e-02  8.00047e+39  9.26823e+04  1.91485e+44  1.51972e-01  1.07464e+41  1.09200e+05  3.69008e+44  2.92863e-01  3.99790e+41  1.18532e+05  5.12254e+44  4.06551e-01  5.83115e+41  6.12708e+43
 5.38597e+01  7.86632e+04  1.05966e+44  8.41001e-02  1.71458e+39  9.01833e+04  1.83056e+44  1.45283e-01  1.00878e+41  1.03390e+05  3.16229e+44  2.50976e-01  3.62405e+41  1.12226e+05  4.38988e+44  3.48403e-01  5.30348e+41  6.12708e+43
 5.56199e+01  7.44783e+04  9.08101e+43  7.20715e-02  1.05370e+40  8.53855e+04  1.56874e+44  1.24503e-01  6.95318e+40  9.78901e+04  2.71000e+44  2.15079e-01  3.30332e+41  1.06255e+05  3.76200e+44  2.98572e-01  4.78881e+41  6.12708e+43
 5.74378e+01  7.24701e+04  8.68129e+43  6.88991e-02  2.10141e+40  8.08430e+04  1.34437e+44  1.06696e-01  4.90143e+40  9.26823e+04  2.32239e+44  1.84317e-01  3.06337e+41  1.00603e+05  3.22393e+44  2.55868e-01  4.30753e+41  6.12708e+43
 5.93150e+01  6.86147e+04  7.43962e+43  5.90446e-02  2.02605e+40  7.65422e+04  1.15209e+44  9.14354e-02  4.37700e+40  9.01833e+04  2.22017e+44  1.76204e-01  2.59102e+41  9.52506e+04  2.76282e+44  2.19271e-01  3.88572e+41  6.12708e+43
 6.12535e+01  6.49644e+04  6.37555e+43  5.05996e-02  4.49353e+40  7.44783e+04  1.10137e+44  8.74107e-02  3.10183e+40  8.53855e+04  1.90262e+44  1.51002e-01  2.15963e+41  9.01833e+04  2.36766e+44  1.87910e-01  3.55617e+41  6.12708e+43
 6.32555e+01  6.32128e+04  6.09492e+43  4.83724e-02  4.94485e+40  7.05161e+04  9.43848e+43  7.49085e-02  1.23758e+40  8.08430e+04  1.63049e+44  1.29404e-01  1.86136e+41  8.77516e+04  2.26344e+44  1.79638e-01  3.16036e+41  6.12708e+43
 6.53228e+01  5.98498e+04  5.22318e+43  4.14538e-02  7.34374e+40  6.67646e+04  8.08851e+43  6.41945e-02  1.96365e+40  7.86632e+04  1.55873e+44  1.23708e-01  1.72641e+41  8.30832e+04  1.93971e+44  1.53945e-01  2.60853e+41  6.12708e+43
 6.74577e+01  5.82361e+04  4.99327e+43  3.96291e-02  9.34543e+40  6.49644e+04  7.73248e+43  6.13689e-02  4.42764e+39  7.44783e+04  1.33578e+44  1.06015e-01  1.22356e+41  7.86632e+04  1.66228e+44  1.31927e-01  2.21354e+41  6.12708e+43
 6.96624e+01  5.51379e+04  4.27909e+43  3.39611e-02  1.23609e+41  6.15083e+04  6.62652e+43  5.25915e-02  6.40766e+39  7.05161e+04  1.14473e+44  9.08516e-02  9.52906e+40  7.44783e+04  1.42452e+44  1.13058e-01  2.03887e+41  6.12708e+43
 7.19392e+01  5.36512e+04  4.09074e+43  3.24662e-02  1.51502e+41  5.98498e+04  6.33484e+43  5.02765e-02  1.26122e+40  6.86147e+04  1.09434e+44  8.68526e-02  8.79262e+40  7.24701e+04  1.36182e+44  1.08081e-01  1.50130e+41  6.12708e+43
 7.42903e+01  5.07970e+04  3.50565e+43  2.78226e-02  1.98941e+41  5.66658e+04  5.42879e+43  4.30856e-02  1.55132e+40  6.49644e+04  9.37821e+43  7.44303e-02  4.57169e+40  6.86147e+04  1.16704e+44  9.26225e-02  1.15653e+41  6.12708e+43
 7.67183e+01  4.94273e+04  3.35134e+43  2.65980e-02  2.28252e+41  5.51379e+04  5.18983e+43  4.11891e-02  3.35549e+40  6.15083e+04  8.03687e+43  6.37847e-02  4.38966e+40  6.67646e+04  1.11567e+44  8.85456e-02  1.07078e+41  6.12708e+43
 7.92257e+01  4.80946e+04  3.20383e+43  2.54272e-02  2.94183e+41  5.22046e+04  4.44754e+43  3.52979e-02  4.80386e+40  5.98498e+04  7.68311e+43  6.09771e-02  1.71723e+40  6.32128e+04  9.56102e+43  7.58811e-02  5.74683e+40  6.12708e+43
 8.18150e+01  4.55359e+04  2.74559e+43  2.17904e-02  3.35845e+41  5.07970e+04  4.25177e+43  3.37442e-02  6.94734e+40  5.66658e+04  6.58421e+43  5.22557e-02  1.64832e+40  5.98498e+04  8.19353e+43  6.50280e-02  5.61586e+40  6.12708e+43
 8.44889e+01  4.43081e+04  2.62474e+43  2.08313e-02  3.93992e+41  4.80946e+04  3.64365e+43  2.89179e-02  1.12157e+41  5.51379e+04  6.29440e+43  4.99555e-02  5.29700e+39  5.82361e+04  7.83287e+43  6.21657e-02  2.09087e+40  6.12708e+43
 8.72502e+01  4.31134e+04  2.50921e+43  1.99143e-02  4.81608e+41  4.67978e+04  3.48327e+43  2.76450e-02  1.30341e+41  5.22046e+04  5.39412e+43  4.28105e-02  1.84842e+40  5.51379e+04  6.71256e+43  5.32742e-02  2.51110e+40  6.12708e+43
