radius_rg T_0deg L_0deg L_over_Edd_0deg chi2_0deg T_15deg L_15deg L_over_Edd_15deg chi2_15deg T_30deg L_30deg L_over_Edd_30deg chi2_30deg T_45deg L_45deg L_over_Edd_45deg chi2_45deg nuLnusavg_last
 3.21954e+01  1.12226e+05  1.56860e+44  1.24492e-01  2.70192e+40  1.32226e+05  3.02283e+44  2.39907e-01  1.86795e+41  1.64545e+05  7.24906e+44  5.75322e-01  4.24314e+41  1.83556e+05  1.12258e+45  8.90933e-01  5.14573e+41  4.08477e+43
 3.32476e+01  1.06255e+05  1.34425e+44  1.06686e-01  2.26328e+40  1.25192e+05  2.59048e+44  2.05594e-01  1.74375e+41  1.55791e+05  6.21224e+44  4.93035e-01  4.02997e+41  1.73791e+05  9.62016e+44  7.63505e-01  4.90741e+41  4.08477e+43
 3.43343e+01  1.00603e+05  1.15198e+44  9.14273e-02  2.08060e+40  1.21816e+05  2.47646e+44  1.96544e-01  1.59078e+41  1.47503e+05  5.32372e+44  4.22517e-01  3.81842e+41  1.64545e+05  8.24421e+44  6.54302e-01  4.66876e+41  4.08477e+43
 3.54564e+01  9.78901e+04  1.10128e+44  8.74030e-02  1.72994e+40  1.15336e+05  2.12225e+44  1.68433e-01  1.40971e+41  1.39656e+05  4.56228e+44  3.62086e-01  3.61029e+41  1.55791e+05  7.06506e+44  5.60719e-01  4.42961e+41  4.08477e+43
 3.66152e+01  9.26823e+04  9.43764e+43  7.49019e-02  8.70379e+39  1.09200e+05  1.81871e+44  1.44342e-01  1.23523e+41  1.32226e+05  3.90975e+44  3.10297e-01  3.40860e+41  1.47503e+05  6.05456e+44  4.80521e-01  4.19074e+41  4.08477e+43
 3.78119e+01  8.77516e+04  8.08780e+43  6.41889e-02  4.04956e+39  1.03390e+05  1.55859e+44  1.23697e-01  1.07578e+41  1.28661e+05  3.73765e+44  2.96639e-01  3.15119e+41  1.39656e+05  5.18859e+44  4.11793e-01  3.95409e+41  4.08477e+43
 3.90477e+01  8.30832e+04  6.93102e+43  5.50081e-02  5.02026e+39  9.78901e+04  1.33567e+44  1.06005e-01  9.42246e+40  1.21816e+05  3.20306e+44  2.54211e-01  2.88774e+41  1.32226e+05  4.44648e+44  3.52895e-01  3.72299e+41  4.08477e+43
 4.03238e+01  8.08430e+04  6.62594e+43  5.25868e-02  6.55275e+39  9.26823e+04  1.14463e+44  9.08435e-02  8.48319e+40  1.15336e+05  2.74494e+44  2.17852e-01  2.62462e+41  1.25192e+05  3.81051e+44  3.02421e-01  3.50244e+41  4.08477e+43
 4.16417e+01  7.65422e+04  5.67824e+43  4.50654e-02  4.66875e+38  9.01833e+04  1.09425e+44  8.68449e-02  7.41867e+40  1.09200e+05  2.35233e+44  1.86693e-01  2.37007e+41  1.21816e+05  3.64278e+44  2.89110e-01  3.22086e+41  4.08477e+43
 4.30027e+01  7.24701e+04  4.86610e+43  3.86198e-02  3.76955e+39  8.53855e+04  9.37738e+43  7.44237e-02  5.52699e+40  1.03390e+05  2.01589e+44  1.59991e-01  2.13496e+41  1.15336e+05  3.12176e+44  2.47759e-01  2.91512e+41  4.08477e+43
 4.44081e+01  7.05161e+04  4.65191e+43  3.69199e-02  9.92962e+39  8.08430e+04  8.03616e+43  6.37790e-02  4.29202e+40  9.78901e+04  1.72756e+44  1.37108e-01  1.93324e+41  1.09200e+05  2.67526e+44  2.12323e-01  2.61696e+41  4.08477e+43
 4.58595e+01  6.67646e+04  3.98656e+43  3.16393e-02  8.05609e+39  7.65422e+04  6.88676e+43  5.46569e-02  3.97985e+40  9.26823e+04  1.48047e+44  1.17498e-01  1.78253e+41  1.03390e+05  2.29263e+44  1.81955e-01  2.33857e+41  4.08477e+43
 4.73583e+01  6.32128e+04  3.41637e+43  2.71140e-02  2.20846e+40  7.44783e+04  6.58363e+43  5.22510e-02  2.58551e+40  9.01833e+04  1.41530e+44  1.12326e-01  1.52159e+41  9.78901e+04  1.96472e+44  1.55930e-01  2.09563e+41  4.08477e+43
 4.89061e+01  6.15083e+04  3.26599e+43  2.59206e-02  2.27742e+40  7.05161e+04  5.64199e+43  4.47777e-02  1.48744e+40  8.53855e+04  1.21288e+44  9.62600e-02  1.24803e+41  9.26823e+04  1.68371e+44  1.33628e-01  1.90796e+41  4.08477e+43
 5.05045e+01  5.82361e+04  2.79886e+43  2.22132e-02  3.76246e+40  6.67646e+04  4.83503e+43  3.83732e-02  1.94832e+40  8.08430e+04  1.03940e+44  8.24922e-02  1.05880e+41  9.01833e+04  1.60960e+44  1.27746e-01  1.69741e+41  4.08477e+43
 5.21551e+01  5.66658e+04  2.67567e+43  2.12354e-02  4.59022e+40  6.49644e+04  4.62220e+43  3.66842e-02  4.38385e+39  7.65422e+04  8.90738e+43  7.06935e-02  9.88131e+40  8.53855e+04  1.37938e+44  1.09475e-01  1.36617e+41  4.08477e+43
 5.38597e+01  5.36512e+04  2.29297e+43  1.81982e-02  6.62326e+40  6.15083e+04  3.96110e+43  3.14373e-02  5.98862e+39  7.44783e+04  8.51531e+43  6.75818e-02  6.90488e+40  8.08430e+04  1.18209e+44  9.38167e-02  1.12762e+41  4.08477e+43
 5.56199e+01  5.22046e+04  2.19204e+43  1.73972e-02  7.79060e+40  5.98498e+04  3.78675e+43  3.00535e-02  3.94103e+39  7.05161e+04  7.29738e+43  5.79157e-02  5.17509e+40  7.65422e+04  1.01302e+44  8.03983e-02  1.02036e+41  4.08477e+43
 5.74378e+01  4.94273e+04  1.87852e+43  1.49089e-02  1.11063e+41  5.66658e+04  3.24514e+43  2.57551e-02  6.24769e+39  6.86147e+04  6.97617e+43  5.53665e-02  5.06870e+40  7.44783e+04  9.68429e+43  7.68594e-02  7.62088e+40  4.08477e+43
 5.93150e+01  4.80946e+04  1.79583e+43  1.42526e-02  1.22718e+41  5.51379e+04  3.10230e+43  2.46214e-02  1.15140e+40  6.49644e+04  5.97839e+43  4.74475e-02  2.36549e+40  7.05161e+04  8.29917e+43  6.58664e-02  5.33588e+40  4.08477e+43
 6.12535e+01  4.67978e+04  1.71679e+43  1.36253e-02  1.54604e+41  5.22046e+04  2.65858e+43  2.10999e-02  2.08933e+40  6.15083e+04  5.12331e+43  4.06612e-02  2.23138e+40  6.67646e+04  7.11216e+43  5.64457e-02  5.28455e+40  4.08477e+43
 6.32555e+01  4.43081e+04  1.47124e+43  1.16765e-02  1.89016e+41  5.07970e+04  2.54156e+43  2.01711e-02  2.84121e+40  5.98498e+04  4.89780e+43  3.88714e-02  8.73654e+39  6.49644e+04  6.79910e+43  5.39611e-02  2.53056e+40  4.08477e+43
 6.53228e+01  4.31134e+04  1.40648e+43  1.11625e-02  2.16153e+41  4.80946e+04  2.17805e+43  1.72861e-02  5.47932e+40  5.66658e+04  4.19728e+43  3.33117e-02  8.03918e+39  6.15083e+04  5.82664e+43  4.62432e-02  1.95805e+40  4.08477e+43
 6.74577e+01  4.19509e+04  1.34457e+43  1.06712e-02  2.59552e+41  4.67978e+04  2.08218e+43  1.65252e-02  6.05783e+40  5.51379e+04  4.01253e+43  3.18455e-02  4.22873e+39  5.98498e+04  5.57017e+43  4.42077e-02  1.12341e+40  4.08477e+43
