radius_rg T_0deg chi2_0deg T_15deg chi2_15deg T_30deg chi2_30deg T_45deg chi2_45deg nuLnusavg_last
 2.00000e-01  8.47687e+05  7.00127e+43  8.19480e+05  5.65312e+43  7.40366e+05  2.48309e+43  5.27805e+05  6.47153e+41  3.79579e-16
 2.06537e-01  8.47687e+05  6.85289e+43  8.19480e+05  5.47609e+43  7.40366e+05  2.37472e+43  5.10242e+05  5.77177e+41  3.79579e-16
 2.13287e-01  8.19480e+05  6.59199e+43  7.92211e+05  5.38007e+43  7.40366e+05  2.31765e+43  5.10242e+05  5.28017e+41  3.79579e-16
 2.20257e-01  8.19480e+05  6.36168e+43  7.92211e+05  5.12757e+43  7.15730e+05  2.25218e+43  5.10242e+05  5.13882e+41  3.79579e-16
 2.27456e-01  8.19480e+05  6.24063e+43  7.92211e+05  4.96813e+43  7.15730e+05  2.14153e+43  5.10242e+05  5.34715e+41  3.79579e-16
 2.34890e-01  7.92211e+05  5.97998e+43  7.65850e+05  4.88597e+43  7.15730e+05  2.08122e+43  4.93264e+05  4.93340e+41  3.79579e-16
 2.42567e-01  7.92211e+05  5.77056e+43  7.65850e+05  4.64546e+43  6.91914e+05  2.04682e+43  4.93264e+05  4.36952e+41  3.79579e-16
 2.50494e-01  7.92211e+05  5.66796e+43  7.65850e+05  4.49600e+43  6.91914e+05  1.92969e+43  4.93264e+05  4.15212e+41  3.79579e-16
 2.58681e-01  7.65850e+05  5.42022e+43  7.65850e+05  4.43699e+43  6.91914e+05  1.86202e+43  4.93264e+05  4.28031e+41  3.79579e-16
 2.67136e-01  7.65850e+05  5.22287e+43  7.40366e+05  4.20404e+43  6.91914e+05  1.84352e+43  4.76850e+05  4.31620e+41  3.79579e-16
 2.75866e-01  7.65850e+05  5.13009e+43  7.40366e+05  4.05716e+43  6.68890e+05  1.74100e+43  4.76850e+05  3.63521e+41  3.79579e-16
 2.84882e-01  7.40366e+05  4.90951e+43  7.40366e+05  3.99891e+43  6.68890e+05  1.66187e+43  4.76850e+05  3.29766e+41  3.79579e-16
 2.94193e-01  7.40366e+05  4.71563e+43  7.15730e+05  3.80247e+43  6.68890e+05  1.63109e+43  4.76850e+05  3.30217e+41  3.79579e-16
 3.03808e-01  7.40366e+05  4.62422e+43  7.15730e+05  3.65087e+43  6.46632e+05  1.57850e+43  4.76850e+05  3.64874e+41  3.79579e-16
 3.13737e-01  7.15730e+05  4.44681e+43  7.15730e+05  3.58622e+43  6.46632e+05  1.48381e+43  4.60983e+05  3.13001e+41  3.79579e-16
 3.23991e-01  7.15730e+05  4.24795e+43  6.91914e+05  3.44178e+43  6.46632e+05  1.43674e+43  4.60983e+05  2.62708e+41  3.79579e-16
 3.34580e-01  7.15730e+05  4.14961e+43  6.91914e+05  3.27827e+43  6.46632e+05  1.43708e+43  4.60983e+05  2.46342e+41  3.79579e-16
 3.45515e-01  6.91914e+05  4.03333e+43  6.91914e+05  3.20015e+43  6.25115e+05  1.33221e+43  4.60983e+05  2.63836e+41  3.79579e-16
 3.56807e-01  6.91914e+05  3.82111e+43  6.68890e+05  3.12510e+43  6.25115e+05  1.26479e+43  4.45643e+05  2.93003e+41  3.79579e-16
 3.68468e-01  6.91914e+05  3.70766e+43  6.68890e+05  2.94249e+43  6.25115e+05  1.24407e+43  4.45643e+05  2.21463e+41  3.79579e-16
 3.80511e-01  6.68890e+05  3.67264e+43  6.68890e+05  2.84389e+43  6.04314e+05  1.21288e+43  4.45643e+05  1.83680e+41  3.79579e-16
 3.92947e-01  6.68890e+05  3.43874e+43  6.68890e+05  2.82889e+43  6.04314e+05  1.12097e+43  4.45643e+05  1.79498e+41  3.79579e-16
 4.05790e-01  6.68890e+05  3.30202e+43  6.46632e+05  2.64880e+43  6.04314e+05  1.07518e+43  4.45643e+05  2.08898e+41  3.79579e-16
 4.19052e-01  6.68890e+05  3.26191e+43  6.46632e+05  2.52268e+43  6.04314e+05  1.07530e+43  4.30814e+05  2.16086e+41  3.79579e-16
 4.32748e-01  6.46632e+05  3.10692e+43  6.46632e+05  2.47883e+43  5.84205e+05  1.01263e+43  4.30814e+05  1.52042e+41  3.79579e-16
 4.46891e-01  6.46632e+05  2.93876e+43  6.25115e+05  2.40481e+43  5.84205e+05  9.37614e+42  4.30814e+05  1.21467e+41  3.79579e-16
 4.61496e-01  6.46632e+05  2.86571e+43  6.25115e+05  2.24405e+43  5.84205e+05  9.07950e+42  4.30814e+05  1.24234e+41  3.79579e-16
 4.76579e-01  6.25115e+05  2.83447e+43  6.25115e+05  2.16441e+43  5.84205e+05  9.23514e+42  4.30814e+05  1.60356e+41  3.79579e-16
 4.92155e-01  6.25115e+05  2.62660e+43  6.25115e+05  2.16556e+43  5.64766e+05  8.40336e+42  4.16479e+05  1.64257e+41  3.79579e-16
 5.08240e-01  6.25115e+05  2.51254e+43  6.04314e+05  2.01801e+43  5.64766e+05  7.76717e+42  4.16479e+05  1.02250e+41  3.79579e-16
 5.24851e-01  6.25115e+05  2.49184e+43  6.04314e+05  1.89551e+43  5.64766e+05  7.57784e+42  4.16479e+05  7.35061e+40  3.79579e-16
 5.42004e-01  6.04314e+05  2.37712e+43  6.04314e+05  1.85269e+43  5.64766e+05  7.83458e+42  4.16479e+05  7.79064e+40  3.79579e-16
 5.59718e-01  6.04314e+05  2.21385e+43  5.84205e+05  1.85740e+43  5.45973e+05  6.92343e+42  4.16479e+05  1.15469e+41  3.79579e-16
 5.78011e-01  6.04314e+05  2.14269e+43  5.84205e+05  1.68473e+43  5.45973e+05  6.34683e+42  4.02620e+05  1.37908e+41  3.79579e-16
 5.96902e-01  6.04314e+05  2.16335e+43  5.84205e+05  1.59087e+43  5.45973e+05  6.21121e+42  4.02620e+05  7.23385e+40  3.79579e-16
 6.16411e-01  5.84205e+05  1.98424e+43  5.84205e+05  1.57543e+43  5.45973e+05  6.51600e+42  4.02620e+05  3.99079e+40  3.79579e-16
 6.36557e-01  5.84205e+05  1.85440e+43  5.64766e+05  1.54775e+43  5.27805e+05  5.66937e+42  4.02620e+05  4.04825e+40  3.79579e-16
 6.57361e-01  5.84205e+05  1.81519e+43  5.64766e+05  1.39549e+43  5.27805e+05  5.09806e+42  4.02620e+05  7.40648e+40  3.79579e-16
 6.78845e-01  5.64766e+05  1.84191e+43  5.64766e+05  1.32083e+43  5.27805e+05  4.96256e+42  4.02620e+05  1.40794e+41  3.79579e-16
 7.01032e-01  5.64766e+05  1.64481e+43  5.64766e+05  1.32347e+43  5.27805e+05  5.26231e+42  3.89223e+05  6.64911e+40  3.79579e-16
 7.23943e-01  5.64766e+05  1.53747e+43  5.45973e+05  1.28537e+43  5.10242e+05  4.64483e+42  3.89223e+05  2.45854e+40  3.79579e-16
 7.47603e-01  5.64766e+05  1.51944e+43  5.45973e+05  1.14400e+43  5.10242e+05  4.02410e+42  3.89223e+05  1.56214e+40  3.79579e-16
 7.72037e-01  5.45973e+05  1.53578e+43  5.45973e+05  1.07919e+43  5.10242e+05  3.83474e+42  3.89223e+05  3.95622e+40  3.79579e-16
 7.97269e-01  5.45973e+05  1.35155e+43  5.45973e+05  1.09068e+43  5.10242e+05  4.07596e+42  3.89223e+05  9.65068e+40  3.79579e-16
 8.23326e-01  5.45973e+05  1.25586e+43  5.27805e+05  1.06727e+43  4.93264e+05  3.87617e+42  3.89223e+05  1.86691e+41  3.79579e-16
 8.50234e-01  5.45973e+05  1.24832e+43  5.27805e+05  9.27297e+42  4.93264e+05  3.15036e+42  3.89223e+05  3.10488e+41  3.79579e-16
 8.78022e-01  5.27805e+05  1.28341e+43  5.27805e+05  8.62996e+42  4.93264e+05  2.85229e+42  3.89223e+05  4.68409e+41  3.79579e-16
 9.06718e-01  5.27805e+05  1.10104e+43  5.27805e+05  8.74102e+42  4.93264e+05  2.98075e+42  3.89223e+05  6.61110e+41  3.79579e-16
 9.36352e-01  5.27805e+05  1.00618e+43  5.10242e+05  8.94123e+42  4.76850e+05  3.41517e+42  3.89223e+05  8.89386e+41  3.79579e-16
 9.66955e-01  5.27805e+05  9.98437e+42  5.10242e+05  7.45991e+42  4.76850e+05  2.52695e+42  3.89223e+05  1.15418e+42  3.79579e-16
 9.98557e-01  5.27805e+05  1.07777e+43  5.10242e+05  6.72782e+42  4.76850e+05  2.06390e+42  3.89223e+05  1.45660e+42  3.79579e-16
 1.03119e+00  5.10242e+05  8.93992e+42  5.10242e+05  6.74192e+42  4.76850e+05  2.02411e+42  3.89223e+05  1.79788e+42  3.79579e-16
 1.06489e+00  5.10242e+05  7.89055e+42  5.10242e+05  7.50228e+42  4.76850e+05  2.40741e+42  3.89223e+05  2.17944e+42  3.79579e-16
 1.09970e+00  5.10242e+05  7.70331e+42  4.93264e+05  6.04565e+42  4.60983e+05  2.23221e+42  3.89223e+05  2.60286e+42  3.79579e-16
 1.13564e+00  5.10242e+05  8.37745e+42  4.93264e+05  5.12875e+42  4.60983e+05  1.54566e+42  3.89223e+05  3.06990e+42  3.79579e-16
 1.17276e+00  4.93264e+05  7.35628e+42  4.93264e+05  4.95143e+42  4.60983e+05  1.28023e+42  3.89223e+05  3.58248e+42  3.79579e-16
 1.21108e+00  4.93264e+05  6.09520e+42  4.93264e+05  5.51296e+42  4.60983e+05  1.43480e+42  3.76271e+05  4.12949e+42  3.79579e-16
 1.25067e+00  4.93264e+05  5.68882e+42  4.76850e+05  5.11849e+42  4.60983e+05  2.01003e+42  3.76271e+05  4.33548e+42  3.79579e-16
 1.29154e+00  4.93264e+05  6.13546e+42  4.76850e+05  3.91838e+42  4.45643e+05  1.40560e+42  3.76271e+05  4.59225e+42  3.79579e-16
 1.33375e+00  4.76850e+05  6.36229e+42  4.76850e+05  3.45284e+42  4.45643e+05  8.54190e+41  3.76271e+05  4.90087e+42  3.79579e-16
 1.37734e+00  4.76850e+05  4.77535e+42  4.76850e+05  3.71995e+42  4.45643e+05  7.21026e+41  3.76271e+05  5.26261e+42  3.79579e-16
 1.42236e+00  4.76850e+05  4.03765e+42  4.76850e+05  4.72080e+42  4.45643e+05  1.00556e+42  3.76271e+05  5.67897e+42  3.79579e-16
 1.46884e+00  4.76850e+05  4.14615e+42  4.60983e+05  3.23054e+42  4.45643e+05  1.70897e+42  3.76271e+05  6.15167e+42  3.79579e-16
 1.51685e+00  4.76850e+05  5.10128e+42  4.60983e+05  2.37636e+42  4.30814e+05  8.88000e+41  3.76271e+05  6.68267e+42  3.79579e-16
 1.56642e+00  4.60983e+05  4.08662e+42  4.60983e+05  2.25037e+42  4.30814e+05  4.04253e+41  3.76271e+05  7.27416e+42  3.79579e-16
 1.61762e+00  4.60983e+05  2.90110e+42  4.60983e+05  2.85204e+42  4.30814e+05  3.36893e+41  3.76271e+05  7.92860e+42  3.79579e-16
 1.67049e+00  4.60983e+05  2.55707e+42  4.45643e+05  3.25543e+42  4.30814e+05  6.85642e+41  3.76271e+05  8.64869e+42  3.79579e-16
 1.72508e+00  4.60983e+05  3.05311e+42  4.45643e+05  1.90669e+42  4.30814e+05  1.45194e+42  3.76271e+05  9.43741e+42  3.79579e-16
 1.78146e+00  4.45643e+05  4.25026e+42  4.45643e+05  1.28420e+42  4.16479e+05  6.66259e+41  3.76271e+05  1.02980e+43  3.79579e-16
 1.83968e+00  4.45643e+05  2.49387e+42  4.45643e+05  1.38538e+42  4.16479e+05  1.80715e+41  3.76271e+05  1.12341e+43  3.79579e-16
 1.89981e+00  4.45643e+05  1.57727e+42  4.45643e+05  2.21064e+42  4.16479e+05  1.10634e+41  3.76271e+05  1.22495e+43  3.79579e-16
 1.96190e+00  4.45643e+05  1.49669e+42  4.30814e+05  2.29380e+42  4.16479e+05  4.55725e+41  3.76271e+05  1.33485e+43  3.79579e-16
 2.02602e+00  4.45643e+05  2.25178e+42  4.30814e+05  1.06423e+42  4.16479e+05  1.21742e+42  3.76271e+05  1.45355e+43  3.79579e-16
 2.09224e+00  4.30814e+05  3.10671e+42  4.30814e+05  5.57417e+41  4.02620e+05  7.67489e+41  3.76271e+05  1.58155e+43  3.79579e-16
 2.16062e+00  4.30814e+05  1.48894e+42  4.30814e+05  7.71262e+41  4.02620e+05  2.07452e+41  3.76271e+05  1.71938e+43  3.79579e-16
 2.23123e+00  4.30814e+05  7.06823e+41  4.30814e+05  1.70665e+42  4.02620e+05  6.29876e+40  3.76271e+05  1.86761e+43  3.79579e-16
 2.30415e+00  4.30814e+05  7.57109e+41  4.16479e+05  1.91063e+42  4.02620e+05  3.33499e+41  3.76271e+05  2.02686e+43  3.79579e-16
 2.37946e+00  4.30814e+05  1.64001e+42  4.16479e+05  6.78815e+41  4.02620e+05  1.02010e+42  3.76271e+05  2.19777e+43  3.79579e-16
 2.45723e+00  4.16479e+05  2.66461e+42  4.16479e+05  1.68161e+41  3.89223e+05  1.42628e+42  3.76271e+05  2.38107e+43  3.79579e-16
 2.53753e+00  4.16479e+05  1.04469e+42  4.16479e+05  3.76557e+41  3.89223e+05  7.04312e+41  3.76271e+05  2.57750e+43  3.79579e-16
 2.62047e+00  4.16479e+05  2.58569e+41  4.16479e+05  1.30486e+42  3.89223e+05  3.99976e+41  3.76271e+05  2.78789e+43  3.79579e-16
 2.70611e+00  4.16479e+05  3.03004e+41  4.02620e+05  2.15597e+42  3.89223e+05  5.12010e+41  3.76271e+05  3.01309e+43  3.79579e-16
 2.79455e+00  4.16479e+05  1.17818e+42  4.02620e+05  7.94799e+41  3.89223e+05  1.04088e+42  3.76271e+05  3.25405e+43  3.79579e-16
 2.88589e+00  4.16479e+05  2.88771e+42  4.02620e+05  1.55271e+41  3.89223e+05  1.98877e+42  3.76271e+05  3.51176e+43  3.79579e-16
 2.98021e+00  4.02620e+05  1.21385e+42  4.02620e+05  2.34739e+41  3.89223e+05  3.35960e+42  3.76271e+05  3.78729e+43  3.79579e-16
 3.07761e+00  4.02620e+05  2.78844e+41  4.02620e+05  1.03353e+42  3.89223e+05  5.15905e+42  3.76271e+05  4.08177e+43  3.79579e-16
 3.17819e+00  4.02620e+05  1.74477e+41  4.02620e+05  2.55495e+42  3.89223e+05  7.39457e+42  3.76271e+05  4.39643e+43  3.79579e-16
 3.28206e+00  4.02620e+05  9.00314e+41  3.89223e+05  1.80657e+42  3.89223e+05  1.00754e+43  3.76271e+05  4.73257e+43  3.79579e-16
 3.38933e+00  4.02620e+05  2.45936e+42  3.89223e+05  8.88345e+41  3.89223e+05  1.32126e+43  3.76271e+05  5.09158e+43  3.79579e-16
 3.50010e+00  3.89223e+05  2.45886e+42  3.89223e+05  6.92149e+41  3.89223e+05  1.68193e+43  3.76271e+05  5.47495e+43  3.79579e-16
 3.61449e+00  3.89223e+05  1.20103e+42  3.89223e+05  1.21717e+42  3.89223e+05  2.09102e+43  3.76271e+05  5.88425e+43  3.79579e-16
 3.73262e+00  3.89223e+05  7.77640e+41  3.89223e+05  2.46558e+42  3.89223e+05  2.55025e+43  3.76271e+05  6.32120e+43  3.79579e-16
 3.85462e+00  3.89223e+05  1.18695e+42  3.89223e+05  4.44255e+42  3.89223e+05  3.06149e+43  3.76271e+05  6.78758e+43  3.79579e-16
 3.98060e+00  3.89223e+05  2.43067e+42  3.89223e+05  7.15626e+42  3.89223e+05  3.62688e+43  3.76271e+05  7.28534e+43  3.79579e-16
 4.11069e+00  3.89223e+05  4.51392e+42  3.89223e+05  1.06179e+43  3.89223e+05  4.24875e+43  3.76271e+05  7.81654e+43  3.79579e-16
 4.24504e+00  3.89223e+05  7.44533e+42  3.89223e+05  1.48419e+43  3.89223e+05  4.92967e+43  3.76271e+05  8.38336e+43  3.79579e-16
 4.38378e+00  3.89223e+05  1.12370e+43  3.89223e+05  1.98456e+43  3.89223e+05  5.67247e+43  3.76271e+05  8.98817e+43  3.79579e-16
 4.52705e+00  3.89223e+05  1.59047e+43  3.89223e+05  2.56499e+43  3.89223e+05  6.48021e+43  3.76271e+05  9.63345e+43  3.79579e-16
 4.67501e+00  3.89223e+05  2.14677e+43  3.89223e+05  3.22786e+43  3.89223e+05  7.35624e+43  3.76271e+05  1.03219e+44  3.79579e-16
 4.82780e+00  3.89223e+05  2.79491e+43  3.89223e+05  3.97593e+43  3.89223e+05  8.30419e+43  3.76271e+05  1.10563e+44  3.79579e-16
 4.98558e+00  3.89223e+05  3.53756e+43  3.89223e+05  4.81228e+43  3.89223e+05  9.32798e+43  3.76271e+05  1.18398e+44  3.79579e-16
 5.14853e+00  3.89223e+05  4.37779e+43  3.89223e+05  5.74039e+43  3.89223e+05  1.04318e+44  3.76271e+05  1.26756e+44  3.79579e-16
 5.31679e+00  3.89223e+05  5.31909e+43  3.89223e+05  6.76409e+43  3.89223e+05  1.16203e+44  3.76271e+05  1.35671e+44  3.79579e-16
 5.49056e+00  3.89223e+05  6.36536e+43  3.89223e+05  7.88762e+43  3.89223e+05  1.28984e+44  3.76271e+05  1.45180e+44  3.79579e-16
 5.67001e+00  3.89223e+05  7.52091e+43  3.89223e+05  9.11562e+43  3.89223e+05  1.42713e+44  3.76271e+05  1.55323e+44  3.79579e-16
 5.85532e+00  3.89223e+05  8.79054e+43  3.89223e+05  1.04532e+44  3.89223e+05  1.57448e+44  3.76271e+05  1.66142e+44  3.79579e-16
 6.04668e+00  3.89223e+05  1.01795e+44  3.89223e+05  1.19058e+44  3.89223e+05  1.73248e+44  3.76271e+05  1.77681e+44  3.79579e-16
 6.24430e+00  3.89223e+05  1.16935e+44  3.89223e+05  1.34796e+44  3.89223e+05  1.90181e+44  3.76271e+05  1.89988e+44  3.79579e-16
 6.44838e+00  3.89223e+05  1.33389e+44  3.89223e+05  1.51810e+44  3.89223e+05  2.08315e+44  3.76271e+05  2.03114e+44  3.79579e-16
 6.65913e+00  3.89223e+05  1.51224e+44  3.89223e+05  1.70171e+44  3.89223e+05  2.27726e+44  3.76271e+05  2.17114e+44  3.79579e-16
 6.87677e+00  3.89223e+05  1.70515e+44  3.89223e+05  1.89954e+44  3.89223e+05  2.48495e+44  3.76271e+05  2.32045e+44  3.79579e-16
 7.10152e+00  3.89223e+05  1.91340e+44  3.89223e+05  2.11241e+44  3.89223e+05  2.70706e+44  3.76271e+05  2.47969e+44  3.79579e-16
 7.33362e+00  3.89223e+05  2.13787e+44  3.89223e+05  2.34121e+44  3.89223e+05  2.94452e+44  3.76271e+05  2.64953e+44  3.79579e-16
 7.57330e+00  3.89223e+05  2.37949e+44  3.89223e+05  2.58689e+44  3.89223e+05  3.19832e+44  3.76271e+05  2.83065e+44  3.79579e-16
 7.82082e+00  3.89223e+05  2.63924e+44  3.89223e+05  2.85045e+44  3.89223e+05  3.46950e+44  3.76271e+05  3.02382e+44  3.79579e-16
 8.07642e+00  3.89223e+05  2.91821e+44  3.89223e+05  3.13299e+44  3.76271e+05  3.73620e+44  3.76271e+05  3.22983e+44  3.79579e-16
 8.34038e+00  3.89223e+05  3.21756e+44  3.89223e+05  3.43568e+44  3.76271e+05  3.86688e+44  3.76271e+05  3.44954e+44  3.79579e-16
 8.61296e+00  3.89223e+05  3.53851e+44  3.89223e+05  3.75978e+44  3.76271e+05  4.01771e+44  3.76271e+05  3.68385e+44  3.79579e-16
 8.89446e+00  3.89223e+05  3.88241e+44  3.89223e+05  4.10662e+44  3.76271e+05  4.18931e+44  3.76271e+05  3.93373e+44  3.79579e-16
 9.18515e+00  3.89223e+05  4.25066e+44  3.89223e+05  4.47763e+44  3.76271e+05  4.38240e+44  3.76271e+05  4.20023e+44  3.79579e-16
 9.48535e+00  3.89223e+05  4.64480e+44  3.89223e+05  4.87436e+44  3.76271e+05  4.59777e+44  3.76271e+05  4.48443e+44  3.79579e-16
 9.79535e+00  3.89223e+05  5.06646e+44  3.89223e+05  5.29845e+44  3.76271e+05  4.83632e+44  3.76271e+05  4.78752e+44  3.79579e-16
 1.01155e+01  3.89223e+05  5.51738e+44  3.89223e+05  5.75165e+44  3.76271e+05  5.09903e+44  3.76271e+05  5.11075e+44  3.79579e-16
 1.04461e+01  3.89223e+05  5.99943e+44  3.89223e+05  6.23583e+44  3.76271e+05  5.38699e+44  3.76271e+05  5.45546e+44  3.79579e-16
 1.07875e+01  3.89223e+05  6.51460e+44  3.76271e+05  6.57098e+44  3.76271e+05  5.70139e+44  3.76271e+05  5.82308e+44  3.79579e-16
 1.11401e+01  3.89223e+05  7.06503e+44  3.76271e+05  6.81324e+44  3.76271e+05  6.04353e+44  3.76271e+05  6.21512e+44  3.79579e-16
 1.15041e+01  3.76271e+05  7.52724e+44  3.76271e+05  7.09089e+44  3.76271e+05  6.41483e+44  3.76271e+05  6.63322e+44  3.79579e-16
 1.18801e+01  3.76271e+05  7.79751e+44  3.76271e+05  7.40506e+44  3.76271e+05  6.81683e+44  3.76271e+05  7.07909e+44  3.79579e-16
 1.22684e+01  3.76271e+05  8.10833e+44  3.76271e+05  7.75706e+44  3.76271e+05  7.25118e+44  3.76271e+05  7.55459e+44  3.79579e-16
 1.26694e+01  3.76271e+05  8.46101e+44  3.76271e+05  8.14835e+44  3.76271e+05  7.71969e+44  3.76271e+05  8.06168e+44  3.79579e-16
 1.30834e+01  3.76271e+05  8.85700e+44  3.76271e+05  8.58055e+44  3.76271e+05  8.22429e+44  3.76271e+05  8.60246e+44  3.79579e-16
 1.35110e+01  3.76271e+05  9.29794e+44  3.76271e+05  9.05543e+44  3.76271e+05  8.76708e+44  3.76271e+05  9.17917e+44  3.79579e-16
 1.39526e+01  3.76271e+05  9.78565e+44  3.76271e+05  9.57498e+44  3.76271e+05  9.35029e+44  3.76271e+05  9.79420e+44  3.79579e-16
 1.44086e+01  3.76271e+05  1.03222e+45  3.76271e+05  1.01413e+45  3.76271e+05  9.97635e+44  3.76271e+05  1.04501e+45  3.79579e-16
 1.48795e+01  3.76271e+05  1.09097e+45  3.76271e+05  1.07568e+45  3.76271e+05  1.06478e+45  3.76271e+05  1.11495e+45  3.79579e-16
 1.53658e+01  3.76271e+05  1.15506e+45  3.76271e+05  1.14241e+45  3.76271e+05  1.13675e+45  3.76271e+05  1.18955e+45  3.79579e-16
 1.58680e+01  3.76271e+05  1.22477e+45  3.76271e+05  1.21457e+45  3.76271e+05  1.21384e+45  3.63750e+05  1.24919e+45  3.79579e-16
 1.63866e+01  3.76271e+05  1.30037e+45  3.76271e+05  1.29248e+45  3.76271e+05  1.29637e+45  3.63750e+05  1.28522e+45  3.79579e-16
 1.69222e+01  3.76271e+05  1.38219e+45  3.76271e+05  1.37646e+45  3.76271e+05  1.38468e+45  3.63750e+05  1.32660e+45  3.79579e-16
 1.74753e+01  3.76271e+05  1.47055e+45  3.76271e+05  1.46686e+45  3.76271e+05  1.47913e+45  3.63750e+05  1.37351e+45  3.79579e-16
 1.80464e+01  3.76271e+05  1.56583e+45  3.76271e+05  1.56404e+45  3.76271e+05  1.58012e+45  3.63750e+05  1.42613e+45  3.79579e-16
 1.86362e+01  3.76271e+05  1.66842e+45  3.76271e+05  1.66841e+45  3.76271e+05  1.68806e+45  3.63750e+05  1.48469e+45  3.79579e-16
 1.92453e+01  3.76271e+05  1.77875e+45  3.76271e+05  1.78041e+45  3.76271e+05  1.80341e+45  3.63750e+05  1.54943e+45  3.79579e-16
 1.98743e+01  3.76271e+05  1.89726e+45  3.76271e+05  1.90049e+45  3.76271e+05  1.92663e+45  3.63750e+05  1.62061e+45  3.79579e-16
 2.05238e+01  3.76271e+05  2.02446e+45  3.76271e+05  2.02916e+45  3.76271e+05  2.05824e+45  3.63750e+05  1.69853e+45  3.79579e-16
 2.11946e+01  3.76271e+05  2.16086e+45  3.76271e+05  2.16694e+45  3.76271e+05  2.19878e+45  3.63750e+05  1.78351e+45  3.79579e-16
 2.18873e+01  3.76271e+05  2.30703e+45  3.76271e+05  2.31441e+45  3.76271e+05  2.34884e+45  3.63750e+05  1.87591e+45  3.79579e-16
 2.26026e+01  3.76271e+05  2.46359e+45  3.76271e+05  2.47218e+45  3.76271e+05  2.50903e+45  3.63750e+05  1.97610e+45  3.79579e-16
 2.33413e+01  3.76271e+05  2.63116e+45  3.76271e+05  2.64089e+45  3.76271e+05  2.68002e+45  3.63750e+05  2.08450e+45  3.79579e-16
 2.41042e+01  3.76271e+05  2.81046e+45  3.76271e+05  2.82126e+45  3.76271e+05  2.86251e+45  3.63750e+05  2.20157e+45  3.79579e-16
 2.48920e+01  3.76271e+05  3.00222e+45  3.76271e+05  3.01401e+45  3.76271e+05  3.05727e+45  3.63750e+05  2.32777e+45  3.79579e-16
 2.57055e+01  3.76271e+05  3.20723e+45  3.76271e+05  3.21996e+45  3.76271e+05  3.26509e+45  3.63750e+05  2.46364e+45  3.79579e-16
 2.65456e+01  3.76271e+05  3.42634e+45  3.76271e+05  3.43995e+45  3.76271e+05  3.48685e+45  3.63750e+05  2.60975e+45  3.79579e-16
 2.74132e+01  3.76271e+05  3.66046e+45  3.76271e+05  3.67490e+45  3.76271e+05  3.72344e+45  3.63750e+05  2.76668e+45  3.79579e-16
 2.83091e+01  3.76271e+05  3.91056e+45  3.76271e+05  3.92577e+45  3.76271e+05  3.97586e+45  3.63750e+05  2.93510e+45  3.79579e-16
 2.92343e+01  3.76271e+05  4.17767e+45  3.76271e+05  4.19361e+45  3.76271e+05  4.24515e+45  3.63750e+05  3.11569e+45  3.79579e-16
 3.01898e+01  3.76271e+05  4.46291e+45  3.76271e+05  4.47952e+45  3.76271e+05  4.53242e+45  3.63750e+05  3.30922e+45  3.79579e-16
 3.11765e+01  3.76271e+05  4.76744e+45  3.76271e+05  4.78469e+45  3.76271e+05  4.83887e+45  3.63750e+05  3.51647e+45  3.79579e-16
 3.21954e+01  3.76271e+05  5.09253e+45  3.76271e+05  5.11038e+45  3.76271e+05  5.16575e+45  3.63750e+05  3.73831e+45  3.79579e-16
 3.32476e+01  3.76271e+05  5.43952e+45  3.76271e+05  5.45794e+45  3.76271e+05  5.51443e+45  3.63750e+05  3.97565e+45  3.79579e-16
 3.43343e+01  3.76271e+05  5.80986e+45  3.76271e+05  5.82880e+45  3.76271e+05  5.88634e+45  3.63750e+05  4.22947e+45  3.79579e-16
 3.54564e+01  3.76271e+05  6.20507e+45  3.76271e+05  6.22450e+45  3.76271e+05  6.28303e+45  3.63750e+05  4.50084e+45  3.79579e-16
 3.66152e+01  3.76271e+05  6.62678e+45  3.76271e+05  6.64668e+45  3.76271e+05  6.70613e+45  3.63750e+05  4.79086e+45  3.79579e-16
 3.78119e+01  3.76271e+05  7.07676e+45  3.76271e+05  7.09708e+45  3.76271e+05  7.15740e+45  3.63750e+05  5.10074e+45  3.79579e-16
 3.90477e+01  3.76271e+05  7.55684e+45  3.76271e+05  7.57758e+45  3.76271e+05  7.63871e+45  3.63750e+05  5.43177e+45  3.79579e-16
 4.03238e+01  3.76271e+05  8.06904e+45  3.76271e+05  8.09015e+45  3.76271e+05  8.15205e+45  3.63750e+05  5.78530e+45  3.79579e-16
 4.16417e+01  3.76271e+05  8.61545e+45  3.76271e+05  8.63692e+45  3.76271e+05  8.69953e+45  3.63750e+05  6.16281e+45  3.79579e-16
 4.30027e+01  3.76271e+05  9.19835e+45  3.76271e+05  9.22016e+45  3.76271e+05  9.28344e+45  3.63750e+05  6.56586e+45  3.79579e-16
 4.44081e+01  3.76271e+05  9.82014e+45  3.76271e+05  9.84227e+45  3.76271e+05  9.90618e+45  3.63750e+05  6.99612e+45  3.79579e-16
 4.58595e+01  3.76271e+05  1.04834e+46  3.76271e+05  1.05058e+46  3.76271e+05  1.05703e+46  3.63750e+05  7.45536e+45  3.79579e-16
 4.73583e+01  3.76271e+05  1.11909e+46  3.76271e+05  1.12136e+46  3.76271e+05  1.12786e+46  3.63750e+05  7.94548e+45  3.79579e-16
 4.89061e+01  3.76271e+05  1.19455e+46  3.76271e+05  1.19685e+46  3.76271e+05  1.20340e+46  3.63750e+05  8.46853e+45  3.79579e-16
 5.05045e+01  3.76271e+05  1.27504e+46  3.76271e+05  1.27736e+46  3.76271e+05  1.28396e+46  3.63750e+05  9.02665e+45  3.79579e-16
 5.21551e+01  3.76271e+05  1.36089e+46  3.76271e+05  1.36323e+46  3.76271e+05  1.36988e+46  3.63750e+05  9.62216e+45  3.79579e-16
 5.38597e+01  3.76271e+05  1.45245e+46  3.76271e+05  1.45482e+46  3.76271e+05  1.46151e+46  3.63750e+05  1.02575e+46  3.79579e-16
 5.56199e+01  3.76271e+05  1.55011e+46  3.76271e+05  1.55249e+46  3.76271e+05  1.55923e+46  3.63750e+05  1.09354e+46  3.79579e-16
 5.74378e+01  3.76271e+05  1.65426e+46  3.76271e+05  1.65667e+46  3.76271e+05  1.66344e+46  3.63750e+05  1.16585e+46  3.79579e-16
 5.93150e+01  3.76271e+05  1.76535e+46  3.76271e+05  1.76777e+46  3.76271e+05  1.77457e+46  3.63750e+05  1.24299e+46  3.79579e-16
 6.12535e+01  3.76271e+05  1.88382e+46  3.76271e+05  1.88626e+46  3.76271e+05  1.89310e+46  3.63750e+05  1.32528e+46  3.79579e-16
 6.32555e+01  3.76271e+05  2.01017e+46  3.76271e+05  2.01263e+46  3.76271e+05  2.01950e+46  3.63750e+05  1.41306e+46  3.79579e-16
 6.53228e+01  3.76271e+05  2.14493e+46  3.76271e+05  2.14739e+46  3.76271e+05  2.15429e+46  3.63750e+05  1.50669e+46  3.79579e-16
 6.74577e+01  3.76271e+05  2.28864e+46  3.76271e+05  2.29112e+46  3.76271e+05  2.29805e+46  3.63750e+05  1.60655e+46  3.79579e-16
 6.96624e+01  3.76271e+05  2.44191e+46  3.76271e+05  2.44440e+46  3.76271e+05  2.45135e+46  3.63750e+05  1.71307e+46  3.79579e-16
 7.19392e+01  3.76271e+05  2.60537e+46  3.76271e+05  2.60787e+46  3.76271e+05  2.61485e+46  3.63750e+05  1.82668e+46  3.79579e-16
 7.42903e+01  3.76271e+05  2.77969e+46  3.76271e+05  2.78220e+46  3.76271e+05  2.78920e+46  3.63750e+05  1.94786e+46  3.79579e-16
 7.67183e+01  3.76271e+05  2.96560e+46  3.76271e+05  2.96812e+46  3.76271e+05  2.97514e+46  3.63750e+05  2.07710e+46  3.79579e-16
 7.92257e+01  3.76271e+05  3.16386e+46  3.76271e+05  3.16640e+46  3.76271e+05  3.17344e+46  3.63750e+05  2.21493e+46  3.79579e-16
 8.18150e+01  3.76271e+05  3.37530e+46  3.76271e+05  3.37785e+46  3.76271e+05  3.38491e+46  3.63750e+05  2.36194e+46  3.79579e-16
 8.44889e+01  3.76271e+05  3.60079e+46  3.76271e+05  3.60335e+46  3.76271e+05  3.61042e+46  3.63750e+05  2.51873e+46  3.79579e-16
 8.72502e+01  3.76271e+05  3.84127e+46  3.76271e+05  3.84383e+46  3.76271e+05  3.85093e+46  3.63750e+05  2.68594e+46  3.79579e-16
 9.01018e+01  3.76271e+05  4.09773e+46  3.76271e+05  4.10030e+46  3.76271e+05  4.10741e+46  3.63750e+05  2.86427e+46  3.79579e-16
 9.30466e+01  3.76271e+05  4.37123e+46  3.76271e+05  4.37380e+46  3.76271e+05  4.38093e+46  3.63750e+05  3.05446e+46  3.79579e-16
 9.60876e+01  3.76271e+05  4.66290e+46  3.76271e+05  4.66548e+46  3.76271e+05  4.67262e+46  3.63750e+05  3.25729e+46  3.79579e-16
 9.92280e+01  3.76271e+05  4.97395e+46  3.76271e+05  4.97654e+46  3.76271e+05  4.98369e+46  3.63750e+05  3.47361e+46  3.79579e-16
 1.02471e+02  3.76271e+05  5.30567e+46  3.76271e+05  5.30826e+46  3.76271e+05  5.31542e+46  3.63750e+05  3.70430e+46  3.79579e-16
 1.05820e+02  3.76271e+05  5.65943e+46  3.76271e+05  5.66203e+46  3.76271e+05  5.66920e+46  3.63750e+05  3.95033e+46  3.79579e-16
 1.09278e+02  3.76271e+05  6.03669e+46  3.76271e+05  6.03930e+46  3.76271e+05  6.04648e+46  3.63750e+05  4.21271e+46  3.79579e-16
 1.12850e+02  3.76271e+05  6.43902e+46  3.76271e+05  6.44163e+46  3.63750e+05  6.23400e+46  3.63750e+05  4.49253e+46  3.79579e-16
 1.16538e+02  3.76271e+05  6.86808e+46  3.76271e+05  6.87070e+46  3.63750e+05  6.42336e+46  3.63750e+05  4.79094e+46  3.79579e-16
 1.20347e+02  3.76271e+05  7.32564e+46  3.76271e+05  7.32827e+46  3.63750e+05  6.63933e+46  3.63750e+05  5.10919e+46  3.79579e-16
 1.24280e+02  3.76271e+05  7.81361e+46  3.76271e+05  7.81623e+46  3.63750e+05  6.88283e+46  3.63750e+05  5.44858e+46  3.79579e-16
 1.28342e+02  3.76271e+05  8.33399e+46  3.76271e+05  8.33662e+46  3.63750e+05  7.15485e+46  3.63750e+05  5.81052e+46  3.79579e-16
 1.32537e+02  3.76271e+05  8.88895e+46  3.76271e+05  8.89158e+46  3.63750e+05  7.45652e+46  3.63750e+05  6.19651e+46  3.79579e-16
 1.36868e+02  3.76271e+05  9.48078e+46  3.76271e+05  9.48341e+46  3.63750e+05  7.78909e+46  3.63750e+05  6.60815e+46  3.79579e-16
 1.41341e+02  3.76271e+05  1.01119e+47  3.76271e+05  1.01146e+47  3.63750e+05  8.15394e+46  3.63750e+05  7.04714e+46  3.79579e-16
 1.45961e+02  3.76271e+05  1.07850e+47  3.63750e+05  1.06391e+47  3.63750e+05  8.55258e+46  3.63750e+05  7.51530e+46  3.79579e-16
 1.50731e+02  3.76271e+05  1.15028e+47  3.63750e+05  1.09428e+47  3.63750e+05  8.98665e+46  3.63750e+05  8.01456e+46  3.79579e-16
 1.55658e+02  3.63750e+05  1.22096e+47  3.63750e+05  1.12917e+47  3.63750e+05  9.45795e+46  3.63750e+05  8.54700e+46  3.79579e-16
 1.60745e+02  3.63750e+05  1.25481e+47  3.63750e+05  1.16875e+47  3.63750e+05  9.96844e+46  3.63750e+05  9.11481e+46  3.79579e-16
 1.65998e+02  3.63750e+05  1.29385e+47  3.63750e+05  1.21318e+47  3.63750e+05  1.05202e+47  3.63750e+05  9.72034e+46  3.79579e-16
 1.71424e+02  3.63750e+05  1.33826e+47  3.63750e+05  1.26263e+47  3.63750e+05  1.11156e+47  3.63750e+05  1.03661e+47  3.79579e-16
 1.77026e+02  3.63750e+05  1.38822e+47  3.63750e+05  1.31731e+47  3.63750e+05  1.17570e+47  3.63750e+05  1.10548e+47  3.79579e-16
 1.82812e+02  3.63750e+05  1.44393e+47  3.63750e+05  1.37745e+47  3.63750e+05  1.24471e+47  3.63750e+05  1.17892e+47  3.79579e-16
 1.88787e+02  3.63750e+05  1.50562e+47  3.63750e+05  1.44330e+47  3.63750e+05  1.31887e+47  3.63750e+05  1.25724e+47  3.79579e-16
 1.94957e+02  3.63750e+05  1.57355e+47  3.63750e+05  1.51514e+47  3.63750e+05  1.39850e+47  3.63750e+05  1.34076e+47  3.79579e-16
 2.01328e+02  3.63750e+05  1.64800e+47  3.63750e+05  1.59324e+47  3.63750e+05  1.48392e+47  3.63750e+05  1.42984e+47  3.79579e-16
 2.07908e+02  3.63750e+05  1.72929e+47  3.63750e+05  1.67795e+47  3.63750e+05  1.57549e+47  3.63750e+05  1.52483e+47  3.79579e-16
 2.14703e+02  3.63750e+05  1.81773e+47  3.63750e+05  1.76961e+47  3.63750e+05  1.67357e+47  3.63750e+05  1.62613e+47  3.79579e-16
 2.21720e+02  3.63750e+05  1.91371e+47  3.63750e+05  1.86860e+47  3.63750e+05  1.77859e+47  3.63750e+05  1.73416e+47  3.79579e-16
 2.28967e+02  3.63750e+05  2.01761e+47  3.63750e+05  1.97533e+47  3.63750e+05  1.89098e+47  3.63750e+05  1.84937e+47  3.79579e-16
 2.36450e+02  3.63750e+05  2.12987e+47  3.63750e+05  2.09025e+47  3.63750e+05  2.01119e+47  3.63750e+05  1.97224e+47  3.79579e-16
 2.44178e+02  3.63750e+05  2.25096e+47  3.63750e+05  2.21382e+47  3.63750e+05  2.13973e+47  3.51646e+05  2.09297e+47  3.79579e-16
 2.52158e+02  3.63750e+05  2.38137e+47  3.63750e+05  2.34656e+47  3.63750e+05  2.27713e+47  3.51646e+05  2.14893e+47  3.79579e-16
 2.60399e+02  3.63750e+05  2.52164e+47  3.63750e+05  2.48902e+47  3.63750e+05  2.42396e+47  3.51646e+05  2.21378e+47  3.79579e-16
 2.68910e+02  3.63750e+05  2.67236e+47  3.63750e+05  2.64178e+47  3.63750e+05  2.58083e+47  3.51646e+05  2.28779e+47  3.79579e-16
 2.77699e+02  3.63750e+05  2.83414e+47  3.63750e+05  2.80549e+47  3.63750e+05  2.74837e+47  3.51646e+05  2.37127e+47  3.79579e-16
 2.86774e+02  3.63750e+05  3.00766e+47  3.63750e+05  2.98081e+47  3.63750e+05  2.92730e+47  3.51646e+05  2.46457e+47  3.79579e-16
 2.96147e+02  3.63750e+05  3.19364e+47  3.63750e+05  3.16848e+47  3.63750e+05  3.11835e+47  3.51646e+05  2.56807e+47  3.79579e-16
 3.05826e+02  3.63750e+05  3.39284e+47  3.63750e+05  3.36926e+47  3.63750e+05  3.32230e+47  3.51646e+05  2.68219e+47  3.79579e-16
 3.15821e+02  3.63750e+05  3.60610e+47  3.63750e+05  3.58400e+47  3.63750e+05  3.54001e+47  3.51646e+05  2.80741e+47  3.79579e-16
 3.26143e+02  3.63750e+05  3.83428e+47  3.63750e+05  3.81358e+47  3.63750e+05  3.77237e+47  3.51646e+05  2.94426e+47  3.79579e-16
 3.36802e+02  3.63750e+05  4.07834e+47  3.63750e+05  4.05894e+47  3.63750e+05  4.02035e+47  3.51646e+05  3.09328e+47  3.79579e-16
 3.47810e+02  3.63750e+05  4.33929e+47  3.63750e+05  4.32112e+47  3.63750e+05  4.28497e+47  3.51646e+05  3.25511e+47  3.79579e-16
 3.59177e+02  3.63750e+05  4.61820e+47  3.63750e+05  4.60118e+47  3.63750e+05  4.56733e+47  3.51646e+05  3.43041e+47  3.79579e-16
 3.70916e+02  3.63750e+05  4.91623e+47  3.63750e+05  4.90029e+47  3.63750e+05  4.86860e+47  3.51646e+05  3.61991e+47  3.79579e-16
 3.83038e+02  3.63750e+05  5.23462e+47  3.63750e+05  5.21968e+47  3.63750e+05  5.19001e+47  3.51646e+05  3.82439e+47  3.79579e-16
 3.95557e+02  3.63750e+05  5.57468e+47  3.63750e+05  5.56069e+47  3.63750e+05  5.53291e+47  3.51646e+05  4.04470e+47  3.79579e-16
 4.08485e+02  3.63750e+05  5.93781e+47  3.63750e+05  5.92471e+47  3.63750e+05  5.89871e+47  3.51646e+05  4.28174e+47  3.79579e-16
 4.21835e+02  3.63750e+05  6.32553e+47  3.63750e+05  6.31327e+47  3.63750e+05  6.28893e+47  3.51646e+05  4.53651e+47  3.79579e-16
 4.35622e+02  3.63750e+05  6.73944e+47  3.63750e+05  6.72795e+47  3.63750e+05  6.70518e+47  3.51646e+05  4.81005e+47  3.79579e-16
 4.49859e+02  3.63750e+05  7.18124e+47  3.63750e+05  7.17049e+47  3.63750e+05  7.14918e+47  3.51646e+05  5.10350e+47  3.79579e-16
 4.64562e+02  3.63750e+05  7.65277e+47  3.63750e+05  7.64271e+47  3.63750e+05  7.62277e+47  3.51646e+05  5.41806e+47  3.79579e-16
 4.79745e+02  3.63750e+05  8.15599e+47  3.63750e+05  8.14656e+47  3.63750e+05  8.12791e+47  3.51646e+05  5.75505e+47  3.79579e-16
 4.95424e+02  3.63750e+05  8.69296e+47  3.63750e+05  8.68414e+47  3.63750e+05  8.66670e+47  3.51646e+05  6.11586e+47  3.79579e-16
 5.11616e+02  3.63750e+05  9.26591e+47  3.63750e+05  9.25766e+47  3.63750e+05  9.24135e+47  3.51646e+05  6.50198e+47  3.79579e-16
 5.28337e+02  3.63750e+05  9.87723e+47  3.63750e+05  9.86950e+47  3.63750e+05  9.85426e+47  3.51646e+05  6.91501e+47  3.79579e-16
 5.45604e+02  3.63750e+05  1.05294e+48  3.63750e+05  1.05222e+48  3.63750e+05  1.05079e+48  3.51646e+05  7.35665e+47  3.79579e-16
 5.63436e+02  3.63750e+05  1.12252e+48  3.63750e+05  1.12184e+48  3.63750e+05  1.12051e+48  3.51646e+05  7.82874e+47  3.79579e-16
 5.81850e+02  3.63750e+05  1.19674e+48  3.63750e+05  1.19611e+48  3.63750e+05  1.19487e+48  3.51646e+05  8.33323e+47  3.79579e-16
 6.00867e+02  3.63750e+05  1.27592e+48  3.63750e+05  1.27533e+48  3.63750e+05  1.27417e+48  3.51646e+05  8.87221e+47  3.79579e-16
 6.20505e+02  3.63750e+05  1.36038e+48  3.63750e+05  1.35983e+48  3.63750e+05  1.35874e+48  3.51646e+05  9.44790e+47  3.79579e-16
 6.40784e+02  3.63750e+05  1.45047e+48  3.63750e+05  1.44995e+48  3.63750e+05  1.44894e+48  3.51646e+05  1.00627e+48  3.79579e-16
 6.61727e+02  3.63750e+05  1.54656e+48  3.63750e+05  1.54608e+48  3.63750e+05  1.54514e+48  3.51646e+05  1.07191e+48  3.79579e-16
 6.83354e+02  3.63750e+05  1.64906e+48  3.63750e+05  1.64861e+48  3.63750e+05  1.64773e+48  3.51646e+05  1.14199e+48  3.79579e-16
 7.05688e+02  3.63750e+05  1.75838e+48  3.63750e+05  1.75796e+48  3.63750e+05  1.75714e+48  3.51646e+05  1.21680e+48  3.79579e-16
 7.28751e+02  3.63750e+05  1.87498e+48  3.63750e+05  1.87458e+48  3.63750e+05  1.87382e+48  3.51646e+05  1.29664e+48  3.79579e-16
 7.52569e+02  3.63750e+05  1.99933e+48  3.63750e+05  1.99897e+48  3.63750e+05  1.99825e+48  3.51646e+05  1.38185e+48  3.79579e-16
 7.77165e+02  3.63750e+05  2.13197e+48  3.63750e+05  2.13162e+48  3.63750e+05  2.13096e+48  3.51646e+05  1.47278e+48  3.79579e-16
 8.02565e+02  3.63750e+05  2.27342e+48  3.63750e+05  2.27310e+48  3.63750e+05  2.27249e+48  3.51646e+05  1.56980e+48  3.79579e-16
 8.28794e+02  3.63750e+05  2.42429e+48  3.63750e+05  2.42399e+48  3.63750e+05  2.42342e+48  3.51646e+05  1.67332e+48  3.79579e-16
 8.55882e+02  3.63750e+05  2.58519e+48  3.63750e+05  2.58491e+48  3.63750e+05  2.58438e+48  3.51646e+05  1.78376e+48  3.79579e-16
 8.83854e+02  3.63750e+05  2.75679e+48  3.63750e+05  2.75653e+48  3.63750e+05  2.75603e+48  3.51646e+05  1.90158e+48  3.79579e-16
 9.12741e+02  3.63750e+05  2.93980e+48  3.63750e+05  2.93956e+48  3.63750e+05  2.93910e+48  3.51646e+05  2.02728e+48  3.79579e-16
 9.42571e+02  3.63750e+05  3.13498e+48  3.63750e+05  3.13475e+48  3.63750e+05  3.13432e+48  3.51646e+05  2.16136e+48  3.79579e-16
 9.73377e+02  3.63750e+05  3.34313e+48  3.63750e+05  3.34292e+48  3.63750e+05  3.34252e+48  3.51646e+05  2.30439e+48  3.79579e-16
 1.00519e+03  3.63750e+05  3.56511e+48  3.63750e+05  3.56492e+48  3.63750e+05  3.56455e+48  3.51646e+05  2.45696e+48  3.79579e-16
 1.03804e+03  3.63750e+05  3.80186e+48  3.63750e+05  3.80168e+48  3.63750e+05  3.80133e+48  3.51646e+05  2.61970e+48  3.79579e-16
 1.07197e+03  3.63750e+05  4.05433e+48  3.63750e+05  4.05416e+48  3.63750e+05  4.05385e+48  3.51646e+05  2.79327e+48  3.79579e-16
 1.10700e+03  3.63750e+05  4.32359e+48  3.63750e+05  4.32343e+48  3.63750e+05  4.32314e+48  3.51646e+05  2.97841e+48  3.79579e-16
 1.14318e+03  3.63750e+05  4.61074e+48  3.63750e+05  4.61059e+48  3.63750e+05  4.61033e+48  3.51646e+05  3.17587e+48  3.79579e-16
 1.18054e+03  3.63750e+05  4.91697e+48  3.63750e+05  4.91684e+48  3.63750e+05  4.91659e+48  3.51646e+05  3.38647e+48  3.79579e-16
 1.21913e+03  3.63750e+05  5.24355e+48  3.63750e+05  5.24343e+48  3.63750e+05  5.24320e+48  3.51646e+05  3.61109e+48  3.79579e-16
 1.25897e+03  3.63750e+05  5.59184e+48  3.63750e+05  5.59172e+48  3.63750e+05  5.59151e+48  3.51646e+05  3.85066e+48  3.79579e-16
 1.30012e+03  3.63750e+05  5.96326e+48  3.63750e+05  5.96316e+48  3.63750e+05  5.96296e+48  3.51646e+05  4.10616e+48  3.79579e-16
 1.34261e+03  3.63750e+05  6.35937e+48  3.63750e+05  6.35927e+48  3.63750e+05  6.35909e+48  3.51646e+05  4.37865e+48  3.79579e-16
 1.38649e+03  3.63750e+05  6.78179e+48  3.63750e+05  6.78170e+48  3.63750e+05  6.78154e+48  3.51646e+05  4.66927e+48  3.79579e-16
 1.43180e+03  3.63750e+05  7.23228e+48  3.63750e+05  7.23220e+48  3.63750e+05  7.23205e+48  3.51646e+05  4.97920e+48  3.79579e-16
 1.47860e+03  3.63750e+05  7.71270e+48  3.63750e+05  7.71263e+48  3.63750e+05  7.71250e+48  3.51646e+05  5.30975e+48  3.79579e-16
 1.52692e+03  3.63750e+05  8.22504e+48  3.63750e+05  8.22497e+48  3.63750e+05  8.22486e+48  3.51646e+05  5.66227e+48  3.79579e-16
 1.57683e+03  3.63750e+05  8.77142e+48  3.63750e+05  8.77136e+48  3.63750e+05  8.77126e+48  3.51646e+05  6.03822e+48  3.79579e-16
 1.62836e+03  3.63750e+05  9.35411e+48  3.63750e+05  9.35405e+48  3.63750e+05  9.35395e+48  3.51646e+05  6.43916e+48  3.79579e-16
 1.68158e+03  3.63750e+05  9.97550e+48  3.63750e+05  9.97545e+48  3.63750e+05  9.97536e+48  3.51646e+05  6.86675e+48  3.79579e-16
 1.73654e+03  3.63750e+05  1.06382e+49  3.63750e+05  1.06381e+49  3.51646e+05  1.03864e+49  3.51646e+05  7.32275e+48  3.79579e-16
 1.79329e+03  3.63750e+05  1.13449e+49  3.63750e+05  1.13448e+49  3.51646e+05  1.06819e+49  3.51646e+05  7.80906e+48  3.79579e-16
 1.85190e+03  3.63750e+05  1.20985e+49  3.63750e+05  1.20985e+49  3.51646e+05  1.10215e+49  3.51646e+05  8.32769e+48  3.79579e-16
 1.91243e+03  3.63750e+05  1.29023e+49  3.63750e+05  1.29022e+49  3.51646e+05  1.14068e+49  3.51646e+05  8.88078e+48  3.79579e-16
 1.97493e+03  3.63750e+05  1.37594e+49  3.63750e+05  1.37594e+49  3.51646e+05  1.18393e+49  3.51646e+05  9.47063e+48  3.79579e-16
 2.03948e+03  3.63750e+05  1.46735e+49  3.63750e+05  1.46734e+49  3.51646e+05  1.23208e+49  3.51646e+05  1.00997e+49  3.79579e-16
 2.10613e+03  3.63750e+05  1.56482e+49  3.63750e+05  1.56482e+49  3.51646e+05  1.28532e+49  3.51646e+05  1.07705e+49  3.79579e-16
 2.17497e+03  3.63750e+05  1.66878e+49  3.63750e+05  1.66878e+49  3.51646e+05  1.34389e+49  3.51646e+05  1.14859e+49  3.79579e-16
 2.24605e+03  3.63750e+05  1.77964e+49  3.51646e+05  1.77444e+49  3.51646e+05  1.40802e+49  3.51646e+05  1.22489e+49  3.79579e-16
 2.31946e+03  3.63750e+05  1.89787e+49  3.51646e+05  1.82157e+49  3.51646e+05  1.47797e+49  3.51646e+05  1.30625e+49  3.79579e-16
 2.39526e+03  3.63750e+05  2.02395e+49  3.51646e+05  1.87624e+49  3.51646e+05  1.55404e+49  3.51646e+05  1.39302e+49  3.79579e-16
 2.47355e+03  3.51646e+05  2.08973e+49  3.51646e+05  1.93867e+49  3.51646e+05  1.63655e+49  3.51646e+05  1.48555e+49  3.79579e-16
 2.55439e+03  3.51646e+05  2.15078e+49  3.51646e+05  2.00912e+49  3.51646e+05  1.72582e+49  3.51646e+05  1.58424e+49  3.79579e-16
 2.63787e+03  3.51646e+05  2.22072e+49  3.51646e+05  2.08789e+49  3.51646e+05  1.82224e+49  3.51646e+05  1.68947e+49  3.79579e-16
 2.72409e+03  3.51646e+05  2.29986e+49  3.51646e+05  2.17530e+49  3.51646e+05  1.92620e+49  3.51646e+05  1.80170e+49  3.79579e-16
 2.81312e+03  3.51646e+05  2.38851e+49  3.51646e+05  2.27171e+49  3.51646e+05  2.03813e+49  3.51646e+05  1.92139e+49  3.79579e-16
 2.90506e+03  3.51646e+05  2.48705e+49  3.51646e+05  2.37753e+49  3.51646e+05  2.15849e+49  3.51646e+05  2.04903e+49  3.79579e-16
 3.00000e+03  3.51646e+05  2.59588e+49  3.51646e+05  2.49318e+49  3.51646e+05  2.28779e+49  3.51646e+05  2.18515e+49  3.79579e-16
