radius_rg T_0deg chi2_0deg T_15deg chi2_15deg T_30deg chi2_30deg T_45deg chi2_45deg nuLnusavg_last
 2.00000e-01  3.63750e+05  3.31544e+40  3.63750e+05  2.67105e+40  3.39945e+05  1.37644e+40  2.87027e+05  7.16820e+38  7.65467e-65
 2.06537e-01  3.63750e+05  3.13037e+40  3.63750e+05  2.76661e+40  3.39945e+05  1.24416e+40  2.87027e+05  6.14329e+38  7.65467e-65
 2.13287e-01  3.63750e+05  3.07750e+40  3.51646e+05  2.94399e+40  3.39945e+05  1.17666e+40  2.87027e+05  5.87209e+38  7.65467e-65
 2.20257e-01  3.63750e+05  3.15662e+40  3.51646e+05  2.62785e+40  3.39945e+05  1.17365e+40  2.87027e+05  6.35350e+38  7.65467e-65
 2.27456e-01  3.63750e+05  3.36804e+40  3.51646e+05  2.42586e+40  3.39945e+05  1.23512e+40  2.87027e+05  7.58951e+38  7.65467e-65
 2.34890e-01  3.51646e+05  3.10876e+40  3.51646e+05  2.33718e+40  3.39945e+05  1.36132e+40  2.87027e+05  9.58522e+38  7.65467e-65
 2.42567e-01  3.51646e+05  2.84447e+40  3.51646e+05  2.36145e+40  3.28633e+05  1.20472e+40  2.77476e+05  7.66360e+38  7.65467e-65
 2.50494e-01  3.51646e+05  2.71120e+40  3.51646e+05  2.49876e+40  3.28633e+05  1.07453e+40  2.77476e+05  5.86691e+38  7.65467e-65
 2.58681e-01  3.51646e+05  2.70840e+40  3.39945e+05  2.55482e+40  3.28633e+05  1.00842e+40  2.77476e+05  4.82279e+38  7.65467e-65
 2.67136e-01  3.51646e+05  2.83606e+40  3.39945e+05  2.26474e+40  3.28633e+05  1.00611e+40  2.77476e+05  4.52694e+38  7.65467e-65
 2.75866e-01  3.39945e+05  3.04841e+40  3.39945e+05  2.08730e+40  3.28633e+05  1.06758e+40  2.77476e+05  4.97812e+38  7.65467e-65
 2.84882e-01  3.39945e+05  2.68252e+40  3.39945e+05  2.02177e+40  3.28633e+05  1.19310e+40  2.77476e+05  6.17820e+38  7.65467e-65
 2.94193e-01  3.39945e+05  2.44698e+40  3.39945e+05  2.06788e+40  3.17698e+05  1.07750e+40  2.77476e+05  8.13215e+38  7.65467e-65
 3.03808e-01  3.39945e+05  2.34081e+40  3.39945e+05  2.22582e+40  3.17698e+05  9.36900e+39  2.68243e+05  7.06803e+38  7.65467e-65
 3.13737e-01  3.39945e+05  2.36358e+40  3.28633e+05  2.25492e+40  3.17698e+05  8.59798e+39  2.68243e+05  5.08048e+38  7.65467e-65
 3.23991e-01  3.39945e+05  2.51538e+40  3.28633e+05  1.96913e+40  3.17698e+05  8.45879e+39  2.68243e+05  3.84225e+38  7.65467e-65
 3.34580e-01  3.28633e+05  2.70073e+40  3.28633e+05  1.79476e+40  3.17698e+05  8.95084e+39  2.68243e+05  3.34822e+38  7.65467e-65
 3.45515e-01  3.28633e+05  2.34013e+40  3.28633e+05  1.73109e+40  3.17698e+05  1.00762e+40  2.68243e+05  3.59636e+38  7.65467e-65
 3.56807e-01  3.28633e+05  2.10847e+40  3.28633e+05  1.77785e+40  3.07126e+05  1.00220e+40  2.68243e+05  4.58767e+38  7.65467e-65
 3.68468e-01  3.28633e+05  2.00478e+40  3.28633e+05  1.93525e+40  3.07126e+05  8.38487e+39  2.68243e+05  6.32628e+38  7.65467e-65
 3.80511e-01  3.28633e+05  2.02863e+40  3.17698e+05  2.04395e+40  3.07126e+05  7.37868e+39  2.59317e+05  7.32861e+38  7.65467e-65
 3.92947e-01  3.28633e+05  2.18013e+40  3.17698e+05  1.74061e+40  3.07126e+05  6.99927e+39  2.59317e+05  4.96773e+38  7.65467e-65
 4.05790e-01  3.28633e+05  2.45989e+40  3.17698e+05  1.54774e+40  3.07126e+05  7.24507e+39  2.59317e+05  3.35571e+38  7.65467e-65
 4.19052e-01  3.17698e+05  2.08115e+40  3.17698e+05  1.46456e+40  3.07126e+05  8.11708e+39  2.59317e+05  2.48587e+38  7.65467e-65
 4.32748e-01  3.17698e+05  1.82839e+40  3.17698e+05  1.49070e+40  3.07126e+05  9.61893e+39  2.59317e+05  2.35463e+38  7.65467e-65
 4.46891e-01  3.17698e+05  1.70245e+40  3.17698e+05  1.62629e+40  2.96907e+05  7.94680e+39  2.59317e+05  2.96143e+38  7.65467e-65
 4.61496e-01  3.17698e+05  1.70281e+40  3.17698e+05  1.87188e+40  2.96907e+05  6.57743e+39  2.59317e+05  4.30879e+38  7.65467e-65
 4.76579e-01  3.17698e+05  1.82945e+40  3.07126e+05  1.59185e+40  2.96907e+05  5.83151e+39  2.59317e+05  6.40228e+38  7.65467e-65
 4.92155e-01  3.17698e+05  2.08292e+40  3.07126e+05  1.35866e+40  2.96907e+05  5.70597e+39  2.50688e+05  5.83279e+38  7.65467e-65
 5.08240e-01  3.07126e+05  1.92027e+40  3.07126e+05  1.23436e+40  2.96907e+05  6.20028e+39  2.50688e+05  3.65957e+38  7.65467e-65
 5.24851e-01  3.07126e+05  1.62113e+40  3.07126e+05  1.21844e+40  2.96907e+05  7.31649e+39  2.50688e+05  2.22979e+38  7.65467e-65
 5.42004e-01  3.07126e+05  1.44795e+40  3.07126e+05  1.31083e+40  2.87027e+05  8.29951e+39  2.50688e+05  1.53754e+38  7.65467e-65
 5.59718e-01  3.07126e+05  1.40001e+40  3.07126e+05  1.51192e+40  2.87027e+05  6.43408e+39  2.50688e+05  1.57995e+38  7.65467e-65
 5.78011e-01  3.07126e+05  1.47711e+40  2.96907e+05  1.54981e+40  2.87027e+05  5.19152e+39  2.50688e+05  2.35720e+38  7.65467e-65
 5.96902e-01  3.07126e+05  1.67957e+40  2.96907e+05  1.25391e+40  2.87027e+05  4.56669e+39  2.50688e+05  3.87251e+38  7.65467e-65
 6.16411e-01  2.96907e+05  1.88881e+40  2.96907e+05  1.06648e+40  2.87027e+05  4.55699e+39  2.50688e+05  6.13214e+38  7.65467e-65
 6.36557e-01  2.96907e+05  1.51734e+40  2.96907e+05  9.86723e+39  2.87027e+05  5.16240e+39  2.42346e+05  5.21345e+38  7.65467e-65
 6.57361e-01  2.96907e+05  1.27139e+40  2.96907e+05  1.01432e+40  2.87027e+05  6.38541e+39  2.42346e+05  3.02894e+38  7.65467e-65
 6.78845e-01  2.96907e+05  1.14996e+40  2.96907e+05  1.14940e+40  2.77476e+05  7.28943e+39  2.42346e+05  1.58526e+38  7.65467e-65
 7.01032e-01  2.96907e+05  1.15254e+40  2.96907e+05  1.39250e+40  2.77476e+05  5.41329e+39  2.42346e+05  8.76440e+37  7.65467e-65
 7.23943e-01  2.96907e+05  1.27913e+40  2.87027e+05  1.27549e+40  2.77476e+05  4.15579e+39  2.42346e+05  8.99551e+37  7.65467e-65
 7.47603e-01  2.96907e+05  1.53026e+40  2.87027e+05  1.00213e+40  2.77476e+05  3.51173e+39  2.42346e+05  1.65468e+38  7.65467e-65
 7.72037e-01  2.87027e+05  1.56570e+40  2.87027e+05  8.36191e+39  2.77476e+05  3.47845e+39  2.42346e+05  3.14497e+38  7.65467e-65
 7.97269e-01  2.87027e+05  1.22056e+40  2.87027e+05  7.76982e+39  2.77476e+05  4.05580e+39  2.42346e+05  5.37657e+38  7.65467e-65
 8.23326e-01  2.87027e+05  9.99716e+39  2.87027e+05  8.24260e+39  2.77476e+05  5.24618e+39  2.34282e+05  5.51974e+38  7.65467e-65
 8.50234e-01  2.87027e+05  9.02257e+39  2.87027e+05  9.78222e+39  2.68243e+05  6.94514e+39  2.34282e+05  3.11914e+38  7.65467e-65
 8.78022e-01  2.87027e+05  9.27781e+39  2.87027e+05  1.23950e+40  2.68243e+05  4.91191e+39  2.34282e+05  1.45974e+38  7.65467e-65
 9.06718e-01  2.87027e+05  1.07639e+40  2.77476e+05  1.09978e+40  2.68243e+05  3.49525e+39  2.34282e+05  5.34695e+37  7.65467e-65
 9.36352e-01  2.87027e+05  1.34871e+40  2.77476e+05  8.24227e+39  2.68243e+05  2.68929e+39  2.34282e+05  3.40158e+37  7.65467e-65
 9.66955e-01  2.77476e+05  1.36328e+40  2.77476e+05  6.55359e+39  2.68243e+05  2.49070e+39  2.34282e+05  8.75330e+37  7.65467e-65
 9.98557e-01  2.77476e+05  1.01580e+40  2.77476e+05  5.92475e+39  2.68243e+05  2.89866e+39  2.34282e+05  2.14243e+38  7.65467e-65
 1.03119e+00  2.77476e+05  7.91783e+39  2.77476e+05  6.35314e+39  2.68243e+05  3.91485e+39  2.34282e+05  4.14669e+38  7.65467e-65
 1.06489e+00  2.77476e+05  6.90287e+39  2.77476e+05  7.84055e+39  2.68243e+05  5.54349e+39  2.34282e+05  6.89641e+38  7.65467e-65
 1.09970e+00  2.77476e+05  7.10895e+39  2.77476e+05  1.03931e+40  2.59317e+05  5.06510e+39  2.26486e+05  4.15069e+38  7.65467e-65
 1.13564e+00  2.77476e+05  8.53694e+39  2.68243e+05  1.02767e+40  2.59317e+05  3.34063e+39  2.26486e+05  2.06474e+38  7.65467e-65
 1.17276e+00  2.77476e+05  1.11927e+40  2.68243e+05  7.24762e+39  2.59317e+05  2.22623e+39  2.26486e+05  7.15636e+37  7.65467e-65
 1.21108e+00  2.68243e+05  1.28743e+40  2.68243e+05  5.28122e+39  2.59317e+05  1.71728e+39  2.26486e+05  9.77942e+36  7.65467e-65
 1.25067e+00  2.68243e+05  9.08457e+39  2.68243e+05  4.36939e+39  2.59317e+05  1.81168e+39  2.26486e+05  2.08658e+37  7.65467e-65
 1.29154e+00  2.68243e+05  6.52492e+39  2.68243e+05  4.50837e+39  2.59317e+05  2.50981e+39  2.26486e+05  1.04869e+38  7.65467e-65
 1.33375e+00  2.68243e+05  5.18475e+39  2.68243e+05  5.69872e+39  2.59317e+05  3.81458e+39  2.26486e+05  2.62136e+38  7.65467e-65
 1.37734e+00  2.68243e+05  5.05852e+39  2.68243e+05  7.94537e+39  2.59317e+05  5.73136e+39  2.26486e+05  4.93317e+38  7.65467e-65
 1.42236e+00  2.68243e+05  6.14570e+39  2.59317e+05  1.08304e+40  2.50688e+05  3.94132e+39  2.18950e+05  7.12059e+38  7.65467e-65
 1.46884e+00  2.68243e+05  8.45081e+39  2.59317e+05  7.26782e+39  2.50688e+05  2.36577e+39  2.18950e+05  4.34759e+38  7.65467e-65
 1.51685e+00  2.68243e+05  1.19834e+40  2.59317e+05  4.76805e+39  2.50688e+05  1.39624e+39  2.18950e+05  2.32088e+38  7.65467e-65
 1.56642e+00  2.59317e+05  9.25339e+39  2.59317e+05  3.32073e+39  2.50688e+05  1.02874e+39  2.18950e+05  1.03208e+38  7.65467e-65
 1.61762e+00  2.59317e+05  6.07806e+39  2.59317e+05  2.91988e+39  2.50688e+05  1.26173e+39  2.18950e+05  4.75852e+37  7.65467e-65
 1.67049e+00  2.59317e+05  4.12037e+39  2.59317e+05  3.56382e+39  2.50688e+05  2.09619e+39  2.18950e+05  6.49894e+37  7.65467e-65
 1.72508e+00  2.59317e+05  3.37221e+39  2.59317e+05  5.25523e+39  2.50688e+05  3.53556e+39  2.18950e+05  1.55493e+38  7.65467e-65
 1.78146e+00  2.59317e+05  3.83049e+39  2.59317e+05  8.00111e+39  2.50688e+05  5.58580e+39  2.18950e+05  3.19469e+38  7.65467e-65
 1.83968e+00  2.59317e+05  5.49711e+39  2.50688e+05  8.74131e+39  2.42346e+05  3.48443e+39  2.18950e+05  5.57598e+38  7.65467e-65
 1.89981e+00  2.59317e+05  8.37896e+39  2.50688e+05  5.44090e+39  2.42346e+05  1.89568e+39  2.18950e+05  8.70865e+38  7.65467e-65
 1.96190e+00  2.50688e+05  1.11743e+40  2.50688e+05  3.19571e+39  2.42346e+05  9.11022e+38  2.18950e+05  1.26057e+39  7.65467e-65
 2.02602e+00  2.50688e+05  7.07310e+39  2.50688e+05  1.99647e+39  2.42346e+05  5.26371e+38  2.18950e+05  1.72831e+39  7.65467e-65
 2.09224e+00  2.50688e+05  4.19369e+39  2.50688e+05  1.83821e+39  2.42346e+05  7.40140e+38  2.18950e+05  2.27604e+39  7.65467e-65
 2.16062e+00  2.50688e+05  2.52412e+39  2.50688e+05  2.72028e+39  2.42346e+05  1.55321e+39  2.18950e+05  2.90602e+39  7.65467e-65
 2.23123e+00  2.50688e+05  2.05748e+39  2.50688e+05  4.64632e+39  2.42346e+05  2.96895e+39  2.18950e+05  3.62086e+39  7.65467e-65
 2.30415e+00  2.50688e+05  2.79184e+39  2.50688e+05  7.62430e+39  2.42346e+05  4.99322e+39  2.18950e+05  4.42351e+39  7.65467e-65
 2.37946e+00  2.50688e+05  4.73023e+39  2.42346e+05  7.96093e+39  2.34282e+05  3.73673e+39  2.18950e+05  5.31730e+39  7.65467e-65
 2.45723e+00  2.50688e+05  7.88069e+39  2.42346e+05  4.63944e+39  2.34282e+05  1.96772e+39  2.18950e+05  6.30592e+39  7.65467e-65
 2.53753e+00  2.42346e+05  1.02783e+40  2.42346e+05  2.36987e+39  2.34282e+05  8.03090e+38  2.18950e+05  7.39347e+39  7.65467e-65
 2.62047e+00  2.42346e+05  6.15373e+39  2.42346e+05  1.14283e+39  2.34282e+05  2.38026e+38  2.18950e+05  8.58445e+39  7.65467e-65
 2.70611e+00  2.42346e+05  3.24708e+39  2.42346e+05  9.53229e+38  2.34282e+05  2.70187e+38  2.18950e+05  9.88378e+39  7.65467e-65
 2.79455e+00  2.42346e+05  1.54635e+39  2.42346e+05  1.80029e+39  2.34282e+05  8.99707e+38  2.18950e+05  1.12969e+40  7.65467e-65
 2.88589e+00  2.42346e+05  1.04450e+39  2.42346e+05  3.68753e+39  2.34282e+05  2.12919e+39  2.18950e+05  1.28295e+40  7.65467e-65
 2.98021e+00  2.42346e+05  1.73946e+39  2.42346e+05  6.62274e+39  2.34282e+05  3.96373e+39  2.18950e+05  1.44881e+40  7.65467e-65
 3.07761e+00  2.42346e+05  3.63410e+39  2.34282e+05  8.56726e+39  2.26486e+05  4.88885e+39  2.18950e+05  1.62794e+40  7.65467e-65
 3.17819e+00  2.42346e+05  6.73627e+39  2.34282e+05  4.93273e+39  2.26486e+05  2.76431e+39  2.18950e+05  1.82110e+40  7.65467e-65
 3.28206e+00  2.42346e+05  1.10588e+40  2.34282e+05  2.35133e+39  2.26486e+05  1.24745e+39  2.18950e+05  2.02908e+40  7.65467e-65
 3.38933e+00  2.34282e+05  6.57764e+39  2.34282e+05  8.12380e+38  2.26486e+05  3.31996e+38  2.18950e+05  2.25273e+40  7.65467e-65
 3.50010e+00  2.34282e+05  3.31072e+39  2.34282e+05  3.09509e+38  2.26486e+05  1.41551e+37  2.18950e+05  2.49299e+40  7.65467e-65
 3.61449e+00  2.34282e+05  1.24999e+39  2.34282e+05  8.40635e+38  2.26486e+05  2.92613e+38  2.18950e+05  2.75086e+40  7.65467e-65
 3.73262e+00  2.34282e+05  3.86913e+38  2.34282e+05  2.40796e+39  2.26486e+05  1.16852e+39  2.18950e+05  3.02739e+40  7.65467e-65
 3.85462e+00  2.34282e+05  7.17920e+38  2.34282e+05  5.01796e+39  2.26486e+05  2.64551e+39  2.18950e+05  3.32373e+40  7.65467e-65
 3.98060e+00  2.34282e+05  2.24438e+39  2.34282e+05  8.68145e+39  2.26486e+05  4.72968e+39  2.18950e+05  3.64111e+40  7.65467e-65
 4.11069e+00  2.34282e+05  4.97262e+39  2.26486e+05  6.64425e+39  2.26486e+05  7.42967e+39  2.18950e+05  3.98084e+40  7.65467e-65
 4.24504e+00  2.34282e+05  8.91391e+39  2.26486e+05  3.45001e+39  2.26486e+05  1.07566e+40  2.18950e+05  4.34433e+40  7.65467e-65
 4.38378e+00  2.26486e+05  8.72229e+39  2.26486e+05  1.30275e+39  2.26486e+05  1.47244e+40  2.18950e+05  4.73308e+40  7.65467e-65
 4.52705e+00  2.26486e+05  4.74604e+39  2.26486e+05  1.93608e+38  2.26486e+05  1.93493e+40  2.18950e+05  5.14870e+40  7.65467e-65
 4.67501e+00  2.26486e+05  1.98193e+39  2.26486e+05  1.17983e+38  2.26486e+05  2.46505e+40  2.18950e+05  5.59291e+40  7.65467e-65
 4.82780e+00  2.26486e+05  4.18493e+38  2.26486e+05  1.07556e+39  2.26486e+05  3.06500e+40  2.18950e+05  6.06755e+40  7.65467e-65
 4.98558e+00  2.26486e+05  4.92752e+37  2.26486e+05  3.07031e+39  2.26486e+05  3.73726e+40  2.18950e+05  6.57458e+40  7.65467e-65
 5.14853e+00  2.26486e+05  8.72744e+38  2.26486e+05  6.11048e+39  2.26486e+05  4.48460e+40  2.18950e+05  7.11611e+40  7.65467e-65
 5.31679e+00  2.26486e+05  2.89231e+39  2.26486e+05  1.02087e+40  2.26486e+05  5.31013e+40  2.18950e+05  7.69437e+40  7.65467e-65
 5.49056e+00  2.26486e+05  6.11632e+39  2.26486e+05  1.53818e+40  2.18950e+05  5.57639e+40  2.18950e+05  8.31175e+40  7.65467e-65
 5.67001e+00  2.26486e+05  1.05581e+40  2.26486e+05  2.16513e+40  2.18950e+05  5.61798e+40  2.18950e+05  8.97082e+40  7.65467e-65
 5.85532e+00  2.26486e+05  1.62361e+40  2.26486e+05  2.90432e+40  2.18950e+05  5.74244e+40  2.18950e+05  9.67429e+40  7.65467e-65
 6.04668e+00  2.26486e+05  2.31738e+40  2.26486e+05  3.75879e+40  2.18950e+05  5.95030e+40  2.18950e+05  1.04251e+41  7.65467e-65
 6.24430e+00  2.26486e+05  3.13998e+40  2.26486e+05  4.73209e+40  2.18950e+05  6.24240e+40  2.18950e+05  1.12263e+41  7.65467e-65
 6.44838e+00  2.26486e+05  4.09483e+40  2.26486e+05  5.82825e+40  2.18950e+05  6.61996e+40  2.18950e+05  1.20813e+41  7.65467e-65
 6.65913e+00  2.26486e+05  5.18587e+40  2.26486e+05  7.05180e+40  2.18950e+05  7.08455e+40  2.18950e+05  1.29935e+41  7.65467e-65
 6.87677e+00  2.26486e+05  6.41763e+40  2.26486e+05  8.40781e+40  2.18950e+05  7.63807e+40  2.18950e+05  1.39668e+41  7.65467e-65
 7.10152e+00  2.26486e+05  7.79519e+40  2.18950e+05  9.67933e+40  2.18950e+05  8.28283e+40  2.18950e+05  1.50052e+41  7.65467e-65
 7.33362e+00  2.26486e+05  9.32426e+40  2.18950e+05  9.67398e+40  2.18950e+05  9.02149e+40  2.18950e+05  1.61130e+41  7.65467e-65
 7.57330e+00  2.26486e+05  1.10112e+41  2.18950e+05  9.81194e+40  2.18950e+05  9.85711e+40  2.18950e+05  1.72947e+41  7.65467e-65
 7.82082e+00  2.18950e+05  1.11570e+41  2.18950e+05  1.00938e+41  2.18950e+05  1.07932e+41  2.18950e+05  1.85553e+41  7.65467e-65
 8.07642e+00  2.18950e+05  1.12772e+41  2.18950e+05  1.05207e+41  2.18950e+05  1.18335e+41  2.18950e+05  1.98999e+41  7.65467e-65
 8.34038e+00  2.18950e+05  1.15633e+41  2.18950e+05  1.10943e+41  2.18950e+05  1.29824e+41  2.18950e+05  2.13342e+41  7.65467e-65
 8.61296e+00  2.18950e+05  1.20164e+41  2.18950e+05  1.18172e+41  2.18950e+05  1.42447e+41  2.18950e+05  2.28641e+41  7.65467e-65
 8.89446e+00  2.18950e+05  1.26386e+41  2.18950e+05  1.26923e+41  2.18950e+05  1.56255e+41  2.18950e+05  2.44959e+41  7.65467e-65
 9.18515e+00  2.18950e+05  1.34323e+41  2.18950e+05  1.37231e+41  2.18950e+05  1.71307e+41  2.18950e+05  2.62363e+41  7.65467e-65
 9.48535e+00  2.18950e+05  1.44008e+41  2.18950e+05  1.49141e+41  2.18950e+05  1.87663e+41  2.18950e+05  2.80926e+41  7.65467e-65
 9.79535e+00  2.18950e+05  1.55482e+41  2.18950e+05  1.62700e+41  2.18950e+05  2.05393e+41  2.18950e+05  3.00725e+41  7.65467e-65
 1.01155e+01  2.18950e+05  1.68792e+41  2.18950e+05  1.77965e+41  2.18950e+05  2.24569e+41  2.18950e+05  3.21840e+41  7.65467e-65
 1.04461e+01  2.18950e+05  1.83993e+41  2.18950e+05  1.94999e+41  2.18950e+05  2.45270e+41  2.18950e+05  3.44361e+41  7.65467e-65
 1.07875e+01  2.18950e+05  2.01148e+41  2.18950e+05  2.13873e+41  2.18950e+05  2.67582e+41  2.18950e+05  3.68379e+41  7.65467e-65
 1.11401e+01  2.18950e+05  2.20328e+41  2.18950e+05  2.34665e+41  2.18950e+05  2.91599e+41  2.18950e+05  3.93995e+41  7.65467e-65
 1.15041e+01  2.18950e+05  2.41612e+41  2.18950e+05  2.57461e+41  2.18950e+05  3.17418e+41  2.18950e+05  4.21314e+41  7.65467e-65
 1.18801e+01  2.18950e+05  2.65088e+41  2.18950e+05  2.82355e+41  2.18950e+05  3.45147e+41  2.18950e+05  4.50450e+41  7.65467e-65
 1.22684e+01  2.18950e+05  2.90854e+41  2.18950e+05  3.09450e+41  2.18950e+05  3.74901e+41  2.18950e+05  4.81523e+41  7.65467e-65
 1.26694e+01  2.18950e+05  3.19016e+41  2.18950e+05  3.38859e+41  2.18950e+05  4.06802e+41  2.18950e+05  5.14661e+41  7.65467e-65
 1.30834e+01  2.18950e+05  3.49691e+41  2.18950e+05  3.70702e+41  2.18950e+05  4.40984e+41  2.18950e+05  5.50002e+41  7.65467e-65
 1.35110e+01  2.18950e+05  3.83005e+41  2.18950e+05  4.05113e+41  2.18950e+05  4.77586e+41  2.18950e+05  5.87692e+41  7.65467e-65
 1.39526e+01  2.18950e+05  4.19097e+41  2.18950e+05  4.42233e+41  2.18950e+05  5.16761e+41  2.18950e+05  6.27887e+41  7.65467e-65
 1.44086e+01  2.18950e+05  4.58116e+41  2.18950e+05  4.82215e+41  2.18950e+05  5.58671e+41  2.18950e+05  6.70753e+41  7.65467e-65
 1.48795e+01  2.18950e+05  5.00224e+41  2.18950e+05  5.25226e+41  2.18950e+05  6.03490e+41  2.18950e+05  7.16468e+41  7.65467e-65
 1.53658e+01  2.18950e+05  5.45594e+41  2.18950e+05  5.71443e+41  2.18950e+05  6.51402e+41  2.18950e+05  7.65221e+41  7.65467e-65
 1.58680e+01  2.18950e+05  5.94414e+41  2.18950e+05  6.21058e+41  2.18950e+05  7.02606e+41  2.18950e+05  8.17213e+41  7.65467e-65
 1.63866e+01  2.18950e+05  6.46887e+41  2.18950e+05  6.74276e+41  2.18950e+05  7.57314e+41  2.18950e+05  8.72660e+41  7.65467e-65
 1.69222e+01  2.18950e+05  7.03229e+41  2.18950e+05  7.31317e+41  2.18950e+05  8.15752e+41  2.18950e+05  9.31792e+41  7.65467e-65
 1.74753e+01  2.18950e+05  7.63674e+41  2.18950e+05  7.92418e+41  2.18950e+05  8.78163e+41  2.18950e+05  9.94853e+41  7.65467e-65
 1.80464e+01  2.18950e+05  8.28472e+41  2.18950e+05  8.57830e+41  2.18950e+05  9.44804e+41  2.18950e+05  1.06210e+42  7.65467e-65
 1.86362e+01  2.18950e+05  8.97892e+41  2.18950e+05  9.27825e+41  2.18950e+05  1.01595e+42  2.18950e+05  1.13382e+42  7.65467e-65
 1.92453e+01  2.18950e+05  9.72219e+41  2.18950e+05  1.00269e+42  2.18950e+05  1.09190e+42  2.18950e+05  1.21031e+42  7.65467e-65
 1.98743e+01  2.18950e+05  1.05176e+42  2.18950e+05  1.08274e+42  2.18950e+05  1.17296e+42  2.18950e+05  1.29187e+42  7.65467e-65
 2.05238e+01  2.18950e+05  1.13685e+42  2.18950e+05  1.16831e+42  2.18950e+05  1.25948e+42  2.18950e+05  1.37886e+42  7.65467e-65
 2.11946e+01  2.18950e+05  1.22784e+42  2.18950e+05  1.25974e+42  2.18950e+05  1.35180e+42  2.18950e+05  1.47162e+42  7.65467e-65
 2.18873e+01  2.18950e+05  1.32510e+42  2.18950e+05  1.35742e+42  2.18950e+05  1.45031e+42  2.18950e+05  1.57055e+42  7.65467e-65
 2.26026e+01  2.18950e+05  1.42903e+42  2.18950e+05  1.46174e+42  2.18950e+05  1.55542e+42  2.18950e+05  1.67605e+42  7.65467e-65
 2.33413e+01  2.18950e+05  1.54008e+42  2.18950e+05  1.57315e+42  2.18950e+05  1.66757e+42  2.18950e+05  1.78856e+42  7.65467e-65
 2.41042e+01  2.18950e+05  1.65868e+42  2.18950e+05  1.69211e+42  2.18950e+05  1.78721e+42  2.18950e+05  1.90854e+42  7.65467e-65
 2.48920e+01  2.18950e+05  1.78535e+42  2.18950e+05  1.81909e+42  2.18950e+05  1.91484e+42  2.18950e+05  2.03649e+42  7.65467e-65
 2.57055e+01  2.18950e+05  1.92060e+42  2.18950e+05  1.95464e+42  2.18950e+05  2.05100e+42  2.18950e+05  2.17295e+42  7.65467e-65
 2.65456e+01  2.18950e+05  2.06498e+42  2.18950e+05  2.09932e+42  2.18950e+05  2.19624e+42  2.18950e+05  2.31847e+42  7.65467e-65
 2.74132e+01  2.18950e+05  2.21911e+42  2.18950e+05  2.25371e+42  2.18950e+05  2.35116e+42  2.18950e+05  2.47366e+42  7.65467e-65
 2.83091e+01  2.18950e+05  2.38361e+42  2.18950e+05  2.41846e+42  2.18950e+05  2.51641e+42  2.18950e+05  2.63916e+42  7.65467e-65
 2.92343e+01  2.18950e+05  2.55917e+42  2.18950e+05  2.59425e+42  2.18950e+05  2.69267e+42  2.18950e+05  2.81565e+42  7.65467e-65
 3.01898e+01  2.18950e+05  2.74651e+42  2.18950e+05  2.78181e+42  2.18950e+05  2.88067e+42  2.18950e+05  3.00387e+42  7.65467e-65
 3.11765e+01  2.18950e+05  2.94641e+42  2.18950e+05  2.98192e+42  2.18950e+05  3.08119e+42  2.18950e+05  3.20459e+42  7.65467e-65
 3.21954e+01  2.18950e+05  3.15970e+42  2.18950e+05  3.19540e+42  2.18950e+05  3.29506e+42  2.18950e+05  3.41865e+42  7.65467e-65
 3.32476e+01  2.18950e+05  3.38726e+42  2.18950e+05  3.42314e+42  2.18950e+05  3.52316e+42  2.18950e+05  3.64693e+42  7.65467e-65
 3.43343e+01  2.18950e+05  3.63002e+42  2.18950e+05  3.66607e+42  2.18950e+05  3.76643e+42  2.18950e+05  3.89037e+42  7.65467e-65
 3.54564e+01  2.18950e+05  3.88901e+42  2.18950e+05  3.92521e+42  2.18950e+05  4.02589e+42  2.18950e+05  4.14999e+42  7.65467e-65
 3.66152e+01  2.18950e+05  4.16527e+42  2.18950e+05  4.20163e+42  2.18950e+05  4.30261e+42  2.18950e+05  4.42685e+42  7.65467e-65
 3.78119e+01  2.18950e+05  4.45997e+42  2.18950e+05  4.49647e+42  2.18950e+05  4.59773e+42  2.18950e+05  4.72211e+42  7.65467e-65
 3.90477e+01  2.18950e+05  4.77432e+42  2.18950e+05  4.81095e+42  2.18950e+05  4.91247e+42  2.18950e+05  5.03699e+42  7.65467e-65
 4.03238e+01  2.18950e+05  5.10962e+42  2.18950e+05  5.14637e+42  2.18950e+05  5.24814e+42  2.18950e+05  5.37278e+42  7.65467e-65
 4.16417e+01  2.18950e+05  5.46726e+42  2.18950e+05  5.50413e+42  2.18950e+05  5.60612e+42  2.18950e+05  5.73087e+42  7.65467e-65
 4.30027e+01  2.18950e+05  5.84872e+42  2.18950e+05  5.88569e+42  2.18950e+05  5.98790e+42  2.18950e+05  6.11276e+42  7.65467e-65
 4.44081e+01  2.18950e+05  6.25557e+42  2.18950e+05  6.29265e+42  2.18950e+05  6.39506e+42  2.18950e+05  6.52002e+42  7.65467e-65
 4.58595e+01  2.18950e+05  6.68951e+42  2.18950e+05  6.72668e+42  2.18950e+05  6.82928e+42  2.11664e+05  6.71055e+42  7.65467e-65
 4.73583e+01  2.18950e+05  7.15232e+42  2.18950e+05  7.18958e+42  2.18950e+05  7.29236e+42  2.11664e+05  6.78924e+42  7.65467e-65
 4.89061e+01  2.18950e+05  7.64592e+42  2.18950e+05  7.68327e+42  2.18950e+05  7.78622e+42  2.11664e+05  6.89610e+42  7.65467e-65
 5.05045e+01  2.18950e+05  8.17236e+42  2.18950e+05  8.20978e+42  2.18950e+05  8.31289e+42  2.11664e+05  7.03158e+42  7.65467e-65
 5.21551e+01  2.18950e+05  8.73381e+42  2.18950e+05  8.77131e+42  2.18950e+05  8.87456e+42  2.11664e+05  7.19623e+42  7.65467e-65
 5.38597e+01  2.18950e+05  9.33260e+42  2.18950e+05  9.37017e+42  2.18950e+05  9.47356e+42  2.11664e+05  7.39073e+42  7.65467e-65
 5.56199e+01  2.18950e+05  9.97120e+42  2.18950e+05  1.00088e+43  2.18950e+05  1.01124e+43  2.11664e+05  7.61589e+42  7.65467e-65
 5.74378e+01  2.18950e+05  1.06523e+43  2.18950e+05  1.06900e+43  2.18950e+05  1.07936e+43  2.11664e+05  7.87265e+42  7.65467e-65
 5.93150e+01  2.18950e+05  1.13786e+43  2.18950e+05  1.14164e+43  2.18950e+05  1.15201e+43  2.11664e+05  8.16205e+42  7.65467e-65
 6.12535e+01  2.18950e+05  1.21532e+43  2.18950e+05  1.21910e+43  2.18950e+05  1.22949e+43  2.11664e+05  8.48531e+42  7.65467e-65
 6.32555e+01  2.18950e+05  1.29793e+43  2.18950e+05  1.30172e+43  2.18950e+05  1.31211e+43  2.11664e+05  8.84375e+42  7.65467e-65
 6.53228e+01  2.18950e+05  1.38603e+43  2.18950e+05  1.38982e+43  2.18950e+05  1.40023e+43  2.11664e+05  9.23887e+42  7.65467e-65
 6.74577e+01  2.18950e+05  1.47999e+43  2.18950e+05  1.48379e+43  2.18950e+05  1.49420e+43  2.11664e+05  9.67230e+42  7.65467e-65
 6.96624e+01  2.18950e+05  1.58019e+43  2.18950e+05  1.58399e+43  2.18950e+05  1.59441e+43  2.11664e+05  1.01458e+43  7.65467e-65
 7.19392e+01  2.18950e+05  1.68705e+43  2.18950e+05  1.69085e+43  2.18950e+05  1.70129e+43  2.11664e+05  1.06614e+43  7.65467e-65
 7.42903e+01  2.18950e+05  1.80101e+43  2.18950e+05  1.80482e+43  2.18950e+05  1.81526e+43  2.11664e+05  1.12212e+43  7.65467e-65
 7.67183e+01  2.18950e+05  1.92255e+43  2.18950e+05  1.92636e+43  2.18950e+05  1.93680e+43  2.11664e+05  1.18275e+43  7.65467e-65
 7.92257e+01  2.18950e+05  2.05216e+43  2.18950e+05  2.05597e+43  2.18950e+05  2.06642e+43  2.11664e+05  1.24828e+43  7.65467e-65
 8.18150e+01  2.18950e+05  2.19038e+43  2.18950e+05  2.19419e+43  2.18950e+05  2.20465e+43  2.11664e+05  1.31899e+43  7.65467e-65
 8.44889e+01  2.18950e+05  2.33778e+43  2.18950e+05  2.34160e+43  2.18950e+05  2.35206e+43  2.11664e+05  1.39516e+43  7.65467e-65
 8.72502e+01  2.18950e+05  2.49498e+43  2.18950e+05  2.49880e+43  2.18950e+05  2.50927e+43  2.11664e+05  1.47711e+43  7.65467e-65
 9.01018e+01  2.18950e+05  2.66263e+43  2.18950e+05  2.66645e+43  2.18950e+05  2.67692e+43  2.11664e+05  1.56518e+43  7.65467e-65
 9.30466e+01  2.18950e+05  2.84141e+43  2.18950e+05  2.84523e+43  2.18950e+05  2.85571e+43  2.11664e+05  1.65974e+43  7.65467e-65
 9.60876e+01  2.18950e+05  3.03207e+43  2.18950e+05  3.03590e+43  2.18950e+05  3.04638e+43  2.11664e+05  1.76117e+43  7.65467e-65
 9.92280e+01  2.18950e+05  3.23540e+43  2.18950e+05  3.23923e+43  2.18950e+05  3.24971e+43  2.11664e+05  1.86990e+43  7.65467e-65
 1.02471e+02  2.18950e+05  3.45223e+43  2.18950e+05  3.45606e+43  2.18950e+05  3.46655e+43  2.11664e+05  1.98637e+43  7.65467e-65
 1.05820e+02  2.18950e+05  3.68348e+43  2.18950e+05  3.68731e+43  2.18950e+05  3.69780e+43  2.11664e+05  2.11107e+43  7.65467e-65
 1.09278e+02  2.18950e+05  3.93008e+43  2.18950e+05  3.93392e+43  2.18950e+05  3.94441e+43  2.11664e+05  2.24452e+43  7.65467e-65
 1.12850e+02  2.18950e+05  4.19307e+43  2.18950e+05  4.19691e+43  2.18950e+05  4.20741e+43  2.11664e+05  2.38726e+43  7.65467e-65
 1.16538e+02  2.18950e+05  4.47353e+43  2.18950e+05  4.47737e+43  2.18950e+05  4.48787e+43  2.11664e+05  2.53989e+43  7.65467e-65
 1.20347e+02  2.18950e+05  4.77263e+43  2.18950e+05  4.77647e+43  2.18950e+05  4.78697e+43  2.11664e+05  2.70304e+43  7.65467e-65
 1.24280e+02  2.18950e+05  5.09159e+43  2.18950e+05  5.09543e+43  2.18950e+05  5.10594e+43  2.11664e+05  2.87738e+43  7.65467e-65
 1.28342e+02  2.18950e+05  5.43175e+43  2.18950e+05  5.43559e+43  2.18950e+05  5.44610e+43  2.11664e+05  3.06363e+43  7.65467e-65
 1.32537e+02  2.18950e+05  5.79450e+43  2.18950e+05  5.79835e+43  2.18950e+05  5.80886e+43  2.11664e+05  3.26258e+43  7.65467e-65
 1.36868e+02  2.18950e+05  6.18136e+43  2.18950e+05  6.18520e+43  2.18950e+05  6.19572e+43  2.11664e+05  3.47503e+43  7.65467e-65
 1.41341e+02  2.18950e+05  6.59391e+43  2.18950e+05  6.59776e+43  2.18950e+05  6.60827e+43  2.11664e+05  3.70187e+43  7.65467e-65
 1.45961e+02  2.18950e+05  7.03387e+43  2.18950e+05  7.03772e+43  2.18950e+05  7.04824e+43  2.11664e+05  3.94403e+43  7.65467e-65
 1.50731e+02  2.18950e+05  7.50306e+43  2.18950e+05  7.50691e+43  2.18950e+05  7.51743e+43  2.11664e+05  4.20253e+43  7.65467e-65
 1.55658e+02  2.18950e+05  8.00343e+43  2.18950e+05  8.00727e+43  2.18950e+05  8.01780e+43  2.11664e+05  4.47843e+43  7.65467e-65
 1.60745e+02  2.18950e+05  8.53703e+43  2.18950e+05  8.54088e+43  2.18950e+05  8.55140e+43  2.11664e+05  4.77287e+43  7.65467e-65
 1.65998e+02  2.18950e+05  9.10608e+43  2.18950e+05  9.10993e+43  2.18950e+05  9.12045e+43  2.11664e+05  5.08706e+43  7.65467e-65
 1.71424e+02  2.18950e+05  9.71294e+43  2.18950e+05  9.71679e+43  2.18950e+05  9.72731e+43  2.11664e+05  5.42232e+43  7.65467e-65
 1.77026e+02  2.18950e+05  1.03601e+44  2.18950e+05  1.03640e+44  2.18950e+05  1.03745e+44  2.11664e+05  5.78002e+43  7.65467e-65
 1.82812e+02  2.18950e+05  1.10503e+44  2.18950e+05  1.10541e+44  2.18950e+05  1.10647e+44  2.11664e+05  6.16165e+43  7.65467e-65
 1.88787e+02  2.18950e+05  1.17863e+44  2.18950e+05  1.17901e+44  2.18950e+05  1.18007e+44  2.11664e+05  6.56879e+43  7.65467e-65
 1.94957e+02  2.18950e+05  1.25712e+44  2.18950e+05  1.25751e+44  2.18950e+05  1.25856e+44  2.11664e+05  7.00312e+43  7.65467e-65
 2.01328e+02  2.18950e+05  1.34083e+44  2.18950e+05  1.34121e+44  2.18950e+05  1.34226e+44  2.11664e+05  7.46644e+43  7.65467e-65
 2.07908e+02  2.18950e+05  1.43009e+44  2.18950e+05  1.43048e+44  2.18950e+05  1.43153e+44  2.11664e+05  7.96067e+43  7.65467e-65
 2.14703e+02  2.18950e+05  1.52529e+44  2.18950e+05  1.52568e+44  2.18950e+05  1.52673e+44  2.11664e+05  8.48785e+43  7.65467e-65
 2.21720e+02  2.18950e+05  1.62681e+44  2.18950e+05  1.62720e+44  2.18950e+05  1.62825e+44  2.11664e+05  9.05016e+43  7.65467e-65
 2.28967e+02  2.18950e+05  1.73508e+44  2.18950e+05  1.73546e+44  2.18950e+05  1.73652e+44  2.11664e+05  9.64994e+43  7.65467e-65
 2.36450e+02  2.18950e+05  1.85053e+44  2.18950e+05  1.85092e+44  2.18950e+05  1.85197e+44  2.11664e+05  1.02897e+44  7.65467e-65
 2.44178e+02  2.18950e+05  1.97366e+44  2.18950e+05  1.97405e+44  2.18950e+05  1.97510e+44  2.11664e+05  1.09720e+44  7.65467e-65
 2.52158e+02  2.18950e+05  2.10497e+44  2.18950e+05  2.10536e+44  2.18950e+05  2.10641e+44  2.11664e+05  1.16997e+44  7.65467e-65
 2.60399e+02  2.18950e+05  2.24500e+44  2.18950e+05  2.24539e+44  2.18950e+05  2.24644e+44  2.11664e+05  1.24758e+44  7.65467e-65
 2.68910e+02  2.18950e+05  2.39434e+44  2.18950e+05  2.39472e+44  2.18950e+05  2.39578e+44  2.11664e+05  1.33036e+44  7.65467e-65
 2.77699e+02  2.18950e+05  2.55359e+44  2.18950e+05  2.55398e+44  2.18950e+05  2.55503e+44  2.11664e+05  1.41865e+44  7.65467e-65
 2.86774e+02  2.18950e+05  2.72343e+44  2.18950e+05  2.72381e+44  2.18950e+05  2.72487e+44  2.11664e+05  1.51280e+44  7.65467e-65
 2.96147e+02  2.18950e+05  2.90454e+44  2.18950e+05  2.90493e+44  2.18950e+05  2.90598e+44  2.11664e+05  1.61322e+44  7.65467e-65
 3.05826e+02  2.18950e+05  3.09769e+44  2.18950e+05  3.09808e+44  2.18950e+05  3.09913e+44  2.11664e+05  1.72032e+44  7.65467e-65
 3.15821e+02  2.18950e+05  3.30368e+44  2.18950e+05  3.30406e+44  2.18950e+05  3.30512e+44  2.11664e+05  1.83453e+44  7.65467e-65
 3.26143e+02  2.18950e+05  3.52334e+44  2.18950e+05  3.52373e+44  2.18950e+05  3.52478e+44  2.11664e+05  1.95634e+44  7.65467e-65
 3.36802e+02  2.18950e+05  3.75760e+44  2.18950e+05  3.75799e+44  2.18950e+05  3.75904e+44  2.11664e+05  2.08625e+44  7.65467e-65
 3.47810e+02  2.18950e+05  4.00742e+44  2.18950e+05  4.00781e+44  2.18950e+05  4.00886e+44  2.11664e+05  2.22479e+44  7.65467e-65
 3.59177e+02  2.18950e+05  4.27384e+44  2.18950e+05  4.27422e+44  2.18950e+05  4.27528e+44  2.11664e+05  2.37253e+44  7.65467e-65
 3.70916e+02  2.18950e+05  4.55796e+44  2.18950e+05  4.55834e+44  2.18950e+05  4.55940e+44  2.11664e+05  2.53010e+44  7.65467e-65
 3.83038e+02  2.18950e+05  4.86095e+44  2.18950e+05  4.86133e+44  2.18950e+05  4.86239e+44  2.11664e+05  2.69814e+44  7.65467e-65
 3.95557e+02  2.18950e+05  5.18407e+44  2.18950e+05  5.18445e+44  2.18950e+05  5.18551e+44  2.11664e+05  2.87734e+44  7.65467e-65
 4.08485e+02  2.18950e+05  5.52865e+44  2.18950e+05  5.52904e+44  2.18950e+05  5.53009e+44  2.11664e+05  3.06846e+44  7.65467e-65
 4.21835e+02  2.18950e+05  5.89613e+44  2.18950e+05  5.89652e+44  2.18950e+05  5.89757e+44  2.11664e+05  3.27227e+44  7.65467e-65
 4.35622e+02  2.18950e+05  6.28802e+44  2.18950e+05  6.28841e+44  2.18950e+05  6.28946e+44  2.11664e+05  3.48963e+44  7.65467e-65
 4.49859e+02  2.18950e+05  6.70595e+44  2.18950e+05  6.70634e+44  2.18950e+05  6.70739e+44  2.11664e+05  3.72143e+44  7.65467e-65
 4.64562e+02  2.18950e+05  7.15164e+44  2.18950e+05  7.15203e+44  2.18950e+05  7.15308e+44  2.11664e+05  3.96863e+44  7.65467e-65
 4.79745e+02  2.18950e+05  7.62694e+44  2.18950e+05  7.62732e+44  2.11664e+05  7.50107e+44  2.11664e+05  4.23225e+44  7.65467e-65
 4.95424e+02  2.18950e+05  8.13381e+44  2.18950e+05  8.13420e+44  2.11664e+05  7.57850e+44  2.11664e+05  4.51339e+44  7.65467e-65
 5.11616e+02  2.18950e+05  8.67436e+44  2.18950e+05  8.67475e+44  2.11664e+05  7.68730e+44  2.11664e+05  4.81321e+44  7.65467e-65
 5.28337e+02  2.18950e+05  9.25082e+44  2.18950e+05  9.25121e+44  2.11664e+05  7.82792e+44  2.11664e+05  5.13295e+44  7.65467e-65
 5.45604e+02  2.18950e+05  9.86557e+44  2.18950e+05  9.86596e+44  2.11664e+05  8.00095e+44  2.11664e+05  5.47393e+44  7.65467e-65
 5.63436e+02  2.18950e+05  1.05212e+45  2.18950e+05  1.05216e+45  2.11664e+05  8.20708e+44  2.11664e+05  5.83757e+44  7.65467e-65
 5.81850e+02  2.18950e+05  1.12203e+45  2.18950e+05  1.12207e+45  2.11664e+05  8.44719e+44  2.11664e+05  6.22537e+44  7.65467e-65
 6.00867e+02  2.18950e+05  1.19659e+45  2.18950e+05  1.19663e+45  2.11664e+05  8.72227e+44  2.11664e+05  6.63893e+44  7.65467e-65
 6.20505e+02  2.18950e+05  1.27610e+45  2.18950e+05  1.27614e+45  2.11664e+05  9.03344e+44  2.11664e+05  7.07997e+44  7.65467e-65
 6.40784e+02  2.18950e+05  1.36090e+45  2.11664e+05  1.30472e+45  2.11664e+05  9.38201e+44  2.11664e+05  7.55030e+44  7.65467e-65
 6.61727e+02  2.18950e+05  1.45133e+45  2.11664e+05  1.32062e+45  2.11664e+05  9.76941e+44  2.11664e+05  8.05189e+44  7.65467e-65
 6.83354e+02  2.11664e+05  1.50314e+45  2.11664e+05  1.34199e+45  2.11664e+05  1.01972e+45  2.11664e+05  8.58680e+44  7.65467e-65
 7.05688e+02  2.11664e+05  1.52002e+45  2.11664e+05  1.36891e+45  2.11664e+05  1.06673e+45  2.11664e+05  9.15724e+44  7.65467e-65
 7.28751e+02  2.11664e+05  1.54319e+45  2.11664e+05  1.40150e+45  2.11664e+05  1.11815e+45  2.11664e+05  9.76558e+44  7.65467e-65
 7.52569e+02  2.11664e+05  1.57275e+45  2.11664e+05  1.43989e+45  2.11664e+05  1.17420e+45  2.11664e+05  1.04143e+45  7.65467e-65
 7.77165e+02  2.11664e+05  1.60882e+45  2.11664e+05  1.48424e+45  2.11664e+05  1.23510e+45  2.11664e+05  1.11062e+45  7.65467e-65
 8.02565e+02  2.11664e+05  1.65155e+45  2.11664e+05  1.53473e+45  2.11664e+05  1.30112e+45  2.11664e+05  1.18440e+45  7.65467e-65
 8.28794e+02  2.11664e+05  1.70112e+45  2.11664e+05  1.59158e+45  2.11664e+05  1.37253e+45  2.11664e+05  1.26309e+45  7.65467e-65
 8.55882e+02  2.11664e+05  1.75773e+45  2.11664e+05  1.65501e+45  2.11664e+05  1.44961e+45  2.11664e+05  1.34700e+45  7.65467e-65
 8.83854e+02  2.11664e+05  1.82161e+45  2.11664e+05  1.72530e+45  2.11664e+05  1.53270e+45  2.11664e+05  1.43648e+45  7.65467e-65
 9.12741e+02  2.11664e+05  1.89303e+45  2.11664e+05  1.80272e+45  2.11664e+05  1.62213e+45  2.11664e+05  1.53191e+45  7.65467e-65
 9.42571e+02  2.11664e+05  1.97229e+45  2.11664e+05  1.88761e+45  2.11664e+05  1.71827e+45  2.11664e+05  1.63368e+45  7.65467e-65
 9.73377e+02  2.11664e+05  2.05971e+45  2.11664e+05  1.98031e+45  2.11664e+05  1.82152e+45  2.11664e+05  1.74221e+45  7.65467e-65
 1.00519e+03  2.11664e+05  2.15566e+45  2.11664e+05  2.08120e+45  2.11664e+05  1.93232e+45  2.11664e+05  1.85796e+45  7.65467e-65
 1.03804e+03  2.11664e+05  2.26052e+45  2.11664e+05  2.19071e+45  2.11664e+05  2.05111e+45  2.11664e+05  1.98139e+45  7.65467e-65
 1.07197e+03  2.11664e+05  2.37475e+45  2.11664e+05  2.30929e+45  2.11664e+05  2.17839e+45  2.11664e+05  2.11302e+45  7.65467e-65
 1.10700e+03  2.11664e+05  2.49880e+45  2.11664e+05  2.43742e+45  2.11664e+05  2.31468e+45  2.11664e+05  2.25339e+45  7.65467e-65
 1.14318e+03  2.11664e+05  2.63320e+45  2.11664e+05  2.57564e+45  2.11664e+05  2.46056e+45  2.11664e+05  2.40309e+45  7.65467e-65
 1.18054e+03  2.11664e+05  2.77849e+45  2.11664e+05  2.72453e+45  2.11664e+05  2.61662e+45  2.11664e+05  2.56274e+45  7.65467e-65
 1.21913e+03  2.11664e+05  2.93529e+45  2.11664e+05  2.88468e+45  2.11664e+05  2.78350e+45  2.11664e+05  2.73299e+45  7.65467e-65
 1.25897e+03  2.11664e+05  3.10423e+45  2.11664e+05  3.05678e+45  2.11664e+05  2.96191e+45  2.11664e+05  2.91455e+45  7.65467e-65
 1.30012e+03  2.11664e+05  3.28602e+45  2.11664e+05  3.24153e+45  2.11664e+05  3.15258e+45  2.11664e+05  3.10818e+45  7.65467e-65
 1.34261e+03  2.11664e+05  3.48142e+45  2.11664e+05  3.43970e+45  2.11664e+05  3.35629e+45  2.11664e+05  3.31467e+45  7.65467e-65
 1.38649e+03  2.11664e+05  3.69122e+45  2.11664e+05  3.65210e+45  2.11664e+05  3.57390e+45  2.11664e+05  3.53487e+45  7.65467e-65
 1.43180e+03  2.11664e+05  3.91629e+45  2.11664e+05  3.87962e+45  2.11664e+05  3.80629e+45  2.11664e+05  3.76971e+45  7.65467e-65
 1.47860e+03  2.11664e+05  4.15758e+45  2.11664e+05  4.12319e+45  2.11664e+05  4.05444e+45  2.11664e+05  4.02014e+45  7.65467e-65
 1.52692e+03  2.11664e+05  4.41607e+45  2.11664e+05  4.38383e+45  2.11664e+05  4.31937e+45  2.11664e+05  4.28721e+45  7.65467e-65
 1.57683e+03  2.11664e+05  4.69284e+45  2.11664e+05  4.66261e+45  2.11664e+05  4.60217e+45  2.11664e+05  4.57203e+45  7.65467e-65
 1.62836e+03  2.11664e+05  4.98904e+45  2.11664e+05  4.96069e+45  2.11664e+05  4.90402e+45  2.11664e+05  4.87576e+45  7.65467e-65
 1.68158e+03  2.11664e+05  5.30588e+45  2.11664e+05  5.27930e+45  2.11664e+05  5.22617e+45  2.11664e+05  5.19968e+45  7.65467e-65
 1.73654e+03  2.11664e+05  5.64468e+45  2.11664e+05  5.61976e+45  2.11664e+05  5.56994e+45  2.11664e+05  5.54511e+45  7.65467e-65
 1.79329e+03  2.11664e+05  6.00684e+45  2.11664e+05  5.98347e+45  2.11664e+05  5.93677e+45  2.11664e+05  5.91349e+45  7.65467e-65
 1.85190e+03  2.11664e+05  6.39386e+45  2.11664e+05  6.37195e+45  2.11664e+05  6.32816e+45  2.11664e+05  6.30635e+45  7.65467e-65
 1.91243e+03  2.11664e+05  6.80735e+45  2.11664e+05  6.78680e+45  2.11664e+05  6.74575e+45  2.11664e+05  6.72530e+45  7.65467e-65
 1.97493e+03  2.11664e+05  7.24900e+45  2.11664e+05  7.22974e+45  2.11664e+05  7.19125e+45  2.11664e+05  7.17208e+45  7.65467e-65
 2.03948e+03  2.11664e+05  7.72066e+45  2.11664e+05  7.70260e+45  2.11664e+05  7.66652e+45  2.11664e+05  7.64855e+45  7.65467e-65
 2.10613e+03  2.11664e+05  8.22427e+45  2.11664e+05  8.20734e+45  2.11664e+05  8.17351e+45  2.11664e+05  8.15667e+45  7.65467e-65
 2.17497e+03  2.11664e+05  8.76192e+45  2.11664e+05  8.74605e+45  2.11664e+05  8.71433e+45  2.11664e+05  8.69855e+45  7.65467e-65
 2.24605e+03  2.11664e+05  9.33583e+45  2.11664e+05  9.32095e+45  2.11664e+05  9.29121e+45  2.11664e+05  9.27642e+45  7.65467e-65
 2.31946e+03  2.11664e+05  9.94838e+45  2.11664e+05  9.93442e+45  2.11664e+05  9.90655e+45  2.11664e+05  9.89268e+45  7.65467e-65
 2.39526e+03  2.11664e+05  1.06021e+46  2.11664e+05  1.05890e+46  2.11664e+05  1.05629e+46  2.11664e+05  1.05499e+46  7.65467e-65
 2.47355e+03  2.11664e+05  1.12997e+46  2.11664e+05  1.12874e+46  2.11664e+05  1.12629e+46  2.11664e+05  1.12508e+46  7.65467e-65
 2.55439e+03  2.11664e+05  1.20441e+46  2.11664e+05  1.20326e+46  2.11664e+05  1.20096e+46  2.11664e+05  1.19982e+46  7.65467e-65
 2.63787e+03  2.11664e+05  1.28383e+46  2.11664e+05  1.28275e+46  2.11664e+05  1.28060e+46  2.11664e+05  1.27953e+46  7.65467e-65
 2.72409e+03  2.11664e+05  1.36856e+46  2.11664e+05  1.36755e+46  2.11664e+05  1.36553e+46  2.11664e+05  1.36453e+46  7.65467e-65
 2.81312e+03  2.11664e+05  1.45896e+46  2.11664e+05  1.45801e+46  2.11664e+05  1.45612e+46  2.11664e+05  1.45518e+46  7.65467e-65
 2.90506e+03  2.11664e+05  1.55539e+46  2.11664e+05  1.55450e+46  2.11664e+05  1.55273e+46  2.11664e+05  1.55185e+46  7.65467e-65
 3.00000e+03  2.11664e+05  1.65827e+46  2.11664e+05  1.65743e+46  2.11664e+05  1.65577e+46  2.11664e+05  1.65495e+46  7.65467e-65
