radius_rg T_0deg chi2_0deg T_15deg chi2_15deg T_30deg chi2_30deg T_45deg chi2_45deg nuLnusavg_last
 2.00000e-01  7.40366e+05  1.54292e+43  7.15730e+05  1.19838e+43  6.46632e+05  4.94151e+42  4.60983e+05  1.01206e+41  4.46114e-31
 2.06537e-01  7.15730e+05  1.48769e+43  7.15730e+05  1.16792e+43  6.46632e+05  4.49712e+42  4.60983e+05  7.13274e+40  4.46114e-31
 2.13287e-01  7.15730e+05  1.39845e+43  6.91914e+05  1.12690e+43  6.46632e+05  4.26119e+42  4.60983e+05  5.58242e+40  4.46114e-31
 2.20257e-01  7.15730e+05  1.35296e+43  6.91914e+05  1.05240e+43  6.46632e+05  4.23275e+42  4.60983e+05  5.46322e+40  4.46114e-31
 2.27456e-01  6.91914e+05  1.32787e+43  6.91914e+05  1.01513e+43  6.25115e+05  3.96336e+42  4.60983e+05  6.77464e+40  4.46114e-31
 2.34890e-01  6.91914e+05  1.23164e+43  6.68890e+05  1.00792e+43  6.25115e+05  3.63157e+42  4.45643e+05  7.01280e+40  4.46114e-31
 2.42567e-01  6.91914e+05  1.17847e+43  6.68890e+05  9.24002e+42  6.25115e+05  3.50465e+42  4.45643e+05  4.49520e+40  4.46114e-31
 2.50494e-01  6.91914e+05  1.16815e+43  6.68890e+05  8.76791e+42  6.25115e+05  3.58209e+42  4.45643e+05  3.40422e+40  4.46114e-31
 2.58681e-01  6.68890e+05  1.08600e+43  6.68890e+05  8.66091e+42  6.04314e+05  3.14306e+42  4.45643e+05  3.73534e+40  4.46114e-31
 2.67136e-01  6.68890e+05  1.02149e+43  6.46632e+05  8.16002e+42  6.04314e+05  2.89906e+42  4.45643e+05  5.48994e+40  4.46114e-31
 2.75866e-01  6.68890e+05  9.99189e+42  6.46632e+05  7.55663e+42  6.04314e+05  2.85691e+42  4.30814e+05  5.11525e+40  4.46114e-31
 2.84882e-01  6.46632e+05  9.64795e+42  6.46632e+05  7.31334e+42  5.84205e+05  2.83309e+42  4.30814e+05  2.83302e+40  4.46114e-31
 2.94193e-01  6.46632e+05  8.85261e+42  6.25115e+05  7.32359e+42  5.84205e+05  2.45253e+42  4.30814e+05  1.97054e+40  4.46114e-31
 3.03808e-01  6.46632e+05  8.47359e+42  6.25115e+05  6.55631e+42  5.84205e+05  2.27197e+42  4.30814e+05  2.52422e+40  4.46114e-31
 3.13737e-01  6.46632e+05  8.50934e+42  6.25115e+05  6.14499e+42  5.84205e+05  2.29066e+42  4.30814e+05  4.49636e+40  4.46114e-31
 3.23991e-01  6.25115e+05  7.74266e+42  6.25115e+05  6.08792e+42  5.64766e+05  2.21084e+42  4.16479e+05  4.40414e+40  4.46114e-31
 3.34580e-01  6.25115e+05  7.17083e+42  6.04314e+05  5.81823e+42  5.64766e+05  1.87193e+42  4.16479e+05  2.11458e+40  4.46114e-31
 3.45515e-01  6.25115e+05  7.00836e+42  6.04314e+05  5.20611e+42  5.64766e+05  1.73060e+42  4.16479e+05  1.24179e+40  4.46114e-31
 3.56807e-01  6.04314e+05  6.94465e+42  6.04314e+05  4.94437e+42  5.64766e+05  1.78628e+42  4.16479e+05  1.78215e+40  4.46114e-31
 3.68468e-01  6.04314e+05  6.14187e+42  6.04314e+05  5.03190e+42  5.45973e+05  1.71199e+42  4.16479e+05  3.73790e+40  4.46114e-31
 3.80511e-01  6.04314e+05  5.74421e+42  5.84205e+05  4.56083e+42  5.45973e+05  1.39002e+42  4.02620e+05  5.00498e+40  4.46114e-31
 3.92947e-01  6.04314e+05  5.75001e+42  5.84205e+05  4.06119e+42  5.45973e+05  1.26364e+42  4.02620e+05  2.45246e+40  4.46114e-31
 4.05790e-01  5.84205e+05  5.46118e+42  5.84205e+05  3.90719e+42  5.45973e+05  1.33235e+42  4.02620e+05  1.31810e+40  4.46114e-31
 4.19052e-01  5.84205e+05  4.78966e+42  5.84205e+05  4.09819e+42  5.27805e+05  1.33499e+42  4.02620e+05  1.59721e+40  4.46114e-31
 4.32748e-01  5.84205e+05  4.51766e+42  5.64766e+05  3.51676e+42  5.27805e+05  1.00494e+42  4.02620e+05  3.29094e+40  4.46114e-31
 4.46891e-01  5.84205e+05  4.64404e+42  5.64766e+05  3.08730e+42  5.27805e+05  8.68896e+41  4.02620e+05  6.40631e+40  4.46114e-31
 4.61496e-01  5.64766e+05  4.23574e+42  5.64766e+05  2.99944e+42  5.27805e+05  9.26295e+41  3.89223e+05  4.13793e+40  4.46114e-31
 4.76579e-01  5.64766e+05  3.64640e+42  5.64766e+05  3.25282e+42  5.10242e+05  1.08903e+42  3.89223e+05  2.47216e+40  4.46114e-31
 4.92155e-01  5.64766e+05  3.45184e+42  5.45973e+05  2.66665e+42  5.10242e+05  7.25228e+41  3.89223e+05  2.22463e+40  4.46114e-31
 5.08240e-01  5.64766e+05  3.65126e+42  5.45973e+05  2.26494e+42  5.10242e+05  5.54273e+41  3.89223e+05  3.39433e+40  4.46114e-31
 5.24851e-01  5.45973e+05  3.24597e+42  5.45973e+05  2.20143e+42  5.10242e+05  5.75459e+41  3.89223e+05  5.98608e+40  4.46114e-31
 5.42004e-01  5.45973e+05  2.68962e+42  5.45973e+05  2.47586e+42  5.10242e+05  7.88874e+41  3.76271e+05  7.69610e+40  4.46114e-31
 5.59718e-01  5.45973e+05  2.52409e+42  5.27805e+05  2.00758e+42  4.93264e+05  5.71307e+41  3.76271e+05  5.20129e+40  4.46114e-31
 5.78011e-01  5.45973e+05  2.74870e+42  5.27805e+05  1.59062e+42  4.93264e+05  3.39243e+41  3.76271e+05  4.13601e+40  4.46114e-31
 5.96902e-01  5.27805e+05  2.48864e+42  5.27805e+05  1.50906e+42  4.93264e+05  2.98430e+41  3.76271e+05  4.49587e+40  4.46114e-31
 6.16411e-01  5.27805e+05  1.91543e+42  5.27805e+05  1.76258e+42  4.93264e+05  4.48699e+41  3.76271e+05  6.28234e+40  4.46114e-31
 6.36557e-01  5.27805e+05  1.72984e+42  5.10242e+05  1.55492e+42  4.76850e+05  5.77590e+41  3.76271e+05  9.50283e+40  4.46114e-31
 6.57361e-01  5.27805e+05  1.93110e+42  5.10242e+05  1.07861e+42  4.76850e+05  2.56805e+41  3.63750e+05  1.03140e+41  4.46114e-31
 6.78845e-01  5.10242e+05  1.98184e+42  5.10242e+05  9.35581e+41  4.76850e+05  1.26930e+41  3.63750e+05  8.10053e+40  4.46114e-31
 7.01032e-01  5.10242e+05  1.34062e+42  5.10242e+05  1.12525e+42  4.76850e+05  1.87428e+41  3.63750e+05  7.32864e+40  4.46114e-31
 7.23943e-01  5.10242e+05  1.08465e+42  4.93264e+05  1.34502e+42  4.76850e+05  4.38548e+41  3.63750e+05  7.99509e+40  4.46114e-31
 7.47603e-01  5.10242e+05  1.21286e+42  4.93264e+05  7.63511e+41  4.60983e+05  3.56313e+41  3.63750e+05  1.01026e+41  4.46114e-31
 7.72037e-01  5.10242e+05  1.72579e+42  4.93264e+05  5.13987e+41  4.60983e+05  1.08459e+41  3.63750e+05  1.36600e+41  4.46114e-31
 7.97269e-01  4.93264e+05  1.00561e+42  4.93264e+05  5.95414e+41  4.60983e+05  5.09012e+40  3.51646e+05  1.53291e+41  4.46114e-31
 8.23326e-01  4.93264e+05  6.27066e+41  4.93264e+05  1.00813e+42  4.60983e+05  1.83401e+41  3.51646e+05  1.30459e+41  4.46114e-31
 8.50234e-01  4.93264e+05  6.30811e+41  4.76850e+05  7.03779e+41  4.60983e+05  5.06508e+41  3.51646e+05  1.22248e+41  4.46114e-31
 8.78022e-01  4.93264e+05  1.01686e+42  4.76850e+05  3.00392e+41  4.45643e+05  3.10123e+41  3.51646e+05  1.28622e+41  4.46114e-31
 9.06718e-01  4.76850e+05  9.78558e+41  4.76850e+05  2.27073e+41  4.45643e+05  1.03803e+41  3.51646e+05  1.49609e+41  4.46114e-31
 9.36352e-01  4.76850e+05  4.22483e+41  4.76850e+05  4.83519e+41  4.45643e+05  8.77599e+40  3.51646e+05  1.85295e+41  4.46114e-31
 9.66955e-01  4.76850e+05  2.47850e+41  4.60983e+05  9.86773e+41  4.45643e+05  2.61927e+41  3.39945e+05  2.34822e+41  4.46114e-31
 9.98557e-01  4.76850e+05  4.53937e+41  4.60983e+05  3.78760e+41  4.45643e+05  6.27025e+41  3.39945e+05  2.07164e+41  4.46114e-31
 1.03119e+00  4.76850e+05  1.04160e+42  4.60983e+05  1.01140e+41  4.30814e+05  4.34993e+41  3.39945e+05  1.94444e+41  4.46114e-31
 1.06489e+00  4.60983e+05  5.68747e+41  4.60983e+05  1.52764e+41  4.30814e+05  2.37265e+41  3.39945e+05  1.96609e+41  4.46114e-31
 1.09970e+00  4.60983e+05  1.58207e+41  4.60983e+05  5.33844e+41  4.30814e+05  2.30366e+41  3.39945e+05  2.13667e+41  4.46114e-31
 1.13564e+00  4.60983e+05  1.28015e+41  4.45643e+05  8.67791e+41  4.30814e+05  4.14268e+41  3.39945e+05  2.45690e+41  4.46114e-31
 1.17276e+00  4.60983e+05  4.78046e+41  4.45643e+05  3.31858e+41  4.30814e+05  7.89731e+41  3.39945e+05  2.92810e+41  4.46114e-31
 1.21108e+00  4.45643e+05  1.20422e+42  4.45643e+05  1.26124e+41  4.16479e+05  7.48335e+41  3.28633e+05  3.26301e+41  4.46114e-31
 1.25067e+00  4.45643e+05  4.94963e+41  4.45643e+05  2.49737e+41  4.16479e+05  5.23874e+41  3.28633e+05  3.04015e+41  4.46114e-31
 1.29154e+00  4.45643e+05  1.67451e+41  4.45643e+05  7.03208e+41  4.16479e+05  4.91427e+41  3.28633e+05  2.97067e+41  4.46114e-31
 1.33375e+00  4.45643e+05  2.20325e+41  4.30814e+05  1.07641e+42  4.16479e+05  6.50862e+41  3.28633e+05  3.05429e+41  4.46114e-31
 1.37734e+00  4.45643e+05  6.53805e+41  4.30814e+05  5.54868e+41  4.16479e+05  1.00284e+42  3.28633e+05  3.29135e+41  4.46114e-31
 1.42236e+00  4.30814e+05  1.44134e+42  4.30814e+05  3.64448e+41  4.02620e+05  1.29517e+42  3.28633e+05  3.68283e+41  4.46114e-31
 1.46884e+00  4.30814e+05  7.48462e+41  4.30814e+05  5.04361e+41  4.02620e+05  1.00513e+42  3.28633e+05  4.23035e+41  4.46114e-31
 1.51685e+00  4.30814e+05  4.38374e+41  4.30814e+05  9.75187e+41  4.02620e+05  9.09098e+41  3.17698e+05  4.85094e+41  4.46114e-31
 1.56642e+00  4.30814e+05  5.09794e+41  4.16479e+05  1.64508e+42  4.02620e+05  1.00667e+42  3.17698e+05  4.61989e+41  4.46114e-31
 1.61762e+00  4.30814e+05  9.63017e+41  4.16479e+05  1.07604e+42  4.02620e+05  1.29826e+42  3.17698e+05  4.54876e+41  4.46114e-31
 1.67049e+00  4.30814e+05  1.79992e+42  4.16479e+05  8.40284e+41  4.02620e+05  1.78507e+42  3.17698e+05  4.63725e+41  4.46114e-31
 1.72508e+00  4.16479e+05  1.36300e+42  4.16479e+05  9.36829e+41  3.89223e+05  1.75848e+42  3.17698e+05  4.88574e+41  4.46114e-31
 1.78146e+00  4.16479e+05  9.99988e+41  4.16479e+05  1.36608e+42  3.89223e+05  1.55593e+42  3.17698e+05  5.29525e+41  4.46114e-31
 1.83968e+00  4.16479e+05  1.02081e+42  4.16479e+05  2.12980e+42  3.89223e+05  1.54968e+42  3.17698e+05  5.86747e+41  4.46114e-31
 1.89981e+00  4.16479e+05  1.42556e+42  4.02620e+05  1.97051e+42  3.89223e+05  1.73968e+42  3.17698e+05  6.60478e+41  4.46114e-31
 1.96190e+00  4.16479e+05  2.21589e+42  4.02620e+05  1.62281e+42  3.89223e+05  2.12672e+42  3.17698e+05  7.51022e+41  4.46114e-31
 2.02602e+00  4.02620e+05  2.42700e+42  4.02620e+05  1.61065e+42  3.89223e+05  2.71242e+42  3.17698e+05  8.58754e+41  4.46114e-31
 2.09224e+00  4.02620e+05  1.93377e+42  4.02620e+05  1.93399e+42  3.76271e+05  2.55394e+42  3.17698e+05  9.84121e+41  4.46114e-31
 2.16062e+00  4.02620e+05  1.82824e+42  4.02620e+05  2.59415e+42  3.76271e+05  2.39500e+42  3.17698e+05  1.12764e+42  4.46114e-31
 2.23123e+00  4.02620e+05  2.10997e+42  3.89223e+05  3.37722e+42  3.76271e+05  2.43582e+42  3.17698e+05  1.28991e+42  4.46114e-31
 2.30415e+00  4.02620e+05  2.78012e+42  3.89223e+05  2.84221e+42  3.76271e+05  2.67657e+42  3.07126e+05  1.39324e+42  4.46114e-31
 2.37946e+00  4.02620e+05  3.84147e+42  3.89223e+05  2.64779e+42  3.76271e+05  3.11825e+42  3.07126e+05  1.42654e+42  4.46114e-31
 2.45723e+00  3.89223e+05  3.39238e+42  3.89223e+05  2.79316e+42  3.76271e+05  3.76267e+42  3.07126e+05  1.47983e+42  4.46114e-31
 2.53753e+00  3.89223e+05  3.07509e+42  3.89223e+05  3.27891e+42  3.63750e+05  3.73033e+42  3.07126e+05  1.55332e+42  4.46114e-31
 2.62047e+00  3.89223e+05  3.15022e+42  3.89223e+05  4.10705e+42  3.63750e+05  3.56434e+42  3.07126e+05  1.64732e+42  4.46114e-31
 2.70611e+00  3.89223e+05  3.61809e+42  3.76271e+05  4.71658e+42  3.63750e+05  3.60295e+42  3.07126e+05  1.76222e+42  4.46114e-31
 2.79455e+00  3.89223e+05  4.48062e+42  3.76271e+05  4.25399e+42  3.63750e+05  3.84631e+42  3.07126e+05  1.89849e+42  4.46114e-31
 2.88589e+00  3.76271e+05  5.63115e+42  3.76271e+05  4.13783e+42  3.63750e+05  4.29544e+42  3.07126e+05  2.05670e+42  4.46114e-31
 2.98021e+00  3.76271e+05  5.00221e+42  3.76271e+05  4.36762e+42  3.63750e+05  4.95220e+42  3.07126e+05  2.23750e+42  4.46114e-31
 3.07761e+00  3.76271e+05  4.77366e+42  3.76271e+05  4.94431e+42  3.51646e+05  5.41867e+42  3.07126e+05  2.44164e+42  4.46114e-31
 3.17819e+00  3.76271e+05  4.94456e+42  3.76271e+05  5.87028e+42  3.51646e+05  5.18367e+42  3.07126e+05  2.66996e+42  4.46114e-31
 3.28206e+00  3.76271e+05  5.51562e+42  3.63750e+05  6.76426e+42  3.51646e+05  5.15996e+42  3.07126e+05  2.92341e+42  4.46114e-31
 3.38933e+00  3.76271e+05  6.48919e+42  3.63750e+05  6.28490e+42  3.51646e+05  5.34746e+42  3.07126e+05  3.20305e+42  4.46114e-31
 3.50010e+00  3.76271e+05  7.86932e+42  3.63750e+05  6.16038e+42  3.51646e+05  5.74694e+42  3.07126e+05  3.51001e+42  4.46114e-31
 3.61449e+00  3.63750e+05  7.35102e+42  3.63750e+05  6.39018e+42  3.51646e+05  6.36004e+42  3.07126e+05  3.84559e+42  4.46114e-31
 3.73262e+00  3.63750e+05  7.11053e+42  3.63750e+05  6.97525e+42  3.51646e+05  7.18932e+42  3.07126e+05  4.21116e+42  4.46114e-31
 3.85462e+00  3.63750e+05  7.27916e+42  3.63750e+05  7.91802e+42  3.39945e+05  7.51992e+42  3.07126e+05  4.60823e+42  4.46114e-31
 3.98060e+00  3.63750e+05  7.85761e+42  3.63750e+05  9.22237e+42  3.39945e+05  7.35470e+42  3.07126e+05  5.03846e+42  4.46114e-31
 4.11069e+00  3.63750e+05  8.84826e+42  3.51646e+05  9.15277e+42  3.39945e+05  7.40976e+42  3.07126e+05  5.50362e+42  4.46114e-31
 4.24504e+00  3.63750e+05  1.02552e+43  3.51646e+05  8.91411e+42  3.39945e+05  7.68534e+42  3.07126e+05  6.00564e+42  4.46114e-31
 4.38378e+00  3.51646e+05  1.06957e+43  3.51646e+05  9.04117e+42  3.39945e+05  8.18256e+42  3.07126e+05  6.54659e+42  4.46114e-31
 4.52705e+00  3.51646e+05  1.03202e+43  3.51646e+05  9.53447e+42  3.39945e+05  8.90350e+42  3.07126e+05  7.12871e+42  4.46114e-31
 4.67501e+00  3.51646e+05  1.03671e+43  3.51646e+05  1.03960e+43  3.39945e+05  9.85114e+42  3.07126e+05  7.75442e+42  4.46114e-31
 4.82780e+00  3.51646e+05  1.08367e+43  3.51646e+05  1.16295e+43  3.28633e+05  1.07785e+43  3.07126e+05  8.42630e+42  4.46114e-31
 4.98558e+00  3.51646e+05  1.17307e+43  3.51646e+05  1.32399e+43  3.28633e+05  1.05862e+43  3.07126e+05  9.14712e+42  4.46114e-31
 5.14853e+00  3.51646e+05  1.30530e+43  3.39945e+05  1.28459e+43  3.28633e+05  1.06275e+43  3.07126e+05  9.91989e+42  4.46114e-31
 5.31679e+00  3.51646e+05  1.48091e+43  3.39945e+05  1.27352e+43  3.28633e+05  1.09027e+43  3.07126e+05  1.07478e+43  4.46114e-31
 5.49056e+00  3.39945e+05  1.49279e+43  3.39945e+05  1.30060e+43  3.28633e+05  1.14129e+43  3.07126e+05  1.16342e+43  4.46114e-31
 5.67001e+00  3.39945e+05  1.46959e+43  3.39945e+05  1.36595e+43  3.28633e+05  1.21601e+43  3.07126e+05  1.25829e+43  4.46114e-31
 5.85532e+00  3.39945e+05  1.49045e+43  3.39945e+05  1.46983e+43  3.28633e+05  1.31475e+43  3.07126e+05  1.35978e+43  4.46114e-31
 6.04668e+00  3.39945e+05  1.55544e+43  3.39945e+05  1.61268e+43  3.28633e+05  1.43792e+43  3.07126e+05  1.46830e+43  4.46114e-31
 6.24430e+00  3.39945e+05  1.66484e+43  3.39945e+05  1.79509e+43  3.28633e+05  1.58602e+43  3.07126e+05  1.58430e+43  4.46114e-31
 6.44838e+00  3.39945e+05  1.81910e+43  3.28633e+05  1.84654e+43  3.17698e+05  1.64610e+43  3.07126e+05  1.70827e+43  4.46114e-31
 6.65913e+00  3.39945e+05  2.01886e+43  3.28633e+05  1.83185e+43  3.17698e+05  1.65368e+43  3.07126e+05  1.84071e+43  4.46114e-31
 6.87677e+00  3.28633e+05  2.14305e+43  3.28633e+05  1.85762e+43  3.17698e+05  1.68709e+43  3.07126e+05  1.98219e+43  4.46114e-31
 7.10152e+00  3.28633e+05  2.11504e+43  3.28633e+05  1.92396e+43  3.17698e+05  1.74646e+43  3.07126e+05  2.13327e+43  4.46114e-31
 7.33362e+00  3.28633e+05  2.13375e+43  3.28633e+05  2.03115e+43  3.17698e+05  1.83204e+43  3.07126e+05  2.29459e+43  4.46114e-31
 7.57330e+00  3.28633e+05  2.19927e+43  3.28633e+05  2.17962e+43  3.17698e+05  1.94419e+43  3.07126e+05  2.46681e+43  4.46114e-31
 7.82082e+00  3.28633e+05  2.31185e+43  3.28633e+05  2.37000e+43  3.17698e+05  2.08337e+43  3.07126e+05  2.65065e+43  4.46114e-31
 8.07642e+00  3.28633e+05  2.47197e+43  3.28633e+05  2.60306e+43  3.17698e+05  2.25016e+43  3.07126e+05  2.84687e+43  4.46114e-31
 8.34038e+00  3.28633e+05  2.68028e+43  3.17698e+05  2.86264e+43  3.17698e+05  2.44524e+43  3.07126e+05  3.05628e+43  4.46114e-31
 8.61296e+00  3.28633e+05  2.93766e+43  3.17698e+05  2.85162e+43  3.17698e+05  2.66943e+43  3.07126e+05  3.27974e+43  4.46114e-31
 8.89446e+00  3.28633e+05  3.24517e+43  3.17698e+05  2.88530e+43  3.17698e+05  2.92365e+43  3.07126e+05  3.51819e+43  4.46114e-31
 9.18515e+00  3.17698e+05  3.29114e+43  3.17698e+05  2.96379e+43  3.17698e+05  3.20896e+43  3.07126e+05  3.77260e+43  4.46114e-31
 9.48535e+00  3.17698e+05  3.31782e+43  3.17698e+05  3.08743e+43  3.17698e+05  3.52653e+43  3.07126e+05  4.04403e+43  4.46114e-31
 9.79535e+00  3.17698e+05  3.39620e+43  3.17698e+05  3.25674e+43  3.17698e+05  3.87768e+43  3.07126e+05  4.33361e+43  4.46114e-31
 1.01155e+01  3.17698e+05  3.52660e+43  3.17698e+05  3.47240e+43  3.17698e+05  4.26386e+43  3.07126e+05  4.64253e+43  4.46114e-31
 1.04461e+01  3.17698e+05  3.70957e+43  3.17698e+05  3.73532e+43  3.17698e+05  4.68667e+43  3.07126e+05  4.97207e+43  4.46114e-31
 1.07875e+01  3.17698e+05  3.94586e+43  3.17698e+05  4.04658e+43  3.17698e+05  5.14786e+43  3.07126e+05  5.32360e+43  4.46114e-31
 1.11401e+01  3.17698e+05  4.23645e+43  3.17698e+05  4.40746e+43  3.17698e+05  5.64934e+43  3.07126e+05  5.69856e+43  4.46114e-31
 1.15041e+01  3.17698e+05  4.58254e+43  3.17698e+05  4.81947e+43  3.17698e+05  6.19319e+43  3.07126e+05  6.09852e+43  4.46114e-31
 1.18801e+01  3.17698e+05  4.98557e+43  3.17698e+05  5.28431e+43  3.17698e+05  6.78165e+43  3.07126e+05  6.52512e+43  4.46114e-31
 1.22684e+01  3.17698e+05  5.44720e+43  3.17698e+05  5.80390e+43  3.17698e+05  7.41716e+43  3.07126e+05  6.98014e+43  4.46114e-31
 1.26694e+01  3.17698e+05  5.96934e+43  3.17698e+05  6.38039e+43  3.17698e+05  8.10235e+43  3.07126e+05  7.46545e+43  4.46114e-31
 1.30834e+01  3.17698e+05  6.55415e+43  3.17698e+05  7.01616e+43  3.17698e+05  8.84005e+43  3.07126e+05  7.98306e+43  4.46114e-31
 1.35110e+01  3.17698e+05  7.20406e+43  3.17698e+05  7.71386e+43  3.17698e+05  9.63333e+43  3.07126e+05  8.53512e+43  4.46114e-31
 1.39526e+01  3.17698e+05  7.92174e+43  3.17698e+05  8.47636e+43  3.17698e+05  1.04855e+44  3.07126e+05  9.12391e+43  4.46114e-31
 1.44086e+01  3.17698e+05  8.71019e+43  3.17698e+05  9.30682e+43  3.17698e+05  1.14000e+44  3.07126e+05  9.75187e+43  4.46114e-31
 1.48795e+01  3.17698e+05  9.57265e+43  3.17698e+05  1.02087e+44  3.17698e+05  1.23806e+44  3.07126e+05  1.04216e+44  4.46114e-31
 1.53658e+01  3.17698e+05  1.05127e+44  3.17698e+05  1.11857e+44  3.07126e+05  1.28446e+44  3.07126e+05  1.11358e+44  4.46114e-31
 1.58680e+01  3.17698e+05  1.15342e+44  3.17698e+05  1.22418e+44  3.07126e+05  1.32353e+44  3.07126e+05  1.18976e+44  4.46114e-31
 1.63866e+01  3.17698e+05  1.26414e+44  3.17698e+05  1.33816e+44  3.07126e+05  1.36998e+44  3.07126e+05  1.27100e+44  4.46114e-31
 1.69222e+01  3.17698e+05  1.38389e+44  3.17698e+05  1.46095e+44  3.07126e+05  1.42400e+44  3.07126e+05  1.35764e+44  4.46114e-31
 1.74753e+01  3.17698e+05  1.51317e+44  3.17698e+05  1.59308e+44  3.07126e+05  1.48581e+44  3.07126e+05  1.45004e+44  4.46114e-31
 1.80464e+01  3.17698e+05  1.65250e+44  3.17698e+05  1.73510e+44  3.07126e+05  1.55566e+44  3.07126e+05  1.54858e+44  4.46114e-31
 1.86362e+01  3.17698e+05  1.80247e+44  3.17698e+05  1.88758e+44  3.07126e+05  1.63385e+44  3.07126e+05  1.65367e+44  4.46114e-31
 1.92453e+01  3.17698e+05  1.96370e+44  3.17698e+05  2.05116e+44  3.07126e+05  1.72071e+44  3.07126e+05  1.76575e+44  4.46114e-31
 1.98743e+01  3.17698e+05  2.13685e+44  3.07126e+05  2.19340e+44  3.07126e+05  1.81658e+44  3.07126e+05  1.88527e+44  4.46114e-31
 2.05238e+01  3.17698e+05  2.32264e+44  3.07126e+05  2.25429e+44  3.07126e+05  1.92187e+44  3.07126e+05  2.01274e+44  4.46114e-31
 2.11946e+01  3.07126e+05  2.51820e+44  3.07126e+05  2.32781e+44  3.07126e+05  2.03701e+44  3.07126e+05  2.14868e+44  4.46114e-31
 2.18873e+01  3.07126e+05  2.58512e+44  3.07126e+05  2.41424e+44  3.07126e+05  2.16248e+44  3.07126e+05  2.29365e+44  4.46114e-31
 2.26026e+01  3.07126e+05  2.66653e+44  3.07126e+05  2.51395e+44  3.07126e+05  2.29879e+44  3.07126e+05  2.44825e+44  4.46114e-31
 2.33413e+01  3.07126e+05  2.76277e+44  3.07126e+05  2.62736e+44  3.07126e+05  2.44652e+44  3.07126e+05  2.61313e+44  4.46114e-31
 2.41042e+01  3.07126e+05  2.87425e+44  3.07126e+05  2.75493e+44  3.07126e+05  2.60628e+44  3.07126e+05  2.78896e+44  4.46114e-31
 2.48920e+01  3.07126e+05  3.00141e+44  3.07126e+05  2.89718e+44  3.07126e+05  2.77871e+44  3.07126e+05  2.97647e+44  4.46114e-31
 2.57055e+01  3.07126e+05  3.14480e+44  3.07126e+05  3.05472e+44  3.07126e+05  2.96455e+44  3.07126e+05  3.17645e+44  4.46114e-31
 2.65456e+01  3.07126e+05  3.30499e+44  3.07126e+05  3.22818e+44  3.07126e+05  3.16455e+44  3.07126e+05  3.38970e+44  4.46114e-31
 2.74132e+01  3.07126e+05  3.48266e+44  3.07126e+05  3.41829e+44  3.07126e+05  3.37954e+44  3.07126e+05  3.61713e+44  4.46114e-31
 2.83091e+01  3.07126e+05  3.67854e+44  3.07126e+05  3.62584e+44  3.07126e+05  3.61043e+44  3.07126e+05  3.85967e+44  4.46114e-31
 2.92343e+01  3.07126e+05  3.89345e+44  3.07126e+05  3.85168e+44  3.07126e+05  3.85815e+44  3.07126e+05  4.11832e+44  4.46114e-31
 3.01898e+01  3.07126e+05  4.12826e+44  3.07126e+05  4.09675e+44  3.07126e+05  4.12373e+44  3.07126e+05  4.39416e+44  4.46114e-31
 3.11765e+01  3.07126e+05  4.38395e+44  3.07126e+05  4.36206e+44  3.07126e+05  4.40828e+44  3.07126e+05  4.68832e+44  4.46114e-31
 3.21954e+01  3.07126e+05  4.66158e+44  3.07126e+05  4.64872e+44  3.07126e+05  4.71298e+44  3.07126e+05  5.00203e+44  4.46114e-31
 3.32476e+01  3.07126e+05  4.96230e+44  3.07126e+05  4.95790e+44  3.07126e+05  5.03907e+44  3.07126e+05  5.33657e+44  4.46114e-31
 3.43343e+01  3.07126e+05  5.28735e+44  3.07126e+05  5.29088e+44  3.07126e+05  5.38792e+44  3.07126e+05  5.69335e+44  4.46114e-31
 3.54564e+01  3.07126e+05  5.63809e+44  3.07126e+05  5.64905e+44  3.07126e+05  5.76097e+44  2.96907e+05  5.84250e+44  4.46114e-31
 3.66152e+01  3.07126e+05  6.01595e+44  3.07126e+05  6.03389e+44  3.07126e+05  6.15975e+44  2.96907e+05  5.98635e+44  4.46114e-31
 3.78119e+01  3.07126e+05  6.42251e+44  3.07126e+05  6.44698e+44  3.07126e+05  6.58593e+44  2.96907e+05  6.15511e+44  4.46114e-31
 3.90477e+01  3.07126e+05  6.85944e+44  3.07126e+05  6.89005e+44  3.07126e+05  7.04125e+44  2.96907e+05  6.34949e+44  4.46114e-31
 4.03238e+01  3.07126e+05  7.32855e+44  3.07126e+05  7.36491e+44  3.07126e+05  7.52762e+44  2.96907e+05  6.57029e+44  4.46114e-31
 4.16417e+01  3.07126e+05  7.83180e+44  3.07126e+05  7.87355e+44  3.07126e+05  8.04704e+44  2.96907e+05  6.81841e+44  4.46114e-31
 4.30027e+01  3.07126e+05  8.37125e+44  3.07126e+05  8.41806e+44  3.07126e+05  8.60166e+44  2.96907e+05  7.09490e+44  4.46114e-31
 4.44081e+01  3.07126e+05  8.94914e+44  3.07126e+05  9.00069e+44  3.07126e+05  9.19378e+44  2.96907e+05  7.40089e+44  4.46114e-31
 4.58595e+01  3.07126e+05  9.56786e+44  3.07126e+05  9.62386e+44  3.07126e+05  9.82584e+44  2.96907e+05  7.73764e+44  4.46114e-31
 4.73583e+01  3.07126e+05  1.02300e+45  3.07126e+05  1.02901e+45  3.07126e+05  1.05005e+45  2.96907e+05  8.10657e+44  4.46114e-31
 4.89061e+01  3.07126e+05  1.09382e+45  3.07126e+05  1.10023e+45  3.07126e+05  1.12204e+45  2.96907e+05  8.50918e+44  4.46114e-31
 5.05045e+01  3.07126e+05  1.16955e+45  3.07126e+05  1.17633e+45  3.07126e+05  1.19888e+45  2.96907e+05  8.94714e+44  4.46114e-31
 5.21551e+01  3.07126e+05  1.25051e+45  3.07126e+05  1.25762e+45  3.07126e+05  1.28086e+45  2.96907e+05  9.42227e+44  4.46114e-31
 5.38597e+01  3.07126e+05  1.33701e+45  3.07126e+05  1.34445e+45  3.07126e+05  1.36833e+45  2.96907e+05  9.93654e+44  4.46114e-31
 5.56199e+01  3.07126e+05  1.42943e+45  3.07126e+05  1.43717e+45  3.07126e+05  1.46166e+45  2.96907e+05  1.04921e+45  4.46114e-31
 5.74378e+01  3.07126e+05  1.52815e+45  3.07126e+05  1.53617e+45  3.07126e+05  1.56122e+45  2.96907e+05  1.10912e+45  4.46114e-31
 5.93150e+01  3.07126e+05  1.63356e+45  3.07126e+05  1.64186e+45  3.07126e+05  1.66744e+45  2.96907e+05  1.17363e+45  4.46114e-31
 6.12535e+01  3.07126e+05  1.74612e+45  3.07126e+05  1.75466e+45  3.07126e+05  1.78074e+45  2.96907e+05  1.24301e+45  4.46114e-31
 6.32555e+01  3.07126e+05  1.86629e+45  3.07126e+05  1.87506e+45  3.07126e+05  1.90161e+45  2.96907e+05  1.31756e+45  4.46114e-31
 6.53228e+01  3.07126e+05  1.99455e+45  3.07126e+05  2.00355e+45  3.07126e+05  2.03053e+45  2.96907e+05  1.39757e+45  4.46114e-31
 6.74577e+01  3.07126e+05  2.13146e+45  3.07126e+05  2.14066e+45  3.07126e+05  2.16805e+45  2.96907e+05  1.48337e+45  4.46114e-31
 6.96624e+01  3.07126e+05  2.27756e+45  3.07126e+05  2.28695e+45  3.07126e+05  2.31473e+45  2.96907e+05  1.57533e+45  4.46114e-31
 7.19392e+01  3.07126e+05  2.43347e+45  3.07126e+05  2.44304e+45  3.07126e+05  2.47118e+45  2.96907e+05  1.67383e+45  4.46114e-31
 7.42903e+01  3.07126e+05  2.59982e+45  3.07126e+05  2.60957e+45  3.07126e+05  2.63805e+45  2.96907e+05  1.77926e+45  4.46114e-31
 7.67183e+01  3.07126e+05  2.77732e+45  3.07126e+05  2.78722e+45  3.07126e+05  2.81602e+45  2.96907e+05  1.89208e+45  4.46114e-31
 7.92257e+01  3.07126e+05  2.96669e+45  3.07126e+05  2.97674e+45  3.07126e+05  3.00584e+45  2.96907e+05  2.01273e+45  4.46114e-31
 8.18150e+01  3.07126e+05  3.16872e+45  3.07126e+05  3.17891e+45  3.07126e+05  3.20829e+45  2.96907e+05  2.14173e+45  4.46114e-31
 8.44889e+01  3.07126e+05  3.38424e+45  3.07126e+05  3.39456e+45  3.07126e+05  3.42420e+45  2.96907e+05  2.27961e+45  4.46114e-31
 8.72502e+01  3.07126e+05  3.61415e+45  3.07126e+05  3.62459e+45  3.07126e+05  3.65447e+45  2.96907e+05  2.42694e+45  4.46114e-31
 9.01018e+01  3.07126e+05  3.85939e+45  3.07126e+05  3.86995e+45  3.07126e+05  3.90006e+45  2.96907e+05  2.58432e+45  4.46114e-31
 9.30466e+01  3.07126e+05  4.12099e+45  3.07126e+05  4.13165e+45  3.07126e+05  4.16198e+45  2.96907e+05  2.75241e+45  4.46114e-31
 9.60876e+01  3.07126e+05  4.40001e+45  3.07126e+05  4.41078e+45  3.07126e+05  4.44132e+45  2.96907e+05  2.93191e+45  4.46114e-31
 9.92280e+01  3.07126e+05  4.69763e+45  3.07126e+05  4.70849e+45  3.07126e+05  4.73922e+45  2.96907e+05  3.12356e+45  4.46114e-31
 1.02471e+02  3.07126e+05  5.01507e+45  3.07126e+05  5.02602e+45  3.07126e+05  5.05692e+45  2.96907e+05  3.32815e+45  4.46114e-31
 1.05820e+02  3.07126e+05  5.35364e+45  3.07126e+05  5.36468e+45  3.07126e+05  5.39575e+45  2.96907e+05  3.54652e+45  4.46114e-31
 1.09278e+02  3.07126e+05  5.71475e+45  3.07126e+05  5.72587e+45  3.07126e+05  5.75709e+45  2.96907e+05  3.77958e+45  4.46114e-31
 1.12850e+02  3.07126e+05  6.09989e+45  3.07126e+05  6.11108e+45  3.07126e+05  6.14245e+45  2.96907e+05  4.02831e+45  4.46114e-31
 1.16538e+02  3.07126e+05  6.51065e+45  3.07126e+05  6.52191e+45  3.07126e+05  6.55342e+45  2.96907e+05  4.29371e+45  4.46114e-31
 1.20347e+02  3.07126e+05  6.94874e+45  3.07126e+05  6.96006e+45  3.07126e+05  6.99170e+45  2.96907e+05  4.57690e+45  4.46114e-31
 1.24280e+02  3.07126e+05  7.41596e+45  3.07126e+05  7.42734e+45  3.07126e+05  7.45910e+45  2.96907e+05  4.87905e+45  4.46114e-31
 1.28342e+02  3.07126e+05  7.91425e+45  3.07126e+05  7.92569e+45  3.07126e+05  7.95757e+45  2.96907e+05  5.20140e+45  4.46114e-31
 1.32537e+02  3.07126e+05  8.44568e+45  3.07126e+05  8.45717e+45  3.07126e+05  8.48915e+45  2.96907e+05  5.54529e+45  4.46114e-31
 1.36868e+02  3.07126e+05  9.01244e+45  3.07126e+05  9.02398e+45  3.07126e+05  9.05606e+45  2.96907e+05  5.91214e+45  4.46114e-31
 1.41341e+02  3.07126e+05  9.61687e+45  3.07126e+05  9.62846e+45  3.07126e+05  9.66063e+45  2.96907e+05  6.30348e+45  4.46114e-31
 1.45961e+02  3.07126e+05  1.02615e+46  3.07126e+05  1.02731e+46  3.07126e+05  1.03054e+46  2.96907e+05  6.72091e+45  4.46114e-31
 1.50731e+02  3.07126e+05  1.09489e+46  3.07126e+05  1.09606e+46  3.07126e+05  1.09930e+46  2.96907e+05  7.16618e+45  4.46114e-31
 1.55658e+02  3.07126e+05  1.16821e+46  3.07126e+05  1.16938e+46  3.07126e+05  1.17262e+46  2.96907e+05  7.64111e+45  4.46114e-31
 1.60745e+02  3.07126e+05  1.24640e+46  3.07126e+05  1.24757e+46  3.07126e+05  1.25082e+46  2.96907e+05  8.14768e+45  4.46114e-31
 1.65998e+02  3.07126e+05  1.32978e+46  3.07126e+05  1.33096e+46  3.07126e+05  1.33422e+46  2.96907e+05  8.68799e+45  4.46114e-31
 1.71424e+02  3.07126e+05  1.41871e+46  3.07126e+05  1.41989e+46  3.07126e+05  1.42315e+46  2.96907e+05  9.26426e+45  4.46114e-31
 1.77026e+02  3.07126e+05  1.51354e+46  3.07126e+05  1.51472e+46  3.07126e+05  1.51799e+46  2.96907e+05  9.87889e+45  4.46114e-31
 1.82812e+02  3.07126e+05  1.61468e+46  3.07126e+05  1.61586e+46  3.07126e+05  1.61914e+46  2.96907e+05  1.05344e+46  4.46114e-31
 1.88787e+02  3.07126e+05  1.72253e+46  3.07126e+05  1.72372e+46  3.07126e+05  1.72700e+46  2.96907e+05  1.12335e+46  4.46114e-31
 1.94957e+02  3.07126e+05  1.83756e+46  3.07126e+05  1.83875e+46  3.07126e+05  1.84203e+46  2.96907e+05  1.19792e+46  4.46114e-31
 2.01328e+02  3.07126e+05  1.96022e+46  3.07126e+05  1.96142e+46  3.07126e+05  1.96470e+46  2.96907e+05  1.27744e+46  4.46114e-31
 2.07908e+02  3.07126e+05  2.09104e+46  3.07126e+05  2.09223e+46  3.07126e+05  2.09553e+46  2.96907e+05  1.36225e+46  4.46114e-31
 2.14703e+02  3.07126e+05  2.23054e+46  3.07126e+05  2.23174e+46  3.07126e+05  2.23504e+46  2.96907e+05  1.45270e+46  4.46114e-31
 2.21720e+02  3.07126e+05  2.37932e+46  3.07126e+05  2.38052e+46  3.07126e+05  2.38382e+46  2.96907e+05  1.54917e+46  4.46114e-31
 2.28967e+02  3.07126e+05  2.53798e+46  3.07126e+05  2.53918e+46  3.07126e+05  2.54249e+46  2.96907e+05  1.65204e+46  4.46114e-31
 2.36450e+02  3.07126e+05  2.70718e+46  3.07126e+05  2.70839e+46  3.07126e+05  2.71170e+46  2.96907e+05  1.76176e+46  4.46114e-31
 2.44178e+02  3.07126e+05  2.88763e+46  3.07126e+05  2.88883e+46  3.07126e+05  2.89214e+46  2.96907e+05  1.87876e+46  4.46114e-31
 2.52158e+02  3.07126e+05  3.08006e+46  3.07126e+05  3.08127e+46  3.07126e+05  3.08458e+46  2.96907e+05  2.00354e+46  4.46114e-31
 2.60399e+02  3.07126e+05  3.28528e+46  3.07126e+05  3.28648e+46  3.07126e+05  3.28980e+46  2.96907e+05  2.13662e+46  4.46114e-31
 2.68910e+02  3.07126e+05  3.50413e+46  3.07126e+05  3.50534e+46  3.07126e+05  3.50866e+46  2.96907e+05  2.27854e+46  4.46114e-31
 2.77699e+02  3.07126e+05  3.73752e+46  3.07126e+05  3.73873e+46  2.96907e+05  3.59101e+46  2.96907e+05  2.42989e+46  4.46114e-31
 2.86774e+02  3.07126e+05  3.98641e+46  3.07126e+05  3.98763e+46  2.96907e+05  3.67983e+46  2.96907e+05  2.59130e+46  4.46114e-31
 2.96147e+02  3.07126e+05  4.25185e+46  3.07126e+05  4.25306e+46  2.96907e+05  3.78389e+46  2.96907e+05  2.76343e+46  4.46114e-31
 3.05826e+02  3.07126e+05  4.53491e+46  3.07126e+05  4.53612e+46  2.96907e+05  3.90362e+46  2.96907e+05  2.94700e+46  4.46114e-31
 3.15821e+02  3.07126e+05  4.83678e+46  3.07126e+05  4.83800e+46  2.96907e+05  4.03954e+46  2.96907e+05  3.14277e+46  4.46114e-31
 3.26143e+02  3.07126e+05  5.15871e+46  3.07126e+05  5.15992e+46  2.96907e+05  4.19218e+46  2.96907e+05  3.35155e+46  4.46114e-31
 3.36802e+02  3.07126e+05  5.50202e+46  3.07126e+05  5.50324e+46  2.96907e+05  4.36220e+46  2.96907e+05  3.57420e+46  4.46114e-31
 3.47810e+02  3.07126e+05  5.86814e+46  3.07126e+05  5.86936e+46  2.96907e+05  4.55029e+46  2.96907e+05  3.81164e+46  4.46114e-31
 3.59177e+02  3.07126e+05  6.25859e+46  2.96907e+05  6.14748e+46  2.96907e+05  4.75723e+46  2.96907e+05  4.06486e+46  4.46114e-31
 3.70916e+02  3.07126e+05  6.67497e+46  2.96907e+05  6.28731e+46  2.96907e+05  4.98387e+46  2.96907e+05  4.33490e+46  4.46114e-31
 3.83038e+02  2.96907e+05  7.06464e+46  2.96907e+05  6.45319e+46  2.96907e+05  5.23116e+46  2.96907e+05  4.62288e+46  4.46114e-31
 3.95557e+02  2.96907e+05  7.21910e+46  2.96907e+05  6.64581e+46  2.96907e+05  5.50012e+46  2.96907e+05  4.92999e+46  4.46114e-31
 4.08485e+02  2.96907e+05  7.40347e+46  2.96907e+05  6.86597e+46  2.96907e+05  5.79186e+46  2.96907e+05  5.25751e+46  4.46114e-31
 4.21835e+02  2.96907e+05  7.61851e+46  2.96907e+05  7.11458e+46  2.96907e+05  6.10758e+46  2.96907e+05  5.60679e+46  4.46114e-31
 4.35622e+02  2.96907e+05  7.86512e+46  2.96907e+05  7.39266e+46  2.96907e+05  6.44861e+46  2.96907e+05  5.97927e+46  4.46114e-31
 4.49859e+02  2.96907e+05  8.14432e+46  2.96907e+05  7.70137e+46  2.96907e+05  6.81633e+46  2.96907e+05  6.37650e+46  4.46114e-31
 4.64562e+02  2.96907e+05  8.45727e+46  2.96907e+05  8.04198e+46  2.96907e+05  7.21229e+46  2.96907e+05  6.80012e+46  4.46114e-31
 4.79745e+02  2.96907e+05  8.80525e+46  2.96907e+05  8.41591e+46  2.96907e+05  7.63811e+46  2.96907e+05  7.25189e+46  4.46114e-31
 4.95424e+02  2.96907e+05  9.18971e+46  2.96907e+05  8.82470e+46  2.96907e+05  8.09556e+46  2.96907e+05  7.73366e+46  4.46114e-31
 5.11616e+02  2.96907e+05  9.61224e+46  2.96907e+05  9.27004e+46  2.96907e+05  8.58654e+46  2.96907e+05  8.24745e+46  4.46114e-31
 5.28337e+02  2.96907e+05  1.00746e+47  2.96907e+05  9.75378e+46  2.96907e+05  9.11307e+46  2.96907e+05  8.79536e+46  4.46114e-31
 5.45604e+02  2.96907e+05  1.05787e+47  2.96907e+05  1.02779e+47  2.96907e+05  9.67733e+46  2.96907e+05  9.37968e+46  4.46114e-31
 5.63436e+02  2.96907e+05  1.11266e+47  2.96907e+05  1.08446e+47  2.96907e+05  1.02817e+47  2.96907e+05  1.00028e+47  4.46114e-31
 5.81850e+02  2.96907e+05  1.17205e+47  2.96907e+05  1.14562e+47  2.96907e+05  1.09286e+47  2.96907e+05  1.06673e+47  4.46114e-31
 6.00867e+02  2.96907e+05  1.23631e+47  2.96907e+05  1.21153e+47  2.96907e+05  1.16207e+47  2.96907e+05  1.13760e+47  4.46114e-31
 6.20505e+02  2.96907e+05  1.30568e+47  2.96907e+05  1.28245e+47  2.96907e+05  1.23610e+47  2.96907e+05  1.21318e+47  4.46114e-31
 6.40784e+02  2.96907e+05  1.38046e+47  2.96907e+05  1.35869e+47  2.96907e+05  1.31524e+47  2.96907e+05  1.29378e+47  4.46114e-31
 6.61727e+02  2.96907e+05  1.46095e+47  2.96907e+05  1.44055e+47  2.96907e+05  1.39983e+47  2.96907e+05  1.37973e+47  4.46114e-31
 6.83354e+02  2.96907e+05  1.54750e+47  2.96907e+05  1.52837e+47  2.96907e+05  1.49021e+47  2.96907e+05  1.47139e+47  4.46114e-31
 7.05688e+02  2.96907e+05  1.64046e+47  2.96907e+05  1.62253e+47  2.96907e+05  1.58676e+47  2.96907e+05  1.56914e+47  4.46114e-31
 7.28751e+02  2.96907e+05  1.74020e+47  2.96907e+05  1.72340e+47  2.96907e+05  1.68988e+47  2.96907e+05  1.67338e+47  4.46114e-31
 7.52569e+02  2.96907e+05  1.84716e+47  2.96907e+05  1.83141e+47  2.96907e+05  1.80000e+47  2.96907e+05  1.78456e+47  4.46114e-31
 7.77165e+02  2.96907e+05  1.96176e+47  2.96907e+05  1.94700e+47  2.96907e+05  1.91757e+47  2.96907e+05  1.90311e+47  4.46114e-31
 8.02565e+02  2.96907e+05  2.08448e+47  2.96907e+05  2.07065e+47  2.96907e+05  2.04307e+47  2.96907e+05  2.02954e+47  4.46114e-31
 8.28794e+02  2.96907e+05  2.21583e+47  2.96907e+05  2.20287e+47  2.96907e+05  2.17703e+47  2.96907e+05  2.16437e+47  4.46114e-31
 8.55882e+02  2.96907e+05  2.35636e+47  2.96907e+05  2.34421e+47  2.96907e+05  2.32001e+47  2.96907e+05  2.30816e+47  4.46114e-31
 8.83854e+02  2.96907e+05  2.50664e+47  2.96907e+05  2.49526e+47  2.96907e+05  2.47258e+47  2.96907e+05  2.46150e+47  4.46114e-31
 9.12741e+02  2.96907e+05  2.66731e+47  2.96907e+05  2.65664e+47  2.96907e+05  2.63539e+47  2.96907e+05  2.62503e+47  4.46114e-31
 9.42571e+02  2.96907e+05  2.83901e+47  2.96907e+05  2.82901e+47  2.96907e+05  2.80911e+47  2.96907e+05  2.79942e+47  4.46114e-31
 9.73377e+02  2.96907e+05  3.02246e+47  2.96907e+05  3.01310e+47  2.96907e+05  2.99446e+47  2.87027e+05  2.90996e+47  4.46114e-31
 1.00519e+03  2.96907e+05  3.21843e+47  2.96907e+05  3.20966e+47  2.96907e+05  3.19220e+47  2.87027e+05  2.97466e+47  4.46114e-31
 1.03804e+03  2.96907e+05  3.42772e+47  2.96907e+05  3.41950e+47  2.96907e+05  3.40315e+47  2.87027e+05  3.05166e+47  4.46114e-31
 1.07197e+03  2.96907e+05  3.65120e+47  2.96907e+05  3.64350e+47  2.96907e+05  3.62819e+47  2.87027e+05  3.14130e+47  4.46114e-31
 1.10700e+03  2.96907e+05  3.88980e+47  2.96907e+05  3.88259e+47  2.96907e+05  3.86825e+47  2.87027e+05  3.24393e+47  4.46114e-31
 1.14318e+03  2.96907e+05  4.14449e+47  2.96907e+05  4.13774e+47  2.96907e+05  4.12432e+47  2.87027e+05  3.35999e+47  4.46114e-31
 1.18054e+03  2.96907e+05  4.41635e+47  2.96907e+05  4.41002e+47  2.96907e+05  4.39746e+47  2.87027e+05  3.48996e+47  4.46114e-31
 1.21913e+03  2.96907e+05  4.70648e+47  2.96907e+05  4.70055e+47  2.96907e+05  4.68879e+47  2.87027e+05  3.63437e+47  4.46114e-31
 1.25897e+03  2.96907e+05  5.01609e+47  2.96907e+05  5.01054e+47  2.96907e+05  4.99954e+47  2.87027e+05  3.79382e+47  4.46114e-31
 1.30012e+03  2.96907e+05  5.34647e+47  2.96907e+05  5.34127e+47  2.96907e+05  5.33097e+47  2.87027e+05  3.96897e+47  4.46114e-31
 1.34261e+03  2.96907e+05  5.69898e+47  2.96907e+05  5.69411e+47  2.96907e+05  5.68447e+47  2.87027e+05  4.16055e+47  4.46114e-31
 1.38649e+03  2.96907e+05  6.07507e+47  2.96907e+05  6.07052e+47  2.96907e+05  6.06150e+47  2.87027e+05  4.36934e+47  4.46114e-31
 1.43180e+03  2.96907e+05  6.47631e+47  2.96907e+05  6.47205e+47  2.96907e+05  6.46362e+47  2.87027e+05  4.59622e+47  4.46114e-31
 1.47860e+03  2.96907e+05  6.90436e+47  2.96907e+05  6.90037e+47  2.96907e+05  6.89248e+47  2.87027e+05  4.84212e+47  4.46114e-31
 1.52692e+03  2.96907e+05  7.36098e+47  2.96907e+05  7.35725e+47  2.96907e+05  7.34987e+47  2.87027e+05  5.10806e+47  4.46114e-31
 1.57683e+03  2.96907e+05  7.84807e+47  2.96907e+05  7.84458e+47  2.96907e+05  7.83768e+47  2.87027e+05  5.39513e+47  4.46114e-31
 1.62836e+03  2.96907e+05  8.36764e+47  2.96907e+05  8.36438e+47  2.96907e+05  8.35793e+47  2.87027e+05  5.70454e+47  4.46114e-31
 1.68158e+03  2.96907e+05  8.92185e+47  2.96907e+05  8.91879e+47  2.96907e+05  8.91277e+47  2.87027e+05  6.03755e+47  4.46114e-31
 1.73654e+03  2.96907e+05  9.51298e+47  2.96907e+05  9.51012e+47  2.96907e+05  9.50450e+47  2.87027e+05  6.39555e+47  4.46114e-31
 1.79329e+03  2.96907e+05  1.01435e+48  2.96907e+05  1.01408e+48  2.96907e+05  1.01356e+48  2.87027e+05  6.78002e+47  4.46114e-31
 1.85190e+03  2.96907e+05  1.08160e+48  2.96907e+05  1.08135e+48  2.96907e+05  1.08086e+48  2.87027e+05  7.19255e+47  4.46114e-31
 1.91243e+03  2.96907e+05  1.15332e+48  2.96907e+05  1.15309e+48  2.96907e+05  1.15263e+48  2.87027e+05  7.63484e+47  4.46114e-31
 1.97493e+03  2.96907e+05  1.22982e+48  2.96907e+05  1.22960e+48  2.96907e+05  1.22918e+48  2.87027e+05  8.10873e+47  4.46114e-31
 2.03948e+03  2.96907e+05  1.31141e+48  2.96907e+05  1.31121e+48  2.96907e+05  1.31081e+48  2.87027e+05  8.61617e+47  4.46114e-31
 2.10613e+03  2.96907e+05  1.39843e+48  2.96907e+05  1.39824e+48  2.96907e+05  1.39786e+48  2.87027e+05  9.15928e+47  4.46114e-31
 2.17497e+03  2.96907e+05  1.49123e+48  2.96907e+05  1.49105e+48  2.96907e+05  1.49071e+48  2.87027e+05  9.74029e+47  4.46114e-31
 2.24605e+03  2.96907e+05  1.59021e+48  2.96907e+05  1.59004e+48  2.96907e+05  1.58972e+48  2.87027e+05  1.03616e+48  4.46114e-31
 2.31946e+03  2.96907e+05  1.69576e+48  2.96907e+05  1.69561e+48  2.96907e+05  1.69531e+48  2.87027e+05  1.10258e+48  4.46114e-31
 2.39526e+03  2.96907e+05  1.80834e+48  2.96907e+05  1.80819e+48  2.96907e+05  1.80791e+48  2.87027e+05  1.17356e+48  4.46114e-31
 2.47355e+03  2.96907e+05  1.92840e+48  2.96907e+05  1.92826e+48  2.96907e+05  1.92800e+48  2.87027e+05  1.24940e+48  4.46114e-31
 2.55439e+03  2.96907e+05  2.05644e+48  2.96907e+05  2.05631e+48  2.96907e+05  2.05607e+48  2.87027e+05  1.33041e+48  4.46114e-31
 2.63787e+03  2.96907e+05  2.19299e+48  2.96907e+05  2.19287e+48  2.96907e+05  2.19265e+48  2.87027e+05  1.41693e+48  4.46114e-31
 2.72409e+03  2.96907e+05  2.33862e+48  2.96907e+05  2.33851e+48  2.96907e+05  2.33830e+48  2.87027e+05  1.50931e+48  4.46114e-31
 2.81312e+03  2.96907e+05  2.49392e+48  2.96907e+05  2.49382e+48  2.96907e+05  2.49363e+48  2.87027e+05  1.60794e+48  4.46114e-31
 2.90506e+03  2.96907e+05  2.65955e+48  2.96907e+05  2.65946e+48  2.96907e+05  2.65928e+48  2.87027e+05  1.71322e+48  4.46114e-31
 3.00000e+03  2.96907e+05  2.83618e+48  2.96907e+05  2.83610e+48  2.96907e+05  2.83593e+48  2.87027e+05  1.82559e+48  4.46114e-31
