radius_rg T_0deg chi2_0deg T_15deg chi2_15deg T_30deg chi2_30deg T_45deg chi2_45deg nuLnusavg_last
 2.00000e-01  5.45973e+05  7.80648e+41  5.45973e+05  6.52108e+41  5.10242e+05  2.46029e+41  4.16479e+05  5.97843e+39 -1.06616e-34
 2.06537e-01  5.45973e+05  7.34535e+41  5.27805e+05  6.06534e+41  4.93264e+05  2.11476e+41  4.16479e+05  1.30156e+40 -1.06616e-34
 2.13287e-01  5.45973e+05  7.43013e+41  5.27805e+05  5.30950e+41  4.93264e+05  1.73881e+41  4.02620e+05  1.02562e+40 -1.06616e-34
 2.20257e-01  5.27805e+05  7.28937e+41  5.27805e+05  5.02206e+41  4.93264e+05  1.62700e+41  4.02620e+05  3.49308e+39 -1.06616e-34
 2.27456e-01  5.27805e+05  6.28830e+41  5.27805e+05  5.20185e+41  4.93264e+05  1.77887e+41  4.02620e+05  1.10746e+39 -1.06616e-34
 2.34890e-01  5.27805e+05  5.82876e+41  5.10242e+05  5.01297e+41  4.76850e+05  1.82350e+41  4.02620e+05  3.08942e+39 -1.06616e-34
 2.42567e-01  5.27805e+05  5.90884e+41  5.10242e+05  4.20346e+41  4.76850e+05  1.34542e+41  4.02620e+05  9.44715e+39 -1.06616e-34
 2.50494e-01  5.10242e+05  6.08809e+41  5.10242e+05  3.85779e+41  4.76850e+05  1.12986e+41  3.89223e+05  1.32981e+40 -1.06616e-34
 2.58681e-01  5.10242e+05  5.02627e+41  5.10242e+05  3.97453e+41  4.76850e+05  1.17592e+41  3.89223e+05  5.08928e+39 -1.06616e-34
 2.67136e-01  5.10242e+05  4.50076e+41  4.93264e+05  4.25764e+41  4.76850e+05  1.48380e+41  3.89223e+05  1.26447e+39 -1.06616e-34
 2.75866e-01  5.10242e+05  4.50938e+41  4.93264e+05  3.33415e+41  4.60983e+05  1.14867e+41  3.89223e+05  1.80788e+39 -1.06616e-34
 2.84882e-01  5.10242e+05  5.05217e+41  4.93264e+05  2.87090e+41  4.60983e+05  7.93157e+40  3.89223e+05  6.72177e+39 -1.06616e-34
 2.94193e-01  4.93264e+05  4.05394e+41  4.93264e+05  2.86598e+41  4.60983e+05  6.97881e+40  3.89223e+05  1.60265e+40 -1.06616e-34
 3.03808e-01  4.93264e+05  3.39369e+41  4.93264e+05  3.31935e+41  4.60983e+05  8.62443e+40  3.76271e+05  1.09710e+40 -1.06616e-34
 3.13737e-01  4.93264e+05  3.26299e+41  4.76850e+05  2.75744e+41  4.45643e+05  1.21814e+41  3.76271e+05  4.87147e+39 -1.06616e-34
 3.23991e-01  4.93264e+05  3.66130e+41  4.76850e+05  2.11555e+41  4.45643e+05  6.84404e+40  3.76271e+05  3.15505e+39 -1.06616e-34
 3.34580e-01  4.76850e+05  3.43633e+41  4.76850e+05  1.92885e+41  4.45643e+05  4.10451e+40  3.76271e+05  5.81468e+39 -1.06616e-34
 3.45515e-01  4.76850e+05  2.57053e+41  4.76850e+05  2.19658e+41  4.45643e+05  3.95146e+40  3.76271e+05  1.28614e+40 -1.06616e-34
 3.56807e-01  4.76850e+05  2.23087e+41  4.60983e+05  2.56020e+41  4.45643e+05  6.38428e+40  3.63750e+05  2.29387e+40 -1.06616e-34
 3.68468e-01  4.76850e+05  2.41595e+41  4.60983e+05  1.67598e+41  4.30814e+05  8.94950e+40  3.63750e+05  1.36492e+40 -1.06616e-34
 3.80511e-01  4.76850e+05  3.12654e+41  4.60983e+05  1.24514e+41  4.30814e+05  4.02249e+40  3.63750e+05  8.77930e+39 -1.06616e-34
 3.92947e-01  4.60983e+05  2.12924e+41  4.60983e+05  1.26589e+41  4.30814e+05  1.68164e+40  3.63750e+05  8.30868e+39 -1.06616e-34
 4.05790e-01  4.60983e+05  1.50827e+41  4.60983e+05  1.73832e+41  4.30814e+05  1.91725e+40  3.63750e+05  1.22354e+40 -1.06616e-34
 4.19052e-01  4.60983e+05  1.40904e+41  4.45643e+05  1.67168e+41  4.30814e+05  4.73030e+40  3.63750e+05  2.05758e+40 -1.06616e-34
 4.32748e-01  4.60983e+05  1.83115e+41  4.45643e+05  9.30863e+40  4.16479e+05  7.90184e+40  3.51646e+05  3.01673e+40 -1.06616e-34
 4.46891e-01  4.45643e+05  2.20882e+41  4.45643e+05  6.40338e+40  4.16479e+05  2.94798e+40  3.51646e+05  2.11426e+40 -1.06616e-34
 4.61496e-01  4.45643e+05  1.23005e+41  4.45643e+05  7.98905e+40  4.16479e+05  5.75832e+39  3.51646e+05  1.65683e+40 -1.06616e-34
 4.76579e-01  4.45643e+05  7.71888e+40  4.45643e+05  1.40722e+41  4.16479e+05  7.75573e+39  3.51646e+05  1.64256e+40 -1.06616e-34
 4.92155e-01  4.45643e+05  8.32424e+40  4.30814e+05  1.14287e+41  4.16479e+05  3.54803e+40  3.51646e+05  2.07139e+40 -1.06616e-34
 5.08240e-01  4.45643e+05  1.41191e+41  4.30814e+05  4.72286e+40  4.16479e+05  8.90468e+40  3.51646e+05  2.94509e+40 -1.06616e-34
 5.24851e-01  4.30814e+05  1.57867e+41  4.30814e+05  2.50097e+40  4.02620e+05  3.78867e+40  3.51646e+05  4.26728e+40 -1.06616e-34
 5.42004e-01  4.30814e+05  6.81572e+40  4.30814e+05  4.75384e+40  4.02620e+05  9.35058e+39  3.39945e+05  3.40190e+40 -1.06616e-34
 5.59718e-01  4.30814e+05  3.02801e+40  4.30814e+05  1.14908e+41  4.02620e+05  6.54819e+39  3.39945e+05  2.87221e+40 -1.06616e-34
 5.78011e-01  4.30814e+05  4.40791e+40  4.16479e+05  9.62364e+40  4.02620e+05  2.94680e+40  3.39945e+05  2.79070e+40 -1.06616e-34
 5.96902e-01  4.30814e+05  1.09611e+41  4.16479e+05  2.86590e+40  4.02620e+05  7.82048e+40  3.39945e+05  3.15704e+40 -1.06616e-34
 6.16411e-01  4.16479e+05  1.37152e+41  4.16479e+05  5.84440e+39  3.89223e+05  7.00193e+40  3.39945e+05  3.97275e+40 -1.06616e-34
 6.36557e-01  4.16479e+05  4.68639e+40  4.16479e+05  2.76981e+40  3.89223e+05  3.18741e+40  3.39945e+05  5.24119e+40 -1.06616e-34
 6.57361e-01  4.16479e+05  8.32028e+39  4.16479e+05  9.43107e+40  3.89223e+05  1.95558e+40  3.28633e+05  5.38669e+40 -1.06616e-34
 6.78845e-01  4.16479e+05  2.13618e+40  4.02620e+05  1.16168e+41  3.89223e+05  3.30135e+40  3.28633e+05  4.67018e+40 -1.06616e-34
 7.01032e-01  4.16479e+05  8.60424e+40  4.02620e+05  4.01702e+40  3.89223e+05  7.23030e+40  3.28633e+05  4.40929e+40 -1.06616e-34
 7.23943e-01  4.02620e+05  1.62477e+41  4.02620e+05  8.98331e+39  3.76271e+05  1.34041e+41  3.28633e+05  4.60296e+40 -1.06616e-34
 7.47603e-01  4.02620e+05  6.24472e+40  4.02620e+05  2.24777e+40  3.76271e+05  8.10716e+40  3.28633e+05  5.25197e+40 -1.06616e-34
 7.72037e-01  4.02620e+05  1.42267e+40  4.02620e+05  8.07093e+40  3.76271e+05  5.41327e+40  3.28633e+05  6.35901e+40 -1.06616e-34
 7.97269e-01  4.02620e+05  1.76157e+40  3.89223e+05  1.82365e+41  3.76271e+05  5.31129e+40  3.28633e+05  7.92867e+40 -1.06616e-34
 8.23326e-01  4.02620e+05  7.26284e+40  3.89223e+05  8.95177e+40  3.76271e+05  7.80080e+40  3.17698e+05  7.33796e+40 -1.06616e-34
 8.50234e-01  4.02620e+05  1.79492e+41  3.89223e+05  4.16848e+40  3.76271e+05  1.28921e+41  3.17698e+05  6.76720e+40 -1.06616e-34
 8.78022e-01  3.89223e+05  1.24003e+41  3.89223e+05  3.86686e+40  3.63750e+05  1.69146e+41  3.17698e+05  6.66074e+40 -1.06616e-34
 9.06718e-01  3.89223e+05  5.65130e+40  3.89223e+05  8.04566e+40  3.63750e+05  1.21919e+41  3.17698e+05  7.01815e+40 -1.06616e-34
 9.36352e-01  3.89223e+05  4.08074e+40  3.89223e+05  1.67222e+41  3.63750e+05  1.00892e+41  3.17698e+05  7.84090e+40 -1.06616e-34
 9.66955e-01  3.89223e+05  7.68215e+40  3.76271e+05  1.90608e+41  3.63750e+05  1.05977e+41  3.17698e+05  9.13240e+40 -1.06616e-34
 9.98557e-01  3.89223e+05  1.64704e+41  3.76271e+05  1.17146e+41  3.63750e+05  1.37196e+41  3.17698e+05  1.08980e+41 -1.06616e-34
 1.03119e+00  3.76271e+05  2.47793e+41  3.76271e+05  8.88128e+40  3.63750e+05  1.94678e+41  3.07126e+05  1.03437e+41 -1.06616e-34
 1.06489e+00  3.76271e+05  1.50606e+41  3.76271e+05  1.05491e+41  3.51646e+05  2.40308e+41  3.07126e+05  9.78225e+40 -1.06616e-34
 1.09970e+00  3.76271e+05  1.05592e+41  3.76271e+05  1.67251e+41  3.51646e+05  1.92977e+41  3.07126e+05  9.69757e+40 -1.06616e-34
 1.13564e+00  3.76271e+05  1.12567e+41  3.76271e+05  2.74346e+41  3.51646e+05  1.72141e+41  3.07126e+05  1.00893e+41 -1.06616e-34
 1.17276e+00  3.76271e+05  1.71558e+41  3.63750e+05  2.56197e+41  3.51646e+05  1.77711e+41  3.07126e+05  1.09591e+41 -1.06616e-34
 1.21108e+00  3.76271e+05  2.82809e+41  3.63750e+05  1.92796e+41  3.51646e+05  2.09713e+41  3.07126e+05  1.23106e+41 -1.06616e-34
 1.25067e+00  3.63750e+05  3.20830e+41  3.63750e+05  1.74836e+41  3.51646e+05  2.68277e+41  3.07126e+05  1.41493e+41 -1.06616e-34
 1.29154e+00  3.63750e+05  2.35181e+41  3.63750e+05  2.02244e+41  3.51646e+05  3.53646e+41  2.96907e+05  1.47643e+41 -1.06616e-34
 1.33375e+00  3.63750e+05  2.02056e+41  3.63750e+05  2.75133e+41  3.39945e+05  2.99795e+41  2.96907e+05  1.40431e+41 -1.06616e-34
 1.37734e+00  3.63750e+05  2.21319e+41  3.63750e+05  3.93805e+41  3.39945e+05  2.72785e+41  2.96907e+05  1.38164e+41 -1.06616e-34
 1.42236e+00  3.63750e+05  2.93047e+41  3.51646e+05  3.80331e+41  3.39945e+05  2.72599e+41  2.96907e+05  1.40831e+41 -1.06616e-34
 1.46884e+00  3.63750e+05  4.17539e+41  3.51646e+05  3.16921e+41  3.39945e+05  2.99237e+41  2.96907e+05  1.48444e+41 -1.06616e-34
 1.51685e+00  3.51646e+05  4.64257e+41  3.51646e+05  2.99466e+41  3.39945e+05  3.52808e+41  2.96907e+05  1.61034e+41 -1.06616e-34
 1.56642e+00  3.51646e+05  3.78458e+41  3.51646e+05  3.27895e+41  3.39945e+05  4.33534e+41  2.96907e+05  1.78654e+41 -1.06616e-34
 1.61762e+00  3.51646e+05  3.45775e+41  3.51646e+05  4.02325e+41  3.28633e+05  4.55110e+41  2.96907e+05  2.01376e+41 -1.06616e-34
 1.67049e+00  3.51646e+05  3.66075e+41  3.51646e+05  5.23064e+41  3.28633e+05  4.14599e+41  2.87027e+05  2.03384e+41 -1.06616e-34
 1.72508e+00  3.51646e+05  4.39440e+41  3.39945e+05  5.73384e+41  3.28633e+05  4.01499e+41  2.87027e+05  1.97485e+41 -1.06616e-34
 1.78146e+00  3.51646e+05  5.66175e+41  3.39945e+05  4.98752e+41  3.28633e+05  4.15756e+41  2.87027e+05  1.96766e+41 -1.06616e-34
 1.83968e+00  3.39945e+05  6.90370e+41  3.39945e+05  4.70829e+41  3.28633e+05  4.57429e+41  2.87027e+05  2.01225e+41 -1.06616e-34
 1.89981e+00  3.39945e+05  5.91401e+41  3.39945e+05  4.89498e+41  3.28633e+05  5.26689e+41  2.87027e+05  2.10879e+41 -1.06616e-34
 1.96190e+00  3.39945e+05  5.46429e+41  3.39945e+05  5.54837e+41  3.28633e+05  6.23825e+41  2.87027e+05  2.25769e+41 -1.06616e-34
 2.02602e+00  3.39945e+05  5.55270e+41  3.39945e+05  6.67116e+41  3.17698e+05  6.19671e+41  2.87027e+05  2.45957e+41 -1.06616e-34
 2.09224e+00  3.39945e+05  6.17960e+41  3.39945e+05  8.26801e+41  3.17698e+05  5.85096e+41  2.87027e+05  2.71525e+41 -1.06616e-34
 2.16062e+00  3.39945e+05  7.34757e+41  3.28633e+05  7.59805e+41  3.17698e+05  5.78637e+41  2.77476e+05  2.92438e+41 -1.06616e-34
 2.23123e+00  3.39945e+05  9.06146e+41  3.28633e+05  7.08794e+41  3.17698e+05  6.00267e+41  2.77476e+05  2.85058e+41 -1.06616e-34
 2.30415e+00  3.28633e+05  8.99317e+41  3.28633e+05  7.05361e+41  3.17698e+05  6.50077e+41  2.77476e+05  2.83221e+41 -1.06616e-34
 2.37946e+00  3.28633e+05  8.27402e+41  3.28633e+05  7.49490e+41  3.17698e+05  7.28272e+41  2.77476e+05  2.86919e+41 -1.06616e-34
 2.45723e+00  3.28633e+05  8.10462e+41  3.28633e+05  8.41366e+41  3.17698e+05  8.35177e+41  2.77476e+05  2.96167e+41 -1.06616e-34
 2.53753e+00  3.28633e+05  8.48427e+41  3.28633e+05  9.81368e+41  3.07126e+05  8.60035e+41  2.77476e+05  3.11004e+41 -1.06616e-34
 2.62047e+00  3.28633e+05  9.41454e+41  3.17698e+05  1.14010e+42  3.07126e+05  8.22387e+41  2.77476e+05  3.31492e+41 -1.06616e-34
 2.70611e+00  3.28633e+05  1.08993e+42  3.17698e+05  1.05084e+42  3.07126e+05  8.13838e+41  2.77476e+05  3.57714e+41 -1.06616e-34
 2.79455e+00  3.28633e+05  1.29446e+42  3.17698e+05  1.01058e+42  3.07126e+05  8.34352e+41  2.77476e+05  3.89779e+41 -1.06616e-34
 2.88589e+00  3.17698e+05  1.23265e+42  3.17698e+05  1.01914e+42  3.07126e+05  8.84015e+41  2.77476e+05  4.27820e+41 -1.06616e-34
 2.98021e+00  3.17698e+05  1.17281e+42  3.17698e+05  1.07656e+42  3.07126e+05  9.63030e+41  2.68243e+05  4.29630e+41 -1.06616e-34
 3.07761e+00  3.17698e+05  1.16937e+42  3.17698e+05  1.18309e+42  3.07126e+05  1.07173e+42  2.68243e+05  4.27795e+41 -1.06616e-34
 3.17819e+00  3.17698e+05  1.22233e+42  3.17698e+05  1.33915e+42  2.96907e+05  1.20862e+42  2.68243e+05  4.32093e+41 -1.06616e-34
 3.28206e+00  3.17698e+05  1.33190e+42  3.17698e+05  1.54540e+42  2.96907e+05  1.15626e+42  2.68243e+05  4.42542e+41 -1.06616e-34
 3.38933e+00  3.17698e+05  1.49852e+42  3.07126e+05  1.46745e+42  2.96907e+05  1.13439e+42  2.68243e+05  4.59186e+41 -1.06616e-34
 3.50010e+00  3.17698e+05  1.72291e+42  3.07126e+05  1.42247e+42  2.96907e+05  1.14290e+42  2.68243e+05  4.82093e+41 -1.06616e-34
 3.61449e+00  3.07126e+05  1.71528e+42  3.07126e+05  1.42801e+42  2.96907e+05  1.18183e+42  2.68243e+05  5.11358e+41 -1.06616e-34
 3.73262e+00  3.07126e+05  1.64953e+42  3.07126e+05  1.48411e+42  2.96907e+05  1.25135e+42  2.68243e+05  5.47103e+41 -1.06616e-34
 3.85462e+00  3.07126e+05  1.64215e+42  3.07126e+05  1.59100e+42  2.96907e+05  1.35175e+42  2.68243e+05  5.89474e+41 -1.06616e-34
 3.98060e+00  3.07126e+05  1.69312e+42  3.07126e+05  1.74912e+42  2.96907e+05  1.48344e+42  2.68243e+05  6.38648e+41 -1.06616e-34
 4.11069e+00  3.07126e+05  1.80264e+42  3.07126e+05  1.95912e+42  2.96907e+05  1.64695e+42  2.68243e+05  6.94828e+41 -1.06616e-34
 4.24504e+00  3.07126e+05  1.97118e+42  2.96907e+05  2.06430e+42  2.87027e+05  1.60284e+42  2.59317e+05  7.34505e+41 -1.06616e-34
 4.38378e+00  3.07126e+05  2.19942e+42  2.96907e+05  1.99463e+42  2.87027e+05  1.58405e+42  2.59317e+05  7.35817e+41 -1.06616e-34
 4.52705e+00  2.96907e+05  2.41162e+42  2.96907e+05  1.97786e+42  2.87027e+05  1.59750e+42  2.59317e+05  7.44536e+41 -1.06616e-34
 4.67501e+00  2.96907e+05  2.31669e+42  2.96907e+05  2.01392e+42  2.87027e+05  1.64326e+42  2.59317e+05  7.60700e+41 -1.06616e-34
 4.82780e+00  2.96907e+05  2.28291e+42  2.96907e+05  2.10296e+42  2.87027e+05  1.72151e+42  2.59317e+05  7.84376e+41 -1.06616e-34
 4.98558e+00  2.96907e+05  2.31012e+42  2.96907e+05  2.24534e+42  2.87027e+05  1.83259e+42  2.59317e+05  8.15660e+41 -1.06616e-34
 5.14853e+00  2.96907e+05  2.39844e+42  2.96907e+05  2.44166e+42  2.87027e+05  1.97694e+42  2.59317e+05  8.54683e+41 -1.06616e-34
 5.31679e+00  2.96907e+05  2.54824e+42  2.96907e+05  2.69274e+42  2.87027e+05  2.15517e+42  2.59317e+05  9.01606e+41 -1.06616e-34
 5.49056e+00  2.96907e+05  2.76014e+42  2.87027e+05  2.84091e+42  2.77476e+05  2.29518e+42  2.59317e+05  9.56623e+41 -1.06616e-34
 5.67001e+00  2.96907e+05  3.03501e+42  2.87027e+05  2.77456e+42  2.77476e+05  2.25952e+42  2.59317e+05  1.01996e+42 -1.06616e-34
 5.85532e+00  2.87027e+05  3.30801e+42  2.87027e+05  2.76433e+42  2.77476e+05  2.25890e+42  2.59317e+05  1.09188e+42 -1.06616e-34
 6.04668e+00  2.87027e+05  3.21604e+42  2.87027e+05  2.81019e+42  2.77476e+05  2.29332e+42  2.59317e+05  1.17269e+42 -1.06616e-34
 6.24430e+00  2.87027e+05  3.18892e+42  2.87027e+05  2.91232e+42  2.77476e+05  2.36294e+42  2.59317e+05  1.26271e+42 -1.06616e-34
 6.44838e+00  2.87027e+05  3.22656e+42  2.87027e+05  3.07115e+42  2.77476e+05  2.46802e+42  2.59317e+05  1.36232e+42 -1.06616e-34
 6.65913e+00  2.87027e+05  3.32909e+42  2.87027e+05  3.28733e+42  2.77476e+05  2.60902e+42  2.59317e+05  1.47193e+42 -1.06616e-34
 6.87677e+00  2.87027e+05  3.49696e+42  2.87027e+05  3.56176e+42  2.77476e+05  2.78650e+42  2.59317e+05  1.59200e+42 -1.06616e-34
 7.10152e+00  2.87027e+05  3.73085e+42  2.87027e+05  3.89557e+42  2.77476e+05  3.00122e+42  2.59317e+05  1.72301e+42 -1.06616e-34
 7.33362e+00  2.87027e+05  4.03173e+42  2.77476e+05  3.96828e+42  2.77476e+05  3.25405e+42  2.50688e+05  1.75997e+42 -1.06616e-34
 7.57330e+00  2.87027e+05  4.40084e+42  2.77476e+05  3.93055e+42  2.68243e+05  3.38048e+42  2.50688e+05  1.78789e+42 -1.06616e-34
 7.82082e+00  2.77476e+05  4.60277e+42  2.77476e+05  3.95372e+42  2.68243e+05  3.36820e+42  2.50688e+05  1.82758e+42 -1.06616e-34
 8.07642e+00  2.77476e+05  4.54255e+42  2.77476e+05  4.03790e+42  2.68243e+05  3.39555e+42  2.50688e+05  1.87919e+42 -1.06616e-34
 8.34038e+00  2.77476e+05  4.55269e+42  2.77476e+05  4.18343e+42  2.68243e+05  3.46266e+42  2.50688e+05  1.94294e+42 -1.06616e-34
 8.61296e+00  2.77476e+05  4.63321e+42  2.77476e+05  4.39093e+42  2.68243e+05  3.56979e+42  2.50688e+05  2.01909e+42 -1.06616e-34
 8.89446e+00  2.77476e+05  4.78447e+42  2.77476e+05  4.66123e+42  2.68243e+05  3.71738e+42  2.50688e+05  2.10797e+42 -1.06616e-34
 9.18515e+00  2.77476e+05  5.00707e+42  2.77476e+05  4.99548e+42  2.68243e+05  3.90606e+42  2.50688e+05  2.20993e+42 -1.06616e-34
 9.48535e+00  2.77476e+05  5.30195e+42  2.77476e+05  5.39504e+42  2.68243e+05  4.13660e+42  2.50688e+05  2.32539e+42 -1.06616e-34
 9.79535e+00  2.77476e+05  5.67031e+42  2.77476e+05  5.86157e+42  2.68243e+05  4.40995e+42  2.50688e+05  2.45485e+42 -1.06616e-34
 1.01155e+01  2.77476e+05  6.11370e+42  2.68243e+05  5.87313e+42  2.68243e+05  4.72725e+42  2.50688e+05  2.59883e+42 -1.06616e-34
 1.04461e+01  2.77476e+05  6.63394e+42  2.68243e+05  5.87907e+42  2.68243e+05  5.08980e+42  2.50688e+05  2.75792e+42 -1.06616e-34
 1.07875e+01  2.68243e+05  6.79171e+42  2.68243e+05  5.95398e+42  2.68243e+05  5.49912e+42  2.50688e+05  2.93279e+42 -1.06616e-34
 1.11401e+01  2.68243e+05  6.77976e+42  2.68243e+05  6.09818e+42  2.59317e+05  5.63575e+42  2.50688e+05  3.12417e+42 -1.06616e-34
 1.15041e+01  2.68243e+05  6.84741e+42  2.68243e+05  6.31225e+42  2.59317e+05  5.67432e+42  2.50688e+05  3.33283e+42 -1.06616e-34
 1.18801e+01  2.68243e+05  6.99496e+42  2.68243e+05  6.59710e+42  2.59317e+05  5.76206e+42  2.50688e+05  3.55965e+42 -1.06616e-34
 1.22684e+01  2.68243e+05  7.22300e+42  2.68243e+05  6.95389e+42  2.59317e+05  5.89934e+42  2.50688e+05  3.80557e+42 -1.06616e-34
 1.26694e+01  2.68243e+05  7.53249e+42  2.68243e+05  7.38411e+42  2.59317e+05  6.08674e+42  2.50688e+05  4.07159e+42 -1.06616e-34
 1.30834e+01  2.68243e+05  7.92470e+42  2.68243e+05  7.88952e+42  2.59317e+05  6.32502e+42  2.50688e+05  4.35883e+42 -1.06616e-34
 1.35110e+01  2.68243e+05  8.40126e+42  2.68243e+05  8.47223e+42  2.59317e+05  6.61517e+42  2.50688e+05  4.66847e+42 -1.06616e-34
 1.39526e+01  2.68243e+05  8.96414e+42  2.68243e+05  9.13465e+42  2.59317e+05  6.95839e+42  2.50688e+05  5.00180e+42 -1.06616e-34
 1.44086e+01  2.68243e+05  9.61566e+42  2.59317e+05  9.81257e+42  2.59317e+05  7.35610e+42  2.50688e+05  5.36019e+42 -1.06616e-34
 1.48795e+01  2.68243e+05  1.03585e+43  2.59317e+05  9.82816e+42  2.59317e+05  7.80995e+42  2.50688e+05  5.74512e+42 -1.06616e-34
 1.53658e+01  2.68243e+05  1.11958e+43  2.59317e+05  9.92907e+42  2.59317e+05  8.32182e+42  2.50688e+05  6.15819e+42 -1.06616e-34
 1.58680e+01  2.59317e+05  1.13354e+43  2.59317e+05  1.01157e+43  2.59317e+05  8.89382e+42  2.42346e+05  6.58476e+42 -1.06616e-34
 1.63866e+01  2.59317e+05  1.14286e+43  2.59317e+05  1.03889e+43  2.59317e+05  9.52832e+42  2.42346e+05  6.67456e+42 -1.06616e-34
 1.69222e+01  2.59317e+05  1.16207e+43  2.59317e+05  1.07497e+43  2.59317e+05  1.02280e+43  2.42346e+05  6.79634e+42 -1.06616e-34
 1.74753e+01  2.59317e+05  1.19124e+43  2.59317e+05  1.11996e+43  2.59317e+05  1.09956e+43  2.42346e+05  6.95061e+42 -1.06616e-34
 1.80464e+01  2.59317e+05  1.23049e+43  2.59317e+05  1.17405e+43  2.59317e+05  1.18345e+43  2.42346e+05  7.13802e+42 -1.06616e-34
 1.86362e+01  2.59317e+05  1.28000e+43  2.59317e+05  1.23746e+43  2.50688e+05  1.22460e+43  2.42346e+05  7.35932e+42 -1.06616e-34
 1.92453e+01  2.59317e+05  1.33995e+43  2.59317e+05  1.31046e+43  2.50688e+05  1.24088e+43  2.42346e+05  7.61544e+42 -1.06616e-34
 1.98743e+01  2.59317e+05  1.41061e+43  2.59317e+05  1.39335e+43  2.50688e+05  1.26486e+43  2.42346e+05  7.90745e+42 -1.06616e-34
 2.05238e+01  2.59317e+05  1.49225e+43  2.59317e+05  1.48647e+43  2.50688e+05  1.29665e+43  2.42346e+05  8.23654e+42 -1.06616e-34
 2.11946e+01  2.59317e+05  1.58523e+43  2.59317e+05  1.59020e+43  2.50688e+05  1.33637e+43  2.42346e+05  8.60408e+42 -1.06616e-34
 2.18873e+01  2.59317e+05  1.68992e+43  2.59317e+05  1.70498e+43  2.50688e+05  1.38420e+43  2.42346e+05  9.01159e+42 -1.06616e-34
 2.26026e+01  2.59317e+05  1.80677e+43  2.59317e+05  1.83128e+43  2.50688e+05  1.44032e+43  2.42346e+05  9.46075e+42 -1.06616e-34
 2.33413e+01  2.59317e+05  1.93624e+43  2.59317e+05  1.96963e+43  2.50688e+05  1.50497e+43  2.42346e+05  9.95344e+42 -1.06616e-34
 2.41042e+01  2.59317e+05  2.07888e+43  2.50688e+05  2.11827e+43  2.50688e+05  1.57842e+43  2.42346e+05  1.04917e+43 -1.06616e-34
 2.48920e+01  2.59317e+05  2.23529e+43  2.50688e+05  2.13867e+43  2.50688e+05  1.66097e+43  2.42346e+05  1.10777e+43 -1.06616e-34
 2.57055e+01  2.59317e+05  2.40609e+43  2.50688e+05  2.17238e+43  2.50688e+05  1.75296e+43  2.42346e+05  1.17139e+43 -1.06616e-34
 2.65456e+01  2.50688e+05  2.46258e+43  2.50688e+05  2.21955e+43  2.50688e+05  1.85478e+43  2.42346e+05  1.24030e+43 -1.06616e-34
 2.74132e+01  2.50688e+05  2.49786e+43  2.50688e+05  2.28036e+43  2.50688e+05  1.96684e+43  2.42346e+05  1.31478e+43 -1.06616e-34
 2.83091e+01  2.50688e+05  2.54863e+43  2.50688e+05  2.35508e+43  2.50688e+05  2.08961e+43  2.42346e+05  1.39513e+43 -1.06616e-34
 2.92343e+01  2.50688e+05  2.61510e+43  2.50688e+05  2.44401e+43  2.50688e+05  2.22360e+43  2.42346e+05  1.48169e+43 -1.06616e-34
 3.01898e+01  2.50688e+05  2.69756e+43  2.50688e+05  2.54752e+43  2.50688e+05  2.36936e+43  2.42346e+05  1.57482e+43 -1.06616e-34
 3.11765e+01  2.50688e+05  2.79633e+43  2.50688e+05  2.66603e+43  2.50688e+05  2.52750e+43  2.42346e+05  1.67491e+43 -1.06616e-34
 3.21954e+01  2.50688e+05  2.91183e+43  2.50688e+05  2.80005e+43  2.50688e+05  2.69866e+43  2.42346e+05  1.78236e+43 -1.06616e-34
 3.32476e+01  2.50688e+05  3.04453e+43  2.50688e+05  2.95011e+43  2.50688e+05  2.88357e+43  2.42346e+05  1.89763e+43 -1.06616e-34
 3.43343e+01  2.50688e+05  3.19499e+43  2.50688e+05  3.11685e+43  2.50688e+05  3.08297e+43  2.42346e+05  2.02118e+43 -1.06616e-34
 3.54564e+01  2.50688e+05  3.36383e+43  2.50688e+05  3.30095e+43  2.50688e+05  3.29771e+43  2.42346e+05  2.15354e+43 -1.06616e-34
 3.66152e+01  2.50688e+05  3.55174e+43  2.50688e+05  3.50318e+43  2.50688e+05  3.52866e+43  2.42346e+05  2.29525e+43 -1.06616e-34
 3.78119e+01  2.50688e+05  3.75951e+43  2.50688e+05  3.72436e+43  2.50688e+05  3.77679e+43  2.42346e+05  2.44689e+43 -1.06616e-34
 3.90477e+01  2.50688e+05  3.98799e+43  2.50688e+05  3.96543e+43  2.42346e+05  3.86809e+43  2.42346e+05  2.60909e+43 -1.06616e-34
 4.03238e+01  2.50688e+05  4.23813e+43  2.50688e+05  4.22737e+43  2.42346e+05  3.93099e+43  2.42346e+05  2.78252e+43 -1.06616e-34
 4.16417e+01  2.50688e+05  4.51096e+43  2.50688e+05  4.51127e+43  2.42346e+05  4.01272e+43  2.42346e+05  2.96791e+43 -1.06616e-34
 4.30027e+01  2.50688e+05  4.80762e+43  2.50688e+05  4.81831e+43  2.42346e+05  4.11363e+43  2.42346e+05  3.16602e+43 -1.06616e-34
 4.44081e+01  2.50688e+05  5.12933e+43  2.50688e+05  5.14975e+43  2.42346e+05  4.23414e+43  2.34282e+05  3.22390e+43 -1.06616e-34
 4.58595e+01  2.50688e+05  5.47742e+43  2.50688e+05  5.50696e+43  2.42346e+05  4.37473e+43  2.34282e+05  3.27560e+43 -1.06616e-34
 4.73583e+01  2.50688e+05  5.85334e+43  2.50688e+05  5.89143e+43  2.42346e+05  4.53600e+43  2.34282e+05  3.34130e+43 -1.06616e-34
 4.89061e+01  2.50688e+05  6.25863e+43  2.50688e+05  6.30475e+43  2.42346e+05  4.71862e+43  2.34282e+05  3.42126e+43 -1.06616e-34
 5.05045e+01  2.50688e+05  6.69498e+43  2.42346e+05  6.66576e+43  2.42346e+05  4.92333e+43  2.34282e+05  3.51581e+43 -1.06616e-34
 5.21551e+01  2.50688e+05  7.16419e+43  2.42346e+05  6.75634e+43  2.42346e+05  5.15098e+43  2.34282e+05  3.62535e+43 -1.06616e-34
 5.38597e+01  2.50688e+05  7.66821e+43  2.42346e+05  6.87935e+43  2.42346e+05  5.40252e+43  2.34282e+05  3.75033e+43 -1.06616e-34
 5.56199e+01  2.42346e+05  7.77347e+43  2.42346e+05  7.03530e+43  2.42346e+05  5.67899e+43  2.34282e+05  3.89126e+43 -1.06616e-34
 5.74378e+01  2.42346e+05  7.90662e+43  2.42346e+05  7.22482e+43  2.42346e+05  5.98153e+43  2.34282e+05  4.04874e+43 -1.06616e-34
 5.93150e+01  2.42346e+05  8.07764e+43  2.42346e+05  7.44871e+43  2.42346e+05  6.31139e+43  2.34282e+05  4.22341e+43 -1.06616e-34
 6.12535e+01  2.42346e+05  8.28724e+43  2.42346e+05  7.70789e+43  2.42346e+05  6.66994e+43  2.34282e+05  4.41599e+43 -1.06616e-34
 6.32555e+01  2.42346e+05  8.53630e+43  2.42346e+05  8.00344e+43  2.42346e+05  7.05867e+43  2.34282e+05  4.62728e+43 -1.06616e-34
 6.53228e+01  2.42346e+05  8.82583e+43  2.42346e+05  8.33656e+43  2.42346e+05  7.47917e+43  2.34282e+05  4.85816e+43 -1.06616e-34
 6.74577e+01  2.42346e+05  9.15705e+43  2.42346e+05  8.70866e+43  2.42346e+05  7.93320e+43  2.34282e+05  5.10959e+43 -1.06616e-34
 6.96624e+01  2.42346e+05  9.53132e+43  2.42346e+05  9.12126e+43  2.42346e+05  8.42263e+43  2.34282e+05  5.38259e+43 -1.06616e-34
 7.19392e+01  2.42346e+05  9.95019e+43  2.42346e+05  9.57607e+43  2.42346e+05  8.94949e+43  2.34282e+05  5.67831e+43 -1.06616e-34
 7.42903e+01  2.42346e+05  1.04154e+44  2.42346e+05  1.00750e+44  2.42346e+05  9.51595e+43  2.34282e+05  5.99796e+43 -1.06616e-34
 7.67183e+01  2.42346e+05  1.09289e+44  2.42346e+05  1.06200e+44  2.42346e+05  1.01244e+44  2.34282e+05  6.34287e+43 -1.06616e-34
 7.92257e+01  2.42346e+05  1.14927e+44  2.42346e+05  1.12135e+44  2.42346e+05  1.07772e+44  2.34282e+05  6.71446e+43 -1.06616e-34
 8.18150e+01  2.42346e+05  1.21093e+44  2.42346e+05  1.18579e+44  2.42346e+05  1.14773e+44  2.34282e+05  7.11429e+43 -1.06616e-34
 8.44889e+01  2.42346e+05  1.27811e+44  2.42346e+05  1.25558e+44  2.42346e+05  1.22274e+44  2.34282e+05  7.54398e+43 -1.06616e-34
 8.72502e+01  2.42346e+05  1.35110e+44  2.42346e+05  1.33101e+44  2.42346e+05  1.30307e+44  2.34282e+05  8.00534e+43 -1.06616e-34
 9.01018e+01  2.42346e+05  1.43019e+44  2.42346e+05  1.41239e+44  2.42346e+05  1.38905e+44  2.34282e+05  8.50026e+43 -1.06616e-34
 9.30466e+01  2.42346e+05  1.51572e+44  2.42346e+05  1.50007e+44  2.42346e+05  1.48103e+44  2.34282e+05  9.03080e+43 -1.06616e-34
 9.60876e+01  2.42346e+05  1.60804e+44  2.42346e+05  1.59440e+44  2.34282e+05  1.56622e+44  2.34282e+05  9.59914e+43 -1.06616e-34
 9.92280e+01  2.42346e+05  1.70753e+44  2.42346e+05  1.69578e+44  2.34282e+05  1.58609e+44  2.34282e+05  1.02076e+44 -1.06616e-34
 1.02471e+02  2.42346e+05  1.81460e+44  2.42346e+05  1.80462e+44  2.34282e+05  1.61278e+44  2.34282e+05  1.08588e+44 -1.06616e-34
 1.05820e+02  2.42346e+05  1.92969e+44  2.42346e+05  1.92138e+44  2.34282e+05  1.64640e+44  2.34282e+05  1.15554e+44 -1.06616e-34
 1.09278e+02  2.42346e+05  2.05329e+44  2.42346e+05  2.04653e+44  2.34282e+05  1.68710e+44  2.34282e+05  1.23002e+44 -1.06616e-34
 1.12850e+02  2.42346e+05  2.18590e+44  2.42346e+05  2.18060e+44  2.34282e+05  1.73503e+44  2.34282e+05  1.30964e+44 -1.06616e-34
 1.16538e+02  2.42346e+05  2.32807e+44  2.42346e+05  2.32414e+44  2.34282e+05  1.79040e+44  2.34282e+05  1.39472e+44 -1.06616e-34
 1.20347e+02  2.42346e+05  2.48039e+44  2.42346e+05  2.47775e+44  2.34282e+05  1.85343e+44  2.34282e+05  1.48561e+44 -1.06616e-34
 1.24280e+02  2.42346e+05  2.64349e+44  2.42346e+05  2.64206e+44  2.34282e+05  1.92440e+44  2.34282e+05  1.58270e+44 -1.06616e-34
 1.28342e+02  2.42346e+05  2.81805e+44  2.34282e+05  2.73046e+44  2.34282e+05  2.00358e+44  2.34282e+05  1.68638e+44 -1.06616e-34
 1.32537e+02  2.42346e+05  3.00479e+44  2.34282e+05  2.77006e+44  2.34282e+05  2.09131e+44  2.26486e+05  1.77761e+44 -1.06616e-34
 1.36868e+02  2.34282e+05  3.14404e+44  2.34282e+05  2.82157e+44  2.34282e+05  2.18796e+44  2.26486e+05  1.79891e+44 -1.06616e-34
 1.41341e+02  2.34282e+05  3.18655e+44  2.34282e+05  2.88520e+44  2.34282e+05  2.29391e+44  2.26486e+05  1.82770e+44 -1.06616e-34
 1.45961e+02  2.34282e+05  3.24276e+44  2.34282e+05  2.96122e+44  2.34282e+05  2.40962e+44  2.26486e+05  1.86410e+44 -1.06616e-34
 1.50731e+02  2.34282e+05  3.31290e+44  2.34282e+05  3.04994e+44  2.34282e+05  2.53555e+44  2.26486e+05  1.90826e+44 -1.06616e-34
 1.55658e+02  2.34282e+05  3.39727e+44  2.34282e+05  3.15173e+44  2.34282e+05  2.67224e+44  2.26486e+05  1.96035e+44 -1.06616e-34
 1.60745e+02  2.34282e+05  3.49621e+44  2.34282e+05  3.26701e+44  2.34282e+05  2.82024e+44  2.26486e+05  2.02061e+44 -1.06616e-34
 1.65998e+02  2.34282e+05  3.61014e+44  2.34282e+05  3.39626e+44  2.34282e+05  2.98017e+44  2.26486e+05  2.08927e+44 -1.06616e-34
 1.71424e+02  2.34282e+05  3.73952e+44  2.34282e+05  3.54000e+44  2.34282e+05  3.15269e+44  2.26486e+05  2.16662e+44 -1.06616e-34
 1.77026e+02  2.34282e+05  3.88490e+44  2.34282e+05  3.69885e+44  2.34282e+05  3.33851e+44  2.26486e+05  2.25298e+44 -1.06616e-34
 1.82812e+02  2.34282e+05  4.04687e+44  2.34282e+05  3.87345e+44  2.34282e+05  3.53841e+44  2.26486e+05  2.34871e+44 -1.06616e-34
 1.88787e+02  2.34282e+05  4.22610e+44  2.34282e+05  4.06452e+44  2.34282e+05  3.75321e+44  2.26486e+05  2.45420e+44 -1.06616e-34
 1.94957e+02  2.34282e+05  4.42334e+44  2.34282e+05  4.27286e+44  2.34282e+05  3.98380e+44  2.26486e+05  2.56989e+44 -1.06616e-34
 2.01328e+02  2.34282e+05  4.63939e+44  2.34282e+05  4.49933e+44  2.34282e+05  4.23113e+44  2.26486e+05  2.69626e+44 -1.06616e-34
 2.07908e+02  2.34282e+05  4.87517e+44  2.34282e+05  4.74487e+44  2.34282e+05  4.49622e+44  2.26486e+05  2.83383e+44 -1.06616e-34
 2.14703e+02  2.34282e+05  5.13163e+44  2.34282e+05  5.01049e+44  2.34282e+05  4.78019e+44  2.26486e+05  2.98318e+44 -1.06616e-34
 2.21720e+02  2.34282e+05  5.40985e+44  2.34282e+05  5.29729e+44  2.34282e+05  5.08419e+44  2.26486e+05  3.14491e+44 -1.06616e-34
 2.28967e+02  2.34282e+05  5.71097e+44  2.34282e+05  5.60647e+44  2.34282e+05  5.40949e+44  2.26486e+05  3.31970e+44 -1.06616e-34
 2.36450e+02  2.34282e+05  6.03624e+44  2.34282e+05  5.93929e+44  2.34282e+05  5.75743e+44  2.26486e+05  3.50828e+44 -1.06616e-34
 2.44178e+02  2.34282e+05  6.38701e+44  2.34282e+05  6.29713e+44  2.34282e+05  6.12946e+44  2.26486e+05  3.71141e+44 -1.06616e-34
 2.52158e+02  2.34282e+05  6.76472e+44  2.34282e+05  6.68149e+44  2.34282e+05  6.52711e+44  2.26486e+05  3.92995e+44 -1.06616e-34
 2.60399e+02  2.34282e+05  7.17095e+44  2.34282e+05  7.09394e+44  2.34282e+05  6.95203e+44  2.26486e+05  4.16480e+44 -1.06616e-34
 2.68910e+02  2.34282e+05  7.60737e+44  2.34282e+05  7.53619e+44  2.34282e+05  7.40598e+44  2.26486e+05  4.41693e+44 -1.06616e-34
 2.77699e+02  2.34282e+05  8.07579e+44  2.34282e+05  8.01009e+44  2.26486e+05  7.53511e+44  2.26486e+05  4.68738e+44 -1.06616e-34
 2.86774e+02  2.34282e+05  8.57814e+44  2.34282e+05  8.51757e+44  2.26486e+05  7.64439e+44  2.26486e+05  4.97727e+44 -1.06616e-34
 2.96147e+02  2.34282e+05  9.11651e+44  2.34282e+05  9.06075e+44  2.26486e+05  7.78557e+44  2.26486e+05  5.28780e+44 -1.06616e-34
 3.05826e+02  2.34282e+05  9.69312e+44  2.34282e+05  9.64188e+44  2.26486e+05  7.95922e+44  2.26486e+05  5.62027e+44 -1.06616e-34
 3.15821e+02  2.34282e+05  1.03104e+45  2.34282e+05  1.02634e+45  2.26486e+05  8.16607e+44  2.26486e+05  5.97603e+44 -1.06616e-34
 3.26143e+02  2.34282e+05  1.09708e+45  2.34282e+05  1.09278e+45  2.26486e+05  8.40697e+44  2.26486e+05  6.35657e+44 -1.06616e-34
 3.36802e+02  2.34282e+05  1.16771e+45  2.34282e+05  1.16378e+45  2.26486e+05  8.68292e+44  2.26486e+05  6.76346e+44 -1.06616e-34
 3.47810e+02  2.34282e+05  1.24323e+45  2.34282e+05  1.23965e+45  2.26486e+05  8.99506e+44  2.26486e+05  7.19838e+44 -1.06616e-34
 3.59177e+02  2.34282e+05  1.32395e+45  2.26486e+05  1.29870e+45  2.26486e+05  9.34468e+44  2.26486e+05  7.66314e+44 -1.06616e-34
 3.70916e+02  2.34282e+05  1.41019e+45  2.26486e+05  1.31458e+45  2.26486e+05  9.73323e+44  2.26486e+05  8.15965e+44 -1.06616e-34
 3.83038e+02  2.26486e+05  1.49619e+45  2.26486e+05  1.33594e+45  2.26486e+05  1.01623e+45  2.26486e+05  8.68998e+44 -1.06616e-34
 3.95557e+02  2.26486e+05  1.51304e+45  2.26486e+05  1.36288e+45  2.26486e+05  1.06337e+45  2.26486e+05  9.25631e+44 -1.06616e-34
 4.08485e+02  2.26486e+05  1.53620e+45  2.26486e+05  1.39550e+45  2.26486e+05  1.11494e+45  2.26486e+05  9.86099e+44 -1.06616e-34
 4.21835e+02  2.26486e+05  1.56578e+45  2.26486e+05  1.43395e+45  2.26486e+05  1.17115e+45  2.26486e+05  1.05065e+45 -1.06616e-34
 4.35622e+02  2.26486e+05  1.60188e+45  2.26486e+05  1.47837e+45  2.26486e+05  1.23222e+45  2.18950e+05  1.11069e+45 -1.06616e-34
 4.49859e+02  2.26486e+05  1.64467e+45  2.26486e+05  1.52895e+45  2.26486e+05  1.29843e+45  2.18950e+05  1.12242e+45 -1.06616e-34
 4.64562e+02  2.26486e+05  1.69432e+45  2.26486e+05  1.58591e+45  2.26486e+05  1.37003e+45  2.18950e+05  1.13879e+45 -1.06616e-34
 4.79745e+02  2.26486e+05  1.75102e+45  2.26486e+05  1.64948e+45  2.26486e+05  1.44733e+45  2.18950e+05  1.15988e+45 -1.06616e-34
 4.95424e+02  2.26486e+05  1.81503e+45  2.26486e+05  1.71991e+45  2.26486e+05  1.53064e+45  2.18950e+05  1.18578e+45 -1.06616e-34
 5.11616e+02  2.26486e+05  1.88660e+45  2.26486e+05  1.79751e+45  2.26486e+05  1.62032e+45  2.18950e+05  1.21659e+45 -1.06616e-34
 5.28337e+02  2.26486e+05  1.96603e+45  2.26486e+05  1.88259e+45  2.26486e+05  1.71672e+45  2.18950e+05  1.25244e+45 -1.06616e-34
 5.45604e+02  2.26486e+05  2.05365e+45  2.26486e+05  1.97551e+45  2.26486e+05  1.82026e+45  2.18950e+05  1.29347e+45 -1.06616e-34
 5.63436e+02  2.26486e+05  2.14981e+45  2.26486e+05  2.07665e+45  2.26486e+05  1.93136e+45  2.18950e+05  1.33986e+45 -1.06616e-34
 5.81850e+02  2.26486e+05  2.25493e+45  2.26486e+05  2.18643e+45  2.26486e+05  2.05047e+45  2.18950e+05  1.39181e+45 -1.06616e-34
 6.00867e+02  2.26486e+05  2.36943e+45  2.26486e+05  2.30530e+45  2.26486e+05  2.17809e+45  2.18950e+05  1.44951e+45 -1.06616e-34
 6.20505e+02  2.26486e+05  2.49378e+45  2.26486e+05  2.43375e+45  2.26486e+05  2.31476e+45  2.18950e+05  1.51322e+45 -1.06616e-34
 6.40784e+02  2.26486e+05  2.62851e+45  2.26486e+05  2.57232e+45  2.26486e+05  2.46103e+45  2.18950e+05  1.58320e+45 -1.06616e-34
 6.61727e+02  2.26486e+05  2.77417e+45  2.26486e+05  2.72159e+45  2.26486e+05  2.61751e+45  2.18950e+05  1.65973e+45 -1.06616e-34
 6.83354e+02  2.26486e+05  2.93136e+45  2.26486e+05  2.88216e+45  2.26486e+05  2.78485e+45  2.18950e+05  1.74314e+45 -1.06616e-34
 7.05688e+02  2.26486e+05  3.10073e+45  2.26486e+05  3.05470e+45  2.26486e+05  2.96374e+45  2.18950e+05  1.83376e+45 -1.06616e-34
 7.28751e+02  2.26486e+05  3.28299e+45  2.26486e+05  3.23993e+45  2.26486e+05  3.15492e+45  2.18950e+05  1.93198e+45 -1.06616e-34
 7.52569e+02  2.26486e+05  3.47888e+45  2.26486e+05  3.43861e+45  2.26486e+05  3.35918e+45  2.18950e+05  2.03819e+45 -1.06616e-34
 7.77165e+02  2.26486e+05  3.68923e+45  2.26486e+05  3.65156e+45  2.26486e+05  3.57737e+45  2.18950e+05  2.15285e+45 -1.06616e-34
 8.02565e+02  2.26486e+05  3.91489e+45  2.26486e+05  3.87968e+45  2.26486e+05  3.81039e+45  2.18950e+05  2.27642e+45 -1.06616e-34
 8.28794e+02  2.26486e+05  4.15681e+45  2.26486e+05  4.12389e+45  2.26486e+05  4.05920e+45  2.18950e+05  2.40941e+45 -1.06616e-34
 8.55882e+02  2.26486e+05  4.41598e+45  2.26486e+05  4.38521e+45  2.18950e+05  4.10228e+45  2.18950e+05  2.55239e+45 -1.06616e-34
 8.83854e+02  2.26486e+05  4.69347e+45  2.26486e+05  4.66473e+45  2.18950e+05  4.15895e+45  2.18950e+05  2.70592e+45 -1.06616e-34
 9.12741e+02  2.26486e+05  4.99044e+45  2.26486e+05  4.96360e+45  2.18950e+05  4.23285e+45  2.18950e+05  2.87066e+45 -1.06616e-34
 9.42571e+02  2.26486e+05  5.30812e+45  2.26486e+05  5.28305e+45  2.18950e+05  4.32430e+45  2.18950e+05  3.04729e+45 -1.06616e-34
 9.73377e+02  2.26486e+05  5.64782e+45  2.26486e+05  5.62441e+45  2.18950e+05  4.43367e+45  2.18950e+05  3.23653e+45 -1.06616e-34
 1.00519e+03  2.26486e+05  6.01094e+45  2.26486e+05  5.98910e+45  2.18950e+05  4.56141e+45  2.18950e+05  3.43917e+45 -1.06616e-34
 1.03804e+03  2.26486e+05  6.39899e+45  2.26486e+05  6.37861e+45  2.18950e+05  4.70806e+45  2.18950e+05  3.65605e+45 -1.06616e-34
 1.07197e+03  2.26486e+05  6.81357e+45  2.26486e+05  6.79456e+45  2.18950e+05  4.87421e+45  2.18950e+05  3.88806e+45 -1.06616e-34
 1.10700e+03  2.26486e+05  7.25640e+45  2.18950e+05  7.07332e+45  2.18950e+05  5.06056e+45  2.18950e+05  4.13616e+45 -1.06616e-34
 1.14318e+03  2.26486e+05  7.72931e+45  2.18950e+05  7.15497e+45  2.18950e+05  5.26789e+45  2.18950e+05  4.40139e+45 -1.06616e-34
 1.18054e+03  2.18950e+05  8.15024e+45  2.18950e+05  7.26628e+45  2.18950e+05  5.49703e+45  2.18950e+05  4.68484e+45 -1.06616e-34
 1.21913e+03  2.18950e+05  8.23649e+45  2.18950e+05  7.40770e+45  2.18950e+05  5.74896e+45  2.18950e+05  4.98768e+45 -1.06616e-34
 1.25897e+03  2.18950e+05  8.35688e+45  2.18950e+05  7.57982e+45  2.18950e+05  6.02470e+45  2.18950e+05  5.31117e+45 -1.06616e-34
 1.30012e+03  2.18950e+05  8.51191e+45  2.18950e+05  7.78336e+45  2.18950e+05  6.32540e+45  2.18950e+05  5.65663e+45 -1.06616e-34
 1.34261e+03  2.18950e+05  8.70221e+45  2.18950e+05  8.01916e+45  2.18950e+05  6.65230e+45  2.18950e+05  6.02552e+45 -1.06616e-34
 1.38649e+03  2.18950e+05  8.92858e+45  2.18950e+05  8.28818e+45  2.18950e+05  7.00676e+45  2.18950e+05  6.41934e+45 -1.06616e-34
 1.43180e+03  2.18950e+05  9.19195e+45  2.18950e+05  8.59155e+45  2.18950e+05  7.39024e+45  2.18950e+05  6.83974e+45 -1.06616e-34
 1.47860e+03  2.18950e+05  9.49342e+45  2.18950e+05  8.93052e+45  2.18950e+05  7.80433e+45  2.18950e+05  7.28844e+45 -1.06616e-34
 1.52692e+03  2.18950e+05  9.83422e+45  2.18950e+05  9.30649e+45  2.18950e+05  8.25074e+45  2.11664e+05  7.69959e+45 -1.06616e-34
 1.57683e+03  2.18950e+05  1.02158e+46  2.18950e+05  9.72103e+45  2.18950e+05  8.73133e+45  2.11664e+05  7.77177e+45 -1.06616e-34
 1.62836e+03  2.18950e+05  1.06397e+46  2.18950e+05  1.01758e+46  2.18950e+05  9.24808e+45  2.11664e+05  7.87611e+45 -1.06616e-34
 1.68158e+03  2.18950e+05  1.11076e+46  2.18950e+05  1.06728e+46  2.18950e+05  9.80312e+45  2.11664e+05  8.01305e+45 -1.06616e-34
 1.73654e+03  2.18950e+05  1.16216e+46  2.18950e+05  1.12140e+46  2.18950e+05  1.03988e+46  2.11664e+05  8.18316e+45 -1.06616e-34
 1.79329e+03  2.18950e+05  1.21837e+46  2.18950e+05  1.18016e+46  2.18950e+05  1.10375e+46  2.11664e+05  8.38714e+45 -1.06616e-34
 1.85190e+03  2.18950e+05  1.27964e+46  2.18950e+05  1.24381e+46  2.18950e+05  1.17219e+46  2.11664e+05  8.62584e+45 -1.06616e-34
 1.91243e+03  2.18950e+05  1.34620e+46  2.18950e+05  1.31262e+46  2.18950e+05  1.24548e+46  2.11664e+05  8.90023e+45 -1.06616e-34
 1.97493e+03  2.18950e+05  1.41833e+46  2.18950e+05  1.38686e+46  2.18950e+05  1.32393e+46  2.11664e+05  9.21146e+45 -1.06616e-34
 2.03948e+03  2.18950e+05  1.49635e+46  2.18950e+05  1.46684e+46  2.18950e+05  1.40786e+46  2.11664e+05  9.56082e+45 -1.06616e-34
 2.10613e+03  2.18950e+05  1.58056e+46  2.18950e+05  1.55290e+46  2.18950e+05  1.49763e+46  2.11664e+05  9.94975e+45 -1.06616e-34
 2.17497e+03  2.18950e+05  1.67131e+46  2.18950e+05  1.64539e+46  2.18950e+05  1.59359e+46  2.11664e+05  1.03799e+46 -1.06616e-34
 2.24605e+03  2.18950e+05  1.76899e+46  2.18950e+05  1.74469e+46  2.18950e+05  1.69615e+46  2.11664e+05  1.08529e+46 -1.06616e-34
 2.31946e+03  2.18950e+05  1.87400e+46  2.18950e+05  1.85122e+46  2.18950e+05  1.80573e+46  2.11664e+05  1.13709e+46 -1.06616e-34
 2.39526e+03  2.18950e+05  1.98676e+46  2.18950e+05  1.96542e+46  2.18950e+05  1.92279e+46  2.11664e+05  1.19360e+46 -1.06616e-34
 2.47355e+03  2.18950e+05  2.10776e+46  2.18950e+05  2.08775e+46  2.18950e+05  2.04780e+46  2.11664e+05  1.25504e+46 -1.06616e-34
 2.55439e+03  2.18950e+05  2.23748e+46  2.18950e+05  2.21873e+46  2.18950e+05  2.18130e+46  2.11664e+05  1.32168e+46 -1.06616e-34
 2.63787e+03  2.18950e+05  2.37646e+46  2.18950e+05  2.35889e+46  2.18950e+05  2.32382e+46  2.11664e+05  1.39379e+46 -1.06616e-34
 2.72409e+03  2.18950e+05  2.52529e+46  2.18950e+05  2.50882e+46  2.18950e+05  2.47596e+46  2.11664e+05  1.47167e+46 -1.06616e-34
 2.81312e+03  2.18950e+05  2.68457e+46  2.18950e+05  2.66914e+46  2.11664e+05  2.51619e+46  2.11664e+05  1.55564e+46 -1.06616e-34
 2.90506e+03  2.18950e+05  2.85497e+46  2.18950e+05  2.84051e+46  2.11664e+05  2.54673e+46  2.11664e+05  1.64605e+46 -1.06616e-34
 3.00000e+03  2.18950e+05  3.03718e+46  2.18950e+05  3.02364e+46  2.11664e+05  2.58781e+46  2.11664e+05  1.74327e+46 -1.06616e-34
