radius_rg T_0deg chi2_0deg T_15deg chi2_15deg T_30deg chi2_30deg T_45deg chi2_45deg nuLnusavg_last
 2.00000e-01  6.04314e+05  4.83358e+42  5.84205e+05  3.94073e+42  5.45973e+05  1.74930e+42  4.16479e+05  5.92726e+40  1.37938e-30
 2.06537e-01  6.04314e+05  4.81993e+42  5.84205e+05  3.79765e+42  5.45973e+05  1.72283e+42  4.16479e+05  6.02263e+40  1.37938e-30
 2.13287e-01  5.84205e+05  4.60563e+42  5.84205e+05  3.75036e+42  5.27805e+05  1.74761e+42  4.16479e+05  6.59759e+40  1.37938e-30
 2.20257e-01  5.84205e+05  4.41418e+42  5.64766e+05  3.70200e+42  5.27805e+05  1.61911e+42  4.02620e+05  6.01011e+40  1.37938e-30
 2.27456e-01  5.84205e+05  4.33348e+42  5.64766e+05  3.49365e+42  5.27805e+05  1.54353e+42  4.02620e+05  5.14256e+40  1.37938e-30
 2.34890e-01  5.64766e+05  4.34761e+42  5.64766e+05  3.37983e+42  5.27805e+05  1.52059e+42  4.02620e+05  4.75094e+40  1.37938e-30
 2.42567e-01  5.64766e+05  4.08109e+42  5.64766e+05  3.36009e+42  5.27805e+05  1.55017e+42  4.02620e+05  4.83365e+40  1.37938e-30
 2.50494e-01  5.64766e+05  3.92393e+42  5.45973e+05  3.28184e+42  5.10242e+05  1.43372e+42  4.02620e+05  5.39102e+40  1.37938e-30
 2.58681e-01  5.64766e+05  3.87549e+42  5.45973e+05  3.09313e+42  5.10242e+05  1.35614e+42  3.89223e+05  5.15027e+40  1.37938e-30
 2.67136e-01  5.45973e+05  3.85680e+42  5.45973e+05  2.99730e+42  5.10242e+05  1.33041e+42  3.89223e+05  4.20231e+40  1.37938e-30
 2.75866e-01  5.45973e+05  3.61343e+42  5.45973e+05  2.99396e+42  5.10242e+05  1.35642e+42  3.89223e+05  3.72639e+40  1.37938e-30
 2.84882e-01  5.45973e+05  3.47748e+42  5.27805e+05  2.91316e+42  4.93264e+05  1.27404e+42  3.89223e+05  3.72056e+40  1.37938e-30
 2.94193e-01  5.45973e+05  3.44840e+42  5.27805e+05  2.73283e+42  4.93264e+05  1.18810e+42  3.89223e+05  4.18478e+40  1.37938e-30
 3.03808e-01  5.27805e+05  3.42854e+42  5.27805e+05  2.64389e+42  4.93264e+05  1.15330e+42  3.76271e+05  4.64684e+40  1.37938e-30
 3.13737e-01  5.27805e+05  3.19526e+42  5.27805e+05  2.64597e+42  4.93264e+05  1.16952e+42  3.76271e+05  3.53940e+40  1.37938e-30
 3.23991e-01  5.27805e+05  3.06767e+42  5.10242e+05  2.59340e+42  4.76850e+05  1.14355e+42  3.76271e+05  2.90127e+40  1.37938e-30
 3.34580e-01  5.27805e+05  3.04526e+42  5.10242e+05  2.41031e+42  4.76850e+05  1.04285e+42  3.76271e+05  2.72980e+40  1.37938e-30
 3.45515e-01  5.10242e+05  3.05984e+42  5.10242e+05  2.31727e+42  4.76850e+05  9.92697e+41  3.76271e+05  3.02429e+40  1.37938e-30
 3.56807e-01  5.10242e+05  2.82373e+42  5.10242e+05  2.31391e+42  4.76850e+05  9.92894e+41  3.76271e+05  3.78595e+40  1.37938e-30
 3.68468e-01  5.10242e+05  2.69178e+42  4.93264e+05  2.32418e+42  4.76850e+05  1.04344e+42  3.63750e+05  3.24720e+40  1.37938e-30
 3.80511e-01  5.10242e+05  2.66345e+42  4.93264e+05  2.12721e+42  4.60983e+05  9.26539e+41  3.63750e+05  2.36659e+40  1.37938e-30
 3.92947e-01  5.10242e+05  2.73861e+42  4.93264e+05  2.01914e+42  4.60983e+05  8.54679e+41  3.63750e+05  1.95045e+40  1.37938e-30
 4.05790e-01  4.93264e+05  2.50075e+42  4.93264e+05  1.99950e+42  4.60983e+05  8.32592e+41  3.63750e+05  1.99703e+40  1.37938e-30
 4.19052e-01  4.93264e+05  2.35176e+42  4.93264e+05  2.06823e+42  4.60983e+05  8.60189e+41  3.63750e+05  2.50653e+40  1.37938e-30
 4.32748e-01  4.93264e+05  2.30498e+42  4.76850e+05  1.88956e+42  4.45643e+05  8.48279e+41  3.51646e+05  3.46952e+40  1.37938e-30
 4.46891e-01  4.93264e+05  2.36021e+42  4.76850e+05  1.75547e+42  4.45643e+05  7.48208e+41  3.51646e+05  2.26249e+40  1.37938e-30
 4.61496e-01  4.76850e+05  2.23326e+42  4.76850e+05  1.70872e+42  4.45643e+05  6.97471e+41  3.51646e+05  1.51948e+40  1.37938e-30
 4.76579e-01  4.76850e+05  2.05451e+42  4.76850e+05  1.74914e+42  4.45643e+05  6.95858e+41  3.51646e+05  1.23742e+40  1.37938e-30
 4.92155e-01  4.76850e+05  1.97673e+42  4.60983e+05  1.70807e+42  4.45643e+05  7.43361e+41  3.51646e+05  1.41513e+40  1.37938e-30
 5.08240e-01  4.76850e+05  1.99961e+42  4.60983e+05  1.53684e+42  4.30814e+05  6.85471e+41  3.51646e+05  2.05336e+40  1.37938e-30
 5.24851e-01  4.60983e+05  2.03370e+42  4.60983e+05  1.45206e+42  4.30814e+05  5.99520e+41  3.39945e+05  2.78625e+40  1.37938e-30
 5.42004e-01  4.60983e+05  1.81229e+42  4.60983e+05  1.45337e+42  4.30814e+05  5.62287e+41  3.39945e+05  1.62923e+40  1.37938e-30
 5.59718e-01  4.60983e+05  1.69085e+42  4.60983e+05  1.54078e+42  4.30814e+05  5.73617e+41  3.39945e+05  9.33615e+39  1.37938e-30
 5.78011e-01  4.60983e+05  1.66888e+42  4.45643e+05  1.37891e+42  4.30814e+05  6.33558e+41  3.39945e+05  6.96521e+39  1.37938e-30
 5.96902e-01  4.60983e+05  1.74629e+42  4.45643e+05  1.24494e+42  4.16479e+05  5.54285e+41  3.39945e+05  9.16968e+39  1.37938e-30
 6.16411e-01  4.45643e+05  1.64323e+42  4.45643e+05  1.19620e+42  4.16479e+05  4.74753e+41  3.39945e+05  1.59587e+40  1.37938e-30
 6.36557e-01  4.45643e+05  1.46519e+42  4.45643e+05  1.23250e+42  4.16479e+05  4.43423e+41  3.28633e+05  2.53818e+40  1.37938e-30
 6.57361e-01  4.45643e+05  1.38569e+42  4.30814e+05  1.30299e+42  4.16479e+05  4.60165e+41  3.28633e+05  1.33737e+40  1.37938e-30
 6.78845e-01  4.45643e+05  1.40440e+42  4.30814e+05  1.10830e+42  4.16479e+05  5.25048e+41  3.28633e+05  5.96761e+39  1.37938e-30
 7.01032e-01  4.45643e+05  1.52139e+42  4.30814e+05  9.98283e+41  4.02620e+05  4.52528e+41  3.28633e+05  3.13278e+39  1.37938e-30
 7.23943e-01  4.30814e+05  1.32403e+42  4.30814e+05  9.72479e+41  4.02620e+05  3.71680e+41  3.28633e+05  4.85750e+39  1.37938e-30
 7.47603e-01  4.30814e+05  1.17395e+42  4.30814e+05  1.03078e+42  4.02620e+05  3.38608e+41  3.28633e+05  1.11489e+40  1.37938e-30
 7.72037e-01  4.30814e+05  1.12120e+42  4.16479e+05  1.06938e+42  4.02620e+05  3.53173e+41  3.28633e+05  2.20330e+40  1.37938e-30
 7.97269e-01  4.30814e+05  1.16556e+42  4.16479e+05  8.86308e+41  4.02620e+05  4.15436e+41  3.17698e+05  1.44688e+40  1.37938e-30
 8.23326e-01  4.16479e+05  1.29898e+42  4.16479e+05  7.86992e+41  3.89223e+05  3.81851e+41  3.17698e+05  5.64711e+39  1.37938e-30
 8.50234e-01  4.16479e+05  1.06462e+42  4.16479e+05  7.71016e+41  3.89223e+05  2.91834e+41  3.17698e+05  1.39538e+39  1.37938e-30
 8.78022e-01  4.16479e+05  9.27145e+41  4.16479e+05  8.38316e+41  3.89223e+05  2.49262e+41  3.17698e+05  1.69600e+39  1.37938e-30
 9.06718e-01  4.16479e+05  8.85976e+41  4.02620e+05  8.94058e+41  3.89223e+05  2.53958e+41  3.17698e+05  6.55023e+39  1.37938e-30
 9.36352e-01  4.16479e+05  9.40946e+41  4.02620e+05  7.09104e+41  3.89223e+05  3.05942e+41  3.17698e+05  1.59781e+40  1.37938e-30
 9.66955e-01  4.16479e+05  1.09228e+42  4.02620e+05  6.07169e+41  3.76271e+05  3.48139e+41  3.17698e+05  3.00188e+40  1.37938e-30
 9.98557e-01  4.02620e+05  8.60598e+41  4.02620e+05  5.87832e+41  3.76271e+05  2.40890e+41  3.17698e+05  4.87302e+40  1.37938e-30
 1.03119e+00  4.02620e+05  7.20296e+41  4.02620e+05  6.51011e+41  3.76271e+05  1.80875e+41  3.17698e+05  7.21899e+40  1.37938e-30
 1.06489e+00  4.02620e+05  6.75449e+41  3.89223e+05  7.80007e+41  3.76271e+05  1.67846e+41  3.17698e+05  1.00495e+41  1.37938e-30
 1.09970e+00  4.02620e+05  7.25870e+41  3.89223e+05  5.79454e+41  3.76271e+05  2.01748e+41  3.17698e+05  1.33762e+41  1.37938e-30
 1.13564e+00  4.02620e+05  8.71768e+41  3.89223e+05  4.61383e+41  3.76271e+05  2.82721e+41  3.17698e+05  1.72130e+41  1.37938e-30
 1.17276e+00  3.89223e+05  7.15202e+41  3.89223e+05  4.25306e+41  3.63750e+05  2.29183e+41  3.17698e+05  2.15757e+41  1.37938e-30
 1.21108e+00  3.89223e+05  5.56421e+41  3.89223e+05  4.71073e+41  3.63750e+05  1.43491e+41  3.17698e+05  2.64823e+41  1.37938e-30
 1.25067e+00  3.89223e+05  4.92416e+41  3.89223e+05  5.98875e+41  3.63750e+05  1.04630e+41  3.17698e+05  3.19531e+41  1.37938e-30
 1.29154e+00  3.89223e+05  5.22922e+41  3.76271e+05  5.07378e+41  3.63750e+05  1.12438e+41  3.17698e+05  3.80109e+41  1.37938e-30
 1.33375e+00  3.89223e+05  6.48066e+41  3.76271e+05  3.59309e+41  3.63750e+05  1.66949e+41  3.17698e+05  4.46806e+41  1.37938e-30
 1.37734e+00  3.76271e+05  6.40108e+41  3.76271e+05  2.92810e+41  3.63750e+05  2.68387e+41  3.17698e+05  5.19899e+41  1.37938e-30
 1.42236e+00  3.76271e+05  4.46781e+41  3.76271e+05  3.07608e+41  3.51646e+05  1.52382e+41  3.17698e+05  5.99690e+41  1.37938e-30
 1.46884e+00  3.76271e+05  3.47777e+41  3.76271e+05  4.03764e+41  3.51646e+05  7.91986e+40  3.17698e+05  6.86509e+41  1.37938e-30
 1.51685e+00  3.76271e+05  3.42686e+41  3.63750e+05  5.11081e+41  3.51646e+05  5.25796e+40  3.17698e+05  7.80716e+41  1.37938e-30
 1.56642e+00  3.76271e+05  4.31487e+41  3.63750e+05  3.18606e+41  3.51646e+05  7.24151e+40  3.17698e+05  8.82701e+41  1.37938e-30
 1.61762e+00  3.76271e+05  6.14546e+41  3.63750e+05  2.07533e+41  3.51646e+05  1.38787e+41  3.17698e+05  9.92885e+41  1.37938e-30
 1.67049e+00  3.63750e+05  4.11911e+41  3.63750e+05  1.77404e+41  3.39945e+05  2.29007e+41  3.17698e+05  1.11173e+42  1.37938e-30
 1.72508e+00  3.63750e+05  2.61502e+41  3.63750e+05  2.28093e+41  3.39945e+05  1.12416e+41  3.17698e+05  1.23971e+42  1.37938e-30
 1.78146e+00  3.63750e+05  2.04649e+41  3.63750e+05  3.59811e+41  3.39945e+05  4.25275e+40  3.17698e+05  1.37738e+42  1.37938e-30
 1.83968e+00  3.63750e+05  2.41116e+41  3.51646e+05  3.66132e+41  3.39945e+05  1.90514e+40  3.17698e+05  1.52529e+42  1.37938e-30
 1.89981e+00  3.63750e+05  3.71055e+41  3.51646e+05  1.95608e+41  3.39945e+05  4.18908e+40  3.17698e+05  1.68406e+42  1.37938e-30
 1.96190e+00  3.51646e+05  4.83037e+41  3.51646e+05  1.05978e+41  3.39945e+05  1.11140e+41  3.17698e+05  1.85434e+42  1.37938e-30
 2.02602e+00  3.51646e+05  2.63951e+41  3.51646e+05  9.68702e+40  3.39945e+05  2.27087e+41  3.17698e+05  2.03685e+42  1.37938e-30
 2.09224e+00  3.51646e+05  1.38432e+41  3.51646e+05  1.68248e+41  3.28633e+05  1.09617e+41  3.17698e+05  2.23233e+42  1.37938e-30
 2.16062e+00  3.51646e+05  1.05958e+41  3.51646e+05  3.20407e+41  3.28633e+05  3.35027e+40  3.17698e+05  2.44160e+42  1.37938e-30
 2.23123e+00  3.51646e+05  1.66396e+41  3.39945e+05  2.93711e+41  3.28633e+05  3.76377e+39  3.17698e+05  2.66552e+42  1.37938e-30
 2.30415e+00  3.51646e+05  3.19997e+41  3.39945e+05  1.29044e+41  3.28633e+05  2.02772e+40  3.17698e+05  2.90502e+42  1.37938e-30
 2.37946e+00  3.39945e+05  3.97764e+41  3.39945e+05  4.49966e+40  3.28633e+05  8.31112e+40  3.17698e+05  3.16108e+42  1.37938e-30
 2.45723e+00  3.39945e+05  1.85522e+41  3.39945e+05  4.12194e+40  3.28633e+05  1.92526e+41  3.17698e+05  3.43478e+42  1.37938e-30
 2.53753e+00  3.39945e+05  6.65210e+40  3.39945e+05  1.17697e+41  3.17698e+05  1.67076e+41  3.17698e+05  3.72723e+42  1.37938e-30
 2.62047e+00  3.39945e+05  4.02688e+40  3.39945e+05  2.74746e+41  3.17698e+05  7.37335e+40  3.17698e+05  4.03966e+42  1.37938e-30
 2.70611e+00  3.39945e+05  1.06657e+41  3.28633e+05  2.94677e+41  3.17698e+05  2.69327e+40  3.07126e+05  4.26817e+42  1.37938e-30
 2.79455e+00  3.39945e+05  2.65959e+41  3.28633e+05  1.19245e+41  3.17698e+05  2.64802e+40  3.07126e+05  4.39183e+42  1.37938e-30
 2.88589e+00  3.28633e+05  4.01818e+41  3.28633e+05  2.43898e+40  3.17698e+05  7.23740e+40  3.07126e+05  4.53823e+42  1.37938e-30
 2.98021e+00  3.28633e+05  1.77147e+41  3.28633e+05  9.72019e+39  3.17698e+05  1.64804e+41  3.07126e+05  4.70794e+42  1.37938e-30
 3.07761e+00  3.28633e+05  4.56831e+40  3.28633e+05  7.51752e+40  3.17698e+05  3.04153e+41  3.07126e+05  4.90169e+42  1.37938e-30
 3.17819e+00  3.28633e+05  6.88132e+39  3.28633e+05  2.21026e+41  3.17698e+05  4.90997e+41  3.07126e+05  5.12027e+42  1.37938e-30
 3.28206e+00  3.28633e+05  6.05815e+40  3.17698e+05  4.10485e+41  3.17698e+05  7.26111e+41  3.07126e+05  5.36459e+42  1.37938e-30
 3.38933e+00  3.28633e+05  2.07006e+41  3.17698e+05  2.05005e+41  3.17698e+05  1.01047e+42  3.07126e+05  5.63566e+42  1.37938e-30
 3.50010e+00  3.28633e+05  4.46760e+41  3.17698e+05  8.04575e+40  3.17698e+05  1.34524e+42  3.07126e+05  5.93459e+42  1.37938e-30
 3.61449e+00  3.17698e+05  2.84333e+41  3.17698e+05  3.63275e+40  3.17698e+05  1.73182e+42  3.07126e+05  6.26263e+42  1.37938e-30
 3.73262e+00  3.17698e+05  1.18499e+41  3.17698e+05  7.24321e+40  3.17698e+05  2.17180e+42  3.07126e+05  6.62114e+42  1.37938e-30
 3.85462e+00  3.17698e+05  4.56286e+40  3.17698e+05  1.88921e+41  3.17698e+05  2.66700e+42  3.07126e+05  7.01159e+42  1.37938e-30
 3.98060e+00  3.17698e+05  6.54205e+40  3.17698e+05  3.86276e+41  3.17698e+05  3.21948e+42  3.07126e+05  7.43561e+42  1.37938e-30
 4.11069e+00  3.17698e+05  1.77957e+41  3.17698e+05  6.65314e+41  3.17698e+05  3.83152e+42  3.07126e+05  7.89494e+42  1.37938e-30
 4.24504e+00  3.17698e+05  3.83703e+41  3.17698e+05  1.02719e+42  3.17698e+05  4.50566e+42  3.07126e+05  8.39150e+42  1.37938e-30
 4.38378e+00  3.17698e+05  6.83510e+41  3.17698e+05  1.47340e+42  3.17698e+05  5.24467e+42  3.07126e+05  8.92733e+42  1.37938e-30
 4.52705e+00  3.17698e+05  1.07862e+42  3.17698e+05  2.00579e+42  3.17698e+05  6.05163e+42  3.07126e+05  9.50465e+42  1.37938e-30
 4.67501e+00  3.17698e+05  1.57067e+42  3.17698e+05  2.62657e+42  3.17698e+05  6.92987e+42  3.07126e+05  1.01259e+43  1.37938e-30
 4.82780e+00  3.17698e+05  2.16169e+42  3.17698e+05  3.33830e+42  3.17698e+05  7.88303e+42  3.07126e+05  1.07935e+43  1.37938e-30
 4.98558e+00  3.17698e+05  2.85413e+42  3.17698e+05  4.14394e+42  3.17698e+05  8.91504e+42  3.07126e+05  1.15104e+43  1.37938e-30
 5.14853e+00  3.17698e+05  3.65085e+42  3.17698e+05  5.04680e+42  3.17698e+05  1.00302e+43  3.07126e+05  1.22794e+43  1.37938e-30
 5.31679e+00  3.17698e+05  4.55516e+42  3.17698e+05  6.05064e+42  3.17698e+05  1.12331e+43  3.07126e+05  1.31038e+43  1.37938e-30
 5.49056e+00  3.17698e+05  5.57079e+42  3.17698e+05  7.15960e+42  3.17698e+05  1.25287e+43  3.07126e+05  1.39870e+43  1.37938e-30
 5.67001e+00  3.17698e+05  6.70195e+42  3.17698e+05  8.37827e+42  3.17698e+05  1.39224e+43  3.07126e+05  1.49327e+43  1.37938e-30
 5.85532e+00  3.17698e+05  7.95332e+42  3.17698e+05  9.71171e+42  3.17698e+05  1.54200e+43  3.07126e+05  1.59446e+43  1.37938e-30
 6.04668e+00  3.17698e+05  9.33008e+42  3.17698e+05  1.11654e+43  3.17698e+05  1.70276e+43  3.07126e+05  1.70271e+43  1.37938e-30
 6.24430e+00  3.17698e+05  1.08379e+43  3.17698e+05  1.27454e+43  3.17698e+05  1.87519e+43  3.07126e+05  1.81846e+43  1.37938e-30
 6.44838e+00  3.17698e+05  1.24831e+43  3.17698e+05  1.44582e+43  3.17698e+05  2.06000e+43  3.07126e+05  1.94220e+43  1.37938e-30
 6.65913e+00  3.17698e+05  1.42724e+43  3.17698e+05  1.63110e+43  3.17698e+05  2.25797e+43  3.07126e+05  2.07442e+43  1.37938e-30
 6.87677e+00  3.17698e+05  1.62132e+43  3.17698e+05  1.83113e+43  3.17698e+05  2.46990e+43  3.07126e+05  2.21568e+43  1.37938e-30
 7.10152e+00  3.17698e+05  1.83137e+43  3.17698e+05  2.04675e+43  3.17698e+05  2.69668e+43  3.07126e+05  2.36657e+43  1.37938e-30
 7.33362e+00  3.17698e+05  2.05823e+43  3.17698e+05  2.27885e+43  3.17698e+05  2.93924e+43  3.07126e+05  2.52771e+43  1.37938e-30
 7.57330e+00  3.17698e+05  2.30287e+43  3.17698e+05  2.52839e+43  3.17698e+05  3.19859e+43  3.07126e+05  2.69976e+43  1.37938e-30
 7.82082e+00  3.17698e+05  2.56628e+43  3.17698e+05  2.79640e+43  3.17698e+05  3.47580e+43  3.07126e+05  2.88344e+43  1.37938e-30
 8.07642e+00  3.17698e+05  2.84955e+43  3.17698e+05  3.08399e+43  3.17698e+05  3.77202e+43  3.07126e+05  3.07951e+43  1.37938e-30
 8.34038e+00  3.17698e+05  3.15387e+43  3.17698e+05  3.39236e+43  3.17698e+05  4.08847e+43  3.07126e+05  3.28877e+43  1.37938e-30
 8.61296e+00  3.17698e+05  3.48049e+43  3.17698e+05  3.72277e+43  3.17698e+05  4.42647e+43  3.07126e+05  3.51210e+43  1.37938e-30
 8.89446e+00  3.17698e+05  3.83076e+43  3.17698e+05  4.07659e+43  3.17698e+05  4.78741e+43  3.07126e+05  3.75042e+43  1.37938e-30
 9.18515e+00  3.17698e+05  4.20613e+43  3.17698e+05  4.45530e+43  3.17698e+05  5.17278e+43  3.07126e+05  4.00472e+43  1.37938e-30
 9.48535e+00  3.17698e+05  4.60816e+43  3.17698e+05  4.86045e+43  3.17698e+05  5.58419e+43  3.07126e+05  4.27604e+43  1.37938e-30
 9.79535e+00  3.17698e+05  5.03850e+43  3.17698e+05  5.29372e+43  3.17698e+05  6.02333e+43  3.07126e+05  4.56552e+43  1.37938e-30
 1.01155e+01  3.17698e+05  5.49894e+43  3.17698e+05  5.75692e+43  3.17698e+05  6.49202e+43  3.07126e+05  4.87434e+43  1.37938e-30
 1.04461e+01  3.17698e+05  5.99138e+43  3.17698e+05  6.25194e+43  3.17698e+05  6.99220e+43  3.07126e+05  5.20379e+43  1.37938e-30
 1.07875e+01  3.17698e+05  6.51787e+43  3.17698e+05  6.78085e+43  3.17698e+05  7.52594e+43  3.07126e+05  5.55524e+43  1.37938e-30
 1.11401e+01  3.17698e+05  7.08058e+43  3.17698e+05  7.34582e+43  3.17698e+05  8.09545e+43  3.07126e+05  5.93012e+43  1.37938e-30
 1.15041e+01  3.17698e+05  7.68184e+43  3.17698e+05  7.94921e+43  3.17698e+05  8.70309e+43  3.07126e+05  6.33000e+43  1.37938e-30
 1.18801e+01  3.17698e+05  8.32414e+43  3.17698e+05  8.59350e+43  3.17698e+05  9.35136e+43  3.07126e+05  6.75654e+43  1.37938e-30
 1.22684e+01  3.17698e+05  9.01013e+43  3.17698e+05  9.28136e+43  3.17698e+05  1.00430e+44  3.07126e+05  7.21149e+43  1.37938e-30
 1.26694e+01  3.17698e+05  9.74266e+43  3.17698e+05  1.00156e+44  3.17698e+05  1.07808e+44  3.07126e+05  7.69674e+43  1.37938e-30
 1.30834e+01  3.17698e+05  1.05248e+44  3.17698e+05  1.07994e+44  3.17698e+05  1.15678e+44  3.07126e+05  8.21429e+43  1.37938e-30
 1.35110e+01  3.17698e+05  1.13597e+44  3.17698e+05  1.16358e+44  3.17698e+05  1.24073e+44  3.07126e+05  8.76630e+43  1.37938e-30
 1.39526e+01  3.17698e+05  1.22508e+44  3.17698e+05  1.25284e+44  3.17698e+05  1.33028e+44  3.07126e+05  9.35504e+43  1.37938e-30
 1.44086e+01  3.17698e+05  1.32019e+44  3.17698e+05  1.34809e+44  3.17698e+05  1.42580e+44  3.07126e+05  9.98294e+43  1.37938e-30
 1.48795e+01  3.17698e+05  1.42169e+44  3.17698e+05  1.44972e+44  3.17698e+05  1.52768e+44  3.07126e+05  1.06526e+44  1.37938e-30
 1.53658e+01  3.17698e+05  1.53000e+44  3.17698e+05  1.55814e+44  3.17698e+05  1.63634e+44  3.07126e+05  1.13668e+44  1.37938e-30
 1.58680e+01  3.17698e+05  1.64556e+44  3.17698e+05  1.67382e+44  3.17698e+05  1.75224e+44  3.07126e+05  1.21286e+44  1.37938e-30
 1.63866e+01  3.17698e+05  1.76886e+44  3.17698e+05  1.79722e+44  3.17698e+05  1.87585e+44  3.07126e+05  1.29409e+44  1.37938e-30
 1.69222e+01  3.17698e+05  1.90041e+44  3.17698e+05  1.92886e+44  3.07126e+05  2.00483e+44  3.07126e+05  1.38073e+44  1.37938e-30
 1.74753e+01  3.17698e+05  2.04074e+44  3.17698e+05  2.06929e+44  3.07126e+05  2.05207e+44  3.07126e+05  1.47313e+44  1.37938e-30
 1.80464e+01  3.17698e+05  2.19044e+44  3.17698e+05  2.21908e+44  3.07126e+05  2.10827e+44  3.07126e+05  1.57166e+44  1.37938e-30
 1.86362e+01  3.17698e+05  2.35014e+44  3.17698e+05  2.37885e+44  3.07126e+05  2.17366e+44  3.07126e+05  1.67675e+44  1.37938e-30
 1.92453e+01  3.17698e+05  2.52048e+44  3.17698e+05  2.54927e+44  3.07126e+05  2.24850e+44  3.07126e+05  1.78883e+44  1.37938e-30
 1.98743e+01  3.17698e+05  2.70218e+44  3.17698e+05  2.73104e+44  3.07126e+05  2.33311e+44  3.07126e+05  1.90835e+44  1.37938e-30
 2.05238e+01  3.17698e+05  2.89599e+44  3.17698e+05  2.92492e+44  3.07126e+05  2.42784e+44  3.07126e+05  2.03581e+44  1.37938e-30
 2.11946e+01  3.17698e+05  3.10270e+44  3.17698e+05  3.13170e+44  3.07126e+05  2.53308e+44  3.07126e+05  2.17175e+44  1.37938e-30
 2.18873e+01  3.17698e+05  3.32318e+44  3.17698e+05  3.35224e+44  3.07126e+05  2.64926e+44  3.07126e+05  2.31672e+44  1.37938e-30
 2.26026e+01  3.17698e+05  3.55834e+44  3.07126e+05  3.50820e+44  3.07126e+05  2.77687e+44  3.07126e+05  2.47132e+44  1.37938e-30
 2.33413e+01  3.17698e+05  3.80915e+44  3.07126e+05  3.59711e+44  3.07126e+05  2.91643e+44  3.07126e+05  2.63619e+44  1.37938e-30
 2.41042e+01  3.07126e+05  4.02926e+44  3.07126e+05  3.70171e+44  3.07126e+05  3.06853e+44  3.07126e+05  2.81202e+44  1.37938e-30
 2.48920e+01  3.07126e+05  4.12771e+44  3.07126e+05  3.82243e+44  3.07126e+05  3.23379e+44  3.07126e+05  2.99953e+44  1.37938e-30
 2.57055e+01  3.07126e+05  4.24416e+44  3.07126e+05  3.95977e+44  3.07126e+05  3.41289e+44  3.07126e+05  3.19950e+44  1.37938e-30
 2.65456e+01  3.07126e+05  4.37911e+44  3.07126e+05  4.11430e+44  3.07126e+05  3.60658e+44  3.07126e+05  3.41276e+44  1.37938e-30
 2.74132e+01  3.07126e+05  4.53310e+44  3.07126e+05  4.28665e+44  3.07126e+05  3.81566e+44  3.07126e+05  3.64019e+44  1.37938e-30
 2.83091e+01  3.07126e+05  4.70678e+44  3.07126e+05  4.47755e+44  3.07126e+05  4.04099e+44  3.07126e+05  3.88273e+44  1.37938e-30
 2.92343e+01  3.07126e+05  4.90086e+44  3.07126e+05  4.68777e+44  3.07126e+05  4.28351e+44  3.07126e+05  4.14138e+44  1.37938e-30
 3.01898e+01  3.07126e+05  5.11615e+44  3.07126e+05  4.91820e+44  3.07126e+05  4.54421e+44  3.07126e+05  4.41721e+44  1.37938e-30
 3.11765e+01  3.07126e+05  5.35354e+44  3.07126e+05  5.16978e+44  3.07126e+05  4.82419e+44  3.07126e+05  4.71137e+44  1.37938e-30
 3.21954e+01  3.07126e+05  5.61400e+44  3.07126e+05  5.44356e+44  3.07126e+05  5.12459e+44  3.07126e+05  5.02508e+44  1.37938e-30
 3.32476e+01  3.07126e+05  5.89863e+44  3.07126e+05  5.74067e+44  3.07126e+05  5.44666e+44  3.07126e+05  5.35962e+44  1.37938e-30
 3.43343e+01  3.07126e+05  6.20859e+44  3.07126e+05  6.06233e+44  3.07126e+05  5.79173e+44  3.07126e+05  5.71640e+44  1.37938e-30
 3.54564e+01  3.07126e+05  6.54516e+44  3.07126e+05  6.40989e+44  3.07126e+05  6.16124e+44  3.07126e+05  6.09687e+44  1.37938e-30
 3.66152e+01  3.07126e+05  6.90975e+44  3.07126e+05  6.78477e+44  3.07126e+05  6.55671e+44  3.07126e+05  6.50262e+44  1.37938e-30
 3.78119e+01  3.07126e+05  7.30387e+44  3.07126e+05  7.18853e+44  3.07126e+05  6.97977e+44  3.07126e+05  6.93533e+44  1.37938e-30
 3.90477e+01  3.07126e+05  7.72913e+44  3.07126e+05  7.62284e+44  3.07126e+05  7.43218e+44  3.07126e+05  7.39679e+44  1.37938e-30
 4.03238e+01  3.07126e+05  8.18730e+44  3.07126e+05  8.08950e+44  3.07126e+05  7.91581e+44  3.07126e+05  7.88890e+44  1.37938e-30
 4.16417e+01  3.07126e+05  8.68028e+44  3.07126e+05  8.59044e+44  3.07126e+05  8.43267e+44  3.07126e+05  8.41371e+44  1.37938e-30
 4.30027e+01  3.07126e+05  9.21011e+44  3.07126e+05  9.12773e+44  3.07126e+05  8.98488e+44  3.07126e+05  8.97338e+44  1.37938e-30
 4.44081e+01  3.07126e+05  9.77898e+44  3.07126e+05  9.70360e+44  3.07126e+05  9.57474e+44  3.07126e+05  9.57023e+44  1.37938e-30
 4.58595e+01  3.07126e+05  1.03892e+45  3.07126e+05  1.03204e+45  3.07126e+05  1.02047e+45  3.07126e+05  1.02067e+45  1.37938e-30
 4.73583e+01  3.07126e+05  1.10434e+45  3.07126e+05  1.09808e+45  3.07126e+05  1.08773e+45  3.07126e+05  1.08855e+45  1.37938e-30
 4.89061e+01  3.07126e+05  1.17442e+45  3.07126e+05  1.16873e+45  3.07126e+05  1.15954e+45  3.07126e+05  1.16094e+45  1.37938e-30
 5.05045e+01  3.07126e+05  1.24946e+45  3.07126e+05  1.24431e+45  3.07126e+05  1.23620e+45  3.07126e+05  1.23814e+45  1.37938e-30
 5.21551e+01  3.07126e+05  1.32976e+45  3.07126e+05  1.32511e+45  3.07126e+05  1.31802e+45  3.07126e+05  1.32046e+45  1.37938e-30
 5.38597e+01  3.07126e+05  1.41565e+45  3.07126e+05  1.41148e+45  3.07126e+05  1.40534e+45  3.07126e+05  1.40826e+45  1.37938e-30
 5.56199e+01  3.07126e+05  1.50749e+45  3.07126e+05  1.50377e+45  3.07126e+05  1.49852e+45  3.07126e+05  1.50189e+45  1.37938e-30
 5.74378e+01  3.07126e+05  1.60567e+45  3.07126e+05  1.60237e+45  3.07126e+05  1.59795e+45  3.07126e+05  1.60173e+45  1.37938e-30
 5.93150e+01  3.07126e+05  1.71058e+45  3.07126e+05  1.70767e+45  3.07126e+05  1.70404e+45  3.07126e+05  1.70822e+45  1.37938e-30
 6.12535e+01  3.07126e+05  1.82266e+45  3.07126e+05  1.82012e+45  3.07126e+05  1.81723e+45  3.07126e+05  1.82177e+45  1.37938e-30
 6.32555e+01  3.07126e+05  1.94238e+45  3.07126e+05  1.94019e+45  3.07126e+05  1.93798e+45  3.07126e+05  1.94287e+45  1.37938e-30
 6.53228e+01  3.07126e+05  2.07023e+45  3.07126e+05  2.06836e+45  3.07126e+05  2.06680e+45  3.07126e+05  2.07201e+45  1.37938e-30
 6.74577e+01  3.07126e+05  2.20674e+45  3.07126e+05  2.20517e+45  3.07126e+05  2.20422e+45  3.07126e+05  2.20974e+45  1.37938e-30
 6.96624e+01  3.07126e+05  2.35248e+45  3.07126e+05  2.35119e+45  3.07126e+05  2.35081e+45  2.96907e+05  2.34048e+45  1.37938e-30
 7.19392e+01  3.07126e+05  2.50804e+45  3.07126e+05  2.50702e+45  3.07126e+05  2.50718e+45  2.96907e+05  2.39145e+45  1.37938e-30
 7.42903e+01  3.07126e+05  2.67408e+45  3.07126e+05  2.67331e+45  3.07126e+05  2.67396e+45  2.96907e+05  2.45232e+45  1.37938e-30
 7.67183e+01  3.07126e+05  2.85127e+45  3.07126e+05  2.85074e+45  3.07126e+05  2.85186e+45  2.96907e+05  2.52335e+45  1.37938e-30
 7.92257e+01  3.07126e+05  3.04036e+45  3.07126e+05  3.04005e+45  3.07126e+05  3.04161e+45  2.96907e+05  2.60483e+45  1.37938e-30
 8.18150e+01  3.07126e+05  3.24212e+45  3.07126e+05  3.24201e+45  3.07126e+05  3.24399e+45  2.96907e+05  2.69709e+45  1.37938e-30
 8.44889e+01  3.07126e+05  3.45740e+45  3.07126e+05  3.45748e+45  3.07126e+05  3.45984e+45  2.96907e+05  2.80051e+45  1.37938e-30
 8.72502e+01  3.07126e+05  3.68707e+45  3.07126e+05  3.68733e+45  3.07126e+05  3.69006e+45  2.96907e+05  2.91553e+45  1.37938e-30
 9.01018e+01  3.07126e+05  3.93209e+45  3.07126e+05  3.93253e+45  3.07126e+05  3.93559e+45  2.96907e+05  3.04262e+45  1.37938e-30
 9.30466e+01  3.07126e+05  4.19348e+45  3.07126e+05  4.19408e+45  3.07126e+05  4.19746e+45  2.96907e+05  3.18231e+45  1.37938e-30
 9.60876e+01  3.07126e+05  4.47232e+45  3.07126e+05  4.47306e+45  3.07126e+05  4.47674e+45  2.96907e+05  3.33517e+45  1.37938e-30
 9.92280e+01  3.07126e+05  4.76976e+45  3.07126e+05  4.77064e+45  3.07126e+05  4.77460e+45  2.96907e+05  3.50184e+45  1.37938e-30
 1.02471e+02  3.07126e+05  5.08702e+45  3.07126e+05  5.08804e+45  3.07126e+05  5.09226e+45  2.96907e+05  3.68300e+45  1.37938e-30
 1.05820e+02  3.07126e+05  5.42544e+45  3.07126e+05  5.42658e+45  3.07126e+05  5.43105e+45  2.96907e+05  3.87942e+45  1.37938e-30
 1.09278e+02  3.07126e+05  5.78640e+45  3.07126e+05  5.78765e+45  3.07126e+05  5.79235e+45  2.96907e+05  4.09189e+45  1.37938e-30
 1.12850e+02  3.07126e+05  6.17140e+45  3.07126e+05  6.17276e+45  3.07126e+05  6.17768e+45  2.96907e+05  4.32130e+45  1.37938e-30
 1.16538e+02  3.07126e+05  6.58203e+45  3.07126e+05  6.58349e+45  3.07126e+05  6.58861e+45  2.96907e+05  4.56859e+45  1.37938e-30
 1.20347e+02  3.07126e+05  7.01999e+45  3.07126e+05  7.02155e+45  3.07126e+05  7.02686e+45  2.96907e+05  4.83480e+45  1.37938e-30
 1.24280e+02  3.07126e+05  7.48710e+45  3.07126e+05  7.48875e+45  3.07126e+05  7.49424e+45  2.96907e+05  5.12103e+45  1.37938e-30
 1.28342e+02  3.07126e+05  7.98528e+45  3.07126e+05  7.98702e+45  3.07126e+05  7.99267e+45  2.96907e+05  5.42845e+45  1.37938e-30
 1.32537e+02  3.07126e+05  8.51661e+45  3.07126e+05  8.51842e+45  3.07126e+05  8.52423e+45  2.96907e+05  5.75834e+45  1.37938e-30
 1.36868e+02  3.07126e+05  9.08327e+45  3.07126e+05  9.08516e+45  3.07126e+05  9.09112e+45  2.96907e+05  6.11206e+45  1.37938e-30
 1.41341e+02  3.07126e+05  9.68762e+45  3.07126e+05  9.68957e+45  3.07126e+05  9.69567e+45  2.96907e+05  6.49109e+45  1.37938e-30
 1.45961e+02  3.07126e+05  1.03321e+46  3.07126e+05  1.03342e+46  3.07126e+05  1.03404e+46  2.96907e+05  6.89698e+45  1.37938e-30
 1.50731e+02  3.07126e+05  1.10195e+46  3.07126e+05  1.10216e+46  3.07126e+05  1.10280e+46  2.96907e+05  7.33142e+45  1.37938e-30
 1.55658e+02  3.07126e+05  1.17526e+46  3.07126e+05  1.17547e+46  3.07126e+05  1.17612e+46  2.96907e+05  7.79620e+45  1.37938e-30
 1.60745e+02  3.07126e+05  1.25344e+46  3.07126e+05  1.25366e+46  3.07126e+05  1.25432e+46  2.96907e+05  8.29326e+45  1.37938e-30
 1.65998e+02  3.07126e+05  1.33682e+46  3.07126e+05  1.33704e+46  3.07126e+05  1.33771e+46  2.96907e+05  8.82464e+45  1.37938e-30
 1.71424e+02  3.07126e+05  1.42574e+46  3.07126e+05  1.42597e+46  3.07126e+05  1.42664e+46  2.96907e+05  9.39254e+45  1.37938e-30
 1.77026e+02  3.07126e+05  1.52057e+46  3.07126e+05  1.52080e+46  3.07126e+05  1.52148e+46  2.96907e+05  9.99932e+45  1.37938e-30
 1.82812e+02  3.07126e+05  1.62170e+46  3.07126e+05  1.62193e+46  3.07126e+05  1.62263e+46  2.96907e+05  1.06475e+46  1.37938e-30
 1.88787e+02  3.07126e+05  1.72955e+46  3.07126e+05  1.72979e+46  3.07126e+05  1.73049e+46  2.96907e+05  1.13397e+46  1.37938e-30
 1.94957e+02  3.07126e+05  1.84457e+46  3.07126e+05  1.84481e+46  3.07126e+05  1.84552e+46  2.96907e+05  1.20789e+46  1.37938e-30
 2.01328e+02  3.07126e+05  1.96723e+46  3.07126e+05  1.96748e+46  3.07126e+05  1.96819e+46  2.96907e+05  1.28680e+46  1.37938e-30
 2.07908e+02  3.07126e+05  2.09804e+46  3.07126e+05  2.09829e+46  3.07126e+05  2.09901e+46  2.96907e+05  1.37105e+46  1.37938e-30
 2.14703e+02  3.07126e+05  2.23754e+46  3.07126e+05  2.23780e+46  3.07126e+05  2.23852e+46  2.96907e+05  1.46096e+46  1.37938e-30
 2.21720e+02  3.07126e+05  2.38632e+46  3.07126e+05  2.38657e+46  3.07126e+05  2.38731e+46  2.96907e+05  1.55693e+46  1.37938e-30
 2.28967e+02  3.07126e+05  2.54497e+46  3.07126e+05  2.54523e+46  3.07126e+05  2.54597e+46  2.96907e+05  1.65933e+46  1.37938e-30
 2.36450e+02  3.07126e+05  2.71417e+46  3.07126e+05  2.71443e+46  3.07126e+05  2.71518e+46  2.96907e+05  1.76861e+46  1.37938e-30
 2.44178e+02  3.07126e+05  2.89461e+46  3.07126e+05  2.89488e+46  3.07126e+05  2.89563e+46  2.96907e+05  1.88520e+46  1.37938e-30
 2.52158e+02  3.07126e+05  3.08704e+46  3.07126e+05  3.08731e+46  3.07126e+05  3.08806e+46  2.96907e+05  2.00960e+46  1.37938e-30
 2.60399e+02  3.07126e+05  3.29226e+46  3.07126e+05  3.29252e+46  3.07126e+05  3.29328e+46  2.96907e+05  2.14231e+46  1.37938e-30
 2.68910e+02  3.07126e+05  3.51110e+46  3.07126e+05  3.51138e+46  3.07126e+05  3.51214e+46  2.96907e+05  2.28389e+46  1.37938e-30
 2.77699e+02  3.07126e+05  3.74449e+46  3.07126e+05  3.74477e+46  3.07126e+05  3.74553e+46  2.96907e+05  2.43492e+46  1.37938e-30
 2.86774e+02  3.07126e+05  3.99339e+46  3.07126e+05  3.99366e+46  3.07126e+05  3.99443e+46  2.96907e+05  2.59603e+46  1.37938e-30
 2.96147e+02  3.07126e+05  4.25882e+46  3.07126e+05  4.25909e+46  3.07126e+05  4.25986e+46  2.96907e+05  2.76788e+46  1.37938e-30
 3.05826e+02  3.07126e+05  4.54188e+46  3.07126e+05  4.54216e+46  3.07126e+05  4.54293e+46  2.96907e+05  2.95119e+46  1.37938e-30
 3.15821e+02  3.07126e+05  4.84375e+46  3.07126e+05  4.84403e+46  3.07126e+05  4.84480e+46  2.96907e+05  3.14672e+46  1.37938e-30
 3.26143e+02  3.07126e+05  5.16567e+46  3.07126e+05  5.16595e+46  3.07126e+05  5.16673e+46  2.96907e+05  3.35526e+46  1.37938e-30
 3.36802e+02  3.07126e+05  5.50898e+46  3.07126e+05  5.50927e+46  3.07126e+05  5.51005e+46  2.96907e+05  3.57769e+46  1.37938e-30
 3.47810e+02  3.07126e+05  5.87510e+46  3.07126e+05  5.87539e+46  3.07126e+05  5.87617e+46  2.96907e+05  3.81493e+46  1.37938e-30
 3.59177e+02  3.07126e+05  6.26555e+46  3.07126e+05  6.26583e+46  3.07126e+05  6.26662e+46  2.96907e+05  4.06796e+46  1.37938e-30
 3.70916e+02  3.07126e+05  6.68193e+46  3.07126e+05  6.68221e+46  3.07126e+05  6.68300e+46  2.96907e+05  4.33782e+46  1.37938e-30
 3.83038e+02  3.07126e+05  7.12597e+46  3.07126e+05  7.12626e+46  3.07126e+05  7.12705e+46  2.96907e+05  4.62563e+46  1.37938e-30
 3.95557e+02  3.07126e+05  7.59951e+46  3.07126e+05  7.59980e+46  3.07126e+05  7.60059e+46  2.96907e+05  4.93259e+46  1.37938e-30
 4.08485e+02  3.07126e+05  8.10452e+46  3.07126e+05  8.10480e+46  3.07126e+05  8.10560e+46  2.96907e+05  5.25996e+46  1.37938e-30
 4.21835e+02  3.07126e+05  8.64307e+46  3.07126e+05  8.64336e+46  3.07126e+05  8.64415e+46  2.96907e+05  5.60910e+46  1.37938e-30
 4.35622e+02  3.07126e+05  9.21740e+46  3.07126e+05  9.21769e+46  3.07126e+05  9.21849e+46  2.96907e+05  5.98146e+46  1.37938e-30
 4.49859e+02  3.07126e+05  9.82989e+46  3.07126e+05  9.83018e+46  2.96907e+05  9.57069e+46  2.96907e+05  6.37856e+46  1.37938e-30
 4.64562e+02  3.07126e+05  1.04831e+47  3.07126e+05  1.04834e+47  2.96907e+05  9.79528e+46  2.96907e+05  6.80207e+46  1.37938e-30
 4.79745e+02  3.07126e+05  1.11796e+47  3.07126e+05  1.11799e+47  2.96907e+05  1.00604e+47  2.96907e+05  7.25373e+46  1.37938e-30
 4.95424e+02  3.07126e+05  1.19225e+47  3.07126e+05  1.19228e+47  2.96907e+05  1.03672e+47  2.96907e+05  7.73540e+46  1.37938e-30
 5.11616e+02  3.07126e+05  1.27147e+47  3.07126e+05  1.27150e+47  2.96907e+05  1.07169e+47  2.96907e+05  8.24909e+46  1.37938e-30
 5.28337e+02  3.07126e+05  1.35595e+47  3.07126e+05  1.35598e+47  2.96907e+05  1.11109e+47  2.96907e+05  8.79692e+46  1.37938e-30
 5.45604e+02  3.07126e+05  1.44604e+47  3.07126e+05  1.44607e+47  2.96907e+05  1.15509e+47  2.96907e+05  9.38115e+46  1.37938e-30
 5.63436e+02  3.07126e+05  1.54212e+47  3.07126e+05  1.54215e+47  2.96907e+05  1.20387e+47  2.96907e+05  1.00042e+47  1.37938e-30
 5.81850e+02  3.07126e+05  1.64459e+47  2.96907e+05  1.63955e+47  2.96907e+05  1.25764e+47  2.96907e+05  1.06687e+47  1.37938e-30
 6.00867e+02  3.07126e+05  1.75386e+47  2.96907e+05  1.67472e+47  2.96907e+05  1.31661e+47  2.96907e+05  1.13773e+47  1.37938e-30
 6.20505e+02  3.07126e+05  1.87039e+47  2.96907e+05  1.71683e+47  2.96907e+05  1.38103e+47  2.96907e+05  1.21330e+47  1.37938e-30
 6.40784e+02  2.96907e+05  1.92349e+47  2.96907e+05  1.76604e+47  2.96907e+05  1.45117e+47  2.96907e+05  1.29389e+47  1.37938e-30
 6.61727e+02  2.96907e+05  1.97020e+47  2.96907e+05  1.82256e+47  2.96907e+05  1.52731e+47  2.96907e+05  1.37984e+47  1.37938e-30
 6.83354e+02  2.96907e+05  2.02507e+47  2.96907e+05  1.88663e+47  2.96907e+05  1.60977e+47  2.96907e+05  1.47149e+47  1.37938e-30
 7.05688e+02  2.96907e+05  2.08831e+47  2.96907e+05  1.95850e+47  2.96907e+05  1.69890e+47  2.96907e+05  1.56924e+47  1.37938e-30
 7.28751e+02  2.96907e+05  2.16021e+47  2.96907e+05  2.03848e+47  2.96907e+05  1.79505e+47  2.96907e+05  1.67348e+47  1.37938e-30
 7.52569e+02  2.96907e+05  2.24104e+47  2.96907e+05  2.12690e+47  2.96907e+05  1.89864e+47  2.96907e+05  1.78464e+47  1.37938e-30
 7.77165e+02  2.96907e+05  2.33114e+47  2.96907e+05  2.22412e+47  2.96907e+05  2.01008e+47  2.96907e+05  1.90320e+47  1.37938e-30
 8.02565e+02  2.96907e+05  2.43090e+47  2.96907e+05  2.33054e+47  2.96907e+05  2.12985e+47  2.96907e+05  2.02962e+47  1.37938e-30
 8.28794e+02  2.96907e+05  2.54072e+47  2.96907e+05  2.44661e+47  2.96907e+05  2.25843e+47  2.96907e+05  2.16445e+47  1.37938e-30
 8.55882e+02  2.96907e+05  2.66105e+47  2.96907e+05  2.57281e+47  2.96907e+05  2.39635e+47  2.96907e+05  2.30824e+47  1.37938e-30
 8.83854e+02  2.96907e+05  2.79240e+47  2.96907e+05  2.70965e+47  2.96907e+05  2.54419e+47  2.96907e+05  2.46157e+47  1.37938e-30
 9.12741e+02  2.96907e+05  2.93530e+47  2.96907e+05  2.85771e+47  2.96907e+05  2.70256e+47  2.96907e+05  2.62510e+47  1.37938e-30
 9.42571e+02  2.96907e+05  3.09035e+47  2.96907e+05  3.01760e+47  2.96907e+05  2.87212e+47  2.96907e+05  2.79949e+47  1.37938e-30
 9.73377e+02  2.96907e+05  3.25819e+47  2.96907e+05  3.18998e+47  2.96907e+05  3.05356e+47  2.96907e+05  2.98546e+47  1.37938e-30
 1.00519e+03  2.96907e+05  3.43952e+47  2.96907e+05  3.37555e+47  2.96907e+05  3.24764e+47  2.96907e+05  3.18379e+47  1.37938e-30
 1.03804e+03  2.96907e+05  3.63508e+47  2.96907e+05  3.57510e+47  2.96907e+05  3.45517e+47  2.96907e+05  3.39530e+47  1.37938e-30
 1.07197e+03  2.96907e+05  3.84569e+47  2.96907e+05  3.78945e+47  2.96907e+05  3.67699e+47  2.96907e+05  3.62085e+47  1.37938e-30
 1.10700e+03  2.96907e+05  4.07221e+47  2.96907e+05  4.01947e+47  2.96907e+05  3.91403e+47  2.96907e+05  3.86140e+47  1.37938e-30
 1.14318e+03  2.96907e+05  4.31559e+47  2.96907e+05  4.26614e+47  2.96907e+05  4.16726e+47  2.96907e+05  4.11792e+47  1.37938e-30
 1.18054e+03  2.96907e+05  4.57682e+47  2.96907e+05  4.53046e+47  2.96907e+05  4.43775e+47  2.96907e+05  4.39148e+47  1.37938e-30
 1.21913e+03  2.96907e+05  4.85700e+47  2.96907e+05  4.81353e+47  2.96907e+05  4.72660e+47  2.96907e+05  4.68322e+47  1.37938e-30
 1.25897e+03  2.96907e+05  5.15728e+47  2.96907e+05  5.11652e+47  2.96907e+05  5.03501e+47  2.96907e+05  4.99434e+47  1.37938e-30
 1.30012e+03  2.96907e+05  5.47891e+47  2.96907e+05  5.44068e+47  2.96907e+05  5.36426e+47  2.96907e+05  5.32613e+47  1.37938e-30
 1.34261e+03  2.96907e+05  5.82321e+47  2.96907e+05  5.78736e+47  2.96907e+05  5.71570e+47  2.96907e+05  5.67996e+47  1.37938e-30
 1.38649e+03  2.96907e+05  6.19161e+47  2.96907e+05  6.15800e+47  2.96907e+05  6.09081e+47  2.96907e+05  6.05729e+47  1.37938e-30
 1.43180e+03  2.96907e+05  6.58563e+47  2.96907e+05  6.55412e+47  2.96907e+05  6.49112e+47  2.96907e+05  6.45970e+47  1.37938e-30
 1.47860e+03  2.96907e+05  7.00691e+47  2.96907e+05  6.97736e+47  2.96907e+05  6.91829e+47  2.96907e+05  6.88884e+47  1.37938e-30
 1.52692e+03  2.96907e+05  7.45719e+47  2.96907e+05  7.42948e+47  2.96907e+05  7.37410e+47  2.96907e+05  7.34648e+47  1.37938e-30
 1.57683e+03  2.96907e+05  7.93833e+47  2.96907e+05  7.91235e+47  2.96907e+05  7.86042e+47  2.96907e+05  7.83453e+47  1.37938e-30
 1.62836e+03  2.96907e+05  8.45232e+47  2.96907e+05  8.42797e+47  2.96907e+05  8.37927e+47  2.96907e+05  8.35500e+47  1.37938e-30
 1.68158e+03  2.96907e+05  9.00130e+47  2.96907e+05  8.97846e+47  2.96907e+05  8.93281e+47  2.96907e+05  8.91005e+47  1.37938e-30
 1.73654e+03  2.96907e+05  9.58752e+47  2.96907e+05  9.56611e+47  2.96907e+05  9.52331e+47  2.96907e+05  9.50198e+47  1.37938e-30
 1.79329e+03  2.96907e+05  1.02134e+48  2.96907e+05  1.01934e+48  2.96907e+05  1.01532e+48  2.96907e+05  1.01332e+48  1.37938e-30
 1.85190e+03  2.96907e+05  1.08816e+48  2.96907e+05  1.08628e+48  2.96907e+05  1.08252e+48  2.96907e+05  1.08064e+48  1.37938e-30
 1.91243e+03  2.96907e+05  1.15948e+48  2.96907e+05  1.15772e+48  2.96907e+05  1.15419e+48  2.96907e+05  1.15243e+48  1.37938e-30
 1.97493e+03  2.96907e+05  1.23560e+48  2.96907e+05  1.23395e+48  2.96907e+05  1.23064e+48  2.96907e+05  1.22899e+48  1.37938e-30
 2.03948e+03  2.96907e+05  1.31683e+48  2.96907e+05  1.31528e+48  2.96907e+05  1.31218e+48  2.87027e+05  1.30167e+48  1.37938e-30
 2.10613e+03  2.96907e+05  1.40352e+48  2.96907e+05  1.40206e+48  2.96907e+05  1.39915e+48  2.87027e+05  1.32856e+48  1.37938e-30
 2.17497e+03  2.96907e+05  1.49601e+48  2.96907e+05  1.49464e+48  2.96907e+05  1.49192e+48  2.87027e+05  1.36096e+48  1.37938e-30
 2.24605e+03  2.96907e+05  1.59469e+48  2.96907e+05  1.59341e+48  2.96907e+05  1.59086e+48  2.87027e+05  1.39899e+48  1.37938e-30
 2.31946e+03  2.96907e+05  1.69997e+48  2.96907e+05  1.69877e+48  2.96907e+05  1.69638e+48  2.87027e+05  1.44281e+48  1.37938e-30
 2.39526e+03  2.96907e+05  1.81229e+48  2.96907e+05  1.81116e+48  2.96907e+05  1.80892e+48  2.87027e+05  1.49260e+48  1.37938e-30
 2.47355e+03  2.96907e+05  1.93211e+48  2.96907e+05  1.93105e+48  2.96907e+05  1.92895e+48  2.87027e+05  1.54856e+48  1.37938e-30
 2.55439e+03  2.96907e+05  2.05992e+48  2.96907e+05  2.05893e+48  2.96907e+05  2.05696e+48  2.87027e+05  1.61094e+48  1.37938e-30
 2.63787e+03  2.96907e+05  2.19626e+48  2.96907e+05  2.19533e+48  2.96907e+05  2.19348e+48  2.87027e+05  1.67998e+48  1.37938e-30
 2.72409e+03  2.96907e+05  2.34169e+48  2.96907e+05  2.34082e+48  2.96907e+05  2.33908e+48  2.87027e+05  1.75597e+48  1.37938e-30
 2.81312e+03  2.96907e+05  2.49681e+48  2.96907e+05  2.49599e+48  2.96907e+05  2.49437e+48  2.87027e+05  1.83923e+48  1.37938e-30
 2.90506e+03  2.96907e+05  2.66226e+48  2.96907e+05  2.66149e+48  2.96907e+05  2.65997e+48  2.87027e+05  1.93011e+48  1.37938e-30
 3.00000e+03  2.96907e+05  2.83873e+48  2.96907e+05  2.83801e+48  2.96907e+05  2.83658e+48  2.87027e+05  2.02897e+48  1.37938e-30
