radius_rg T_0deg chi2_0deg T_15deg chi2_15deg T_30deg chi2_30deg T_45deg chi2_45deg nuLnusavg_last
 2.00000e-01  5.84205e+05  4.50386e+42  5.84205e+05  3.75245e+42  5.27805e+05  1.73450e+42  4.16479e+05  9.17061e+40  3.47467e-35
 2.06537e-01  5.84205e+05  4.36853e+42  5.64766e+05  3.62564e+42  5.27805e+05  1.63986e+42  4.16479e+05  8.83961e+40  3.47467e-35
 2.13287e-01  5.84205e+05  4.32852e+42  5.64766e+05  3.47244e+42  5.27805e+05  1.59062e+42  4.16479e+05  9.01475e+40  3.47467e-35
 2.20257e-01  5.64766e+05  4.24213e+42  5.64766e+05  3.40050e+42  5.27805e+05  1.58659e+42  4.16479e+05  9.69676e+40  3.47467e-35
 2.27456e-01  5.64766e+05  4.04295e+42  5.64766e+05  3.40952e+42  5.10242e+05  1.56435e+42  4.02620e+05  8.58709e+40  3.47467e-35
 2.34890e-01  5.64766e+05  3.93775e+42  5.45973e+05  3.25211e+42  5.10242e+05  1.46913e+42  4.02620e+05  7.75657e+40  3.47467e-35
 2.42567e-01  5.64766e+05  3.92608e+42  5.45973e+05  3.11643e+42  5.10242e+05  1.41861e+42  4.02620e+05  7.42771e+40  3.47467e-35
 2.50494e-01  5.45973e+05  3.80577e+42  5.45973e+05  3.06054e+42  5.10242e+05  1.41258e+42  4.02620e+05  7.59916e+40  3.47467e-35
 2.58681e-01  5.45973e+05  3.62725e+42  5.45973e+05  3.08421e+42  4.93264e+05  1.41907e+42  4.02620e+05  8.27161e+40  3.47467e-35
 2.67136e-01  5.45973e+05  3.54098e+42  5.27805e+05  2.91918e+42  4.93264e+05  1.31780e+42  3.89223e+05  7.45617e+40  3.47467e-35
 2.75866e-01  5.45973e+05  3.54660e+42  5.27805e+05  2.79142e+42  4.93264e+05  1.26060e+42  3.89223e+05  6.55322e+40  3.47467e-35
 2.84882e-01  5.27805e+05  3.41894e+42  5.27805e+05  2.74210e+42  4.93264e+05  1.24724e+42  3.89223e+05  6.14696e+40  3.47467e-35
 2.94193e-01  5.27805e+05  3.24993e+42  5.27805e+05  2.77102e+42  4.93264e+05  1.27765e+42  3.89223e+05  6.23569e+40  3.47467e-35
 3.03808e-01  5.27805e+05  3.17161e+42  5.10242e+05  2.62416e+42  4.76850e+05  1.18844e+42  3.89223e+05  6.81980e+40  3.47467e-35
 3.13737e-01  5.27805e+05  3.18365e+42  5.10242e+05  2.49483e+42  4.76850e+05  1.11918e+42  3.76271e+05  6.65928e+40  3.47467e-35
 3.23991e-01  5.10242e+05  3.07850e+42  5.10242e+05  2.44272e+42  4.76850e+05  1.09317e+42  3.76271e+05  5.60246e+40  3.47467e-35
 3.34580e-01  5.10242e+05  2.90801e+42  5.10242e+05  2.46760e+42  4.76850e+05  1.11030e+42  3.76271e+05  5.03839e+40  3.47467e-35
 3.45515e-01  5.10242e+05  2.82680e+42  4.93264e+05  2.36783e+42  4.60983e+05  1.08590e+42  3.76271e+05  4.96474e+40  3.47467e-35
 3.56807e-01  5.10242e+05  2.83453e+42  4.93264e+05  2.22753e+42  4.60983e+05  9.99156e+41  3.76271e+05  5.38119e+40  3.47467e-35
 3.68468e-01  4.93264e+05  2.78534e+42  4.93264e+05  2.16334e+42  4.60983e+05  9.55160e+41  3.63750e+05  6.28407e+40  3.47467e-35
 3.80511e-01  4.93264e+05  2.60248e+42  4.93264e+05  2.17500e+42  4.60983e+05  9.53735e+41  3.63750e+05  4.98995e+40  3.47467e-35
 3.92947e-01  4.93264e+05  2.50763e+42  4.76850e+05  2.15469e+42  4.60983e+05  9.94873e+41  3.63750e+05  4.18605e+40  3.47467e-35
 4.05790e-01  4.93264e+05  2.50039e+42  4.76850e+05  1.99401e+42  4.45643e+05  9.07716e+41  3.63750e+05  3.86903e+40  3.47467e-35
 4.19052e-01  4.76850e+05  2.54463e+42  4.76850e+05  1.90847e+42  4.45643e+05  8.40325e+41  3.63750e+05  4.03759e+40  3.47467e-35
 4.32748e-01  4.76850e+05  2.33849e+42  4.76850e+05  1.89772e+42  4.45643e+05  8.15029e+41  3.63750e+05  4.69241e+40  3.47467e-35
 4.46891e-01  4.76850e+05  2.21926e+42  4.76850e+05  1.96172e+42  4.45643e+05  8.31723e+41  3.51646e+05  4.85013e+40  3.47467e-35
 4.61496e-01  4.76850e+05  2.18645e+42  4.60983e+05  1.80260e+42  4.30814e+05  8.54715e+41  3.51646e+05  3.72159e+40  3.47467e-35
 4.76579e-01  4.76850e+05  2.23994e+42  4.60983e+05  1.68639e+42  4.30814e+05  7.58369e+41  3.51646e+05  3.07802e+40  3.47467e-35
 4.92155e-01  4.60983e+05  2.12570e+42  4.60983e+05  1.64405e+42  4.30814e+05  7.03778e+41  3.51646e+05  2.91674e+40  3.47467e-35
 5.08240e-01  4.60983e+05  1.97128e+42  4.60983e+05  1.67541e+42  4.30814e+05  6.90717e+41  3.51646e+05  3.23710e+40  3.47467e-35
 5.24851e-01  4.60983e+05  1.90227e+42  4.45643e+05  1.66586e+42  4.30814e+05  7.19131e+41  3.51646e+05  4.04041e+40  3.47467e-35
 5.42004e-01  4.60983e+05  1.91836e+42  4.45643e+05  1.50950e+42  4.16479e+05  7.21904e+41  3.39945e+05  3.83080e+40  3.47467e-35
 5.59718e-01  4.45643e+05  1.97866e+42  4.45643e+05  1.42628e+42  4.16479e+05  6.32386e+41  3.39945e+05  2.77370e+40  3.47467e-35
 5.78011e-01  4.45643e+05  1.77806e+42  4.45643e+05  1.41586e+42  4.16479e+05  5.84102e+41  3.39945e+05  2.19765e+40  3.47467e-35
 5.96902e-01  4.45643e+05  1.66205e+42  4.45643e+05  1.47818e+42  4.16479e+05  5.76853e+41  3.39945e+05  2.10025e+40  3.47467e-35
 6.16411e-01  4.45643e+05  1.63016e+42  4.30814e+05  1.39475e+42  4.16479e+05  6.10608e+41  3.39945e+05  2.48111e+40  3.47467e-35
 6.36557e-01  4.45643e+05  1.68226e+42  4.30814e+05  1.26113e+42  4.02620e+05  6.16488e+41  3.39945e+05  3.34179e+40  3.47467e-35
 6.57361e-01  4.30814e+05  1.65921e+42  4.30814e+05  1.19962e+42  4.02620e+05  5.27225e+41  3.28633e+05  3.19915e+40  3.47467e-35
 6.78845e-01  4.30814e+05  1.48516e+42  4.30814e+05  1.20996e+42  4.02620e+05  4.78761e+41  3.28633e+05  2.11823e+40  3.47467e-35
 7.01032e-01  4.30814e+05  1.39450e+42  4.30814e+05  1.29221e+42  4.02620e+05  4.70896e+41  3.28633e+05  1.51564e+40  3.47467e-35
 7.23943e-01  4.30814e+05  1.38684e+42  4.16479e+05  1.17025e+42  4.02620e+05  5.03597e+41  3.28633e+05  1.38887e+40  3.47467e-35
 7.47603e-01  4.30814e+05  1.46216e+42  4.16479e+05  1.04804e+42  3.89223e+05  5.39088e+41  3.28633e+05  1.73742e+40  3.47467e-35
 7.72037e-01  4.16479e+05  1.39672e+42  4.16479e+05  9.97056e+41  3.89223e+05  4.43457e+41  3.28633e+05  2.56272e+40  3.47467e-35
 7.97269e-01  4.16479e+05  1.23609e+42  4.16479e+05  1.01709e+42  3.89223e+05  3.88277e+41  3.17698e+05  2.98676e+40  3.47467e-35
 8.23326e-01  4.16479e+05  1.15781e+42  4.16479e+05  1.10822e+42  3.89223e+05  3.73322e+41  3.17698e+05  1.78433e+40  3.47467e-35
 8.50234e-01  4.16479e+05  1.16157e+42  4.02620e+05  9.87964e+41  3.89223e+05  3.98530e+41  3.17698e+05  1.05885e+40  3.47467e-35
 8.78022e-01  4.16479e+05  1.24737e+42  4.02620e+05  8.65847e+41  3.89223e+05  4.64004e+41  3.17698e+05  8.07313e+39  3.47467e-35
 9.06718e-01  4.02620e+05  1.18608e+42  4.02620e+05  8.14203e+41  3.76271e+05  3.85023e+41  3.17698e+05  1.02868e+40  3.47467e-35
 9.36352e-01  4.02620e+05  1.02576e+42  4.02620e+05  8.32820e+41  3.76271e+05  3.16486e+41  3.17698e+05  1.72386e+40  3.47467e-35
 9.66955e-01  4.02620e+05  9.46932e+41  4.02620e+05  9.21775e+41  3.76271e+05  2.87876e+41  3.17698e+05  2.89574e+40  3.47467e-35
 9.98557e-01  4.02620e+05  9.49260e+41  3.89223e+05  8.48916e+41  3.76271e+05  2.99074e+41  3.07126e+05  1.86517e+40  3.47467e-35
 1.03119e+00  4.02620e+05  1.03275e+42  3.89223e+05  7.15496e+41  3.76271e+05  3.50127e+41  3.07126e+05  9.16914e+39  3.47467e-35
 1.06489e+00  3.89223e+05  1.02850e+42  3.89223e+05  6.51929e+41  3.63750e+05  3.59601e+41  3.07126e+05  4.42013e+39  3.47467e-35
 1.09970e+00  3.89223e+05  8.55300e+41  3.89223e+05  6.57951e+41  3.63750e+05  2.70875e+41  3.07126e+05  4.38502e+39  3.47467e-35
 1.13564e+00  3.89223e+05  7.62876e+41  3.89223e+05  7.33586e+41  3.63750e+05  2.21887e+41  3.07126e+05  9.06367e+39  3.47467e-35
 1.17276e+00  3.89223e+05  7.50848e+41  3.76271e+05  7.60050e+41  3.63750e+05  2.12435e+41  3.07126e+05  1.84754e+40  3.47467e-35
 1.21108e+00  3.89223e+05  8.19166e+41  3.76271e+05  6.03730e+41  3.63750e+05  2.42479e+41  2.96907e+05  2.52938e+40  3.47467e-35
 1.25067e+00  3.76271e+05  9.32072e+41  3.76271e+05  5.16800e+41  3.63750e+05  3.12144e+41  2.96907e+05  1.25297e+40  3.47467e-35
 1.29154e+00  3.76271e+05  7.32536e+41  3.76271e+05  4.98899e+41  3.51646e+05  2.63059e+41  2.96907e+05  4.51305e+39  3.47467e-35
 1.33375e+00  3.76271e+05  6.13271e+41  3.76271e+05  5.49954e+41  3.51646e+05  1.86715e+41  2.96907e+05  1.21072e+39  3.47467e-35
 1.37734e+00  3.76271e+05  5.73783e+41  3.76271e+05  6.70176e+41  3.51646e+05  1.49762e+41  2.96907e+05  2.60902e+39  3.47467e-35
 1.42236e+00  3.76271e+05  6.13909e+41  3.63750e+05  5.43689e+41  3.51646e+05  1.52046e+41  2.96907e+05  8.71372e+39  3.47467e-35
 1.46884e+00  3.76271e+05  7.33814e+41  3.63750e+05  4.21656e+41  3.51646e+05  1.93576e+41  2.96907e+05  1.95501e+40  3.47467e-35
 1.51685e+00  3.63750e+05  6.72738e+41  3.63750e+05  3.68259e+41  3.51646e+05  2.74525e+41  2.96907e+05  3.51630e+40  3.47467e-35
 1.56642e+00  3.63750e+05  5.13023e+41  3.63750e+05  3.83277e+41  3.39945e+05  1.98371e+41  2.96907e+05  5.56170e+40  3.47467e-35
 1.61762e+00  3.63750e+05  4.32670e+41  3.63750e+05  4.66772e+41  3.39945e+05  1.26721e+41  2.96907e+05  8.09969e+40  3.47467e-35
 1.67049e+00  3.63750e+05  4.31346e+41  3.51646e+05  5.55763e+41  3.39945e+05  9.42127e+40  2.96907e+05  1.11407e+41  3.47467e-35
 1.72508e+00  3.63750e+05  5.09047e+41  3.51646e+05  3.86401e+41  3.39945e+05  1.00712e+41  2.96907e+05  1.46975e+41  3.47467e-35
 1.78146e+00  3.63750e+05  6.66093e+41  3.51646e+05  2.85528e+41  3.39945e+05  1.46245e+41  2.96907e+05  1.87846e+41  3.47467e-35
 1.83968e+00  3.51646e+05  4.85236e+41  3.51646e+05  2.52727e+41  3.39945e+05  2.31000e+41  2.96907e+05  2.34190e+41  3.47467e-35
 1.89981e+00  3.51646e+05  3.50123e+41  3.51646e+05  2.87864e+41  3.28633e+05  1.64410e+41  2.96907e+05  2.86199e+41  3.47467e-35
 1.96190e+00  3.51646e+05  2.93698e+41  3.51646e+05  3.91083e+41  3.28633e+05  8.95991e+40  2.96907e+05  3.44088e+41  3.47467e-35
 2.02602e+00  3.51646e+05  3.15727e+41  3.39945e+05  4.39139e+41  3.28633e+05  5.37760e+40  2.96907e+05  4.08097e+41  3.47467e-35
 2.09224e+00  3.51646e+05  4.16302e+41  3.39945e+05  2.78152e+41  3.28633e+05  5.67928e+40  2.96907e+05  4.78490e+41  3.47467e-35
 2.16062e+00  3.39945e+05  5.62564e+41  3.39945e+05  1.85206e+41  3.28633e+05  9.86619e+40  2.96907e+05  5.55559e+41  3.47467e-35
 2.23123e+00  3.39945e+05  3.58003e+41  3.39945e+05  1.59918e+41  3.28633e+05  1.79557e+41  2.96907e+05  6.39622e+41  3.47467e-35
 2.30415e+00  3.39945e+05  2.32163e+41  3.39945e+05  2.02183e+41  3.17698e+05  1.65792e+41  2.96907e+05  7.31029e+41  3.47467e-35
 2.37946e+00  3.39945e+05  1.84522e+41  3.39945e+05  3.12175e+41  3.17698e+05  7.96405e+40  2.96907e+05  8.30156e+41  3.47467e-35
 2.45723e+00  3.39945e+05  2.14884e+41  3.28633e+05  3.83190e+41  3.17698e+05  3.24364e+40  2.96907e+05  9.37415e+41  3.47467e-35
 2.53753e+00  3.39945e+05  3.23374e+41  3.28633e+05  2.16860e+41  3.17698e+05  2.39839e+40  2.87027e+05  1.00078e+42  3.47467e-35
 2.62047e+00  3.28633e+05  4.99376e+41  3.28633e+05  1.18319e+41  3.17698e+05  5.42480e+40  2.87027e+05  1.03492e+42  3.47467e-35
 2.70611e+00  3.28633e+05  2.88712e+41  3.28633e+05  8.71579e+40  3.17698e+05  1.23354e+41  2.87027e+05  1.07804e+42  3.47467e-35
 2.79455e+00  3.28633e+05  1.56482e+41  3.28633e+05  1.23249e+41  3.07126e+05  2.20368e+41  2.87027e+05  1.13032e+42  3.47467e-35
 2.88589e+00  3.28633e+05  1.02138e+41  3.28633e+05  2.26741e+41  3.07126e+05  1.13764e+41  2.87027e+05  1.19197e+42  3.47467e-35
 2.98021e+00  3.28633e+05  1.25456e+41  3.17698e+05  3.96225e+41  3.07126e+05  4.62475e+40  2.87027e+05  1.26325e+42  3.47467e-35
 3.07761e+00  3.28633e+05  2.26532e+41  3.17698e+05  2.10257e+41  3.07126e+05  1.75398e+40  2.87027e+05  1.34445e+42  3.47467e-35
 3.17819e+00  3.28633e+05  4.05784e+41  3.17698e+05  9.20499e+40  3.07126e+05  2.75221e+40  2.87027e+05  1.43592e+42  3.47467e-35
 3.28206e+00  3.17698e+05  2.86446e+41  3.17698e+05  4.11148e+40  3.07126e+05  7.62357e+40  2.87027e+05  1.53802e+42  3.47467e-35
 3.38933e+00  3.17698e+05  1.31524e+41  3.17698e+05  5.72408e+40  3.07126e+05  1.63882e+41  2.87027e+05  1.65118e+42  3.47467e-35
 3.50010e+00  3.17698e+05  5.43844e+40  3.17698e+05  1.40495e+41  3.07126e+05  2.90824e+41  2.87027e+05  1.77587e+42  3.47467e-35
 3.61449e+00  3.17698e+05  5.47092e+40  3.17698e+05  2.91221e+41  3.07126e+05  4.57587e+41  2.87027e+05  1.91260e+42  3.47467e-35
 3.73262e+00  3.17698e+05  1.32499e+41  3.07126e+05  2.88509e+41  3.07126e+05  6.64861e+41  2.87027e+05  2.06195e+42  3.47467e-35
 3.85462e+00  3.17698e+05  2.88077e+41  3.07126e+05  1.35003e+41  3.07126e+05  9.13503e+41  2.87027e+05  2.22452e+42  3.47467e-35
 3.98060e+00  3.07126e+05  3.86484e+41  3.07126e+05  4.89464e+40  3.07126e+05  1.20454e+42  2.87027e+05  2.40100e+42  3.47467e-35
 4.11069e+00  3.07126e+05  1.90729e+41  3.07126e+05  2.99836e+40  2.96907e+05  1.23139e+42  2.87027e+05  2.59211e+42  3.47467e-35
 4.24504e+00  3.07126e+05  7.30022e+40  3.07126e+05  7.80358e+40  2.96907e+05  1.25879e+42  2.87027e+05  2.79864e+42  3.47467e-35
 4.38378e+00  3.07126e+05  3.28163e+40  3.07126e+05  1.93302e+41  2.96907e+05  1.33002e+42  2.87027e+05  3.02145e+42  3.47467e-35
 4.52705e+00  3.07126e+05  7.00052e+40  3.07126e+05  3.76259e+41  2.96907e+05  1.44537e+42  2.87027e+05  3.26145e+42  3.47467e-35
 4.67501e+00  3.07126e+05  1.84723e+41  3.07126e+05  6.27664e+41  2.96907e+05  1.60532e+42  2.87027e+05  3.51966e+42  3.47467e-35
 4.82780e+00  3.07126e+05  3.77444e+41  3.07126e+05  9.48558e+41  2.96907e+05  1.81054e+42  2.87027e+05  3.79712e+42  3.47467e-35
 4.98558e+00  3.07126e+05  6.48966e+41  3.07126e+05  1.34027e+42  2.96907e+05  2.06186e+42  2.87027e+05  4.09499e+42  3.47467e-35
 5.14853e+00  3.07126e+05  1.00041e+42  3.07126e+05  1.80442e+42  2.96907e+05  2.36033e+42  2.87027e+05  4.41451e+42  3.47467e-35
 5.31679e+00  3.07126e+05  1.43324e+42  2.96907e+05  2.13862e+42  2.96907e+05  2.70719e+42  2.87027e+05  4.75699e+42  3.47467e-35
 5.49056e+00  3.07126e+05  1.94923e+42  2.96907e+05  2.14512e+42  2.96907e+05  3.10386e+42  2.87027e+05  5.12385e+42  3.47467e-35
 5.67001e+00  2.96907e+05  2.48045e+42  2.96907e+05  2.22739e+42  2.96907e+05  3.55200e+42  2.87027e+05  5.51662e+42  3.47467e-35
 5.85532e+00  2.96907e+05  2.46730e+42  2.96907e+05  2.38577e+42  2.96907e+05  4.05346e+42  2.87027e+05  5.93690e+42  3.47467e-35
 6.04668e+00  2.96907e+05  2.54160e+42  2.96907e+05  2.62092e+42  2.96907e+05  4.61031e+42  2.87027e+05  6.38646e+42  3.47467e-35
 6.24430e+00  2.96907e+05  2.70366e+42  2.96907e+05  2.93380e+42  2.96907e+05  5.22486e+42  2.87027e+05  6.86714e+42  3.47467e-35
 6.44838e+00  2.96907e+05  2.95415e+42  2.96907e+05  3.32571e+42  2.96907e+05  5.89965e+42  2.87027e+05  7.38093e+42  3.47467e-35
 6.65913e+00  2.96907e+05  3.29410e+42  2.96907e+05  3.79828e+42  2.96907e+05  6.63747e+42  2.87027e+05  7.92997e+42  3.47467e-35
 6.87677e+00  2.96907e+05  3.72492e+42  2.96907e+05  4.35346e+42  2.96907e+05  7.44137e+42  2.87027e+05  8.51652e+42  3.47467e-35
 7.10152e+00  2.96907e+05  4.24840e+42  2.96907e+05  4.99355e+42  2.96907e+05  8.31469e+42  2.87027e+05  9.14301e+42  3.47467e-35
 7.33362e+00  2.96907e+05  4.86669e+42  2.96907e+05  5.72119e+42  2.96907e+05  9.26104e+42  2.87027e+05  9.81203e+42  3.47467e-35
 7.57330e+00  2.96907e+05  5.58237e+42  2.96907e+05  6.53941e+42  2.96907e+05  1.02843e+43  2.87027e+05  1.05264e+43  3.47467e-35
 7.82082e+00  2.96907e+05  6.39839e+42  2.96907e+05  7.45157e+42  2.96907e+05  1.13888e+43  2.87027e+05  1.12889e+43  3.47467e-35
 8.07642e+00  2.96907e+05  7.31813e+42  2.96907e+05  8.46147e+42  2.96907e+05  1.25790e+43  2.87027e+05  1.21029e+43  3.47467e-35
 8.34038e+00  2.96907e+05  8.34539e+42  2.96907e+05  9.57327e+42  2.96907e+05  1.38599e+43  2.87027e+05  1.29717e+43  3.47467e-35
 8.61296e+00  2.96907e+05  9.48442e+42  2.96907e+05  1.07916e+43  2.96907e+05  1.52368e+43  2.87027e+05  1.38989e+43  3.47467e-35
 8.89446e+00  2.96907e+05  1.07400e+43  2.96907e+05  1.21214e+43  2.96907e+05  1.67153e+43  2.87027e+05  1.48883e+43  3.47467e-35
 9.18515e+00  2.96907e+05  1.21172e+43  2.96907e+05  1.35684e+43  2.96907e+05  1.83017e+43  2.87027e+05  1.59440e+43  3.47467e-35
 9.48535e+00  2.96907e+05  1.36218e+43  2.96907e+05  1.51383e+43  2.96907e+05  2.00024e+43  2.87027e+05  1.70703e+43  3.47467e-35
 9.79535e+00  2.96907e+05  1.52600e+43  2.96907e+05  1.68378e+43  2.96907e+05  2.18244e+43  2.87027e+05  1.82720e+43  3.47467e-35
 1.01155e+01  2.96907e+05  1.70386e+43  2.96907e+05  1.86739e+43  2.96907e+05  2.37755e+43  2.87027e+05  1.95540e+43  3.47467e-35
 1.04461e+01  2.96907e+05  1.89649e+43  2.96907e+05  2.06541e+43  2.96907e+05  2.58635e+43  2.87027e+05  2.09217e+43  3.47467e-35
 1.07875e+01  2.96907e+05  2.10470e+43  2.96907e+05  2.27868e+43  2.96907e+05  2.80972e+43  2.87027e+05  2.23806e+43  3.47467e-35
 1.11401e+01  2.96907e+05  2.32934e+43  2.96907e+05  2.50806e+43  2.96907e+05  3.04858e+43  2.87027e+05  2.39368e+43  3.47467e-35
 1.15041e+01  2.96907e+05  2.57135e+43  2.96907e+05  2.75451e+43  2.96907e+05  3.30392e+43  2.87027e+05  2.55968e+43  3.47467e-35
 1.18801e+01  2.96907e+05  2.83172e+43  2.96907e+05  3.01904e+43  2.96907e+05  3.57679e+43  2.87027e+05  2.73675e+43  3.47467e-35
 1.22684e+01  2.96907e+05  3.11153e+43  2.96907e+05  3.30277e+43  2.96907e+05  3.86832e+43  2.87027e+05  2.92560e+43  3.47467e-35
 1.26694e+01  2.96907e+05  3.41195e+43  2.96907e+05  3.60684e+43  2.96907e+05  4.17973e+43  2.87027e+05  3.12704e+43  3.47467e-35
 1.30834e+01  2.96907e+05  3.73421e+43  2.96907e+05  3.93254e+43  2.96907e+05  4.51230e+43  2.87027e+05  3.34188e+43  3.47467e-35
 1.35110e+01  2.96907e+05  4.07964e+43  2.96907e+05  4.28120e+43  2.96907e+05  4.86740e+43  2.87027e+05  3.57103e+43  3.47467e-35
 1.39526e+01  2.96907e+05  4.44969e+43  2.96907e+05  4.65426e+43  2.96907e+05  5.24651e+43  2.87027e+05  3.81542e+43  3.47467e-35
 1.44086e+01  2.96907e+05  4.84587e+43  2.96907e+05  5.05328e+43  2.96907e+05  5.65119e+43  2.87027e+05  4.07607e+43  3.47467e-35
 1.48795e+01  2.96907e+05  5.26983e+43  2.96907e+05  5.47989e+43  2.96907e+05  6.08312e+43  2.87027e+05  4.35406e+43  3.47467e-35
 1.53658e+01  2.96907e+05  5.72333e+43  2.96907e+05  5.93588e+43  2.96907e+05  6.54408e+43  2.87027e+05  4.65054e+43  3.47467e-35
 1.58680e+01  2.96907e+05  6.20823e+43  2.96907e+05  6.42312e+43  2.96907e+05  7.03599e+43  2.87027e+05  4.96674e+43  3.47467e-35
 1.63866e+01  2.96907e+05  6.72655e+43  2.96907e+05  6.94363e+43  2.96907e+05  7.56088e+43  2.87027e+05  5.30396e+43  3.47467e-35
 1.69222e+01  2.96907e+05  7.28043e+43  2.96907e+05  7.49956e+43  2.96907e+05  8.12093e+43  2.87027e+05  5.66360e+43  3.47467e-35
 1.74753e+01  2.96907e+05  7.87217e+43  2.96907e+05  8.09323e+43  2.96907e+05  8.71844e+43  2.87027e+05  6.04714e+43  3.47467e-35
 1.80464e+01  2.96907e+05  8.50420e+43  2.96907e+05  8.72707e+43  2.96907e+05  9.35589e+43  2.87027e+05  6.45619e+43  3.47467e-35
 1.86362e+01  2.96907e+05  9.17916e+43  2.96907e+05  9.40372e+43  2.96907e+05  1.00359e+44  2.87027e+05  6.89242e+43  3.47467e-35
 1.92453e+01  2.96907e+05  9.89983e+43  2.96907e+05  1.01260e+44  2.96907e+05  1.07614e+44  2.87027e+05  7.35764e+43  3.47467e-35
 1.98743e+01  2.96907e+05  1.06692e+44  2.96907e+05  1.08968e+44  2.96907e+05  1.15352e+44  2.87027e+05  7.85379e+43  3.47467e-35
 2.05238e+01  2.96907e+05  1.14904e+44  2.96907e+05  1.17195e+44  2.96907e+05  1.23606e+44  2.87027e+05  8.38290e+43  3.47467e-35
 2.11946e+01  2.96907e+05  1.23669e+44  2.96907e+05  1.25973e+44  2.96907e+05  1.32411e+44  2.87027e+05  8.94718e+43  3.47467e-35
 2.18873e+01  2.96907e+05  1.33024e+44  2.96907e+05  1.35339e+44  2.96907e+05  1.41802e+44  2.87027e+05  9.54895e+43  3.47467e-35
 2.26026e+01  2.96907e+05  1.43006e+44  2.96907e+05  1.45333e+44  2.96907e+05  1.51818e+44  2.87027e+05  1.01907e+44  3.47467e-35
 2.33413e+01  2.96907e+05  1.53657e+44  2.96907e+05  1.55995e+44  2.96907e+05  1.62502e+44  2.87027e+05  1.08751e+44  3.47467e-35
 2.41042e+01  2.96907e+05  1.65021e+44  2.96907e+05  1.67369e+44  2.96907e+05  1.73896e+44  2.87027e+05  1.16050e+44  3.47467e-35
 2.48920e+01  2.96907e+05  1.77145e+44  2.96907e+05  1.79503e+44  2.96907e+05  1.86049e+44  2.87027e+05  1.23834e+44  3.47467e-35
 2.57055e+01  2.96907e+05  1.90080e+44  2.96907e+05  1.92446e+44  2.96907e+05  1.99010e+44  2.87027e+05  1.32135e+44  3.47467e-35
 2.65456e+01  2.96907e+05  2.03878e+44  2.96907e+05  2.06253e+44  2.96907e+05  2.12834e+44  2.87027e+05  1.40987e+44  3.47467e-35
 2.74132e+01  2.96907e+05  2.18598e+44  2.96907e+05  2.20980e+44  2.96907e+05  2.27577e+44  2.87027e+05  1.50428e+44  3.47467e-35
 2.83091e+01  2.96907e+05  2.34299e+44  2.96907e+05  2.36689e+44  2.96907e+05  2.43300e+44  2.87027e+05  1.60496e+44  3.47467e-35
 2.92343e+01  2.96907e+05  2.51048e+44  2.96907e+05  2.53444e+44  2.96907e+05  2.60069e+44  2.87027e+05  1.71233e+44  3.47467e-35
 3.01898e+01  2.96907e+05  2.68912e+44  2.96907e+05  2.71315e+44  2.96907e+05  2.77953e+44  2.87027e+05  1.82683e+44  3.47467e-35
 3.11765e+01  2.96907e+05  2.87967e+44  2.96907e+05  2.90376e+44  2.96907e+05  2.97026e+44  2.87027e+05  1.94893e+44  3.47467e-35
 3.21954e+01  2.96907e+05  3.08290e+44  2.96907e+05  3.10705e+44  2.96907e+05  3.17366e+44  2.87027e+05  2.07916e+44  3.47467e-35
 3.32476e+01  2.96907e+05  3.29967e+44  2.96907e+05  3.32387e+44  2.96907e+05  3.39059e+44  2.87027e+05  2.21803e+44  3.47467e-35
 3.43343e+01  2.96907e+05  3.53086e+44  2.96907e+05  3.55512e+44  2.96907e+05  3.62193e+44  2.87027e+05  2.36613e+44  3.47467e-35
 3.54564e+01  2.96907e+05  3.77744e+44  2.96907e+05  3.80174e+44  2.96907e+05  3.86865e+44  2.87027e+05  2.52406e+44  3.47467e-35
 3.66152e+01  2.96907e+05  4.04043e+44  2.96907e+05  4.06477e+44  2.96907e+05  4.13177e+44  2.87027e+05  2.69249e+44  3.47467e-35
 3.78119e+01  2.96907e+05  4.32091e+44  2.96907e+05  4.34529e+44  2.96907e+05  4.41237e+44  2.87027e+05  2.87211e+44  3.47467e-35
 3.90477e+01  2.96907e+05  4.62004e+44  2.96907e+05  4.64446e+44  2.96907e+05  4.71162e+44  2.87027e+05  3.06367e+44  3.47467e-35
 4.03238e+01  2.96907e+05  4.93906e+44  2.96907e+05  4.96352e+44  2.96907e+05  5.03075e+44  2.87027e+05  3.26795e+44  3.47467e-35
 4.16417e+01  2.96907e+05  5.27930e+44  2.96907e+05  5.30379e+44  2.96907e+05  5.37109e+44  2.87027e+05  3.48580e+44  3.47467e-35
 4.30027e+01  2.96907e+05  5.64216e+44  2.96907e+05  5.66668e+44  2.96907e+05  5.73405e+44  2.87027e+05  3.71812e+44  3.47467e-35
 4.44081e+01  2.96907e+05  6.02914e+44  2.96907e+05  6.05369e+44  2.96907e+05  6.12111e+44  2.87027e+05  3.96588e+44  3.47467e-35
 4.58595e+01  2.96907e+05  6.44184e+44  2.96907e+05  6.46642e+44  2.96907e+05  6.53390e+44  2.87027e+05  4.23009e+44  3.47467e-35
 4.73583e+01  2.96907e+05  6.88198e+44  2.96907e+05  6.90659e+44  2.96907e+05  6.97412e+44  2.87027e+05  4.51186e+44  3.47467e-35
 4.89061e+01  2.96907e+05  7.35136e+44  2.96907e+05  7.37600e+44  2.96907e+05  7.44358e+44  2.87027e+05  4.81235e+44  3.47467e-35
 5.05045e+01  2.96907e+05  7.85195e+44  2.96907e+05  7.87661e+44  2.96907e+05  7.94423e+44  2.87027e+05  5.13280e+44  3.47467e-35
 5.21551e+01  2.96907e+05  8.38580e+44  2.96907e+05  8.41048e+44  2.96907e+05  8.47815e+44  2.87027e+05  5.47454e+44  3.47467e-35
 5.38597e+01  2.96907e+05  8.95513e+44  2.96907e+05  8.97983e+44  2.96907e+05  9.04754e+44  2.87027e+05  5.83899e+44  3.47467e-35
 5.56199e+01  2.96907e+05  9.56229e+44  2.96907e+05  9.58701e+44  2.96907e+05  9.65476e+44  2.87027e+05  6.22764e+44  3.47467e-35
 5.74378e+01  2.96907e+05  1.02098e+45  2.96907e+05  1.02345e+45  2.96907e+05  1.03023e+45  2.87027e+05  6.64212e+44  3.47467e-35
 5.93150e+01  2.96907e+05  1.09003e+45  2.96907e+05  1.09251e+45  2.96907e+05  1.09929e+45  2.87027e+05  7.08413e+44  3.47467e-35
 6.12535e+01  2.96907e+05  1.16367e+45  2.96907e+05  1.16615e+45  2.96907e+05  1.17294e+45  2.87027e+05  7.55550e+44  3.47467e-35
 6.32555e+01  2.96907e+05  1.24221e+45  2.96907e+05  1.24469e+45  2.96907e+05  1.25147e+45  2.87027e+05  8.05819e+44  3.47467e-35
 6.53228e+01  2.96907e+05  1.32596e+45  2.96907e+05  1.32844e+45  2.96907e+05  1.33523e+45  2.87027e+05  8.59428e+44  3.47467e-35
 6.74577e+01  2.96907e+05  1.41528e+45  2.96907e+05  1.41776e+45  2.96907e+05  1.42455e+45  2.87027e+05  9.16598e+44  3.47467e-35
 6.96624e+01  2.96907e+05  1.51053e+45  2.96907e+05  1.51301e+45  2.87027e+05  1.50232e+45  2.87027e+05  9.77565e+44  3.47467e-35
 7.19392e+01  2.96907e+05  1.61211e+45  2.96907e+05  1.61459e+45  2.87027e+05  1.53413e+45  2.87027e+05  1.04258e+45  3.47467e-35
 7.42903e+01  2.96907e+05  1.72044e+45  2.96907e+05  1.72292e+45  2.87027e+05  1.57234e+45  2.87027e+05  1.11192e+45  3.47467e-35
 7.67183e+01  2.96907e+05  1.83597e+45  2.96907e+05  1.83845e+45  2.87027e+05  1.61709e+45  2.77476e+05  1.15537e+45  3.47467e-35
 7.92257e+01  2.96907e+05  1.95917e+45  2.96907e+05  1.96165e+45  2.87027e+05  1.66857e+45  2.77476e+05  1.17979e+45  3.47467e-35
 8.18150e+01  2.96907e+05  2.09055e+45  2.96907e+05  2.09304e+45  2.87027e+05  1.72700e+45  2.77476e+05  1.20910e+45  3.47467e-35
 8.44889e+01  2.96907e+05  2.23067e+45  2.96907e+05  2.23316e+45  2.87027e+05  1.79261e+45  2.77476e+05  1.24342e+45  3.47467e-35
 8.72502e+01  2.96907e+05  2.38009e+45  2.96907e+05  2.38258e+45  2.87027e+05  1.86568e+45  2.77476e+05  1.28288e+45  3.47467e-35
 9.01018e+01  2.96907e+05  2.53945e+45  2.96907e+05  2.54193e+45  2.87027e+05  1.94651e+45  2.77476e+05  1.32767e+45  3.47467e-35
 9.30466e+01  2.96907e+05  2.70938e+45  2.87027e+05  2.62607e+45  2.87027e+05  2.03543e+45  2.77476e+05  1.37795e+45  3.47467e-35
 9.60876e+01  2.96907e+05  2.89061e+45  2.87027e+05  2.68624e+45  2.87027e+05  2.13282e+45  2.77476e+05  1.43394e+45  3.47467e-35
 9.92280e+01  2.87027e+05  3.01775e+45  2.87027e+05  2.75759e+45  2.87027e+05  2.23907e+45  2.77476e+05  1.49586e+45  3.47467e-35
 1.02471e+02  2.87027e+05  3.08422e+45  2.87027e+05  2.84042e+45  2.87027e+05  2.35463e+45  2.77476e+05  1.56399e+45  3.47467e-35
 1.05820e+02  2.87027e+05  3.16352e+45  2.87027e+05  2.93507e+45  2.87027e+05  2.47996e+45  2.77476e+05  1.63859e+45  3.47467e-35
 1.09278e+02  2.87027e+05  3.25600e+45  2.87027e+05  3.04193e+45  2.87027e+05  2.61560e+45  2.77476e+05  1.71997e+45  3.47467e-35
 1.12850e+02  2.87027e+05  3.36203e+45  2.87027e+05  3.16145e+45  2.87027e+05  2.76211e+45  2.77476e+05  1.80848e+45  3.47467e-35
 1.16538e+02  2.87027e+05  3.48205e+45  2.87027e+05  3.29412e+45  2.87027e+05  2.92008e+45  2.77476e+05  1.90448e+45  3.47467e-35
 1.20347e+02  2.87027e+05  3.61656e+45  2.87027e+05  3.44049e+45  2.87027e+05  3.09018e+45  2.77476e+05  2.00836e+45  3.47467e-35
 1.24280e+02  2.87027e+05  3.76611e+45  2.87027e+05  3.60117e+45  2.87027e+05  3.27310e+45  2.77476e+05  2.12056e+45  3.47467e-35
 1.28342e+02  2.87027e+05  3.93132e+45  2.87027e+05  3.77681e+45  2.87027e+05  3.46961e+45  2.77476e+05  2.24154e+45  3.47467e-35
 1.32537e+02  2.87027e+05  4.11288e+45  2.87027e+05  3.96815e+45  2.87027e+05  3.68051e+45  2.77476e+05  2.37180e+45  3.47467e-35
 1.36868e+02  2.87027e+05  4.31154e+45  2.87027e+05  4.17599e+45  2.87027e+05  3.90669e+45  2.77476e+05  2.51189e+45  3.47467e-35
 1.41341e+02  2.87027e+05  4.52812e+45  2.87027e+05  4.40117e+45  2.87027e+05  4.14907e+45  2.77476e+05  2.66237e+45  3.47467e-35
 1.45961e+02  2.87027e+05  4.76352e+45  2.87027e+05  4.64463e+45  2.87027e+05  4.40866e+45  2.77476e+05  2.82387e+45  3.47467e-35
 1.50731e+02  2.87027e+05  5.01871e+45  2.87027e+05  4.90738e+45  2.87027e+05  4.68654e+45  2.77476e+05  2.99707e+45  3.47467e-35
 1.55658e+02  2.87027e+05  5.29474e+45  2.87027e+05  5.19050e+45  2.87027e+05  4.98385e+45  2.77476e+05  3.18267e+45  3.47467e-35
 1.60745e+02  2.87027e+05  5.59277e+45  2.87027e+05  5.49518e+45  2.87027e+05  5.30182e+45  2.77476e+05  3.38145e+45  3.47467e-35
 1.65998e+02  2.87027e+05  5.91402e+45  2.87027e+05  5.82266e+45  2.87027e+05  5.64177e+45  2.77476e+05  3.59423e+45  3.47467e-35
 1.71424e+02  2.87027e+05  6.25981e+45  2.87027e+05  6.17431e+45  2.87027e+05  6.00511e+45  2.77476e+05  3.82189e+45  3.47467e-35
 1.77026e+02  2.87027e+05  6.63160e+45  2.87027e+05  6.55157e+45  2.87027e+05  6.39334e+45  2.77476e+05  4.06537e+45  3.47467e-35
 1.82812e+02  2.87027e+05  7.03090e+45  2.87027e+05  6.95601e+45  2.87027e+05  6.80807e+45  2.77476e+05  4.32568e+45  3.47467e-35
 1.88787e+02  2.87027e+05  7.45938e+45  2.87027e+05  7.38931e+45  2.87027e+05  7.25101e+45  2.77476e+05  4.60389e+45  3.47467e-35
 1.94957e+02  2.87027e+05  7.91880e+45  2.87027e+05  7.85326e+45  2.87027e+05  7.72400e+45  2.77476e+05  4.90117e+45  3.47467e-35
 2.01328e+02  2.87027e+05  8.41108e+45  2.87027e+05  8.34977e+45  2.87027e+05  8.22899e+45  2.77476e+05  5.21873e+45  3.47467e-35
 2.07908e+02  2.87027e+05  8.93824e+45  2.87027e+05  8.88091e+45  2.87027e+05  8.76807e+45  2.77476e+05  5.55789e+45  3.47467e-35
 2.14703e+02  2.87027e+05  9.50247e+45  2.87027e+05  9.44886e+45  2.87027e+05  9.34349e+45  2.77476e+05  5.92006e+45  3.47467e-35
 2.21720e+02  2.87027e+05  1.01061e+46  2.87027e+05  1.00560e+46  2.87027e+05  9.95760e+45  2.77476e+05  6.30673e+45  3.47467e-35
 2.28967e+02  2.87027e+05  1.07516e+46  2.87027e+05  1.07048e+46  2.87027e+05  1.06130e+46  2.77476e+05  6.71951e+45  3.47467e-35
 2.36450e+02  2.87027e+05  1.14417e+46  2.87027e+05  1.13980e+46  2.87027e+05  1.13123e+46  2.77476e+05  7.16010e+45  3.47467e-35
 2.44178e+02  2.87027e+05  1.21793e+46  2.87027e+05  1.21384e+46  2.87027e+05  1.20585e+46  2.77476e+05  7.63033e+45  3.47467e-35
 2.52158e+02  2.87027e+05  1.29673e+46  2.87027e+05  1.29291e+46  2.87027e+05  1.28546e+46  2.77476e+05  8.13214e+45  3.47467e-35
 2.60399e+02  2.87027e+05  1.38090e+46  2.87027e+05  1.37734e+46  2.87027e+05  1.37039e+46  2.77476e+05  8.66761e+45  3.47467e-35
 2.68910e+02  2.87027e+05  1.47080e+46  2.87027e+05  1.46748e+46  2.87027e+05  1.46101e+46  2.77476e+05  9.23895e+45  3.47467e-35
 2.77699e+02  2.87027e+05  1.56679e+46  2.87027e+05  1.56369e+46  2.87027e+05  1.55767e+46  2.77476e+05  9.84854e+45  3.47467e-35
 2.86774e+02  2.87027e+05  1.66928e+46  2.87027e+05  1.66638e+46  2.87027e+05  1.66078e+46  2.77476e+05  1.04989e+46  3.47467e-35
 2.96147e+02  2.87027e+05  1.77868e+46  2.87027e+05  1.77598e+46  2.87027e+05  1.77077e+46  2.77476e+05  1.11927e+46  3.47467e-35
 3.05826e+02  2.87027e+05  1.89545e+46  2.87027e+05  1.89293e+46  2.87027e+05  1.88809e+46  2.77476e+05  1.19328e+46  3.47467e-35
 3.15821e+02  2.87027e+05  2.02007e+46  2.87027e+05  2.01773e+46  2.87027e+05  2.01322e+46  2.77476e+05  1.27223e+46  3.47467e-35
 3.26143e+02  2.87027e+05  2.15306e+46  2.87027e+05  2.15088e+46  2.87027e+05  2.14670e+46  2.77476e+05  1.35645e+46  3.47467e-35
 3.36802e+02  2.87027e+05  2.29497e+46  2.87027e+05  2.29294e+46  2.87027e+05  2.28906e+46  2.77476e+05  1.44628e+46  3.47467e-35
 3.47810e+02  2.87027e+05  2.44638e+46  2.87027e+05  2.44449e+46  2.87027e+05  2.44090e+46  2.77476e+05  1.54210e+46  3.47467e-35
 3.59177e+02  2.87027e+05  2.60792e+46  2.87027e+05  2.60617e+46  2.87027e+05  2.60284e+46  2.77476e+05  1.64430e+46  3.47467e-35
 3.70916e+02  2.87027e+05  2.78027e+46  2.87027e+05  2.77864e+46  2.87027e+05  2.77556e+46  2.77476e+05  1.75330e+46  3.47467e-35
 3.83038e+02  2.87027e+05  2.96413e+46  2.87027e+05  2.96261e+46  2.87027e+05  2.95977e+46  2.77476e+05  1.86956e+46  3.47467e-35
 3.95557e+02  2.87027e+05  3.16026e+46  2.87027e+05  3.15886e+46  2.87027e+05  3.15623e+46  2.77476e+05  1.99356e+46  3.47467e-35
 4.08485e+02  2.87027e+05  3.36948e+46  2.87027e+05  3.36818e+46  2.87027e+05  3.36576e+46  2.77476e+05  2.12581e+46  3.47467e-35
 4.21835e+02  2.87027e+05  3.59265e+46  2.87027e+05  3.59145e+46  2.87027e+05  3.58922e+46  2.77476e+05  2.26686e+46  3.47467e-35
 4.35622e+02  2.87027e+05  3.83070e+46  2.87027e+05  3.82958e+46  2.87027e+05  3.82754e+46  2.77476e+05  2.41729e+46  3.47467e-35
 4.49859e+02  2.87027e+05  4.08461e+46  2.87027e+05  4.08358e+46  2.87027e+05  4.08170e+46  2.77476e+05  2.57772e+46  3.47467e-35
 4.64562e+02  2.87027e+05  4.35543e+46  2.87027e+05  4.35448e+46  2.87027e+05  4.35276e+46  2.77476e+05  2.74882e+46  3.47467e-35
 4.79745e+02  2.87027e+05  4.64428e+46  2.87027e+05  4.64340e+46  2.87027e+05  4.64184e+46  2.77476e+05  2.93130e+46  3.47467e-35
 4.95424e+02  2.87027e+05  4.95236e+46  2.87027e+05  4.95155e+46  2.87027e+05  4.95013e+46  2.77476e+05  3.12591e+46  3.47467e-35
 5.11616e+02  2.87027e+05  5.28094e+46  2.87027e+05  5.28020e+46  2.87027e+05  5.27891e+46  2.77476e+05  3.33346e+46  3.47467e-35
 5.28337e+02  2.87027e+05  5.63139e+46  2.87027e+05  5.63071e+46  2.87027e+05  5.62954e+46  2.77476e+05  3.55480e+46  3.47467e-35
 5.45604e+02  2.87027e+05  6.00515e+46  2.87027e+05  6.00453e+46  2.87027e+05  6.00347e+46  2.77476e+05  3.79085e+46  3.47467e-35
 5.63436e+02  2.87027e+05  6.40377e+46  2.87027e+05  6.40320e+46  2.87027e+05  6.40225e+46  2.77476e+05  4.04260e+46  3.47467e-35
 5.81850e+02  2.87027e+05  6.82889e+46  2.87027e+05  6.82838e+46  2.87027e+05  6.82753e+46  2.77476e+05  4.31107e+46  3.47467e-35
 6.00867e+02  2.87027e+05  7.28229e+46  2.87027e+05  7.28182e+46  2.87027e+05  7.28107e+46  2.77476e+05  4.59738e+46  3.47467e-35
 6.20505e+02  2.87027e+05  7.76583e+46  2.87027e+05  7.76541e+46  2.87027e+05  7.76475e+46  2.77476e+05  4.90273e+46  3.47467e-35
 6.40784e+02  2.87027e+05  8.28152e+46  2.87027e+05  8.28114e+46  2.87027e+05  8.28056e+46  2.77476e+05  5.22836e+46  3.47467e-35
 6.61727e+02  2.87027e+05  8.83149e+46  2.87027e+05  8.83115e+46  2.87027e+05  8.83065e+46  2.77476e+05  5.57563e+46  3.47467e-35
 6.83354e+02  2.87027e+05  9.41801e+46  2.87027e+05  9.41771e+46  2.87027e+05  9.41729e+46  2.77476e+05  5.94597e+46  3.47467e-35
 7.05688e+02  2.87027e+05  1.00435e+47  2.87027e+05  1.00433e+47  2.87027e+05  1.00429e+47  2.77476e+05  6.34093e+46  3.47467e-35
 7.28751e+02  2.87027e+05  1.07106e+47  2.87027e+05  1.07104e+47  2.87027e+05  1.07101e+47  2.77476e+05  6.76212e+46  3.47467e-35
 7.52569e+02  2.87027e+05  1.14220e+47  2.87027e+05  1.14218e+47  2.87027e+05  1.14216e+47  2.77476e+05  7.21130e+46  3.47467e-35
 7.77165e+02  2.87027e+05  1.21807e+47  2.87027e+05  1.21805e+47  2.87027e+05  1.21804e+47  2.77476e+05  7.69032e+46  3.47467e-35
 8.02565e+02  2.87027e+05  1.29898e+47  2.87027e+05  1.29897e+47  2.87027e+05  1.29896e+47  2.77476e+05  8.20117e+46  3.47467e-35
 8.28794e+02  2.87027e+05  1.38527e+47  2.87027e+05  1.38526e+47  2.87027e+05  1.38525e+47  2.77476e+05  8.74596e+46  3.47467e-35
 8.55882e+02  2.87027e+05  1.47729e+47  2.87027e+05  1.47728e+47  2.87027e+05  1.47728e+47  2.77476e+05  9.32695e+46  3.47467e-35
 8.83854e+02  2.87027e+05  1.57543e+47  2.87027e+05  1.57542e+47  2.87027e+05  1.57542e+47  2.77476e+05  9.94654e+46  3.47467e-35
 9.12741e+02  2.87027e+05  1.68008e+47  2.87027e+05  1.68008e+47  2.87027e+05  1.68008e+47  2.77476e+05  1.06073e+47  3.47467e-35
 9.42571e+02  2.87027e+05  1.79169e+47  2.87027e+05  1.79169e+47  2.87027e+05  1.79170e+47  2.77476e+05  1.13119e+47  3.47467e-35
 9.73377e+02  2.87027e+05  1.91072e+47  2.87027e+05  1.91072e+47  2.87027e+05  1.91073e+47  2.77476e+05  1.20634e+47  3.47467e-35
 1.00519e+03  2.87027e+05  2.03765e+47  2.87027e+05  2.03765e+47  2.87027e+05  2.03767e+47  2.77476e+05  1.28648e+47  3.47467e-35
 1.03804e+03  2.87027e+05  2.17302e+47  2.87027e+05  2.17302e+47  2.87027e+05  2.17304e+47  2.77476e+05  1.37194e+47  3.47467e-35
 1.07197e+03  2.87027e+05  2.31738e+47  2.87027e+05  2.31738e+47  2.87027e+05  2.31741e+47  2.77476e+05  1.46308e+47  3.47467e-35
 1.10700e+03  2.87027e+05  2.47133e+47  2.87027e+05  2.47134e+47  2.87027e+05  2.47136e+47  2.77476e+05  1.56028e+47  3.47467e-35
 1.14318e+03  2.87027e+05  2.63551e+47  2.87027e+05  2.63552e+47  2.87027e+05  2.63555e+47  2.77476e+05  1.66393e+47  3.47467e-35
 1.18054e+03  2.87027e+05  2.81060e+47  2.87027e+05  2.81061e+47  2.87027e+05  2.81064e+47  2.77476e+05  1.77447e+47  3.47467e-35
 1.21913e+03  2.87027e+05  2.99732e+47  2.87027e+05  2.99733e+47  2.87027e+05  2.99736e+47  2.77476e+05  1.89235e+47  3.47467e-35
 1.25897e+03  2.87027e+05  3.19645e+47  2.87027e+05  3.19646e+47  2.87027e+05  3.19649e+47  2.77476e+05  2.01807e+47  3.47467e-35
 1.30012e+03  2.87027e+05  3.40880e+47  2.87027e+05  3.40881e+47  2.87027e+05  3.40885e+47  2.77476e+05  2.15213e+47  3.47467e-35
 1.34261e+03  2.87027e+05  3.63526e+47  2.87027e+05  3.63527e+47  2.87027e+05  3.63531e+47  2.77476e+05  2.29510e+47  3.47467e-35
 1.38649e+03  2.87027e+05  3.87677e+47  2.87027e+05  3.87678e+47  2.87027e+05  3.87682e+47  2.77476e+05  2.44757e+47  3.47467e-35
 1.43180e+03  2.87027e+05  4.13432e+47  2.87027e+05  4.13434e+47  2.87027e+05  4.13438e+47  2.77476e+05  2.61017e+47  3.47467e-35
 1.47860e+03  2.87027e+05  4.40899e+47  2.87027e+05  4.40900e+47  2.87027e+05  4.40905e+47  2.77476e+05  2.78358e+47  3.47467e-35
 1.52692e+03  2.87027e+05  4.70190e+47  2.87027e+05  4.70191e+47  2.87027e+05  4.70196e+47  2.77476e+05  2.96850e+47  3.47467e-35
 1.57683e+03  2.87027e+05  5.01427e+47  2.87027e+05  5.01428e+47  2.87027e+05  5.01433e+47  2.77476e+05  3.16570e+47  3.47467e-35
 1.62836e+03  2.87027e+05  5.34739e+47  2.87027e+05  5.34740e+47  2.87027e+05  5.34745e+47  2.77476e+05  3.37601e+47  3.47467e-35
 1.68158e+03  2.87027e+05  5.70264e+47  2.87027e+05  5.70266e+47  2.87027e+05  5.70271e+47  2.77476e+05  3.60029e+47  3.47467e-35
 1.73654e+03  2.87027e+05  6.08149e+47  2.87027e+05  6.08151e+47  2.87027e+05  6.08156e+47  2.77476e+05  3.83947e+47  3.47467e-35
 1.79329e+03  2.87027e+05  6.48552e+47  2.87027e+05  6.48553e+47  2.87027e+05  6.48559e+47  2.77476e+05  4.09454e+47  3.47467e-35
 1.85190e+03  2.87027e+05  6.91638e+47  2.87027e+05  6.91640e+47  2.87027e+05  6.91645e+47  2.77476e+05  4.36655e+47  3.47467e-35
 1.91243e+03  2.87027e+05  7.37587e+47  2.87027e+05  7.37588e+47  2.87027e+05  7.37594e+47  2.77476e+05  4.65664e+47  3.47467e-35
 1.97493e+03  2.87027e+05  7.86588e+47  2.87027e+05  7.86590e+47  2.87027e+05  7.86595e+47  2.77476e+05  4.96599e+47  3.47467e-35
 2.03948e+03  2.87027e+05  8.38844e+47  2.87027e+05  8.38846e+47  2.87027e+05  8.38852e+47  2.77476e+05  5.29590e+47  3.47467e-35
 2.10613e+03  2.87027e+05  8.94573e+47  2.87027e+05  8.94574e+47  2.87027e+05  8.94580e+47  2.77476e+05  5.64772e+47  3.47467e-35
 2.17497e+03  2.87027e+05  9.54003e+47  2.87027e+05  9.54005e+47  2.77476e+05  9.48213e+47  2.77476e+05  6.02292e+47  3.47467e-35
 2.24605e+03  2.87027e+05  1.01738e+48  2.87027e+05  1.01738e+48  2.77476e+05  9.66676e+47  2.77476e+05  6.42304e+47  3.47467e-35
 2.31946e+03  2.87027e+05  1.08497e+48  2.87027e+05  1.08497e+48  2.77476e+05  9.89139e+47  2.77476e+05  6.84975e+47  3.47467e-35
 2.39526e+03  2.87027e+05  1.15705e+48  2.87027e+05  1.15705e+48  2.77476e+05  1.01570e+48  2.77476e+05  7.30480e+47  3.47467e-35
 2.47355e+03  2.87027e+05  1.23392e+48  2.87027e+05  1.23392e+48  2.77476e+05  1.04646e+48  2.77476e+05  7.79008e+47  3.47467e-35
 2.55439e+03  2.87027e+05  1.31589e+48  2.87027e+05  1.31589e+48  2.77476e+05  1.08155e+48  2.77476e+05  8.30761e+47  3.47467e-35
 2.63787e+03  2.87027e+05  1.40331e+48  2.87027e+05  1.40331e+48  2.77476e+05  1.12111e+48  2.77476e+05  8.85951e+47  3.47467e-35
 2.72409e+03  2.87027e+05  1.49654e+48  2.87027e+05  1.49654e+48  2.77476e+05  1.16532e+48  2.77476e+05  9.44808e+47  3.47467e-35
 2.81312e+03  2.87027e+05  1.59596e+48  2.87027e+05  1.59596e+48  2.77476e+05  1.21435e+48  2.68243e+05  9.82334e+47  3.47467e-35
 2.90506e+03  2.87027e+05  1.70199e+48  2.77476e+05  1.65621e+48  2.77476e+05  1.26841e+48  2.68243e+05  1.00187e+48  3.47467e-35
 3.00000e+03  2.87027e+05  1.81506e+48  2.77476e+05  1.69135e+48  2.77476e+05  1.32771e+48  2.68243e+05  1.02555e+48  3.47467e-35
