radius_rg T_0deg chi2_0deg T_15deg chi2_15deg T_30deg chi2_30deg T_45deg chi2_45deg nuLnusavg_last
 2.00000e-01  3.39945e+05  1.70817e+40  3.39945e+05  1.22009e+40  3.28633e+05  6.47456e+39  2.68243e+05  3.22117e+38  1.85232e-69
 2.06537e-01  3.39945e+05  1.53265e+40  3.39945e+05  1.19824e+40  3.17698e+05  7.16438e+39  2.68243e+05  2.51046e+38  1.85232e-69
 2.13287e-01  3.39945e+05  1.42459e+40  3.39945e+05  1.23428e+40  3.17698e+05  6.17897e+39  2.68243e+05  2.11510e+38  1.85232e-69
 2.20257e-01  3.39945e+05  1.38355e+40  3.39945e+05  1.32837e+40  3.17698e+05  5.52476e+39  2.68243e+05  2.03346e+38  1.85232e-69
 2.27456e-01  3.39945e+05  1.40936e+40  3.28633e+05  1.27516e+40  3.17698e+05  5.19904e+39  2.68243e+05  2.26520e+38  1.85232e-69
 2.34890e-01  3.39945e+05  1.50213e+40  3.28633e+05  1.13959e+40  3.17698e+05  5.20045e+39  2.68243e+05  2.81128e+38  1.85232e-69
 2.42567e-01  3.28633e+05  1.51923e+40  3.28633e+05  1.06168e+40  3.17698e+05  5.52901e+39  2.68243e+05  3.67396e+38  1.85232e-69
 2.50494e-01  3.28633e+05  1.34687e+40  3.28633e+05  1.04109e+40  3.17698e+05  6.18606e+39  2.59317e+05  3.17809e+38  1.85232e-69
 2.58681e-01  3.28633e+05  1.24121e+40  3.28633e+05  1.07775e+40  3.07126e+05  5.70891e+39  2.59317e+05  2.31531e+38  1.85232e-69
 2.67136e-01  3.28633e+05  1.20181e+40  3.28633e+05  1.17181e+40  3.07126e+05  4.93786e+39  2.59317e+05  1.76707e+38  1.85232e-69
 2.75866e-01  3.28633e+05  1.22852e+40  3.17698e+05  1.15525e+40  3.07126e+05  4.49286e+39  2.59317e+05  1.53111e+38  1.85232e-69
 2.84882e-01  3.28633e+05  1.32142e+40  3.17698e+05  1.01103e+40  3.07126e+05  4.37208e+39  2.59317e+05  1.60645e+38  1.85232e-69
 2.94193e-01  3.17698e+05  1.38305e+40  3.17698e+05  9.23918e+39  3.07126e+05  4.57502e+39  2.59317e+05  1.99341e+38  1.85232e-69
 3.03808e-01  3.17698e+05  1.20083e+40  3.17698e+05  8.93569e+39  3.07126e+05  5.10251e+39  2.59317e+05  2.69357e+38  1.85232e-69
 3.13737e-01  3.17698e+05  1.08470e+40  3.17698e+05  9.19853e+39  2.96907e+05  5.56571e+39  2.50688e+05  3.57766e+38  1.85232e-69
 3.23991e-01  3.17698e+05  1.03419e+40  3.17698e+05  1.00288e+40  2.96907e+05  4.61112e+39  2.50688e+05  2.48382e+38  1.85232e-69
 3.34580e-01  3.17698e+05  1.04909e+40  3.07126e+05  1.08462e+40  2.96907e+05  3.98124e+39  2.50688e+05  1.70523e+38  1.85232e-69
 3.45515e-01  3.17698e+05  1.12944e+40  3.07126e+05  9.20351e+39  2.96907e+05  3.67346e+39  2.50688e+05  1.23866e+38  1.85232e-69
 3.56807e-01  3.17698e+05  1.27560e+40  3.07126e+05  8.12823e+39  2.96907e+05  3.68650e+39  2.50688e+05  1.08218e+38  1.85232e-69
 3.68468e-01  3.07126e+05  1.10163e+40  3.07126e+05  7.61593e+39  2.96907e+05  4.02042e+39  2.50688e+05  1.23515e+38  1.85232e-69
 3.80511e-01  3.07126e+05  9.62039e+39  3.07126e+05  7.66451e+39  2.96907e+05  4.67660e+39  2.50688e+05  1.69818e+38  1.85232e-69
 3.92947e-01  3.07126e+05  8.87552e+39  3.07126e+05  8.27415e+39  2.87027e+05  4.66699e+39  2.50688e+05  2.47321e+38  1.85232e-69
 4.05790e-01  3.07126e+05  8.77861e+39  3.07126e+05  9.44739e+39  2.87027e+05  3.78445e+39  2.42346e+05  3.20440e+38  1.85232e-69
 4.19052e-01  3.07126e+05  9.32928e+39  2.96907e+05  8.80954e+39  2.87027e+05  3.22319e+39  2.42346e+05  2.11355e+38  1.85232e-69
 4.32748e-01  3.07126e+05  1.05298e+40  2.96907e+05  7.41545e+39  2.87027e+05  2.98090e+39  2.42346e+05  1.33642e+38  1.85232e-69
 4.46891e-01  2.96907e+05  1.06481e+40  2.96907e+05  6.58141e+39  2.87027e+05  3.05656e+39  2.42346e+05  8.69774e+37  1.85232e-69
 4.61496e-01  2.96907e+05  8.88460e+39  2.96907e+05  6.30395e+39  2.87027e+05  3.45049e+39  2.42346e+05  7.11694e+37  1.85232e-69
 4.76579e-01  2.96907e+05  7.76914e+39  2.96907e+05  6.58193e+39  2.87027e+05  4.16433e+39  2.42346e+05  8.61524e+37  1.85232e-69
 4.92155e-01  2.96907e+05  7.29708e+39  2.96907e+05  7.41650e+39  2.77476e+05  4.07340e+39  2.42346e+05  1.31988e+38  1.85232e-69
 5.08240e-01  2.96907e+05  7.46645e+39  2.96907e+05  8.81112e+39  2.77476e+05  3.18913e+39  2.42346e+05  2.08867e+38  1.85232e-69
 5.24851e-01  2.96907e+05  8.27797e+39  2.87027e+05  7.31107e+39  2.77476e+05  2.62368e+39  2.42346e+05  3.17106e+38  1.85232e-69
 5.42004e-01  2.96907e+05  9.73498e+39  2.87027e+05  6.03898e+39  2.77476e+05  2.37472e+39  2.34282e+05  2.07935e+38  1.85232e-69
 5.59718e-01  2.87027e+05  8.88346e+39  2.87027e+05  5.32123e+39  2.77476e+05  2.44120e+39  2.34282e+05  1.21896e+38  1.85232e-69
 5.78011e-01  2.87027e+05  7.26250e+39  2.87027e+05  5.15486e+39  2.77476e+05  2.82341e+39  2.34282e+05  6.68587e+37  1.85232e-69
 5.96902e-01  2.87027e+05  6.28284e+39  2.87027e+05  5.53917e+39  2.77476e+05  3.52292e+39  2.34282e+05  4.25943e+37  1.85232e-69
 6.16411e-01  2.87027e+05  5.94041e+39  2.87027e+05  6.47576e+39  2.68243e+05  3.79605e+39  2.34282e+05  4.90026e+37  1.85232e-69
 6.36557e-01  2.87027e+05  6.23382e+39  2.87027e+05  7.96849e+39  2.68243e+05  2.83522e+39  2.34282e+05  8.61100e+37  1.85232e-69
 6.57361e-01  2.87027e+05  7.16426e+39  2.77476e+05  6.28209e+39  2.68243e+05  2.19175e+39  2.34282e+05  1.54070e+38  1.85232e-69
 6.78845e-01  2.87027e+05  8.73560e+39  2.77476e+05  5.00506e+39  2.68243e+05  1.86296e+39  2.34282e+05  2.53164e+38  1.85232e-69
 7.01032e-01  2.77476e+05  7.69593e+39  2.77476e+05  4.27808e+39  2.68243e+05  1.84751e+39  2.26486e+05  2.46638e+38  1.85232e-69
 7.23943e-01  2.77476e+05  6.07042e+39  2.77476e+05  4.09817e+39  2.68243e+05  2.14532e+39  2.26486e+05  1.43466e+38  1.85232e-69
 7.47603e-01  2.77476e+05  5.08127e+39  2.77476e+05  4.46456e+39  2.68243e+05  2.75764e+39  2.26486e+05  7.13834e+37  1.85232e-69
 7.72037e-01  2.77476e+05  4.72439e+39  2.77476e+05  5.37878e+39  2.68243e+05  3.68699e+39  2.26486e+05  3.00931e+37  1.85232e-69
 7.97269e-01  2.77476e+05  4.99831e+39  2.77476e+05  6.84461e+39  2.59317e+05  2.78712e+39  2.26486e+05  1.94237e+37  1.85232e-69
 8.23326e-01  2.77476e+05  5.90415e+39  2.68243e+05  5.74103e+39  2.59317e+05  1.98987e+39  2.26486e+05  3.93311e+37  1.85232e-69
 8.50234e-01  2.77476e+05  7.44567e+39  2.68243e+05  4.33028e+39  2.59317e+05  1.50648e+39  2.26486e+05  8.98976e+37  1.85232e-69
 8.78022e-01  2.68243e+05  7.10725e+39  2.68243e+05  3.46681e+39  2.59317e+05  1.33494e+39  2.26486e+05  1.71333e+38  1.85232e-69
 9.06718e-01  2.68243e+05  5.32801e+39  2.68243e+05  3.14703e+39  2.59317e+05  1.47455e+39  2.26486e+05  2.83973e+38  1.85232e-69
 9.36352e-01  2.68243e+05  4.18206e+39  2.68243e+05  3.36962e+39  2.59317e+05  1.92589e+39  2.18950e+05  2.14705e+38  1.85232e-69
 9.66955e-01  2.68243e+05  3.66466e+39  2.68243e+05  4.13552e+39  2.59317e+05  2.69081e+39  2.18950e+05  1.16428e+38  1.85232e-69
 9.98557e-01  2.68243e+05  3.77367e+39  2.68243e+05  5.44787e+39  2.50688e+05  3.16993e+39  2.18950e+05  4.91290e+37  1.85232e-69
 1.03119e+00  2.68243e+05  4.50954e+39  2.59317e+05  5.80139e+39  2.50688e+05  2.13999e+39  2.18950e+05  1.25300e+37  1.85232e-69
 1.06489e+00  2.68243e+05  5.87531e+39  2.59317e+05  4.12462e+39  2.50688e+05  1.42453e+39  2.18950e+05  6.47912e+36  1.85232e-69
 1.09970e+00  2.59317e+05  7.24954e+39  2.59317e+05  2.99428e+39  2.50688e+05  1.02059e+39  2.18950e+05  3.09515e+37  1.85232e-69
 1.13564e+00  2.59317e+05  5.16317e+39  2.59317e+05  2.40567e+39  2.50688e+05  9.26487e+38  2.18950e+05  8.60484e+37  1.85232e-69
 1.17276e+00  2.59317e+05  3.70941e+39  2.59317e+05  2.35637e+39  2.50688e+05  1.14184e+39  2.18950e+05  1.71998e+38  1.85232e-69
 1.21108e+00  2.59317e+05  2.88225e+39  2.59317e+05  2.84618e+39  2.50688e+05  1.66755e+39  2.18950e+05  2.89155e+38  1.85232e-69
 1.25067e+00  2.59317e+05  2.67826e+39  2.59317e+05  3.87711e+39  2.50688e+05  2.50578e+39  2.11664e+05  2.29492e+38  1.85232e-69
 1.29154e+00  2.59317e+05  3.09659e+39  2.59317e+05  5.45345e+39  2.42346e+05  2.83197e+39  2.11664e+05  1.26396e+38  1.85232e-69
 1.33375e+00  2.59317e+05  4.13898e+39  2.50688e+05  4.60212e+39  2.42346e+05  1.80255e+39  2.11664e+05  5.43192e+37  1.85232e-69
 1.37734e+00  2.59317e+05  5.80974e+39  2.50688e+05  3.06945e+39  2.42346e+05  1.08622e+39  2.11664e+05  1.29638e+37  1.85232e-69
 1.42236e+00  2.50688e+05  5.82460e+39  2.50688e+05  2.07883e+39  2.42346e+05  6.80002e+38  2.11664e+05  2.15846e+36  1.85232e-69
 1.46884e+00  2.50688e+05  3.90591e+39  2.50688e+05  1.62616e+39  2.42346e+05  5.82221e+38  2.11664e+05  2.18584e+37  1.85232e-69
 1.51685e+00  2.50688e+05  2.61462e+39  2.50688e+05  1.70957e+39  2.42346e+05  7.92471e+38  2.11664e+05  7.21453e+37  1.85232e-69
 1.56642e+00  2.50688e+05  1.94540e+39  2.50688e+05  2.32941e+39  2.42346e+05  1.31162e+39  2.11664e+05  1.53227e+38  1.85232e-69
 1.61762e+00  2.50688e+05  1.89547e+39  2.50688e+05  3.48824e+39  2.42346e+05  2.14182e+39  2.11664e+05  2.65439e+38  1.85232e-69
 1.67049e+00  2.50688e+05  2.46463e+39  2.50688e+05  5.19086e+39  2.34282e+05  2.90370e+39  2.11664e+05  4.09247e+38  1.85232e-69
 1.72508e+00  2.50688e+05  3.65523e+39  2.42346e+05  4.01749e+39  2.34282e+05  1.78871e+39  2.11664e+05  5.85244e+38  1.85232e-69
 1.78146e+00  2.50688e+05  5.47220e+39  2.42346e+05  2.48461e+39  2.34282e+05  9.86753e+38  2.11664e+05  7.94160e+38  1.85232e-69
 1.83968e+00  2.42346e+05  5.14916e+39  2.42346e+05  1.49136e+39  2.34282e+05  4.94499e+38  2.11664e+05  1.03686e+39  1.85232e-69
 1.89981e+00  2.42346e+05  3.23089e+39  2.42346e+05  1.03363e+39  2.34282e+05  3.09913e+38  2.11664e+05  1.31434e+39  1.85232e-69
 1.96190e+00  2.42346e+05  1.93723e+39  2.42346e+05  1.10953e+39  2.34282e+05  4.32231e+38  2.11664e+05  1.62777e+39  1.85232e-69
 2.02602e+00  2.42346e+05  1.26284e+39  2.42346e+05  1.71938e+39  2.34282e+05  8.61959e+38  2.11664e+05  1.97842e+39  1.85232e-69
 2.09224e+00  2.42346e+05  1.20491e+39  2.42346e+05  2.86569e+39  2.34282e+05  1.60088e+39  2.11664e+05  2.36776e+39  1.85232e-69
 2.16062e+00  2.42346e+05  1.76321e+39  2.42346e+05  4.55322e+39  2.34282e+05  2.65204e+39  2.11664e+05  2.79739e+39  1.85232e-69
 2.23123e+00  2.42346e+05  2.94005e+39  2.34282e+05  4.07357e+39  2.26486e+05  2.18590e+39  2.11664e+05  3.26910e+39  1.85232e-69
 2.30415e+00  2.42346e+05  4.74030e+39  2.34282e+05  2.39251e+39  2.26486e+05  1.21006e+39  2.11664e+05  3.78483e+39  1.85232e-69
 2.37946e+00  2.34282e+05  5.25436e+39  2.34282e+05  1.25070e+39  2.26486e+05  5.44840e+38  2.11664e+05  4.34673e+39  1.85232e-69
 2.45723e+00  2.34282e+05  3.16499e+39  2.34282e+05  6.43415e+38  2.26486e+05  1.87499e+38  2.11664e+05  4.95710e+39  1.85232e-69
 2.53753e+00  2.34282e+05  1.69996e+39  2.34282e+05  5.68147e+38  2.26486e+05  1.36555e+38  2.11664e+05  5.61849e+39  1.85232e-69
 2.62047e+00  2.34282e+05  8.53205e+38  2.34282e+05  1.02458e+39  2.26486e+05  3.91798e+38  2.11664e+05  6.33363e+39  1.85232e-69
 2.70611e+00  2.34282e+05  6.21224e+38  2.34282e+05  2.01461e+39  2.26486e+05  9.54284e+38  2.11664e+05  7.10547e+39  1.85232e-69
 2.79455e+00  2.34282e+05  1.00306e+39  2.34282e+05  3.54232e+39  2.26486e+05  1.82634e+39  2.11664e+05  7.93722e+39  1.85232e-69
 2.88589e+00  2.34282e+05  2.00028e+39  2.26486e+05  4.92534e+39  2.26486e+05  3.01158e+39  2.11664e+05  8.83231e+39  1.85232e-69
 2.98021e+00  2.34282e+05  3.61703e+39  2.26486e+05  2.94172e+39  2.18950e+05  1.92255e+39  2.11664e+05  9.79445e+39  1.85232e-69
 3.07761e+00  2.34282e+05  5.85999e+39  2.26486e+05  1.49961e+39  2.18950e+05  9.92543e+38  2.11664e+05  1.08276e+40  1.85232e-69
 3.17819e+00  2.26486e+05  3.88144e+39  2.26486e+05  5.93071e+38  2.18950e+05  3.72269e+38  2.11664e+05  1.19361e+40  1.85232e-69
 3.28206e+00  2.26486e+05  2.06917e+39  2.26486e+05  2.18333e+38  2.18950e+05  5.91574e+37  2.11664e+05  1.31245e+40  1.85232e-69
 3.38933e+00  2.26486e+05  8.76706e+38  2.26486e+05  3.73849e+38  2.18950e+05  5.19120e+37  2.11664e+05  1.43977e+40  1.85232e-69
 3.50010e+00  2.26486e+05  2.99114e+38  2.26486e+05  1.06026e+39  2.18950e+05  3.50503e+38  2.11664e+05  1.57609e+40  1.85232e-69
 3.61449e+00  2.26486e+05  3.34001e+38  2.26486e+05  2.28042e+39  2.18950e+05  9.56166e+38  2.11664e+05  1.72199e+40  1.85232e-69
 3.73262e+00  2.26486e+05  9.81513e+38  2.26486e+05  4.03936e+39  2.18950e+05  1.87141e+39  2.11664e+05  1.87806e+40  1.85232e-69
 3.85462e+00  2.26486e+05  2.24433e+39  2.18950e+05  4.42555e+39  2.18950e+05  3.10001e+39  2.11664e+05  2.04496e+40  1.85232e-69
 3.98060e+00  2.26486e+05  4.12768e+39  2.18950e+05  2.52230e+39  2.18950e+05  4.64707e+39  2.11664e+05  2.22337e+40  1.85232e-69
 4.11069e+00  2.18950e+05  5.72162e+39  2.18950e+05  1.15885e+39  2.11664e+05  3.72215e+39  2.11664e+05  2.41403e+40  1.85232e-69
 4.24504e+00  2.18950e+05  3.37539e+39  2.18950e+05  3.29540e+38  2.11664e+05  2.88973e+39  2.11664e+05  2.61773e+40  1.85232e-69
 4.38378e+00  2.18950e+05  1.65437e+39  2.18950e+05  3.09460e+37  2.11664e+05  2.37489e+39  2.11664e+05  2.83531e+40  1.85232e-69
 4.52705e+00  2.18950e+05  5.51446e+38  2.18950e+05  2.61831e+38  2.11664e+05  2.17549e+39  2.11664e+05  3.06768e+40  1.85232e-69
 4.67501e+00  2.18950e+05  6.20432e+37  2.18950e+05  1.02315e+39  2.11664e+05  2.29072e+39  2.11664e+05  3.31579e+40  1.85232e-69
 4.82780e+00  2.18950e+05  1.84139e+38  2.18950e+05  2.31806e+39  2.11664e+05  2.72106e+39  2.11664e+05  3.58067e+40  1.85232e-69
 4.98558e+00  2.18950e+05  9.18239e+38  2.18950e+05  4.15191e+39  2.11664e+05  3.46827e+39  2.11664e+05  3.86343e+40  1.85232e-69
 5.14853e+00  2.18950e+05  2.26738e+39  2.18950e+05  6.53229e+39  2.11664e+05  4.53546e+39  2.11664e+05  4.16521e+40  1.85232e-69
 5.31679e+00  2.18950e+05  4.23715e+39  2.11664e+05  7.45669e+39  2.11664e+05  5.92704e+39  2.11664e+05  4.48729e+40  1.85232e-69
 5.49056e+00  2.18950e+05  6.83570e+39  2.11664e+05  5.71540e+39  2.11664e+05  7.64877e+39  2.11664e+05  4.83099e+40  1.85232e-69
 5.67001e+00  2.11664e+05  9.17960e+39  2.11664e+05  4.52712e+39  2.11664e+05  9.70778e+39  2.11664e+05  5.19773e+40  1.85232e-69
 5.85532e+00  2.11664e+05  7.01690e+39  2.11664e+05  3.88692e+39  2.11664e+05  1.21126e+40  2.11664e+05  5.58903e+40  1.85232e-69
 6.04668e+00  2.11664e+05  5.49447e+39  2.11664e+05  3.79216e+39  2.11664e+05  1.48731e+40  2.11664e+05  6.00651e+40  1.85232e-69
 6.24430e+00  2.11664e+05  4.60603e+39  2.11664e+05  4.24245e+39  2.11664e+05  1.80009e+40  2.11664e+05  6.45189e+40  1.85232e-69
 6.44838e+00  2.11664e+05  4.34789e+39  2.11664e+05  5.23964e+39  2.11664e+05  2.15087e+40  2.11664e+05  6.92703e+40  1.85232e-69
 6.65913e+00  2.11664e+05  4.71899e+39  2.11664e+05  6.78787e+39  2.11664e+05  2.54112e+40  2.11664e+05  7.43389e+40  1.85232e-69
 6.87677e+00  2.11664e+05  5.72086e+39  2.11664e+05  8.89354e+39  2.11664e+05  2.97244e+40  2.11664e+05  7.97455e+40  1.85232e-69
 7.10152e+00  2.11664e+05  7.35765e+39  2.11664e+05  1.15654e+40  2.11664e+05  3.44663e+40  2.11664e+05  8.55128e+40  1.85232e-69
 7.33362e+00  2.11664e+05  9.63613e+39  2.11664e+05  1.48144e+40  2.11664e+05  3.96565e+40  2.11664e+05  9.16643e+40  1.85232e-69
 7.57330e+00  2.11664e+05  1.25657e+40  2.11664e+05  1.86541e+40  2.11664e+05  4.53164e+40  2.11664e+05  9.82258e+40  1.85232e-69
 7.82082e+00  2.11664e+05  1.61586e+40  2.11664e+05  2.31004e+40  2.11664e+05  5.14694e+40  2.11664e+05  1.05224e+41  1.85232e-69
 8.07642e+00  2.11664e+05  2.04295e+40  2.11664e+05  2.81716e+40  2.11664e+05  5.81411e+40  2.11664e+05  1.12689e+41  1.85232e-69
 8.34038e+00  2.11664e+05  2.53963e+40  2.11664e+05  3.38887e+40  2.11664e+05  6.53590e+40  2.11664e+05  1.20650e+41  1.85232e-69
 8.61296e+00  2.11664e+05  3.10794e+40  2.11664e+05  4.02754e+40  2.11664e+05  7.31531e+40  2.11664e+05  1.29141e+41  1.85232e-69
 8.89446e+00  2.11664e+05  3.75023e+40  2.11664e+05  4.73582e+40  2.11664e+05  8.15555e+40  2.11664e+05  1.38197e+41  1.85232e-69
 9.18515e+00  2.11664e+05  4.46917e+40  2.11664e+05  5.51663e+40  2.11664e+05  9.06010e+40  2.11664e+05  1.47855e+41  1.85232e-69
 9.48535e+00  2.11664e+05  5.26773e+40  2.11664e+05  6.37321e+40  2.11664e+05  1.00327e+41  2.11664e+05  1.58156e+41  1.85232e-69
 9.79535e+00  2.11664e+05  6.14922e+40  2.11664e+05  7.30909e+40  2.11664e+05  1.10774e+41  2.11664e+05  1.69142e+41  1.85232e-69
 1.01155e+01  2.11664e+05  7.11727e+40  2.11664e+05  8.32816e+40  2.11664e+05  1.21985e+41  2.11664e+05  1.80858e+41  1.85232e-69
 1.04461e+01  2.11664e+05  8.17591e+40  2.11664e+05  9.43464e+40  2.11664e+05  1.34006e+41  2.11664e+05  1.93354e+41  1.85232e-69
 1.07875e+01  2.11664e+05  9.32950e+40  2.11664e+05  1.06331e+41  2.11664e+05  1.46888e+41  2.11664e+05  2.06680e+41  1.85232e-69
 1.11401e+01  2.11664e+05  1.05828e+41  2.11664e+05  1.19285e+41  2.11664e+05  1.60683e+41  2.11664e+05  2.20891e+41  1.85232e-69
 1.15041e+01  2.11664e+05  1.19411e+41  2.11664e+05  1.33262e+41  2.11664e+05  1.75449e+41  2.11664e+05  2.36048e+41  1.85232e-69
 1.18801e+01  2.11664e+05  1.34099e+41  2.11664e+05  1.48319e+41  2.11664e+05  1.91246e+41  2.11664e+05  2.52212e+41  1.85232e-69
 1.22684e+01  2.11664e+05  1.49953e+41  2.11664e+05  1.64520e+41  2.11664e+05  2.08141e+41  2.11664e+05  2.69450e+41  1.85232e-69
 1.26694e+01  2.11664e+05  1.67039e+41  2.11664e+05  1.81932e+41  2.11664e+05  2.26202e+41  2.11664e+05  2.87833e+41  1.85232e-69
 1.30834e+01  2.11664e+05  1.85427e+41  2.11664e+05  2.00625e+41  2.11664e+05  2.45506e+41  2.11664e+05  3.07439e+41  1.85232e-69
 1.35110e+01  2.11664e+05  2.05194e+41  2.11664e+05  2.20678e+41  2.11664e+05  2.66131e+41  2.11664e+05  3.28347e+41  1.85232e-69
 1.39526e+01  2.11664e+05  2.26422e+41  2.11664e+05  2.42174e+41  2.11664e+05  2.88162e+41  2.11664e+05  3.50644e+41  1.85232e-69
 1.44086e+01  2.11664e+05  2.49198e+41  2.11664e+05  2.65201e+41  2.11664e+05  3.11693e+41  2.11664e+05  3.74424e+41  1.85232e-69
 1.48795e+01  2.11664e+05  2.73616e+41  2.11664e+05  2.89855e+41  2.11664e+05  3.36818e+41  2.11664e+05  3.99783e+41  1.85232e-69
 1.53658e+01  2.11664e+05  2.99778e+41  2.11664e+05  3.16238e+41  2.11664e+05  3.63643e+41  2.11664e+05  4.26827e+41  1.85232e-69
 1.58680e+01  2.11664e+05  3.27792e+41  2.11664e+05  3.44459e+41  2.11664e+05  3.92279e+41  2.11664e+05  4.55668e+41  1.85232e-69
 1.63866e+01  2.11664e+05  3.57773e+41  2.11664e+05  3.74635e+41  2.11664e+05  4.22844e+41  2.11664e+05  4.86425e+41  1.85232e-69
 1.69222e+01  2.11664e+05  3.89847e+41  2.11664e+05  4.06891e+41  2.11664e+05  4.55464e+41  2.11664e+05  5.19226e+41  1.85232e-69
 1.74753e+01  2.11664e+05  4.24145e+41  2.11664e+05  4.41360e+41  2.11664e+05  4.90275e+41  2.11664e+05  5.54206e+41  1.85232e-69
 1.80464e+01  2.11664e+05  4.60809e+41  2.11664e+05  4.78185e+41  2.11664e+05  5.27420e+41  2.11664e+05  5.91511e+41  1.85232e-69
 1.86362e+01  2.11664e+05  4.99992e+41  2.11664e+05  5.17518e+41  2.11664e+05  5.67054e+41  2.11664e+05  6.31293e+41  1.85232e-69
 1.92453e+01  2.11664e+05  5.41856e+41  2.11664e+05  5.59522e+41  2.11664e+05  6.09340e+41  2.11664e+05  6.73719e+41  1.85232e-69
 1.98743e+01  2.11664e+05  5.86573e+41  2.11664e+05  6.04371e+41  2.11664e+05  6.54454e+41  2.11664e+05  7.18963e+41  1.85232e-69
 2.05238e+01  2.11664e+05  6.34328e+41  2.11664e+05  6.52251e+41  2.11664e+05  7.02581e+41  2.11664e+05  7.67214e+41  1.85232e-69
 2.11946e+01  2.11664e+05  6.85321e+41  2.11664e+05  7.03359e+41  2.11664e+05  7.53922e+41  2.11664e+05  8.18669e+41  1.85232e-69
 2.18873e+01  2.11664e+05  7.39760e+41  2.11664e+05  7.57908e+41  2.11664e+05  8.08689e+41  2.11664e+05  8.73544e+41  1.85232e-69
 2.26026e+01  2.11664e+05  7.97872e+41  2.11664e+05  8.16122e+41  2.11664e+05  8.67107e+41  2.11664e+05  9.32064e+41  1.85232e-69
 2.33413e+01  2.11664e+05  8.59898e+41  2.11664e+05  8.78244e+41  2.11664e+05  9.29420e+41  2.11664e+05  9.94472e+41  1.85232e-69
 2.41042e+01  2.11664e+05  9.26093e+41  2.11664e+05  9.44529e+41  2.11664e+05  9.95885e+41  2.11664e+05  1.06103e+42  1.85232e-69
 2.48920e+01  2.11664e+05  9.96733e+41  2.11664e+05  1.01525e+42  2.11664e+05  1.06678e+42  2.11664e+05  1.13200e+42  1.85232e-69
 2.57055e+01  2.11664e+05  1.07211e+42  2.11664e+05  1.09071e+42  2.11664e+05  1.14239e+42  2.04621e+05  1.16584e+42  1.85232e-69
 2.65456e+01  2.11664e+05  1.15253e+42  2.11664e+05  1.17120e+42  2.11664e+05  1.22304e+42  2.04621e+05  1.17789e+42  1.85232e-69
 2.74132e+01  2.11664e+05  1.23834e+42  2.11664e+05  1.25708e+42  2.11664e+05  1.30905e+42  2.04621e+05  1.19484e+42  1.85232e-69
 2.83091e+01  2.11664e+05  1.32988e+42  2.11664e+05  1.34868e+42  2.11664e+05  1.40078e+42  2.04621e+05  1.21677e+42  1.85232e-69
 2.92343e+01  2.11664e+05  1.42753e+42  2.11664e+05  1.44640e+42  2.11664e+05  1.49862e+42  2.04621e+05  1.24376e+42  1.85232e-69
 3.01898e+01  2.11664e+05  1.53171e+42  2.11664e+05  1.55063e+42  2.11664e+05  1.60297e+42  2.04621e+05  1.27594e+42  1.85232e-69
 3.11765e+01  2.11664e+05  1.64283e+42  2.11664e+05  1.66181e+42  2.11664e+05  1.71425e+42  2.04621e+05  1.31342e+42  1.85232e-69
 3.21954e+01  2.11664e+05  1.76137e+42  2.11664e+05  1.78040e+42  2.11664e+05  1.83294e+42  2.04621e+05  1.35637e+42  1.85232e-69
 3.32476e+01  2.11664e+05  1.88780e+42  2.11664e+05  1.90688e+42  2.11664e+05  1.95952e+42  2.04621e+05  1.40496e+42  1.85232e-69
 3.43343e+01  2.11664e+05  2.02266e+42  2.11664e+05  2.04178e+42  2.11664e+05  2.09451e+42  2.04621e+05  1.45940e+42  1.85232e-69
 3.54564e+01  2.11664e+05  2.16650e+42  2.11664e+05  2.18566e+42  2.11664e+05  2.23847e+42  2.04621e+05  1.51990e+42  1.85232e-69
 3.66152e+01  2.11664e+05  2.31992e+42  2.11664e+05  2.33912e+42  2.11664e+05  2.39201e+42  2.04621e+05  1.58673e+42  1.85232e-69
 3.78119e+01  2.11664e+05  2.48355e+42  2.11664e+05  2.50279e+42  2.11664e+05  2.55575e+42  2.04621e+05  1.66016e+42  1.85232e-69
 3.90477e+01  2.11664e+05  2.65807e+42  2.11664e+05  2.67734e+42  2.11664e+05  2.73037e+42  2.04621e+05  1.74048e+42  1.85232e-69
 4.03238e+01  2.11664e+05  2.84420e+42  2.11664e+05  2.86350e+42  2.11664e+05  2.91660e+42  2.04621e+05  1.82804e+42  1.85232e-69
 4.16417e+01  2.11664e+05  3.04271e+42  2.11664e+05  3.06205e+42  2.11664e+05  3.11520e+42  2.04621e+05  1.92320e+42  1.85232e-69
 4.30027e+01  2.11664e+05  3.25443e+42  2.11664e+05  3.27379e+42  2.11664e+05  3.32700e+42  2.04621e+05  2.02634e+42  1.85232e-69
 4.44081e+01  2.11664e+05  3.48022e+42  2.11664e+05  3.49961e+42  2.11664e+05  3.55288e+42  2.04621e+05  2.13790e+42  1.85232e-69
 4.58595e+01  2.11664e+05  3.72103e+42  2.11664e+05  3.74045e+42  2.11664e+05  3.79376e+42  2.04621e+05  2.25834e+42  1.85232e-69
 4.73583e+01  2.11664e+05  3.97786e+42  2.11664e+05  3.99729e+42  2.11664e+05  4.05065e+42  2.04621e+05  2.38816e+42  1.85232e-69
 4.89061e+01  2.11664e+05  4.25175e+42  2.11664e+05  4.27121e+42  2.11664e+05  4.32461e+42  2.04621e+05  2.52788e+42  1.85232e-69
 5.05045e+01  2.11664e+05  4.54385e+42  2.11664e+05  4.56333e+42  2.11664e+05  4.61678e+42  2.04621e+05  2.67811e+42  1.85232e-69
 5.21551e+01  2.11664e+05  4.85537e+42  2.11664e+05  4.87487e+42  2.11664e+05  4.92835e+42  2.04621e+05  2.83944e+42  1.85232e-69
 5.38597e+01  2.11664e+05  5.18759e+42  2.11664e+05  5.20711e+42  2.11664e+05  5.26062e+42  2.04621e+05  3.01256e+42  1.85232e-69
 5.56199e+01  2.11664e+05  5.54189e+42  2.11664e+05  5.56142e+42  2.11664e+05  5.61498e+42  2.04621e+05  3.19817e+42  1.85232e-69
 5.74378e+01  2.11664e+05  5.91974e+42  2.11664e+05  5.93929e+42  2.11664e+05  5.99287e+42  2.04621e+05  3.39705e+42  1.85232e-69
 5.93150e+01  2.11664e+05  6.32270e+42  2.11664e+05  6.34226e+42  2.11664e+05  6.39587e+42  2.04621e+05  3.61002e+42  1.85232e-69
 6.12535e+01  2.11664e+05  6.75243e+42  2.11664e+05  6.77201e+42  2.11664e+05  6.82565e+42  2.04621e+05  3.83796e+42  1.85232e-69
 6.32555e+01  2.11664e+05  7.21072e+42  2.11664e+05  7.23031e+42  2.11664e+05  7.28398e+42  2.04621e+05  4.08181e+42  1.85232e-69
 6.53228e+01  2.11664e+05  7.69946e+42  2.11664e+05  7.71907e+42  2.11664e+05  7.77276e+42  2.04621e+05  4.34259e+42  1.85232e-69
 6.74577e+01  2.11664e+05  8.22068e+42  2.11664e+05  8.24030e+42  2.11664e+05  8.29401e+42  2.04621e+05  4.62137e+42  1.85232e-69
 6.96624e+01  2.11664e+05  8.77653e+42  2.11664e+05  8.79616e+42  2.11664e+05  8.84990e+42  2.04621e+05  4.91930e+42  1.85232e-69
 7.19392e+01  2.11664e+05  9.36932e+42  2.11664e+05  9.38895e+42  2.11664e+05  9.44271e+42  2.04621e+05  5.23763e+42  1.85232e-69
 7.42903e+01  2.11664e+05  1.00015e+43  2.11664e+05  1.00211e+43  2.11664e+05  1.00749e+43  2.04621e+05  5.57766e+42  1.85232e-69
 7.67183e+01  2.11664e+05  1.06757e+43  2.11664e+05  1.06953e+43  2.11664e+05  1.07491e+43  2.04621e+05  5.94080e+42  1.85232e-69
 7.92257e+01  2.11664e+05  1.13946e+43  2.11664e+05  1.14143e+43  2.11664e+05  1.14681e+43  2.04621e+05  6.32856e+42  1.85232e-69
 8.18150e+01  2.11664e+05  1.21614e+43  2.11664e+05  1.21810e+43  2.11664e+05  1.22348e+43  2.04621e+05  6.74254e+42  1.85232e-69
 8.44889e+01  2.11664e+05  1.29790e+43  2.11664e+05  1.29987e+43  2.11664e+05  1.30525e+43  2.04621e+05  7.18445e+42  1.85232e-69
 8.72502e+01  2.11664e+05  1.38510e+43  2.11664e+05  1.38707e+43  2.11664e+05  1.39246e+43  2.04621e+05  7.65613e+42  1.85232e-69
 9.01018e+01  2.11664e+05  1.47809e+43  2.11664e+05  1.48006e+43  2.11664e+05  1.48545e+43  2.04621e+05  8.15952e+42  1.85232e-69
 9.30466e+01  2.11664e+05  1.57727e+43  2.11664e+05  1.57924e+43  2.11664e+05  1.58462e+43  2.04621e+05  8.69671e+42  1.85232e-69
 9.60876e+01  2.11664e+05  1.68303e+43  2.11664e+05  1.68500e+43  2.11664e+05  1.69038e+43  2.04621e+05  9.26993e+42  1.85232e-69
 9.92280e+01  2.11664e+05  1.79581e+43  2.11664e+05  1.79778e+43  2.11664e+05  1.80317e+43  2.04621e+05  9.88153e+42  1.85232e-69
 1.02471e+02  2.11664e+05  1.91609e+43  2.11664e+05  1.91806e+43  2.11664e+05  1.92345e+43  2.04621e+05  1.05341e+43  1.85232e-69
 1.05820e+02  2.11664e+05  2.04436e+43  2.11664e+05  2.04633e+43  2.11664e+05  2.05172e+43  2.04621e+05  1.12302e+43  1.85232e-69
 1.09278e+02  2.11664e+05  2.18115e+43  2.11664e+05  2.18312e+43  2.11664e+05  2.18852e+43  2.04621e+05  1.19729e+43  1.85232e-69
 1.12850e+02  2.11664e+05  2.32703e+43  2.11664e+05  2.32900e+43  2.11664e+05  2.33440e+43  2.04621e+05  1.27651e+43  1.85232e-69
 1.16538e+02  2.11664e+05  2.48260e+43  2.11664e+05  2.48457e+43  2.11664e+05  2.48997e+43  2.04621e+05  1.36102e+43  1.85232e-69
 1.20347e+02  2.11664e+05  2.64851e+43  2.11664e+05  2.65048e+43  2.11664e+05  2.65587e+43  2.04621e+05  1.45117e+43  1.85232e-69
 1.24280e+02  2.11664e+05  2.82543e+43  2.11664e+05  2.82741e+43  2.11664e+05  2.83280e+43  2.04621e+05  1.54732e+43  1.85232e-69
 1.28342e+02  2.11664e+05  3.01411e+43  2.11664e+05  3.01609e+43  2.11664e+05  3.02149e+43  2.04621e+05  1.64988e+43  1.85232e-69
 1.32537e+02  2.11664e+05  3.21533e+43  2.11664e+05  3.21731e+43  2.11664e+05  3.22270e+43  2.04621e+05  1.75928e+43  1.85232e-69
 1.36868e+02  2.11664e+05  3.42992e+43  2.11664e+05  3.43189e+43  2.11664e+05  3.43729e+43  2.04621e+05  1.87595e+43  1.85232e-69
 1.41341e+02  2.11664e+05  3.65876e+43  2.11664e+05  3.66073e+43  2.11664e+05  3.66613e+43  2.04621e+05  2.00039e+43  1.85232e-69
 1.45961e+02  2.11664e+05  3.90280e+43  2.11664e+05  3.90477e+43  2.11664e+05  3.91017e+43  2.04621e+05  2.13312e+43  1.85232e-69
 1.50731e+02  2.11664e+05  4.16305e+43  2.11664e+05  4.16503e+43  2.11664e+05  4.17043e+43  2.04621e+05  2.27467e+43  1.85232e-69
 1.55658e+02  2.11664e+05  4.44060e+43  2.11664e+05  4.44257e+43  2.11664e+05  4.44797e+43  2.04621e+05  2.42564e+43  1.85232e-69
 1.60745e+02  2.11664e+05  4.73658e+43  2.11664e+05  4.73856e+43  2.11664e+05  4.74396e+43  2.04621e+05  2.58666e+43  1.85232e-69
 1.65998e+02  2.11664e+05  5.05223e+43  2.11664e+05  5.05420e+43  2.11664e+05  5.05960e+43  2.04621e+05  2.75838e+43  1.85232e-69
 1.71424e+02  2.11664e+05  5.38884e+43  2.11664e+05  5.39082e+43  2.11664e+05  5.39622e+43  2.04621e+05  2.94152e+43  1.85232e-69
 1.77026e+02  2.11664e+05  5.74782e+43  2.11664e+05  5.74980e+43  2.11664e+05  5.75520e+43  2.04621e+05  3.13683e+43  1.85232e-69
 1.82812e+02  2.11664e+05  6.13065e+43  2.11664e+05  6.13263e+43  2.11664e+05  6.13803e+43  2.04621e+05  3.34513e+43  1.85232e-69
 1.88787e+02  2.11664e+05  6.53891e+43  2.11664e+05  6.54089e+43  2.11664e+05  6.54629e+43  2.04621e+05  3.56728e+43  1.85232e-69
 1.94957e+02  2.11664e+05  6.97429e+43  2.11664e+05  6.97627e+43  2.11664e+05  6.98167e+43  2.04621e+05  3.80419e+43  1.85232e-69
 2.01328e+02  2.11664e+05  7.43860e+43  2.11664e+05  7.44057e+43  2.11664e+05  7.44598e+43  2.04621e+05  4.05685e+43  1.85232e-69
 2.07908e+02  2.11664e+05  7.93375e+43  2.11664e+05  7.93573e+43  2.11664e+05  7.94113e+43  2.04621e+05  4.32630e+43  1.85232e-69
 2.14703e+02  2.11664e+05  8.46180e+43  2.11664e+05  8.46377e+43  2.11664e+05  8.46918e+43  2.04621e+05  4.61366e+43  1.85232e-69
 2.21720e+02  2.11664e+05  9.02492e+43  2.11664e+05  9.02690e+43  2.11664e+05  9.03230e+43  2.04621e+05  4.92012e+43  1.85232e-69
 2.28967e+02  2.11664e+05  9.62546e+43  2.11664e+05  9.62743e+43  2.11664e+05  9.63284e+43  2.04621e+05  5.24694e+43  1.85232e-69
 2.36450e+02  2.11664e+05  1.02659e+44  2.11664e+05  1.02679e+44  2.11664e+05  1.02733e+44  2.04621e+05  5.59548e+43  1.85232e-69
 2.44178e+02  2.11664e+05  1.09489e+44  2.11664e+05  1.09508e+44  2.11664e+05  1.09562e+44  2.04621e+05  5.96717e+43  1.85232e-69
 2.52158e+02  2.11664e+05  1.16772e+44  2.11664e+05  1.16792e+44  2.11664e+05  1.16846e+44  2.04621e+05  6.36357e+43  1.85232e-69
 2.60399e+02  2.11664e+05  1.24540e+44  2.11664e+05  1.24559e+44  2.11664e+05  1.24613e+44  2.04621e+05  6.78630e+43  1.85232e-69
 2.68910e+02  2.11664e+05  1.32823e+44  2.11664e+05  1.32843e+44  2.04621e+05  1.30813e+44  2.04621e+05  7.23712e+43  1.85232e-69
 2.77699e+02  2.11664e+05  1.41657e+44  2.11664e+05  1.41676e+44  2.04621e+05  1.31976e+44  2.04621e+05  7.71790e+43  1.85232e-69
 2.86774e+02  2.11664e+05  1.51077e+44  2.11664e+05  1.51097e+44  2.04621e+05  1.33685e+44  2.04621e+05  8.23062e+43  1.85232e-69
 2.96147e+02  2.11664e+05  1.61124e+44  2.11664e+05  1.61143e+44  2.04621e+05  1.35948e+44  2.04621e+05  8.77740e+43  1.85232e-69
 3.05826e+02  2.11664e+05  1.71837e+44  2.11664e+05  1.71857e+44  2.04621e+05  1.38774e+44  2.04621e+05  9.36051e+43  1.85232e-69
 3.15821e+02  2.11664e+05  1.83263e+44  2.11664e+05  1.83283e+44  2.04621e+05  1.42175e+44  2.04621e+05  9.98236e+43  1.85232e-69
 3.26143e+02  2.11664e+05  1.95447e+44  2.11664e+05  1.95467e+44  2.04621e+05  1.46164e+44  2.04621e+05  1.06455e+44  1.85232e-69
 3.36802e+02  2.11664e+05  2.08441e+44  2.11664e+05  2.08461e+44  2.04621e+05  1.50759e+44  2.04621e+05  1.13528e+44  1.85232e-69
 3.47810e+02  2.11664e+05  2.22299e+44  2.11664e+05  2.22318e+44  2.04621e+05  1.55977e+44  2.04621e+05  1.21070e+44  1.85232e-69
 3.59177e+02  2.11664e+05  2.37077e+44  2.04621e+05  2.27383e+44  2.04621e+05  1.61842e+44  2.04621e+05  1.29113e+44  1.85232e-69
 3.70916e+02  2.11664e+05  2.52836e+44  2.04621e+05  2.29832e+44  2.04621e+05  1.68376e+44  2.04621e+05  1.37690e+44  1.85232e-69
 3.83038e+02  2.04621e+05  2.62051e+44  2.04621e+05  2.33232e+44  2.04621e+05  1.75608e+44  2.04621e+05  1.46838e+44  1.85232e-69
 3.95557e+02  2.04621e+05  2.64620e+44  2.04621e+05  2.37597e+44  2.04621e+05  1.83567e+44  2.04621e+05  1.56593e+44  1.85232e-69
 4.08485e+02  2.04621e+05  2.68285e+44  2.04621e+05  2.42947e+44  2.04621e+05  1.92286e+44  2.04621e+05  1.66996e+44  1.85232e-69
 4.21835e+02  2.04621e+05  2.73061e+44  2.04621e+05  2.49302e+44  2.04621e+05  2.01800e+44  2.04621e+05  1.78091e+44  1.85232e-69
 4.35622e+02  2.04621e+05  2.78967e+44  2.04621e+05  2.56690e+44  2.04621e+05  2.12151e+44  2.04621e+05  1.89922e+44  1.85232e-69
 4.49859e+02  2.04621e+05  2.86029e+44  2.04621e+05  2.65141e+44  2.04621e+05  2.23379e+44  2.04621e+05  2.02539e+44  1.85232e-69
 4.64562e+02  2.04621e+05  2.94275e+44  2.04621e+05  2.74689e+44  2.04621e+05  2.35532e+44  2.04621e+05  2.15995e+44  1.85232e-69
 4.79745e+02  2.04621e+05  3.03739e+44  2.04621e+05  2.85375e+44  2.04621e+05  2.48661e+44  2.04621e+05  2.30345e+44  1.85232e-69
 4.95424e+02  2.04621e+05  3.14461e+44  2.04621e+05  2.97242e+44  2.04621e+05  2.62818e+44  2.04621e+05  2.45647e+44  1.85232e-69
 5.11616e+02  2.04621e+05  3.26485e+44  2.04621e+05  3.10340e+44  2.04621e+05  2.78064e+44  2.04621e+05  2.61967e+44  1.85232e-69
 5.28337e+02  2.04621e+05  3.39861e+44  2.04621e+05  3.24723e+44  2.04621e+05  2.94461e+44  2.04621e+05  2.79371e+44  1.85232e-69
 5.45604e+02  2.04621e+05  3.54644e+44  2.04621e+05  3.40450e+44  2.04621e+05  3.12077e+44  2.04621e+05  2.97930e+44  1.85232e-69
 5.63436e+02  2.04621e+05  3.70895e+44  2.04621e+05  3.57587e+44  2.04621e+05  3.30984e+44  2.04621e+05  3.17723e+44  1.85232e-69
 5.81850e+02  2.04621e+05  3.88682e+44  2.04621e+05  3.76204e+44  2.04621e+05  3.51262e+44  2.04621e+05  3.38831e+44  1.85232e-69
 6.00867e+02  2.04621e+05  4.08078e+44  2.04621e+05  3.96378e+44  2.04621e+05  3.72993e+44  2.04621e+05  3.61341e+44  1.85232e-69
 6.20505e+02  2.04621e+05  4.29163e+44  2.04621e+05  4.18193e+44  2.04621e+05  3.96269e+44  2.04621e+05  3.85347e+44  1.85232e-69
 6.40784e+02  2.04621e+05  4.52025e+44  2.04621e+05  4.41740e+44  2.04621e+05  4.21184e+44  2.04621e+05  4.10947e+44  1.85232e-69
 6.61727e+02  2.04621e+05  4.76758e+44  2.04621e+05  4.67115e+44  2.04621e+05  4.47843e+44  2.04621e+05  4.38248e+44  1.85232e-69
 6.83354e+02  2.04621e+05  5.03465e+44  2.04621e+05  4.94424e+44  2.04621e+05  4.76356e+44  2.04621e+05  4.67362e+44  1.85232e-69
 7.05688e+02  2.04621e+05  5.32256e+44  2.04621e+05  5.23780e+44  2.04621e+05  5.06841e+44  2.04621e+05  4.98411e+44  1.85232e-69
 7.28751e+02  2.04621e+05  5.63251e+44  2.04621e+05  5.55303e+44  2.04621e+05  5.39423e+44  2.04621e+05  5.31523e+44  1.85232e-69
 7.52569e+02  2.04621e+05  5.96577e+44  2.04621e+05  5.89126e+44  2.04621e+05  5.74238e+44  2.04621e+05  5.66834e+44  1.85232e-69
 7.77165e+02  2.04621e+05  6.32372e+44  2.04621e+05  6.25387e+44  2.04621e+05  6.11430e+44  2.04621e+05  6.04491e+44  1.85232e-69
 8.02565e+02  2.04621e+05  6.70785e+44  2.04621e+05  6.64236e+44  2.04621e+05  6.51152e+44  2.04621e+05  6.44650e+44  1.85232e-69
 8.28794e+02  2.04621e+05  7.11975e+44  2.04621e+05  7.05835e+44  2.04621e+05  6.93570e+44  2.04621e+05  6.87477e+44  1.85232e-69
 8.55882e+02  2.04621e+05  7.56112e+44  2.04621e+05  7.50356e+44  2.04621e+05  7.38858e+44  2.04621e+05  7.33149e+44  1.85232e-69
 8.83854e+02  2.04621e+05  8.03379e+44  2.04621e+05  7.97982e+44  2.04621e+05  7.87204e+44  2.04621e+05  7.81855e+44  1.85232e-69
 9.12741e+02  2.04621e+05  8.53971e+44  2.04621e+05  8.48912e+44  2.04621e+05  8.38808e+44  2.04621e+05  8.33796e+44  1.85232e-69
 9.42571e+02  2.04621e+05  9.08098e+44  2.04621e+05  9.03355e+44  2.04621e+05  8.93884e+44  2.04621e+05  8.89188e+44  1.85232e-69
 9.73377e+02  2.04621e+05  9.65983e+44  2.04621e+05  9.61537e+44  2.04621e+05  9.52660e+44  2.04621e+05  9.48261e+44  1.85232e-69
 1.00519e+03  2.04621e+05  1.02787e+45  2.04621e+05  1.02370e+45  2.04621e+05  1.01538e+45  2.04621e+05  1.01126e+45  1.85232e-69
 1.03804e+03  2.04621e+05  1.09401e+45  2.04621e+05  1.09010e+45  2.04621e+05  1.08230e+45  2.04621e+05  1.07844e+45  1.85232e-69
 1.07197e+03  2.04621e+05  1.16467e+45  2.04621e+05  1.16101e+45  2.04621e+05  1.15370e+45  2.04621e+05  1.15008e+45  1.85232e-69
 1.10700e+03  2.04621e+05  1.24016e+45  2.04621e+05  1.23673e+45  2.04621e+05  1.22987e+45  2.04621e+05  1.22649e+45  1.85232e-69
 1.14318e+03  2.04621e+05  1.32078e+45  2.04621e+05  1.31756e+45  2.04621e+05  1.31114e+45  2.04621e+05  1.30797e+45  1.85232e-69
 1.18054e+03  2.04621e+05  1.40686e+45  2.04621e+05  1.40385e+45  2.04621e+05  1.39783e+45  2.04621e+05  1.39486e+45  1.85232e-69
 1.21913e+03  2.04621e+05  1.49877e+45  2.04621e+05  1.49595e+45  2.04621e+05  1.49031e+45  2.04621e+05  1.48753e+45  1.85232e-69
 1.25897e+03  2.04621e+05  1.59689e+45  2.04621e+05  1.59424e+45  2.04621e+05  1.58895e+45  2.04621e+05  1.58635e+45  1.85232e-69
 1.30012e+03  2.04621e+05  1.70161e+45  2.04621e+05  1.69912e+45  2.04621e+05  1.69417e+45  2.04621e+05  1.69174e+45  1.85232e-69
 1.34261e+03  2.04621e+05  1.81337e+45  2.04621e+05  1.81105e+45  2.04621e+05  1.80640e+45  2.04621e+05  1.80412e+45  1.85232e-69
 1.38649e+03  2.04621e+05  1.93264e+45  2.04621e+05  1.93046e+45  2.04621e+05  1.92611e+45  2.04621e+05  1.92398e+45  1.85232e-69
 1.43180e+03  2.04621e+05  2.05991e+45  2.04621e+05  2.05787e+45  2.04621e+05  2.05379e+45  2.04621e+05  2.05180e+45  1.85232e-69
 1.47860e+03  2.04621e+05  2.19570e+45  2.04621e+05  2.19379e+45  2.04621e+05  2.18997e+45  2.04621e+05  2.18810e+45  1.85232e-69
 1.52692e+03  2.04621e+05  2.34059e+45  2.04621e+05  2.33879e+45  2.04621e+05  2.33522e+45  2.04621e+05  2.33347e+45  1.85232e-69
 1.57683e+03  2.04621e+05  2.49515e+45  2.04621e+05  2.49347e+45  2.04621e+05  2.49012e+45  2.04621e+05  2.48849e+45  1.85232e-69
 1.62836e+03  2.04621e+05  2.66005e+45  2.04621e+05  2.65847e+45  2.04621e+05  2.65534e+45  2.04621e+05  2.65381e+45  1.85232e-69
 1.68158e+03  2.04621e+05  2.83595e+45  2.04621e+05  2.83448e+45  2.04621e+05  2.83154e+45  2.04621e+05  2.83011e+45  1.85232e-69
 1.73654e+03  2.04621e+05  3.02359e+45  2.04621e+05  3.02221e+45  2.04621e+05  3.01946e+45  2.04621e+05  3.01812e+45  1.85232e-69
 1.79329e+03  2.04621e+05  3.22375e+45  2.04621e+05  3.22245e+45  2.04621e+05  3.21988e+45  2.04621e+05  3.21863e+45  1.85232e-69
 1.85190e+03  2.04621e+05  3.43725e+45  2.04621e+05  3.43603e+45  2.04621e+05  3.43362e+45  2.04621e+05  3.43245e+45  1.85232e-69
 1.91243e+03  2.04621e+05  3.66497e+45  2.04621e+05  3.66383e+45  2.04621e+05  3.66157e+45  2.04621e+05  3.66048e+45  1.85232e-69
 1.97493e+03  2.04621e+05  3.90786e+45  2.04621e+05  3.90679e+45  2.04621e+05  3.90468e+45  2.04621e+05  3.90366e+45  1.85232e-69
 2.03948e+03  2.04621e+05  4.16692e+45  2.04621e+05  4.16593e+45  2.04621e+05  4.16394e+45  2.04621e+05  4.16299e+45  1.85232e-69
 2.10613e+03  2.04621e+05  4.44323e+45  2.04621e+05  4.44230e+45  2.04621e+05  4.44044e+45  2.04621e+05  4.43956e+45  1.85232e-69
 2.17497e+03  2.04621e+05  4.73793e+45  2.04621e+05  4.73705e+45  2.04621e+05  4.73532e+45  2.04621e+05  4.73449e+45  1.85232e-69
 2.24605e+03  2.04621e+05  5.05223e+45  2.04621e+05  5.05142e+45  2.04621e+05  5.04979e+45  2.04621e+05  5.04902e+45  1.85232e-69
 2.31946e+03  2.04621e+05  5.38745e+45  2.04621e+05  5.38668e+45  2.04621e+05  5.38516e+45  2.04621e+05  5.38444e+45  1.85232e-69
 2.39526e+03  2.04621e+05  5.74496e+45  2.04621e+05  5.74424e+45  2.04621e+05  5.74282e+45  2.04621e+05  5.74215e+45  1.85232e-69
 2.47355e+03  2.04621e+05  6.12625e+45  2.04621e+05  6.12558e+45  2.04621e+05  6.12425e+45  2.04621e+05  6.12362e+45  1.85232e-69
 2.55439e+03  2.04621e+05  6.53289e+45  2.04621e+05  6.53226e+45  2.04621e+05  6.53102e+45  2.04621e+05  6.53043e+45  1.85232e-69
 2.63787e+03  2.04621e+05  6.96657e+45  2.04621e+05  6.96598e+45  2.04621e+05  6.96482e+45  2.04621e+05  6.96427e+45  1.85232e-69
 2.72409e+03  2.04621e+05  7.42907e+45  2.04621e+05  7.42852e+45  2.04621e+05  7.42744e+45  2.04621e+05  7.42693e+45  1.85232e-69
 2.81312e+03  2.04621e+05  7.92233e+45  2.04621e+05  7.92181e+45  2.04621e+05  7.92080e+45  2.04621e+05  7.92033e+45  1.85232e-69
 2.90506e+03  2.04621e+05  8.44837e+45  2.04621e+05  8.44789e+45  2.04621e+05  8.44694e+45  2.04621e+05  8.44651e+45  1.85232e-69
 3.00000e+03  2.04621e+05  9.00938e+45  2.04621e+05  9.00893e+45  2.04621e+05  9.00804e+45  2.04621e+05  9.00764e+45  1.85232e-69
