radius_rg T_0deg chi2_0deg T_15deg chi2_15deg T_30deg chi2_30deg T_45deg chi2_45deg nuLnusavg_last
 2.00000e-01  8.19480e+05  4.25811e+43  7.92211e+05  3.37983e+43  7.15730e+05  1.41525e+43  5.45973e+05  6.71289e+41 -3.48150e-14
 2.06537e-01  7.92211e+05  4.15015e+43  7.92211e+05  3.28928e+43  7.15730e+05  1.34474e+43  5.45973e+05  6.65270e+41 -3.48150e-14
 2.13287e-01  7.92211e+05  3.93985e+43  7.65850e+05  3.17579e+43  7.15730e+05  1.31445e+43  5.27805e+05  6.96866e+41 -3.48150e-14
 2.20257e-01  7.92211e+05  3.81515e+43  7.65850e+05  3.01874e+43  6.91914e+05  1.26265e+43  5.27805e+05  5.87107e+41 -3.48150e-14
 2.27456e-01  7.65850e+05  3.72224e+43  7.65850e+05  2.93421e+43  6.91914e+05  1.18576e+43  5.27805e+05  5.29116e+41 -3.48150e-14
 2.34890e-01  7.65850e+05  3.52102e+43  7.40366e+05  2.84347e+43  6.91914e+05  1.14843e+43  5.27805e+05  5.22655e+41 -3.48150e-14
 2.42567e-01  7.65850e+05  3.40367e+43  7.40366e+05  2.68788e+43  6.68890e+05  1.13162e+43  5.27805e+05  5.67697e+41 -3.48150e-14
 2.50494e-01  7.40366e+05  3.33788e+43  7.40366e+05  2.60343e+43  6.68890e+05  1.04496e+43  5.10242e+05  4.71797e+41 -3.48150e-14
 2.58681e-01  7.40366e+05  3.13872e+43  7.15730e+05  2.54719e+43  6.68890e+05  9.97265e+42  5.10242e+05  4.07432e+41 -3.48150e-14
 2.67136e-01  7.40366e+05  3.02184e+43  7.15730e+05  2.38709e+43  6.68890e+05  9.88342e+42  5.10242e+05  3.94093e+41 -3.48150e-14
 2.75866e-01  7.40366e+05  2.98677e+43  7.15730e+05  2.29688e+43  6.46632e+05  9.25223e+42  5.10242e+05  4.31724e+41 -3.48150e-14
 2.84882e-01  7.15730e+05  2.79275e+43  7.15730e+05  2.27619e+43  6.46632e+05  8.63815e+42  4.93264e+05  3.87055e+41 -3.48150e-14
 2.94193e-01  7.15730e+05  2.66957e+43  6.91914e+05  2.11781e+43  6.46632e+05  8.40625e+42  4.93264e+05  3.09654e+41 -3.48150e-14
 3.03808e-01  7.15730e+05  2.62673e+43  6.91914e+05  2.01604e+43  6.25115e+05  8.30611e+42  4.93264e+05  2.82875e+41 -3.48150e-14
 3.13737e-01  6.91914e+05  2.48479e+43  6.91914e+05  1.98262e+43  6.25115e+05  7.52064e+42  4.93264e+05  3.06606e+41 -3.48150e-14
 3.23991e-01  6.91914e+05  2.34856e+43  6.68890e+05  1.88321e+43  6.25115e+05  7.11274e+42  4.76850e+05  3.39607e+41 -3.48150e-14
 3.34580e-01  6.91914e+05  2.29134e+43  6.68890e+05  1.76405e+43  6.25115e+05  7.08070e+42  4.76850e+05  2.42281e+41 -3.48150e-14
 3.45515e-01  6.68890e+05  2.21847e+43  6.68890e+05  1.71219e+43  6.04314e+05  6.67289e+42  4.76850e+05  1.95296e+41 -3.48150e-14
 3.56807e-01  6.68890e+05  2.06243e+43  6.46632e+05  1.68831e+43  6.04314e+05  6.05464e+42  4.76850e+05  1.98459e+41 -3.48150e-14
 3.68468e-01  6.68890e+05  1.98422e+43  6.46632e+05  1.54587e+43  6.04314e+05  5.80788e+42  4.76850e+05  2.51784e+41 -3.48150e-14
 3.80511e-01  6.68890e+05  1.98352e+43  6.46632e+05  1.46983e+43  6.04314e+05  5.93159e+42  4.60983e+05  2.15386e+41 -3.48150e-14
 3.92947e-01  6.46632e+05  1.81694e+43  6.46632e+05  1.45989e+43  5.84205e+05  5.29796e+42  4.60983e+05  1.41119e+41 -3.48150e-14
 4.05790e-01  6.46632e+05  1.71107e+43  6.25115e+05  1.36847e+43  5.84205e+05  4.80178e+42  4.60983e+05  1.16777e+41 -3.48150e-14
 4.19052e-01  6.46632e+05  1.68157e+43  6.25115e+05  1.26240e+43  5.84205e+05  4.67192e+42  4.60983e+05  1.42257e+41 -3.48150e-14
 4.32748e-01  6.25115e+05  1.62017e+43  6.25115e+05  1.22156e+43  5.84205e+05  4.90782e+42  4.60983e+05  2.17666e+41 -3.48150e-14
 4.46891e-01  6.25115e+05  1.47982e+43  6.04314e+05  1.24111e+43  5.64766e+05  4.14306e+42  4.45643e+05  1.34233e+41 -3.48150e-14
 4.61496e-01  6.25115e+05  1.41490e+43  6.04314e+05  1.09895e+43  5.64766e+05  3.72430e+42  4.45643e+05  7.50363e+40 -3.48150e-14
 4.76579e-01  6.25115e+05  1.42512e+43  6.04314e+05  1.02134e+43  5.64766e+05  3.66740e+42  4.45643e+05  6.54897e+40 -3.48150e-14
 4.92155e-01  6.04314e+05  1.30100e+43  6.04314e+05  1.00798e+43  5.45973e+05  3.93141e+42  4.45643e+05  1.05554e+41 -3.48150e-14
 5.08240e-01  6.04314e+05  1.19382e+43  5.84205e+05  9.91056e+42  5.45973e+05  3.18579e+42  4.30814e+05  1.93607e+41 -3.48150e-14
 5.24851e-01  6.04314e+05  1.16087e+43  5.84205e+05  8.70563e+42  5.45973e+05  2.79979e+42  4.30814e+05  9.15885e+40 -3.48150e-14
 5.42004e-01  5.84205e+05  1.18804e+43  5.84205e+05  8.13685e+42  5.45973e+05  2.77181e+42  4.30814e+05  3.92892e+40 -3.48150e-14
 5.59718e-01  5.84205e+05  1.03147e+43  5.84205e+05  8.20187e+42  5.45973e+05  3.10175e+42  4.30814e+05  3.64922e+40 -3.48150e-14
 5.78011e-01  5.84205e+05  9.48473e+42  5.64766e+05  7.83376e+42  5.27805e+05  2.42078e+42  4.30814e+05  8.31859e+40 -3.48150e-14
 5.96902e-01  5.84205e+05  9.38694e+42  5.64766e+05  6.76737e+42  5.27805e+05  2.02239e+42  4.30814e+05  1.79564e+41 -3.48150e-14
 6.16411e-01  5.64766e+05  9.44309e+42  5.64766e+05  6.32910e+42  5.27805e+05  1.97880e+42  4.16479e+05  8.73755e+40 -3.48150e-14
 6.36557e-01  5.64766e+05  8.03968e+42  5.64766e+05  6.51716e+42  5.27805e+05  2.28985e+42  4.16479e+05  3.34698e+40 -3.48150e-14
 6.57361e-01  5.64766e+05  7.36251e+42  5.45973e+05  6.14184e+42  5.10242e+05  1.86144e+42  4.16479e+05  2.90423e+40 -3.48150e-14
 6.78845e-01  5.64766e+05  7.40877e+42  5.45973e+05  5.13588e+42  5.10242e+05  1.40452e+42  4.16479e+05  7.40747e+40 -3.48150e-14
 7.01032e-01  5.45973e+05  7.47177e+42  5.45973e+05  4.75129e+42  5.10242e+05  1.29985e+42  4.16479e+05  1.68753e+41 -3.48150e-14
 7.23943e-01  5.45973e+05  6.14003e+42  5.45973e+05  4.98650e+42  5.10242e+05  1.54700e+42  4.02620e+05  1.26885e+41 -3.48150e-14
 7.47603e-01  5.45973e+05  5.52666e+42  5.27805e+05  4.82592e+42  4.93264e+05  1.54248e+42  4.02620e+05  6.23547e+40 -3.48150e-14
 7.72037e-01  5.45973e+05  5.62913e+42  5.27805e+05  3.80148e+42  4.93264e+05  9.79303e+41  4.02620e+05  4.74217e+40 -3.48150e-14
 7.97269e-01  5.27805e+05  5.95640e+42  5.27805e+05  3.39289e+42  4.93264e+05  7.66620e+41  4.02620e+05  8.20246e+40 -3.48150e-14
 8.23326e-01  5.27805e+05  4.60481e+42  5.27805e+05  3.59847e+42  4.93264e+05  9.03547e+41  4.02620e+05  1.66307e+41 -3.48150e-14
 8.50234e-01  5.27805e+05  3.96524e+42  5.10242e+05  3.91019e+42  4.93264e+05  1.39065e+42  3.89223e+05  2.22157e+41 -3.48150e-14
 8.78022e-01  5.27805e+05  4.03505e+42  5.10242e+05  2.78659e+42  4.76850e+05  8.03919e+41  3.89223e+05  1.37218e+41 -3.48150e-14
 9.06718e-01  5.27805e+05  4.81452e+42  5.10242e+05  2.27466e+42  4.76850e+05  4.34110e+41  3.89223e+05  1.02186e+41 -3.48150e-14
 9.36352e-01  5.10242e+05  3.46040e+42  5.10242e+05  2.37226e+42  4.76850e+05  4.12535e+41  3.89223e+05  1.16917e+41 -3.48150e-14
 9.66955e-01  5.10242e+05  2.70269e+42  5.10242e+05  3.07980e+42  4.76850e+05  7.39106e+41  3.89223e+05  1.81472e+41 -3.48150e-14
 9.98557e-01  5.10242e+05  2.64912e+42  4.93264e+05  2.15006e+42  4.60983e+05  9.64380e+41  3.89223e+05  2.96117e+41 -3.48150e-14
 1.03119e+00  5.10242e+05  3.29947e+42  4.93264e+05  1.45276e+42  4.60983e+05  3.85155e+41  3.76271e+05  2.77908e+41 -3.48150e-14
 1.06489e+00  4.93264e+05  2.77551e+42  4.93264e+05  1.36160e+42  4.60983e+05  1.53962e+41  3.76271e+05  2.12127e+41 -3.48150e-14
 1.09970e+00  4.93264e+05  1.80455e+42  4.93264e+05  1.87620e+42  4.60983e+05  2.69845e+41  3.76271e+05  1.96563e+41 -3.48150e-14
 1.13564e+00  4.93264e+05  1.53403e+42  4.76850e+05  1.99315e+42  4.60983e+05  7.33282e+41  3.76271e+05  2.31152e+41 -3.48150e-14
 1.17276e+00  4.93264e+05  1.96282e+42  4.76850e+05  1.02449e+42  4.45643e+05  7.36835e+41  3.76271e+05  3.16037e+41 -3.48150e-14
 1.21108e+00  4.76850e+05  2.66822e+42  4.76850e+05  6.60200e+41  4.45643e+05  2.40749e+41  3.76271e+05  4.51570e+41 -3.48150e-14
 1.25067e+00  4.76850e+05  1.38422e+42  4.76850e+05  8.98764e+41  4.45643e+05  9.20980e+40  3.63750e+05  4.07479e+41 -3.48150e-14
 1.29154e+00  4.76850e+05  7.98909e+41  4.76850e+05  1.74117e+42  4.45643e+05  2.90266e+41  3.63750e+05  3.49714e+41 -3.48150e-14
 1.33375e+00  4.76850e+05  9.09871e+41  4.60983e+05  1.13623e+42  4.45643e+05  8.36073e+41  3.63750e+05  3.42736e+41 -3.48150e-14
 1.37734e+00  4.76850e+05  1.71756e+42  4.60983e+05  4.09207e+41  4.30814e+05  8.27598e+41  3.63750e+05  3.86516e+41 -3.48150e-14
 1.42236e+00  4.60983e+05  1.61224e+42  4.60983e+05  2.84000e+41  4.30814e+05  3.55065e+41  3.63750e+05  4.81236e+41 -3.48150e-14
 1.46884e+00  4.60983e+05  6.08118e+41  4.60983e+05  7.60094e+41  4.30814e+05  2.30439e+41  3.63750e+05  6.27286e+41 -3.48150e-14
 1.51685e+00  4.60983e+05  2.99474e+41  4.60983e+05  1.83946e+42  4.30814e+05  4.53205e+41  3.51646e+05  6.21258e+41 -3.48150e-14
 1.56642e+00  4.60983e+05  6.85033e+41  4.45643e+05  8.08027e+41  4.30814e+05  1.02428e+42  3.51646e+05  5.58960e+41 -3.48150e-14
 1.61762e+00  4.60983e+05  1.76639e+42  4.45643e+05  2.24482e+41  4.16479e+05  1.26045e+42  3.51646e+05  5.48316e+41 -3.48150e-14
 1.67049e+00  4.45643e+05  1.19391e+42  4.45643e+05  2.41990e+41  4.16479e+05  7.48086e+41  3.51646e+05  5.89280e+41 -3.48150e-14
 1.72508e+00  4.45643e+05  3.55769e+41  4.45643e+05  8.60625e+41  4.16479e+05  5.85251e+41  3.51646e+05  6.82022e+41 -3.48150e-14
 1.78146e+00  4.45643e+05  2.12065e+41  4.45643e+05  2.08295e+42  4.16479e+05  7.71277e+41  3.51646e+05  8.26927e+41 -3.48150e-14
 1.83968e+00  4.45643e+05  7.62203e+41  4.30814e+05  9.83682e+41  4.16479e+05  1.30693e+42  3.39945e+05  9.46765e+41 -3.48150e-14
 1.89981e+00  4.45643e+05  2.00846e+42  4.30814e+05  4.41300e+41  4.02620e+05  2.10575e+42  3.39945e+05  8.65105e+41 -3.48150e-14
 1.96190e+00  4.30814e+05  1.38564e+42  4.30814e+05  5.00869e+41  4.02620e+05  1.48451e+42  3.39945e+05  8.36365e+41 -3.48150e-14
 2.02602e+00  4.30814e+05  5.94812e+41  4.30814e+05  1.16264e+42  4.02620e+05  1.21584e+42  3.39945e+05  8.60426e+41 -3.48150e-14
 2.09224e+00  4.30814e+05  4.99413e+41  4.30814e+05  2.42934e+42  4.02620e+05  1.29864e+42  3.39945e+05  9.37388e+41 -3.48150e-14
 2.16062e+00  4.30814e+05  1.09904e+42  4.16479e+05  1.70135e+42  4.02620e+05  1.73326e+42  3.39945e+05  1.06757e+42 -3.48150e-14
 2.23123e+00  4.30814e+05  2.39619e+42  4.16479e+05  1.09130e+42  4.02620e+05  2.52149e+42  3.39945e+05  1.25151e+42 -3.48150e-14
 2.30415e+00  4.16479e+05  2.23329e+42  4.16479e+05  1.08589e+42  3.89223e+05  2.68798e+42  3.28633e+05  1.31985e+42 -3.48150e-14
 2.37946e+00  4.16479e+05  1.36355e+42  4.16479e+05  1.68510e+42  3.89223e+05  2.23805e+42  3.28633e+05  1.25502e+42 -3.48150e-14
 2.45723e+00  4.16479e+05  1.19241e+42  4.16479e+05  2.89141e+42  3.89223e+05  2.14382e+42  3.28633e+05  1.24472e+42 -3.48150e-14
 2.53753e+00  4.16479e+05  1.71917e+42  4.02620e+05  3.07834e+42  3.89223e+05  2.40490e+42  3.28633e+05  1.28892e+42 -3.48150e-14
 2.62047e+00  4.16479e+05  2.94602e+42  4.02620e+05  2.28221e+42  3.89223e+05  3.02236e+42  3.28633e+05  1.38778e+42 -3.48150e-14
 2.70611e+00  4.02620e+05  3.87501e+42  4.02620e+05  2.09565e+42  3.89223e+05  3.99878e+42  3.28633e+05  1.54174e+42 -3.48150e-14
 2.79455e+00  4.02620e+05  2.78893e+42  4.02620e+05  2.51788e+42  3.76271e+05  3.84587e+42  3.28633e+05  1.75141e+42 -3.48150e-14
 2.88589e+00  4.02620e+05  2.40735e+42  4.02620e+05  3.55067e+42  3.76271e+05  3.49001e+42  3.17698e+05  1.89669e+42 -3.48150e-14
 2.98021e+00  4.02620e+05  2.72870e+42  4.02620e+05  5.19827e+42  3.76271e+05  3.49504e+42  3.17698e+05  1.82877e+42 -3.48150e-14
 3.07761e+00  4.02620e+05  3.75430e+42  3.89223e+05  4.22190e+42  3.76271e+05  3.86096e+42  3.17698e+05  1.81775e+42 -3.48150e-14
 3.17819e+00  4.02620e+05  5.48841e+42  3.89223e+05  3.72487e+42  3.76271e+05  4.58930e+42  3.17698e+05  1.86360e+42 -3.48150e-14
 3.28206e+00  3.89223e+05  5.11471e+42  3.89223e+05  3.84338e+42  3.76271e+05  5.68307e+42  3.17698e+05  1.96650e+42 -3.48150e-14
 3.38933e+00  3.89223e+05  4.37258e+42  3.89223e+05  4.57792e+42  3.63750e+05  5.62900e+42  3.17698e+05  2.12688e+42 -3.48150e-14
 3.50010e+00  3.89223e+05  4.34151e+42  3.89223e+05  5.93153e+42  3.63750e+05  5.28022e+42  3.17698e+05  2.34540e+42 -3.48150e-14
 3.61449e+00  3.89223e+05  5.02136e+42  3.76271e+05  7.25707e+42  3.63750e+05  5.29973e+42  3.17698e+05  2.62296e+42 -3.48150e-14
 3.73262e+00  3.89223e+05  6.41497e+42  3.76271e+05  6.30084e+42  3.63750e+05  5.68760e+42  3.07126e+05  2.68067e+42 -3.48150e-14
 3.85462e+00  3.89223e+05  8.52808e+42  3.76271e+05  5.97082e+42  3.63750e+05  6.44546e+42  3.07126e+05  2.64234e+42 -3.48150e-14
 3.98060e+00  3.76271e+05  7.47118e+42  3.76271e+05  6.26563e+42  3.63750e+05  7.57642e+42  3.07126e+05  2.66428e+42 -3.48150e-14
 4.11069e+00  3.76271e+05  6.91947e+42  3.76271e+05  7.18650e+42  3.51646e+05  8.19567e+42  3.07126e+05  2.74659e+42 -3.48150e-14
 4.24504e+00  3.76271e+05  7.08936e+42  3.76271e+05  8.73723e+42  3.51646e+05  7.75151e+42  3.07126e+05  2.88960e+42 -3.48150e-14
 4.38378e+00  3.76271e+05  7.98156e+42  3.63750e+05  1.03441e+43  3.51646e+05  7.68587e+42  3.07126e+05  3.09391e+42 -3.48150e-14
 4.52705e+00  3.76271e+05  9.59975e+42  3.63750e+05  9.39324e+42  3.51646e+05  7.99847e+42  3.07126e+05  3.36037e+42 -3.48150e-14
 4.67501e+00  3.76271e+05  1.19506e+43  3.63750e+05  9.08137e+42  3.51646e+05  8.69062e+42  3.07126e+05  3.69007e+42 -3.48150e-14
 4.82780e+00  3.63750e+05  1.10392e+43  3.63750e+05  9.40721e+42  3.51646e+05  9.76516e+42  2.96907e+05  3.91315e+42 -3.48150e-14
 4.98558e+00  3.63750e+05  1.05049e+43  3.63750e+05  1.03721e+43  3.51646e+05  1.12266e+43  2.96907e+05  3.87209e+42 -3.48150e-14
 5.14853e+00  3.63750e+05  1.07071e+43  3.63750e+05  1.19800e+43  3.39945e+05  1.12079e+43  2.96907e+05  3.89639e+42 -3.48150e-14
 5.31679e+00  3.63750e+05  1.16466e+43  3.63750e+05  1.42377e+43  3.39945e+05  1.09341e+43  2.96907e+05  3.98616e+42 -3.48150e-14
 5.49056e+00  3.63750e+05  1.33272e+43  3.51646e+05  1.37608e+43  3.39945e+05  1.10520e+43  2.96907e+05  4.14177e+42 -3.48150e-14
 5.67001e+00  3.63750e+05  1.57560e+43  3.51646e+05  1.32920e+43  3.39945e+05  1.15621e+43  2.96907e+05  4.36385e+42 -3.48150e-14
 5.85532e+00  3.51646e+05  1.61283e+43  3.51646e+05  1.34783e+43  3.39945e+05  1.24664e+43  2.96907e+05  4.65333e+42 -3.48150e-14
 6.04668e+00  3.51646e+05  1.54079e+43  3.51646e+05  1.43205e+43  3.39945e+05  1.37688e+43  2.96907e+05  5.01142e+42 -3.48150e-14
 6.24430e+00  3.51646e+05  1.54443e+43  3.51646e+05  1.58220e+43  3.39945e+05  1.54746e+43  2.96907e+05  5.43958e+42 -3.48150e-14
 6.44838e+00  3.51646e+05  1.62375e+43  3.51646e+05  1.79892e+43  3.28633e+05  1.55804e+43  2.87027e+05  5.79364e+42 -3.48150e-14
 6.65913e+00  3.51646e+05  1.77909e+43  3.39945e+05  1.99530e+43  3.28633e+05  1.53480e+43  2.87027e+05  5.76955e+42 -3.48150e-14
 6.87677e+00  3.51646e+05  2.01109e+43  3.39945e+05  1.91104e+43  3.28633e+05  1.55257e+43  2.87027e+05  5.81867e+42 -3.48150e-14
 7.10152e+00  3.51646e+05  2.32071e+43  3.39945e+05  1.89470e+43  3.28633e+05  1.61140e+43  2.87027e+05  5.94121e+42 -3.48150e-14
 7.33362e+00  3.39945e+05  2.22259e+43  3.39945e+05  1.94621e+43  3.28633e+05  1.71154e+43  2.87027e+05  6.13768e+42 -3.48150e-14
 7.57330e+00  3.39945e+05  2.18520e+43  3.39945e+05  2.06579e+43  3.28633e+05  1.85341e+43  2.87027e+05  6.40888e+42 -3.48150e-14
 7.82082e+00  3.39945e+05  2.22616e+43  3.39945e+05  2.25394e+43  3.28633e+05  2.03760e+43  2.87027e+05  6.75595e+42 -3.48150e-14
 8.07642e+00  3.39945e+05  2.34563e+43  3.39945e+05  2.51142e+43  3.17698e+05  2.18180e+43  2.87027e+05  7.18032e+42 -3.48150e-14
 8.34038e+00  3.39945e+05  2.54410e+43  3.28633e+05  2.75003e+43  3.17698e+05  2.14543e+43  2.87027e+05  7.68375e+42 -3.48150e-14
 8.61296e+00  3.39945e+05  2.82239e+43  3.28633e+05  2.67125e+43  3.17698e+05  2.15258e+43  2.87027e+05  8.26831e+42 -3.48150e-14
 8.89446e+00  3.39945e+05  3.18167e+43  3.28633e+05  2.66355e+43  3.17698e+05  2.20329e+43  2.77476e+05  8.81245e+42 -3.48150e-14
 9.18515e+00  3.28633e+05  3.09859e+43  3.28633e+05  2.72688e+43  3.17698e+05  2.29776e+43  2.77476e+05  8.81741e+42 -3.48150e-14
 9.48535e+00  3.28633e+05  3.07031e+43  3.28633e+05  2.86150e+43  3.17698e+05  2.43638e+43  2.77476e+05  8.90820e+42 -3.48150e-14
 9.79535e+00  3.28633e+05  3.12404e+43  3.28633e+05  3.06799e+43  3.17698e+05  2.61973e+43  2.77476e+05  9.08520e+42 -3.48150e-14
 1.01155e+01  3.28633e+05  3.25999e+43  3.28633e+05  3.34718e+43  3.17698e+05  2.84856e+43  2.77476e+05  9.34914e+42 -3.48150e-14
 1.04461e+01  3.28633e+05  3.47873e+43  3.28633e+05  3.70023e+43  3.07126e+05  3.02526e+43  2.77476e+05  9.70111e+42 -3.48150e-14
 1.07875e+01  3.28633e+05  3.78116e+43  3.17698e+05  3.74064e+43  3.07126e+05  2.99777e+43  2.77476e+05  1.01426e+43 -3.48150e-14
 1.11401e+01  3.28633e+05  4.16854e+43  3.17698e+05  3.71220e+43  3.07126e+05  3.01734e+43  2.77476e+05  1.06753e+43 -3.48150e-14
 1.15041e+01  3.17698e+05  4.33981e+43  3.17698e+05  3.75914e+43  3.07126e+05  3.08403e+43  2.77476e+05  1.13016e+43 -3.48150e-14
 1.18801e+01  3.17698e+05  4.28640e+43  3.17698e+05  3.88165e+43  3.07126e+05  3.19814e+43  2.77476e+05  1.20240e+43 -3.48150e-14
 1.22684e+01  3.17698e+05  4.32002e+43  3.17698e+05  4.08024e+43  3.07126e+05  3.36012e+43  2.77476e+05  1.28455e+43 -3.48150e-14
 1.26694e+01  3.17698e+05  4.44082e+43  3.17698e+05  4.35573e+43  3.07126e+05  3.57065e+43  2.77476e+05  1.37695e+43 -3.48150e-14
 1.30834e+01  3.17698e+05  4.64930e+43  3.17698e+05  4.70925e+43  3.07126e+05  3.83060e+43  2.68243e+05  1.38542e+43 -3.48150e-14
 1.35110e+01  3.17698e+05  4.94631e+43  3.17698e+05  5.14228e+43  3.07126e+05  4.14105e+43  2.68243e+05  1.39947e+43 -3.48150e-14
 1.39526e+01  3.17698e+05  5.33309e+43  3.07126e+05  5.20781e+43  2.96907e+05  4.23382e+43  2.68243e+05  1.42424e+43 -3.48150e-14
 1.44086e+01  3.17698e+05  5.81124e+43  3.07126e+05  5.19756e+43  2.96907e+05  4.23823e+43  2.68243e+05  1.45984e+43 -3.48150e-14
 1.48795e+01  3.07126e+05  6.03001e+43  3.07126e+05  5.26884e+43  2.96907e+05  4.29483e+43  2.68243e+05  1.50642e+43 -3.48150e-14
 1.53658e+01  3.07126e+05  5.99594e+43  3.07126e+05  5.42193e+43  2.96907e+05  4.40385e+43  2.68243e+05  1.56416e+43 -3.48150e-14
 1.58680e+01  3.07126e+05  6.05598e+43  3.07126e+05  5.65748e+43  2.96907e+05  4.56573e+43  2.68243e+05  1.63331e+43 -3.48150e-14
 1.63866e+01  3.07126e+05  6.21038e+43  3.07126e+05  5.97645e+43  2.96907e+05  4.78115e+43  2.68243e+05  1.71415e+43 -3.48150e-14
 1.69222e+01  3.07126e+05  6.45978e+43  3.07126e+05  6.38017e+43  2.96907e+05  5.05101e+43  2.68243e+05  1.80703e+43 -3.48150e-14
 1.74753e+01  3.07126e+05  6.80521e+43  3.07126e+05  6.87030e+43  2.96907e+05  5.37641e+43  2.68243e+05  1.91231e+43 -3.48150e-14
 1.80464e+01  3.07126e+05  7.24809e+43  2.96907e+05  7.36654e+43  2.96907e+05  5.75870e+43  2.68243e+05  2.03044e+43 -3.48150e-14
 1.86362e+01  3.07126e+05  7.79027e+43  2.96907e+05  7.32528e+43  2.87027e+05  6.06054e+43  2.68243e+05  2.16191e+43 -3.48150e-14
 1.92453e+01  3.07126e+05  8.43399e+43  2.96907e+05  7.37435e+43  2.87027e+05  6.06317e+43  2.59317e+05  2.23465e+43 -3.48150e-14
 1.98743e+01  2.96907e+05  8.46036e+43  2.96907e+05  7.51395e+43  2.87027e+05  6.12554e+43  2.59317e+05  2.25289e+43 -3.48150e-14
 2.05238e+01  2.96907e+05  8.49237e+43  2.96907e+05  7.74466e+43  2.87027e+05  6.24790e+43  2.59317e+05  2.28540e+43 -3.48150e-14
 2.11946e+01  2.96907e+05  8.62882e+43  2.96907e+05  8.06744e+43  2.87027e+05  6.43077e+43  2.59317e+05  2.33230e+43 -3.48150e-14
 2.18873e+01  2.96907e+05  8.87027e+43  2.96907e+05  8.48361e+43  2.87027e+05  6.67489e+43  2.59317e+05  2.39378e+43 -3.48150e-14
 2.26026e+01  2.96907e+05  9.21774e+43  2.96907e+05  8.99491e+43  2.87027e+05  6.98127e+43  2.59317e+05  2.47010e+43 -3.48150e-14
 2.33413e+01  2.96907e+05  9.67264e+43  2.96907e+05  9.60344e+43  2.87027e+05  7.35120e+43  2.59317e+05  2.56159e+43 -3.48150e-14
 2.41042e+01  2.96907e+05  1.02369e+44  2.96907e+05  1.03117e+44  2.87027e+05  7.78619e+43  2.59317e+05  2.66860e+43 -3.48150e-14
 2.48920e+01  2.96907e+05  1.09128e+44  2.87027e+05  1.04861e+44  2.87027e+05  8.28804e+43  2.59317e+05  2.79159e+43 -3.48150e-14
 2.57055e+01  2.96907e+05  1.17031e+44  2.87027e+05  1.05381e+44  2.77476e+05  8.83716e+43  2.59317e+05  2.93107e+43 -3.48150e-14
 2.65456e+01  2.87027e+05  1.21116e+44  2.87027e+05  1.06938e+44  2.77476e+05  8.84817e+43  2.59317e+05  3.08762e+43 -3.48150e-14
 2.74132e+01  2.87027e+05  1.21434e+44  2.87027e+05  1.09537e+44  2.77476e+05  8.93044e+43  2.59317e+05  3.26187e+43 -3.48150e-14
 2.83091e+01  2.87027e+05  1.22948e+44  2.87027e+05  1.13189e+44  2.77476e+05  9.08431e+43  2.59317e+05  3.45456e+43 -3.48150e-14
 2.92343e+01  2.87027e+05  1.25664e+44  2.87027e+05  1.17910e+44  2.77476e+05  9.31042e+43  2.59317e+05  3.66648e+43 -3.48150e-14
 3.01898e+01  2.87027e+05  1.29592e+44  2.87027e+05  1.23719e+44  2.77476e+05  9.60970e+43  2.50688e+05  3.71191e+43 -3.48150e-14
 3.11765e+01  2.87027e+05  1.34750e+44  2.87027e+05  1.30640e+44  2.77476e+05  9.98340e+43  2.50688e+05  3.75082e+43 -3.48150e-14
 3.21954e+01  2.87027e+05  1.41158e+44  2.87027e+05  1.38702e+44  2.77476e+05  1.04331e+44  2.50688e+05  3.81019e+43 -3.48150e-14
 3.32476e+01  2.87027e+05  1.48844e+44  2.87027e+05  1.47938e+44  2.77476e+05  1.09605e+44  2.50688e+05  3.89026e+43 -3.48150e-14
 3.43343e+01  2.87027e+05  1.57839e+44  2.77476e+05  1.52995e+44  2.77476e+05  1.15680e+44  2.50688e+05  3.99136e+43 -3.48150e-14
 3.54564e+01  2.87027e+05  1.68179e+44  2.77476e+05  1.53752e+44  2.77476e+05  1.22580e+44  2.50688e+05  4.11392e+43 -3.48150e-14
 3.66152e+01  2.77476e+05  1.76665e+44  2.77476e+05  1.55745e+44  2.77476e+05  1.30334e+44  2.50688e+05  4.25843e+43 -3.48150e-14
 3.78119e+01  2.77476e+05  1.77202e+44  2.77476e+05  1.58983e+44  2.68243e+05  1.31955e+44  2.50688e+05  4.42551e+43 -3.48150e-14
 3.90477e+01  2.77476e+05  1.79166e+44  2.77476e+05  1.63479e+44  2.68243e+05  1.33105e+44  2.50688e+05  4.61583e+43 -3.48150e-14
 4.03238e+01  2.77476e+05  1.82564e+44  2.77476e+05  1.69251e+44  2.68243e+05  1.35152e+44  2.50688e+05  4.83018e+43 -3.48150e-14
 4.16417e+01  2.77476e+05  1.87410e+44  2.77476e+05  1.76324e+44  2.68243e+05  1.38105e+44  2.50688e+05  5.06946e+43 -3.48150e-14
 4.30027e+01  2.77476e+05  1.93725e+44  2.77476e+05  1.84728e+44  2.68243e+05  1.41977e+44  2.50688e+05  5.33466e+43 -3.48150e-14
 4.44081e+01  2.77476e+05  2.01535e+44  2.77476e+05  1.94495e+44  2.68243e+05  1.46782e+44  2.50688e+05  5.62686e+43 -3.48150e-14
 4.58595e+01  2.77476e+05  2.10871e+44  2.77476e+05  2.05668e+44  2.68243e+05  1.52541e+44  2.50688e+05  5.94729e+43 -3.48150e-14
 4.73583e+01  2.77476e+05  2.21774e+44  2.77476e+05  2.18292e+44  2.68243e+05  1.59277e+44  2.42346e+05  6.26105e+43 -3.48150e-14
 4.89061e+01  2.77476e+05  2.34287e+44  2.68243e+05  2.28114e+44  2.68243e+05  1.67020e+44  2.42346e+05  6.30061e+43 -3.48150e-14
 5.05045e+01  2.77476e+05  2.48462e+44  2.68243e+05  2.29270e+44  2.68243e+05  1.75800e+44  2.42346e+05  6.37118e+43 -3.48150e-14
 5.21551e+01  2.68243e+05  2.63349e+44  2.68243e+05  2.31974e+44  2.68243e+05  1.85654e+44  2.42346e+05  6.47304e+43 -3.48150e-14
 5.38597e+01  2.68243e+05  2.64262e+44  2.68243e+05  2.36239e+44  2.68243e+05  1.96622e+44  2.42346e+05  6.60663e+43 -3.48150e-14
 5.56199e+01  2.68243e+05  2.66961e+44  2.68243e+05  2.42081e+44  2.59317e+05  2.01171e+44  2.42346e+05  6.77250e+43 -3.48150e-14
 5.74378e+01  2.68243e+05  2.71458e+44  2.68243e+05  2.49525e+44  2.59317e+05  2.02779e+44  2.42346e+05  6.97133e+43 -3.48150e-14
 5.93150e+01  2.68243e+05  2.77771e+44  2.68243e+05  2.58602e+44  2.59317e+05  2.05572e+44  2.42346e+05  7.20394e+43 -3.48150e-14
 6.12535e+01  2.68243e+05  2.85927e+44  2.68243e+05  2.69350e+44  2.59317e+05  2.09563e+44  2.42346e+05  7.47130e+43 -3.48150e-14
 6.32555e+01  2.68243e+05  2.95959e+44  2.68243e+05  2.81812e+44  2.59317e+05  2.14767e+44  2.42346e+05  7.77451e+43 -3.48150e-14
 6.53228e+01  2.68243e+05  3.07909e+44  2.68243e+05  2.96041e+44  2.59317e+05  2.21207e+44  2.42346e+05  8.11483e+43 -3.48150e-14
 6.74577e+01  2.68243e+05  3.21826e+44  2.68243e+05  3.12095e+44  2.59317e+05  2.28909e+44  2.42346e+05  8.49367e+43 -3.48150e-14
 6.96624e+01  2.68243e+05  3.37768e+44  2.68243e+05  3.30040e+44  2.59317e+05  2.37904e+44  2.42346e+05  8.91260e+43 -3.48150e-14
 7.19392e+01  2.68243e+05  3.55801e+44  2.59317e+05  3.47777e+44  2.59317e+05  2.48230e+44  2.42346e+05  9.37334e+43 -3.48150e-14
 7.42903e+01  2.68243e+05  3.75999e+44  2.59317e+05  3.49458e+44  2.59317e+05  2.59930e+44  2.42346e+05  9.87780e+43 -3.48150e-14
 7.67183e+01  2.68243e+05  3.98446e+44  2.59317e+05  3.53184e+44  2.59317e+05  2.73052e+44  2.42346e+05  1.04281e+44 -3.48150e-14
 7.92257e+01  2.59317e+05  4.02848e+44  2.59317e+05  3.58972e+44  2.59317e+05  2.87651e+44  2.34282e+05  1.08538e+44 -3.48150e-14
 8.18150e+01  2.59317e+05  4.06591e+44  2.59317e+05  3.66846e+44  2.59317e+05  3.03787e+44  2.34282e+05  1.09280e+44 -3.48150e-14
 8.44889e+01  2.59317e+05  4.12710e+44  2.59317e+05  3.76838e+44  2.50688e+05  3.13408e+44  2.34282e+05  1.10525e+44 -3.48150e-14
 8.72502e+01  2.59317e+05  4.21229e+44  2.59317e+05  3.88990e+44  2.50688e+05  3.15645e+44  2.34282e+05  1.12276e+44 -3.48150e-14
 9.01018e+01  2.59317e+05  4.32185e+44  2.59317e+05  4.03352e+44  2.50688e+05  3.19534e+44  2.34282e+05  1.14540e+44 -3.48150e-14
 9.30466e+01  2.59317e+05  4.45623e+44  2.59317e+05  4.19983e+44  2.50688e+05  3.25091e+44  2.34282e+05  1.17329e+44 -3.48150e-14
 9.60876e+01  2.59317e+05  4.61598e+44  2.59317e+05  4.38952e+44  2.50688e+05  3.32341e+44  2.34282e+05  1.20652e+44 -3.48150e-14
 9.92280e+01  2.59317e+05  4.80176e+44  2.59317e+05  4.60339e+44  2.50688e+05  3.41313e+44  2.34282e+05  1.24524e+44 -3.48150e-14
 1.02471e+02  2.59317e+05  5.01434e+44  2.59317e+05  4.84230e+44  2.50688e+05  3.52043e+44  2.34282e+05  1.28960e+44 -3.48150e-14
 1.05820e+02  2.59317e+05  5.25460e+44  2.59317e+05  5.10725e+44  2.50688e+05  3.64577e+44  2.34282e+05  1.33980e+44 -3.48150e-14
 1.09278e+02  2.59317e+05  5.52354e+44  2.59317e+05  5.39934e+44  2.50688e+05  3.78966e+44  2.34282e+05  1.39603e+44 -3.48150e-14
 1.12850e+02  2.59317e+05  5.82226e+44  2.50688e+05  5.44258e+44  2.50688e+05  3.95269e+44  2.34282e+05  1.45854e+44 -3.48150e-14
 1.16538e+02  2.59317e+05  6.15201e+44  2.50688e+05  5.49444e+44  2.50688e+05  4.13555e+44  2.34282e+05  1.52757e+44 -3.48150e-14
 1.20347e+02  2.50688e+05  6.27521e+44  2.50688e+05  5.57504e+44  2.50688e+05  4.33899e+44  2.34282e+05  1.60342e+44 -3.48150e-14
 1.24280e+02  2.50688e+05  6.32729e+44  2.50688e+05  5.68471e+44  2.50688e+05  4.56385e+44  2.34282e+05  1.68640e+44 -3.48150e-14
 1.28342e+02  2.50688e+05  6.41249e+44  2.50688e+05  5.82392e+44  2.50688e+05  4.81107e+44  2.34282e+05  1.77685e+44 -3.48150e-14
 1.32537e+02  2.50688e+05  6.53116e+44  2.50688e+05  5.99322e+44  2.42346e+05  4.98871e+44  2.34282e+05  1.87515e+44 -3.48150e-14
 1.36868e+02  2.50688e+05  6.68378e+44  2.50688e+05  6.19333e+44  2.42346e+05  5.02042e+44  2.26486e+05  1.92780e+44 -3.48150e-14
 1.41341e+02  2.50688e+05  6.87099e+44  2.50688e+05  6.42507e+44  2.42346e+05  5.07637e+44  2.26486e+05  1.94179e+44 -3.48150e-14
 1.45961e+02  2.50688e+05  7.09357e+44  2.50688e+05  6.68940e+44  2.42346e+05  5.15680e+44  2.26486e+05  1.96431e+44 -3.48150e-14
 1.50731e+02  2.50688e+05  7.35244e+44  2.50688e+05  6.98742e+44  2.42346e+05  5.26203e+44  2.26486e+05  1.99545e+44 -3.48150e-14
 1.55658e+02  2.50688e+05  7.64866e+44  2.50688e+05  7.32035e+44  2.42346e+05  5.39249e+44  2.26486e+05  2.03535e+44 -3.48150e-14
 1.60745e+02  2.50688e+05  7.98346e+44  2.50688e+05  7.68959e+44  2.42346e+05  5.54875e+44  2.26486e+05  2.08416e+44 -3.48150e-14
 1.65998e+02  2.50688e+05  8.35824e+44  2.50688e+05  8.09664e+44  2.42346e+05  5.73142e+44  2.26486e+05  2.14209e+44 -3.48150e-14
 1.71424e+02  2.50688e+05  8.77453e+44  2.50688e+05  8.54321e+44  2.42346e+05  5.94129e+44  2.26486e+05  2.20938e+44 -3.48150e-14
 1.77026e+02  2.50688e+05  9.23407e+44  2.42346e+05  8.66068e+44  2.42346e+05  6.17920e+44  2.26486e+05  2.28631e+44 -3.48150e-14
 1.82812e+02  2.50688e+05  9.73875e+44  2.42346e+05  8.73486e+44  2.42346e+05  6.44615e+44  2.26486e+05  2.37319e+44 -3.48150e-14
 1.88787e+02  2.42346e+05  9.98731e+44  2.42346e+05  8.85119e+44  2.42346e+05  6.74324e+44  2.26486e+05  2.47039e+44 -3.48150e-14
 1.94957e+02  2.42346e+05  1.00615e+45  2.42346e+05  9.01015e+44  2.42346e+05  7.07171e+44  2.26486e+05  2.57830e+44 -3.48150e-14
 2.01328e+02  2.42346e+05  1.01843e+45  2.42346e+05  9.21240e+44  2.42346e+05  7.43290e+44  2.26486e+05  2.69738e+44 -3.48150e-14
 2.07908e+02  2.42346e+05  1.03562e+45  2.42346e+05  9.45878e+44  2.42346e+05  7.82832e+44  2.26486e+05  2.82811e+44 -3.48150e-14
 2.14703e+02  2.42346e+05  1.05778e+45  2.42346e+05  9.75031e+44  2.34282e+05  8.11735e+44  2.26486e+05  2.97104e+44 -3.48150e-14
 2.21720e+02  2.42346e+05  1.08502e+45  2.42346e+05  1.00882e+45  2.34282e+05  8.16519e+44  2.26486e+05  3.12676e+44 -3.48150e-14
 2.28967e+02  2.42346e+05  1.11743e+45  2.42346e+05  1.04738e+45  2.34282e+05  8.25028e+44  2.26486e+05  3.29591e+44 -3.48150e-14
 2.36450e+02  2.42346e+05  1.15517e+45  2.42346e+05  1.09088e+45  2.34282e+05  8.37297e+44  2.26486e+05  3.47920e+44 -3.48150e-14
 2.44178e+02  2.42346e+05  1.19838e+45  2.42346e+05  1.13949e+45  2.34282e+05  8.53379e+44  2.18950e+05  3.51902e+44 -3.48150e-14
 2.52158e+02  2.42346e+05  1.24724e+45  2.42346e+05  1.19342e+45  2.34282e+05  8.73338e+44  2.18950e+05  3.54681e+44 -3.48150e-14
 2.60399e+02  2.42346e+05  1.30196e+45  2.42346e+05  1.25289e+45  2.34282e+05  8.97258e+44  2.18950e+05  3.58977e+44 -3.48150e-14
 2.68910e+02  2.42346e+05  1.36276e+45  2.42346e+05  1.31814e+45  2.34282e+05  9.25238e+44  2.18950e+05  3.64809e+44 -3.48150e-14
 2.77699e+02  2.42346e+05  1.42989e+45  2.42346e+05  1.38944e+45  2.34282e+05  9.57393e+44  2.18950e+05  3.72199e+44 -3.48150e-14
 2.86774e+02  2.42346e+05  1.50363e+45  2.34282e+05  1.40897e+45  2.34282e+05  9.93857e+44  2.18950e+05  3.81180e+44 -3.48150e-14
 2.96147e+02  2.42346e+05  1.58428e+45  2.34282e+05  1.42022e+45  2.34282e+05  1.03478e+45  2.18950e+05  3.91787e+44 -3.48150e-14
 3.05826e+02  2.34282e+05  1.62495e+45  2.34282e+05  1.43794e+45  2.34282e+05  1.08033e+45  2.18950e+05  4.04064e+44 -3.48150e-14
 3.15821e+02  2.34282e+05  1.63618e+45  2.34282e+05  1.46221e+45  2.34282e+05  1.13070e+45  2.18950e+05  4.18064e+44 -3.48150e-14
 3.26143e+02  2.34282e+05  1.65487e+45  2.34282e+05  1.49314e+45  2.34282e+05  1.18610e+45  2.18950e+05  4.33843e+44 -3.48150e-14
 3.36802e+02  2.34282e+05  1.68110e+45  2.34282e+05  1.53084e+45  2.34282e+05  1.24675e+45  2.18950e+05  4.51466e+44 -3.48150e-14
 3.47810e+02  2.34282e+05  1.71499e+45  2.34282e+05  1.57548e+45  2.34282e+05  1.31290e+45  2.18950e+05  4.71007e+44 -3.48150e-14
 3.59177e+02  2.34282e+05  1.75666e+45  2.34282e+05  1.62724e+45  2.26486e+05  1.35174e+45  2.18950e+05  4.92547e+44 -3.48150e-14
 3.70916e+02  2.34282e+05  1.80629e+45  2.34282e+05  1.68634e+45  2.26486e+05  1.35977e+45  2.18950e+05  5.16175e+44 -3.48150e-14
 3.83038e+02  2.34282e+05  1.86410e+45  2.34282e+05  1.75301e+45  2.26486e+05  1.37378e+45  2.18950e+05  5.41988e+44 -3.48150e-14
 3.95557e+02  2.34282e+05  1.93031e+45  2.34282e+05  1.82754e+45  2.26486e+05  1.39382e+45  2.18950e+05  5.70093e+44 -3.48150e-14
 4.08485e+02  2.34282e+05  2.00520e+45  2.34282e+05  1.91023e+45  2.26486e+05  1.41997e+45  2.18950e+05  6.00607e+44 -3.48150e-14
 4.21835e+02  2.34282e+05  2.08908e+45  2.34282e+05  2.00143e+45  2.26486e+05  1.45235e+45  2.18950e+05  6.33656e+44 -3.48150e-14
 4.35622e+02  2.34282e+05  2.18231e+45  2.34282e+05  2.10151e+45  2.26486e+05  1.49108e+45  2.11664e+05  6.59096e+44 -3.48150e-14
 4.49859e+02  2.34282e+05  2.28525e+45  2.34282e+05  2.21089e+45  2.26486e+05  1.53633e+45  2.11664e+05  6.62214e+44 -3.48150e-14
 4.64562e+02  2.34282e+05  2.39835e+45  2.34282e+05  2.33001e+45  2.26486e+05  1.58829e+45  2.11664e+05  6.68123e+44 -3.48150e-14
 4.79745e+02  2.34282e+05  2.52207e+45  2.26486e+05  2.34639e+45  2.26486e+05  1.64716e+45  2.11664e+05  6.76846e+44 -3.48150e-14
 4.95424e+02  2.34282e+05  2.65691e+45  2.26486e+05  2.36505e+45  2.26486e+05  1.71320e+45  2.11664e+05  6.88419e+44 -3.48150e-14
 5.11616e+02  2.26486e+05  2.70603e+45  2.26486e+05  2.39410e+45  2.26486e+05  1.78667e+45  2.11664e+05  7.02890e+44 -3.48150e-14
 5.28337e+02  2.26486e+05  2.72476e+45  2.26486e+05  2.43366e+45  2.26486e+05  1.86789e+45  2.11664e+05  7.20320e+44 -3.48150e-14
 5.45604e+02  2.26486e+05  2.75545e+45  2.26486e+05  2.48389e+45  2.26486e+05  1.95718e+45  2.11664e+05  7.40780e+44 -3.48150e-14
 5.63436e+02  2.26486e+05  2.79825e+45  2.26486e+05  2.54499e+45  2.26486e+05  2.05492e+45  2.11664e+05  7.64355e+44 -3.48150e-14
 5.81850e+02  2.26486e+05  2.85331e+45  2.26486e+05  2.61723e+45  2.26486e+05  2.16151e+45  2.11664e+05  7.91143e+44 -3.48150e-14
 6.00867e+02  2.26486e+05  2.92088e+45  2.26486e+05  2.70091e+45  2.26486e+05  2.27738e+45  2.11664e+05  8.21254e+44 -3.48150e-14
 6.20505e+02  2.26486e+05  3.00123e+45  2.26486e+05  2.79636e+45  2.18950e+05  2.30753e+45  2.11664e+05  8.54813e+44 -3.48150e-14
 6.40784e+02  2.26486e+05  3.09469e+45  2.26486e+05  2.90398e+45  2.18950e+05  2.32287e+45  2.11664e+05  8.91960e+44 -3.48150e-14
 6.61727e+02  2.26486e+05  3.20165e+45  2.26486e+05  3.02422e+45  2.18950e+05  2.34818e+45  2.11664e+05  9.32847e+44 -3.48150e-14
 6.83354e+02  2.26486e+05  3.32256e+45  2.26486e+05  3.15757e+45  2.18950e+05  2.38355e+45  2.11664e+05  9.77643e+44 -3.48150e-14
 7.05688e+02  2.26486e+05  3.45791e+45  2.26486e+05  3.30460e+45  2.18950e+05  2.42913e+45  2.11664e+05  1.02654e+45 -3.48150e-14
 7.28751e+02  2.26486e+05  3.60826e+45  2.26486e+05  3.46590e+45  2.18950e+05  2.48511e+45  2.11664e+05  1.07972e+45 -3.48150e-14
 7.52569e+02  2.26486e+05  3.77423e+45  2.26486e+05  3.64214e+45  2.18950e+05  2.55172e+45  2.11664e+05  1.13743e+45 -3.48150e-14
 7.77165e+02  2.26486e+05  3.95652e+45  2.26486e+05  3.83405e+45  2.18950e+05  2.62924e+45  2.11664e+05  1.19990e+45 -3.48150e-14
 8.02565e+02  2.26486e+05  4.15588e+45  2.18950e+05  3.98953e+45  2.18950e+05  2.71798e+45  2.11664e+05  1.26738e+45 -3.48150e-14
 8.28794e+02  2.26486e+05  4.37313e+45  2.18950e+05  4.00684e+45  2.18950e+05  2.81832e+45  2.04621e+05  1.28004e+45 -3.48150e-14
 8.55882e+02  2.18950e+05  4.60488e+45  2.18950e+05  4.04133e+45  2.18950e+05  2.93067e+45  2.04621e+05  1.28805e+45 -3.48150e-14
 8.83854e+02  2.18950e+05  4.62019e+45  2.18950e+05  4.09315e+45  2.18950e+05  3.05549e+45  2.04621e+05  1.30145e+45 -3.48150e-14
 9.12741e+02  2.18950e+05  4.65532e+45  2.18950e+05  4.16251e+45  2.18950e+05  3.19331e+45  2.04621e+05  1.32028e+45 -3.48150e-14
 9.42571e+02  2.18950e+05  4.71040e+45  2.18950e+05  4.24969e+45  2.18950e+05  3.34469e+45  2.04621e+05  1.34463e+45 -3.48150e-14
 9.73377e+02  2.18950e+05  4.78567e+45  2.18950e+05  4.35506e+45  2.18950e+05  3.51025e+45  2.04621e+05  1.37458e+45 -3.48150e-14
 1.00519e+03  2.18950e+05  4.88144e+45  2.18950e+05  4.47905e+45  2.18950e+05  3.69069e+45  2.04621e+05  1.41028e+45 -3.48150e-14
 1.03804e+03  2.18950e+05  4.99811e+45  2.18950e+05  4.62218e+45  2.18950e+05  3.88675e+45  2.04621e+05  1.45186e+45 -3.48150e-14
 1.07197e+03  2.18950e+05  5.13615e+45  2.18950e+05  4.78504e+45  2.11664e+05  4.03047e+45  2.04621e+05  1.49950e+45 -3.48150e-14
 1.10700e+03  2.18950e+05  5.29614e+45  2.18950e+05  4.96830e+45  2.11664e+05  4.04619e+45  2.04621e+05  1.55340e+45 -3.48150e-14
 1.14318e+03  2.18950e+05  5.47874e+45  2.18950e+05  5.17272e+45  2.11664e+05  4.07899e+45  2.04621e+05  1.61377e+45 -3.48150e-14
 1.18054e+03  2.18950e+05  5.68471e+45  2.18950e+05  5.39915e+45  2.11664e+05  4.12903e+45  2.04621e+05  1.68087e+45 -3.48150e-14
 1.21913e+03  2.18950e+05  5.91490e+45  2.18950e+05  5.64853e+45  2.11664e+05  4.19649e+45  2.04621e+05  1.75498e+45 -3.48150e-14
 1.25897e+03  2.18950e+05  6.17026e+45  2.18950e+05  5.92188e+45  2.11664e+05  4.28167e+45  2.04621e+05  1.83640e+45 -3.48150e-14
 1.30012e+03  2.18950e+05  6.45185e+45  2.18950e+05  6.22033e+45  2.11664e+05  4.38492e+45  2.04621e+05  1.92547e+45 -3.48150e-14
 1.34261e+03  2.18950e+05  6.76083e+45  2.18950e+05  6.54514e+45  2.11664e+05  4.50666e+45  2.04621e+05  2.02255e+45 -3.48150e-14
 1.38649e+03  2.18950e+05  7.09848e+45  2.18950e+05  6.89762e+45  2.11664e+05  4.64739e+45  2.04621e+05  2.12806e+45 -3.48150e-14
 1.43180e+03  2.18950e+05  7.46620e+45  2.11664e+05  6.98984e+45  2.11664e+05  4.80771e+45  2.04621e+05  2.24242e+45 -3.48150e-14
 1.47860e+03  2.18950e+05  7.86552e+45  2.11664e+05  7.03065e+45  2.11664e+05  4.98827e+45  2.04621e+05  2.36611e+45 -3.48150e-14
 1.52692e+03  2.11664e+05  8.06501e+45  2.11664e+05  7.10115e+45  2.11664e+05  5.18982e+45  2.04621e+05  2.49964e+45 -3.48150e-14
 1.57683e+03  2.11664e+05  8.10406e+45  2.11664e+05  7.20164e+45  2.11664e+05  5.41319e+45  1.97812e+05  2.56318e+45 -3.48150e-14
 1.62836e+03  2.11664e+05  8.17734e+45  2.11664e+05  7.33253e+45  2.11664e+05  5.65931e+45  1.97812e+05  2.57374e+45 -3.48150e-14
 1.68158e+03  2.11664e+05  8.28515e+45  2.11664e+05  7.49437e+45  2.11664e+05  5.92920e+45  1.97812e+05  2.59499e+45 -3.48150e-14
 1.73654e+03  2.11664e+05  8.42795e+45  2.11664e+05  7.68782e+45  2.11664e+05  6.22398e+45  1.97812e+05  2.62703e+45 -3.48150e-14
 1.79329e+03  2.11664e+05  8.60631e+45  2.11664e+05  7.91369e+45  2.11664e+05  6.54485e+45  1.97812e+05  2.67000e+45 -3.48150e-14
 1.85190e+03  2.11664e+05  8.82099e+45  2.11664e+05  8.17291e+45  2.11664e+05  6.89316e+45  1.97812e+05  2.72406e+45 -3.48150e-14
 1.91243e+03  2.11664e+05  9.07286e+45  2.11664e+05  8.46655e+45  2.04621e+05  7.24434e+45  1.97812e+05  2.78945e+45 -3.48150e-14
 1.97493e+03  2.11664e+05  9.36297e+45  2.11664e+05  8.79583e+45  2.04621e+05  7.25905e+45  1.97812e+05  2.86642e+45 -3.48150e-14
 2.03948e+03  2.11664e+05  9.69253e+45  2.11664e+05  9.16212e+45  2.04621e+05  7.30414e+45  1.97812e+05  2.95532e+45 -3.48150e-14
 2.10613e+03  2.11664e+05  1.00629e+46  2.11664e+05  9.56692e+45  2.04621e+05  7.37981e+45  1.97812e+05  3.05649e+45 -3.48150e-14
 2.17497e+03  2.11664e+05  1.04756e+46  2.11664e+05  1.00119e+46  2.04621e+05  7.48637e+45  1.97812e+05  3.17036e+45 -3.48150e-14
 2.24605e+03  2.11664e+05  1.09323e+46  2.11664e+05  1.04989e+46  2.04621e+05  7.62426e+45  1.97812e+05  3.29739e+45 -3.48150e-14
 2.31946e+03  2.11664e+05  1.14350e+46  2.11664e+05  1.10300e+46  2.04621e+05  7.79404e+45  1.97812e+05  3.43813e+45 -3.48150e-14
 2.39526e+03  2.11664e+05  1.19857e+46  2.11664e+05  1.16073e+46  2.04621e+05  7.99643e+45  1.97812e+05  3.59314e+45 -3.48150e-14
 2.47355e+03  2.11664e+05  1.25867e+46  2.11664e+05  1.22333e+46  2.04621e+05  8.23225e+45  1.97812e+05  3.76307e+45 -3.48150e-14
 2.55439e+03  2.11664e+05  1.32405e+46  2.04621e+05  1.25528e+46  2.04621e+05  8.50250e+45  1.97812e+05  3.94863e+45 -3.48150e-14
 2.63787e+03  2.11664e+05  1.39497e+46  2.04621e+05  1.26024e+46  2.04621e+05  8.80827e+45  1.97812e+05  4.15057e+45 -3.48150e-14
 2.72409e+03  2.04621e+05  1.44900e+46  2.04621e+05  1.27048e+46  2.04621e+05  9.15085e+45  1.97812e+05  4.36974e+45 -3.48150e-14
 2.81312e+03  2.04621e+05  1.45330e+46  2.04621e+05  1.28604e+46  2.04621e+05  9.53164e+45  1.97812e+05  4.60705e+45 -3.48150e-14
 2.90506e+03  2.04621e+05  1.46368e+46  2.04621e+05  1.30698e+46  2.04621e+05  9.95222e+45  1.97812e+05  4.86347e+45 -3.48150e-14
 3.00000e+03  2.04621e+05  1.48019e+46  2.04621e+05  1.33339e+46  2.04621e+05  1.04143e+46  1.97812e+05  5.14006e+45 -3.48150e-14
