radius_rg T_0deg L_0deg L_over_Edd_0deg chi2_0deg T_15deg L_15deg L_over_Edd_15deg chi2_15deg T_30deg L_30deg L_over_Edd_30deg chi2_30deg T_45deg L_45deg L_over_Edd_45deg chi2_45deg nuLnusavg_last
 1.98743e+01  1.69105e+05  3.08148e+44  2.44562e-01  2.29811e+40  2.10437e+05  7.38970e+44  5.86484e-01  4.43560e+41  2.34750e+05  1.14436e+45  9.08218e-01  1.16186e+42  2.16269e+05  8.24348e+44  6.54244e-01  1.64893e+42  1.86957e+43
 2.05238e+01  1.60108e+05  2.64074e+44  2.09583e-01  2.02998e+40  1.93870e+05  5.67689e+44  4.50547e-01  4.31107e+41  2.22262e+05  9.80681e+44  7.78318e-01  1.14200e+42  2.04763e+05  7.06443e+44  5.60669e-01  1.62328e+42  1.86957e+43
 2.11946e+01  1.51591e+05  2.26304e+44  1.79607e-01  1.79893e+40  1.83556e+05  4.86493e+44  3.86106e-01  4.16955e+41  2.10437e+05  8.40416e+44  6.66997e-01  1.12165e+42  1.93870e+05  6.05402e+44  4.80478e-01  1.59685e+42  1.86957e+43
 2.18873e+01  1.47503e+05  2.16343e+44  1.71701e-01  1.59466e+40  1.73791e+05  4.16911e+44  3.30882e-01  4.02677e+41  1.99242e+05  7.20213e+44  5.71598e-01  1.10063e+42  1.83556e+05  5.18813e+44  4.11756e-01  1.56947e+42  1.86957e+43
 2.26026e+01  1.39656e+05  1.85400e+44  1.47143e-01  1.28256e+40  1.64545e+05  3.57282e+44  2.83557e-01  3.88218e+41  1.88642e+05  6.17203e+44  4.89844e-01  1.07874e+42  1.73791e+05  4.44608e+44  3.52864e-01  1.54097e+42  1.86957e+43
 2.33413e+01  1.32226e+05  1.58883e+44  1.26097e-01  9.65410e+39  1.55791e+05  3.06180e+44  2.43000e-01  3.73552e+41  1.78607e+05  5.28926e+44  4.19782e-01  1.05581e+42  1.64545e+05  3.81017e+44  3.02394e-01  1.51122e+42  1.86957e+43
 2.41042e+01  1.25192e+05  1.36158e+44  1.08062e-01  6.60595e+39  1.47503e+05  2.62388e+44  2.08245e-01  3.58696e+41  1.69105e+05  4.53275e+44  3.59742e-01  1.03170e+42  1.55791e+05  3.26521e+44  2.59144e-01  1.48011e+42  1.86957e+43
 2.48920e+01  1.18532e+05  1.16684e+44  9.26061e-02  3.92636e+39  1.39656e+05  2.24859e+44  1.78460e-01  3.43714e+41  1.60108e+05  3.88444e+44  3.08289e-01  1.00629e+42  1.47503e+05  2.79819e+44  2.22079e-01  1.44754e+42  1.86957e+43
 2.57055e+01  1.12226e+05  9.99947e+43  7.93608e-02  1.94569e+39  1.32226e+05  1.92698e+44  1.52935e-01  3.28726e+41  1.47503e+05  2.98409e+44  2.36832e-01  9.79421e+41  1.39656e+05  2.39797e+44  1.90315e-01  1.41349e+42  1.86957e+43
 2.65456e+01  1.06255e+05  8.56927e+43  6.80100e-02  1.09528e+39  1.25192e+05  1.65137e+44  1.31061e-01  3.13926e+41  1.43526e+05  2.85274e+44  2.26408e-01  9.51231e+41  1.32226e+05  2.05500e+44  1.63095e-01  1.37797e+42  1.86957e+43
 2.74132e+01  1.00603e+05  7.34362e+43  5.82827e-02  1.92597e+39  1.21816e+05  1.57868e+44  1.25292e-01  2.96938e+41  1.35890e+05  2.44472e+44  1.94025e-01  9.21556e+41  1.25192e+05  1.76108e+44  1.39768e-01  1.34103e+42  1.86957e+43
 2.83091e+01  9.52506e+04  6.29328e+43  4.99467e-02  5.12974e+39  1.15336e+05  1.35289e+44  1.07372e-01  2.78165e+41  1.28661e+05  2.09505e+44  1.66274e-01  8.90525e+41  1.18532e+05  1.50919e+44  1.19777e-01  1.30283e+42  1.86957e+43
 2.92343e+01  9.26823e+04  6.01627e+43  4.77482e-02  2.26075e+39  1.09200e+05  1.15939e+44  9.20148e-02  2.59383e+41  1.21816e+05  1.79540e+44  1.42492e-01  8.58286e+41  1.12226e+05  1.29334e+44  1.02646e-01  1.26359e+42  1.86957e+43
 3.01898e+01  8.77516e+04  5.15578e+43  4.09189e-02  1.39213e+39  1.03390e+05  9.93562e+43  7.88541e-02  2.41083e+41  1.15336e+05  1.53861e+44  1.22112e-01  8.25082e+41  1.06255e+05  1.10835e+44  8.79646e-02  1.22366e+42  1.86957e+43
 3.11765e+01  8.30832e+04  4.41836e+43  3.50663e-02  4.19926e+39  9.78901e+04  8.51455e+43  6.75758e-02  2.23902e+41  1.09200e+05  1.31855e+44  1.04647e-01  7.91266e+41  1.00603e+05  9.49829e+43  7.53832e-02  1.18348e+42  1.86957e+43
 3.21954e+01  8.08430e+04  4.22388e+43  3.35228e-02  1.09228e+40  9.26823e+04  7.29673e+43  5.79106e-02  2.08654e+41  1.03390e+05  1.12996e+44  8.96792e-02  7.57323e+41  9.52506e+04  8.13977e+43  6.46013e-02  1.14368e+42  1.86957e+43
 3.32476e+01  7.65422e+04  3.61974e+43  2.87281e-02  9.32450e+39  9.01833e+04  6.97556e+43  5.53616e-02  1.94904e+41  9.78901e+04  9.68343e+43  7.68526e-02  7.23895e+41  9.26823e+04  7.78148e+43  6.17578e-02  1.10068e+42  1.86957e+43
 3.43343e+01  7.24701e+04  3.10202e+43  2.46192e-02  1.38445e+40  8.53855e+04  5.97786e+43  4.74433e-02  1.72884e+41  9.26823e+04  8.29843e+43  6.58606e-02  6.91812e+41  8.77516e+04  6.66851e+43  5.29247e-02  1.05248e+42  1.86957e+43
 3.54564e+01  7.05161e+04  2.96548e+43  2.35356e-02  2.33152e+40  8.08430e+04  5.12286e+43  4.06576e-02  1.54287e+41  9.01833e+04  7.93316e+43  6.29616e-02  6.59118e+41  8.30832e+04  5.71473e+43  4.53550e-02  1.00554e+42  1.86957e+43
 3.66152e+01  6.67646e+04  2.54133e+43  2.01693e-02  2.46984e+40  7.65422e+04  4.39015e+43  3.48424e-02  1.40712e+41  8.53855e+04  6.79850e+43  5.39563e-02  6.18361e+41  7.86632e+04  4.89737e+43  3.88680e-02  9.61141e+41  1.86957e+43
 3.78119e+01  6.32128e+04  2.17785e+43  1.72845e-02  3.64153e+40  7.44783e+04  4.19691e+43  3.33088e-02  1.24868e+41  8.08430e+04  5.82612e+43  4.62391e-02  5.80378e+41  7.65422e+04  4.68180e+43  3.71571e-02  9.18825e+41  1.86957e+43
 3.90477e+01  6.15083e+04  2.08199e+43  1.65237e-02  4.22542e+40  7.05161e+04  3.59663e+43  2.85447e-02  1.05195e+41  7.65422e+04  4.99283e+43  3.96256e-02  5.46842e+41  7.24701e+04  4.01217e+43  3.18426e-02  8.65236e+41  1.86957e+43
 4.03238e+01  5.82361e+04  1.78421e+43  1.41604e-02  5.47600e+40  6.67646e+04  3.08221e+43  2.44620e-02  9.43295e+40  7.44783e+04  4.77306e+43  3.78814e-02  5.12115e+41  6.86147e+04  3.43832e+43  2.72883e-02  8.17014e+41  1.86957e+43
 4.16417e+01  5.66658e+04  1.70567e+43  1.35371e-02  6.53176e+40  6.49644e+04  2.94655e+43  2.33853e-02  7.76211e+40  7.05161e+04  4.09038e+43  3.24633e-02  4.70060e+41  6.67646e+04  3.28698e+43  2.60871e-02  7.75554e+41  1.86957e+43
 4.30027e+01  5.36512e+04  1.46171e+43  1.16009e-02  8.16611e+40  6.15083e+04  2.52511e+43  2.00405e-02  6.33478e+40  6.67646e+04  3.50534e+43  2.78202e-02  4.36331e+41  6.32128e+04  2.81685e+43  2.23559e-02  7.19273e+41  1.86957e+43
 4.44081e+01  5.22046e+04  1.39737e+43  1.10903e-02  9.43018e+40  5.98498e+04  2.41396e+43  1.91584e-02  5.48639e+40  6.49644e+04  3.35105e+43  2.65956e-02  4.00688e+41  5.98498e+04  2.41396e+43  1.91584e-02  6.73416e+41  1.86957e+43
 4.58595e+01  4.94273e+04  1.19751e+43  9.50406e-03  1.19267e+41  5.66658e+04  2.06870e+43  1.64182e-02  3.92447e+40  6.15083e+04  2.87175e+43  2.27917e-02  3.60855e+41  5.82361e+04  2.30771e+43  1.83151e-02  6.24080e+41  1.86957e+43
 4.73583e+01  4.80946e+04  1.14480e+43  9.08572e-03  1.31859e+41  5.51379e+04  1.97764e+43  1.56956e-02  3.52229e+40  5.98498e+04  2.74535e+43  2.17885e-02  3.34632e+41  5.51379e+04  1.97764e+43  1.56956e-02  5.74677e+41  1.86957e+43
 4.89061e+01  4.67978e+04  1.09441e+43  8.68579e-03  1.57237e+41  5.22046e+04  1.69478e+43  1.34507e-02  2.19455e+40  5.66658e+04  2.35269e+43  1.86721e-02  2.90558e+41  5.36512e+04  1.89059e+43  1.50047e-02  5.29337e+41  1.86957e+43
 5.05045e+01  4.43081e+04  9.37879e+42  7.44348e-03  1.83706e+41  5.07970e+04  1.62018e+43  1.28586e-02  1.90289e+40  5.36512e+04  2.01619e+43  1.60015e-02  2.66393e+41  5.07970e+04  1.62018e+43  1.28586e-02  4.79979e+41  1.86957e+43
 5.21551e+01  4.31134e+04  8.96597e+42  7.11585e-03  2.06094e+41  4.80946e+04  1.38845e+43  1.10195e-02  1.39544e+40  5.22046e+04  1.92744e+43  1.52972e-02  2.24576e+41  4.94273e+04  1.54887e+43  1.22926e-02  4.35036e+41  1.86957e+43
 5.38597e+01  4.19509e+04  8.57131e+42  6.80263e-03  2.38771e+41  4.67978e+04  1.32734e+43  1.05344e-02  9.43687e+39  5.07970e+04  1.84260e+43  1.46238e-02  2.04234e+41  4.67978e+04  1.32734e+43  1.05344e-02  3.91527e+41  1.86957e+43
 2.47355e+03  6.36285e+03  9.56754e+42  7.59329e-03  9.96667e+43  6.53917e+03  1.06729e+43  8.47058e-03  1.04592e+44  6.53917e+03  1.06729e+43  8.47058e-03  1.05071e+44  6.36285e+03  9.56754e+42  7.59329e-03  9.52816e+43  1.86957e+43
 2.55439e+03  6.36285e+03  1.02031e+43  8.09773e-03  1.03047e+44  6.36285e+03  1.02031e+43  8.09773e-03  1.07495e+44  6.53917e+03  1.13820e+43  9.03331e-03  1.08969e+44  6.36285e+03  1.02031e+43  8.09773e-03  9.83594e+43  1.86957e+43
 2.63787e+03  6.19129e+03  9.75403e+42  7.74130e-03  1.06215e+44  6.36285e+03  1.08810e+43  8.63569e-03  1.10658e+44  6.36285e+03  1.08810e+43  8.63569e-03  1.12036e+44  6.36285e+03  1.08810e+43  8.63569e-03  1.02021e+44  1.86957e+43
 2.72409e+03  6.19129e+03  1.04020e+43  8.25558e-03  1.09078e+44  6.36285e+03  1.16038e+43  9.20939e-03  1.14452e+44  6.36285e+03  1.16038e+43  9.20939e-03  1.15397e+44  6.19129e+03  1.04020e+43  8.25558e-03  1.04953e+44  1.86957e+43
 2.81312e+03  6.19129e+03  1.10931e+43  8.80402e-03  1.12531e+44  6.19129e+03  1.10931e+43  8.80402e-03  1.18154e+44  6.36285e+03  1.23747e+43  9.82120e-03  1.19432e+44  6.19129e+03  1.10931e+43  8.80402e-03  1.08087e+44  1.86957e+43
 2.90506e+03  6.19129e+03  1.18300e+43  9.38890e-03  1.16589e+44  6.19129e+03  1.18300e+43  9.38890e-03  1.21356e+44  6.19129e+03  1.18300e+43  9.38890e-03  1.23335e+44  6.19129e+03  1.18300e+43  9.38890e-03  1.11846e+44  1.86957e+43
 3.00000e+03  6.02435e+03  1.13093e+43  8.97563e-03  1.19479e+44  6.19129e+03  1.26159e+43  1.00126e-02  1.25233e+44  6.19129e+03  1.26159e+43  1.00126e-02  1.26742e+44  6.02435e+03  1.13093e+43  8.97563e-03  1.15674e+44  1.86957e+43
