radius(rg)  best_T_OUV(K) best_L_OUV(erg/s) best_L_OUV/L_OUV best_L_OUV/L_Edd chi2_OUV  best_T_X(K) best_L_X(erg/s) best_L_X/L_Edd chi2_X
 1.65998e+02  8.30832e+04  1.25261e+45  5.96610e+00  9.94132e-01  6.00866e+42  3.28633e+05  3.06625e+47  2.43353e+02  3.23232e+46
 1.71424e+02  8.08430e+04  1.19747e+45  5.70349e+00  9.50373e-01  5.48175e+42  3.28633e+05  3.26995e+47  2.59520e+02  3.41850e+46
 1.77026e+02  7.65422e+04  1.02620e+45  4.88773e+00  8.14443e-01  4.90838e+42  3.28633e+05  3.48719e+47  2.76761e+02  3.61929e+46
 1.82812e+02  7.24701e+04  8.79424e+44  4.18865e+00  6.97955e-01  4.46884e+42  3.28633e+05  3.71885e+47  2.95147e+02  3.83552e+46
 1.88787e+02  7.05161e+04  8.40714e+44  4.00428e+00  6.67234e-01  4.03697e+42  3.28633e+05  3.96591e+47  3.14754e+02  4.06809e+46
 1.94957e+02  6.67646e+04  7.20469e+44  3.43156e+00  5.71801e-01  3.45792e+42  3.28633e+05  4.22938e+47  3.35665e+02  4.31795e+46
 2.01328e+02  6.32128e+04  6.17422e+44  2.94075e+00  4.90017e-01  3.11735e+42  3.28633e+05  4.51035e+47  3.57964e+02  4.58615e+46
 2.07908e+02  6.15083e+04  5.90245e+44  2.81131e+00  4.68448e-01  2.58852e+42  3.28633e+05  4.80998e+47  3.81745e+02  4.87378e+46
 2.14703e+02  5.82361e+04  5.05823e+44  2.40921e+00  4.01447e-01  2.19665e+42  3.28633e+05  5.12953e+47  4.07105e+02  5.18205e+46
 2.21720e+02  5.66658e+04  4.83559e+44  2.30317e+00  3.83777e-01  1.80690e+42  3.28633e+05  5.47030e+47  4.34151e+02  5.51223e+46
 2.28967e+02  5.36512e+04  4.14396e+44  1.97375e+00  3.28886e-01  1.43257e+42  3.28633e+05  5.83371e+47  4.62993e+02  5.86569e+46
 2.36450e+02  5.22046e+04  3.96156e+44  1.88687e+00  3.14410e-01  1.10020e+42  3.28633e+05  6.22126e+47  4.93751e+02  6.24388e+46
 2.44178e+02  4.94273e+04  3.39495e+44  1.61700e+00  2.69440e-01  8.56838e+41  3.28633e+05  6.63456e+47  5.26553e+02  6.64837e+46
 2.52158e+02  4.80946e+04  3.24551e+44  1.54582e+00  2.57580e-01  5.12770e+41  3.28633e+05  7.07532e+47  5.61533e+02  7.08084e+46
 2.60399e+02  4.67978e+04  3.10266e+44  1.47778e+00  2.46242e-01  5.40450e+41  3.28633e+05  7.54536e+47  5.98838e+02  7.54308e+46
 2.68910e+02  4.43081e+04  2.65889e+44  1.26642e+00  2.11023e-01  1.67529e+41  3.28633e+05  8.04662e+47  6.38621e+02  8.03700e+46
 2.77699e+02  4.31134e+04  2.54185e+44  1.21067e+00  2.01734e-01  8.55012e+40  3.28633e+05  8.58118e+47  6.81046e+02  8.56464e+46
 2.86774e+02  4.08198e+04  2.17830e+44  1.03751e+00  1.72881e-01  2.93711e+41  3.28633e+05  9.15126e+47  7.26290e+02  9.12818e+46
