radius(rg)  best_T_OUV(K) best_L_OUV(erg/s) best_L_OUV/L_OUV best_L_OUV/L_Edd chi2_OUV  best_T_X(K) best_L_X(erg/s) best_L_X/L_Edd chi2_X
 1.28342e+02  9.26823e+04  1.15952e+45  7.64927e+00  9.20255e-01  2.30819e+42  3.28633e+05  1.83290e+47  1.45468e+02  1.76901e+46
 1.32537e+02  9.01833e+04  1.10848e+45  7.31257e+00  8.79748e-01  2.11750e+42  3.28633e+05  1.95466e+47  1.55132e+02  1.89021e+46
 1.36868e+02  8.53855e+04  9.49939e+44  6.26667e+00  7.53920e-01  1.82104e+42  3.28633e+05  2.08452e+47  1.65438e+02  2.01952e+46
 1.41341e+02  8.08430e+04  8.14071e+44  5.37037e+00  6.46088e-01  1.58295e+42  3.28633e+05  2.22300e+47  1.76428e+02  2.15749e+46
 1.45961e+02  7.65422e+04  6.97636e+44  4.60225e+00  5.53680e-01  1.42911e+42  3.28633e+05  2.37068e+47  1.88149e+02  2.30467e+46
 1.50731e+02  7.44783e+04  6.66929e+44  4.39968e+00  5.29308e-01  1.20515e+42  3.28633e+05  2.52817e+47  2.00648e+02  2.46169e+46
 1.55658e+02  7.05161e+04  5.71539e+44  3.77040e+00  4.53603e-01  9.59878e+41  3.28633e+05  2.69613e+47  2.13978e+02  2.62919e+46
 1.60745e+02  6.67646e+04  4.89793e+44  3.23113e+00  3.88725e-01  8.60269e+41  3.28633e+05  2.87524e+47  2.28194e+02  2.80787e+46
 1.65998e+02  6.49644e+04  4.68234e+44  3.08891e+00  3.71614e-01  6.23181e+41  3.28633e+05  3.06625e+47  2.43353e+02  2.99846e+46
 1.71424e+02  6.15083e+04  4.01264e+44  2.64711e+00  3.18463e-01  4.76740e+41  3.28633e+05  3.26995e+47  2.59520e+02  3.20175e+46
 1.77026e+02  5.98498e+04  3.83601e+44  2.53059e+00  3.04446e-01  3.70818e+41  3.28633e+05  3.48719e+47  2.76761e+02  3.41858e+46
 1.82812e+02  5.66658e+04  3.28736e+44  2.16864e+00  2.60901e-01  2.11654e+41  3.28633e+05  3.71885e+47  2.95147e+02  3.64986e+46
 1.88787e+02  5.51379e+04  3.14266e+44  2.07319e+00  2.49417e-01  1.77550e+41  3.28633e+05  3.96591e+47  3.14754e+02  3.89653e+46
 1.94957e+02  5.22046e+04  2.69317e+44  1.77666e+00  2.13744e-01  6.59133e+40  3.28633e+05  4.22938e+47  3.35665e+02  4.15963e+46
 2.01328e+02  5.07970e+04  2.57463e+44  1.69846e+00  2.04335e-01  5.08278e+40  3.28633e+05  4.51035e+47  3.57964e+02  4.44023e+46
 2.07908e+02  4.80946e+04  2.20638e+44  1.45553e+00  1.75110e-01  8.18947e+40  3.28633e+05  4.80998e+47  3.81745e+02  4.73950e+46
 2.14703e+02  4.67978e+04  2.10927e+44  1.39147e+00  1.67402e-01  4.35075e+40  3.28633e+05  5.12953e+47  4.07105e+02  5.05868e+46
 2.21720e+02  4.55359e+04  2.01642e+44  1.33022e+00  1.60033e-01  2.47032e+41  3.28633e+05  5.47030e+47  4.34151e+02  5.39909e+46
 2.28967e+02  4.31134e+04  1.72802e+44  1.13996e+00  1.37144e-01  2.70427e+41  3.28633e+05  5.83371e+47  4.62993e+02  5.76213e+46
 2.36450e+02  4.19509e+04  1.65196e+44  1.08978e+00  1.31108e-01  3.92896e+41  3.28633e+05  6.22126e+47  4.93751e+02  6.14932e+46
 2.44178e+02  4.08198e+04  1.57924e+44  1.04181e+00  1.25337e-01  7.07561e+41  3.28633e+05  6.63456e+47  5.26553e+02  6.56225e+46
