radius(rg)  best_T_OUV(K) best_L_OUV(erg/s) best_L_OUV/L_OUV best_L_OUV/L_Edd chi2_OUV  best_T_X(K) best_L_X(erg/s) best_L_X/L_Edd chi2_X
 8.18150e+01  1.15336e+05  1.12999e+45  1.38241e+01  8.96817e-01  1.49711e+42  3.17698e+05  6.50544e+46  5.16305e+01  4.77906e+45
 8.44889e+01  1.09200e+05  9.68369e+44  1.18469e+01  7.68547e-01  1.39525e+42  3.17698e+05  6.93762e+46  5.50605e+01  5.10785e+45
 8.72502e+01  1.03390e+05  8.29866e+44  1.01524e+01  6.58624e-01  1.30448e+42  3.17698e+05  7.39851e+46  5.87183e+01  5.45849e+45
 9.01018e+01  1.00603e+05  7.93338e+44  9.70555e+00  6.29633e-01  1.18413e+42  3.17698e+05  7.89001e+46  6.26192e+01  5.83245e+45
 9.30466e+01  9.52506e+04  6.79868e+44  8.31739e+00  5.39578e-01  1.04502e+42  3.17698e+05  8.41417e+46  6.67792e+01  6.23125e+45
 9.60876e+01  9.01833e+04  5.82628e+44  7.12777e+00  4.62403e-01  9.23403e+41  3.17698e+05  8.97316e+46  7.12155e+01  6.65656e+45
 9.92280e+01  8.53855e+04  4.99296e+44  6.10830e+00  3.96267e-01  8.28823e+41  3.07126e+05  8.35776e+46  6.63314e+01  7.04034e+45
 1.02471e+02  8.30832e+04  4.77319e+44  5.83943e+00  3.78824e-01  7.62063e+41  3.07126e+05  8.91299e+46  7.07380e+01  7.20677e+45
 1.05820e+02  7.86632e+04  4.09049e+44  5.00423e+00  3.24642e-01  6.10857e+41  3.07126e+05  9.50511e+46  7.54374e+01  7.40373e+45
 1.09278e+02  7.44783e+04  3.50544e+44  4.28849e+00  2.78209e-01  5.06919e+41  3.07126e+05  1.01366e+47  8.04490e+01  7.63205e+45
 1.12850e+02  7.05161e+04  3.00406e+44  3.67512e+00  2.38418e-01  4.68515e+41  3.07126e+05  1.08100e+47  8.57934e+01  7.89268e+45
 1.16538e+02  6.86147e+04  2.87183e+44  3.51335e+00  2.27923e-01  3.29681e+41  3.07126e+05  1.15281e+47  9.14930e+01  8.18668e+45
 1.20347e+02  6.49644e+04  2.46108e+44  3.01084e+00  1.95324e-01  2.57943e+41  3.07126e+05  1.22940e+47  9.75712e+01  8.51528e+45
 1.24280e+02  6.32128e+04  2.35275e+44  2.87832e+00  1.86726e-01  2.09531e+41  3.07126e+05  1.31107e+47  1.04053e+02  8.87984e+45
 1.28342e+02  5.98498e+04  2.01624e+44  2.46664e+00  1.60019e-01  1.15403e+41  3.07126e+05  1.39817e+47  1.10966e+02  9.28186e+45
 1.32537e+02  5.82361e+04  1.92749e+44  2.35806e+00  1.52976e-01  1.24189e+41  3.07126e+05  1.49105e+47  1.18338e+02  9.72302e+45
 1.36868e+02  5.51379e+04  1.65181e+44  2.02079e+00  1.31096e-01  3.00981e+40  3.07126e+05  1.59011e+47  1.26199e+02  1.02051e+46
 1.41341e+02  5.36512e+04  1.57910e+44  1.93185e+00  1.25326e-01  6.52679e+40  3.07126e+05  1.69575e+47  1.34583e+02  1.07302e+46
 1.45961e+02  5.07970e+04  1.35325e+44  1.65554e+00  1.07401e-01  9.09995e+39  3.07126e+05  1.80840e+47  1.43524e+02  1.13004e+46
 1.50731e+02  4.94273e+04  1.29368e+44  1.58267e+00  1.02673e-01  4.39824e+40  3.07126e+05  1.92854e+47  1.53059e+02  1.19180e+46
 1.55658e+02  4.67978e+04  1.10865e+44  1.35630e+00  8.79880e-02  8.42215e+40  3.07126e+05  2.05666e+47  1.63227e+02  1.25857e+46
 1.60745e+02  4.55359e+04  1.05985e+44  1.29660e+00  8.41150e-02  9.86137e+40  3.07126e+05  2.19329e+47  1.74070e+02  1.33062e+46
 1.65998e+02  4.43081e+04  1.01320e+44  1.23953e+00  8.04126e-02  2.35454e+41  3.07126e+05  2.33900e+47  1.85635e+02  1.40825e+46
 1.71424e+02  4.19509e+04  8.68283e+43  1.06224e+00  6.89113e-02  3.04227e+41  3.07126e+05  2.49438e+47  1.97967e+02  1.49178e+46
 1.77026e+02  4.08198e+04  8.30064e+43  1.01549e+00  6.58781e-02  3.94262e+41  3.07126e+05  2.66009e+47  2.11118e+02  1.58156e+46
