radius(rg)  best_T_OUV(K) best_L_OUV(erg/s) best_L_OUV/L_OUV best_L_OUV/L_Edd chi2_OUV  best_T_X(K) best_L_X(erg/s) best_L_X/L_Edd chi2_X
 2.86774e+02  6.15083e+04  1.12297e+45  2.60092e+00  8.91249e-01  1.81729e+41  4.93264e+05  4.64462e+48  3.68621e+03  5.45516e+48
 2.96147e+02  5.98498e+04  1.07354e+45  2.48644e+00  8.52019e-01  3.80314e+41  4.93264e+05  4.95318e+48  3.93110e+03  5.81390e+48
 3.05826e+02  5.66658e+04  9.19997e+44  2.13081e+00  7.30156e-01  4.69779e+39  4.93264e+05  5.28224e+48  4.19225e+03  6.19670e+48
 3.15821e+02  5.51379e+04  8.79502e+44  2.03702e+00  6.98017e-01  3.87278e+41  4.93264e+05  5.63315e+48  4.47076e+03  6.60515e+48
 3.26143e+02  5.22046e+04  7.53709e+44  1.74567e+00  5.98181e-01  1.47946e+41  4.93264e+05  6.00738e+48  4.76776e+03  7.04094e+48
 3.36802e+02  5.07970e+04  7.20533e+44  1.66883e+00  5.71851e-01  5.68738e+41  4.93264e+05  6.40647e+48  5.08450e+03  7.50587e+48
 3.47810e+02  4.80946e+04  6.17477e+44  1.43014e+00  4.90061e-01  7.35643e+41  4.93264e+05  6.83208e+48  5.42228e+03  8.00186e+48
 3.59177e+02  4.67978e+04  5.90297e+44  1.36719e+00  4.68490e-01  1.07849e+42  4.93264e+05  7.28596e+48  5.78250e+03  8.53096e+48
 3.70916e+02  4.43081e+04  5.05868e+44  1.17164e+00  4.01483e-01  2.05225e+42  4.93264e+05  7.76999e+48  6.16666e+03  9.09538e+48
 3.83038e+02  4.31134e+04  4.83602e+44  1.12007e+00  3.83811e-01  2.24532e+42  4.93264e+05  8.28617e+48  6.57633e+03  9.69744e+48
 3.95557e+02  4.19509e+04  4.62315e+44  1.07077e+00  3.66917e-01  3.01637e+42  4.93264e+05  8.83665e+48  7.01321e+03  1.03396e+49
 4.08485e+02  4.08198e+04  4.41965e+44  1.02364e+00  3.50766e-01  4.31405e+42  4.93264e+05  9.42370e+48  7.47913e+03  1.10246e+49
