radius(rg)  best_T_OUV(K) best_L_OUV(erg/s) best_L_OUV/L_OUV best_L_OUV/L_Edd chi2_OUV  best_T_X(K) best_L_X(erg/s) best_L_X/L_Edd chi2_X
 5.56199e+01  1.43526e+05  1.25238e+45  2.63376e+01  9.93955e-01  1.99795e+42  2.87027e+05  2.00311e+46  1.58977e+01  4.59602e+44
 5.74378e+01  1.35890e+05  1.07326e+45  2.25706e+01  8.51792e-01  1.91348e+42  2.87027e+05  2.13618e+46  1.69538e+01  4.99988e+44
 5.93150e+01  1.28661e+05  9.19752e+44  1.93424e+01  7.29962e-01  1.82808e+42  2.87027e+05  2.27810e+46  1.80801e+01  5.43194e+44
 6.12535e+01  1.21816e+05  7.88202e+44  1.65759e+01  6.25557e-01  1.74281e+42  2.87027e+05  2.42944e+46  1.92812e+01  5.89398e+44
 6.32555e+01  1.15336e+05  6.75468e+44  1.42051e+01  5.36085e-01  1.65922e+42  2.87027e+05  2.59083e+46  2.05622e+01  6.38792e+44
 6.53228e+01  1.12226e+05  6.45736e+44  1.35798e+01  5.12489e-01  1.57729e+42  2.87027e+05  2.76295e+46  2.19282e+01  6.91580e+44
 6.74577e+01  1.06255e+05  5.53377e+44  1.16375e+01  4.39188e-01  1.46758e+42  2.87027e+05  2.94650e+46  2.33849e+01  7.47981e+44
 6.96624e+01  1.00603e+05  4.74229e+44  9.97302e+00  3.76372e-01  1.35999e+42  2.87027e+05  3.14225e+46  2.49385e+01  8.08227e+44
 7.19392e+01  9.52506e+04  4.06401e+44  8.54660e+00  3.22541e-01  1.25804e+42  2.87027e+05  3.35100e+46  2.65952e+01  8.72569e+44
 7.42903e+01  9.01833e+04  3.48275e+44  7.32420e+00  2.76408e-01  1.16623e+42  2.87027e+05  3.57362e+46  2.83620e+01  9.41272e+44
 7.67183e+01  8.53855e+04  2.98462e+44  6.27664e+00  2.36874e-01  1.09015e+42  2.87027e+05  3.81102e+46  3.02462e+01  1.01462e+45
 7.92257e+01  8.30832e+04  2.85324e+44  6.00036e+00  2.26448e-01  9.79936e+41  2.87027e+05  4.06420e+46  3.22556e+01  1.09292e+45
 8.18150e+01  7.86632e+04  2.44515e+44  5.14214e+00  1.94060e-01  8.69802e+41  2.87027e+05  4.33420e+46  3.43984e+01  1.17649e+45
 8.44889e+01  7.44783e+04  2.09543e+44  4.40667e+00  1.66304e-01  7.87193e+41  2.87027e+05  4.62214e+46  3.66836e+01  1.26568e+45
 8.72502e+01  7.24701e+04  2.00319e+44  4.21271e+00  1.58984e-01  7.06666e+41  2.87027e+05  4.92920e+46  3.91207e+01  1.36086e+45
 9.01018e+01  6.86147e+04  1.71668e+44  3.61017e+00  1.36244e-01  5.92632e+41  2.87027e+05  5.25667e+46  4.17196e+01  1.46242e+45
 9.30466e+01  6.49644e+04  1.47115e+44  3.09382e+00  1.16758e-01  5.27347e+41  2.87027e+05  5.60588e+46  4.44911e+01  1.57079e+45
 9.60876e+01  6.32128e+04  1.40639e+44  2.95764e+00  1.11618e-01  4.33401e+41  2.87027e+05  5.97830e+46  4.74468e+01  1.68640e+45
 9.92280e+01  5.98498e+04  1.20524e+44  2.53461e+00  9.56539e-02  3.53234e+41  2.87027e+05  6.37546e+46  5.05989e+01  1.80975e+45
 1.02471e+02  5.82361e+04  1.15219e+44  2.42305e+00  9.14435e-02  2.95419e+41  2.87027e+05  6.79900e+46  5.39603e+01  1.94134e+45
 1.05820e+02  5.51379e+04  9.87393e+43  2.07648e+00  7.83646e-02  2.13179e+41  2.87027e+05  7.25068e+46  5.75451e+01  2.08170e+45
 1.09278e+02  5.36512e+04  9.43931e+43  1.98508e+00  7.49152e-02  1.72750e+41  2.87027e+05  7.73237e+46  6.13680e+01  2.23144e+45
 1.12850e+02  5.07970e+04  8.08923e+43  1.70116e+00  6.42002e-02  1.10330e+41  2.87027e+05  8.24606e+46  6.54449e+01  2.39116e+45
 1.16538e+02  4.94273e+04  7.73317e+43  1.62628e+00  6.13744e-02  7.09643e+40  2.87027e+05  8.79387e+46  6.97926e+01  2.56153e+45
 1.20347e+02  4.67978e+04  6.62711e+43  1.39368e+00  5.25961e-02  6.23579e+40  2.87027e+05  9.37808e+46  7.44292e+01  2.74324e+45
 1.24280e+02  4.55359e+04  6.33541e+43  1.33233e+00  5.02810e-02  1.15231e+40  2.87027e+05  1.00011e+47  7.93738e+01  2.93707e+45
 1.28342e+02  4.43081e+04  6.05654e+43  1.27369e+00  4.80678e-02  3.52819e+40  2.87027e+05  1.06655e+47  8.46468e+01  3.14379e+45
 1.32537e+02  4.19509e+04  5.19029e+43  1.09152e+00  4.11928e-02  3.74865e+40  2.87027e+05  1.13740e+47  9.02702e+01  3.36428e+45
 1.36868e+02  4.08198e+04  4.96183e+43  1.04347e+00  3.93796e-02  3.32626e+40  2.87027e+05  1.21297e+47  9.62672e+01  3.59944e+45
