radius(rg)  best_T_OUV(K) best_L_OUV(erg/s) best_L_OUV/L_OUV best_L_OUV/L_Edd chi2_OUV  best_T_X(K) best_L_X(erg/s) best_L_X/L_Edd chi2_X
 2.07908e+02  7.24701e+04  1.13745e+45  3.97983e+00  9.02740e-01  1.21807e+42  2.34282e+05  1.24237e+47  9.86011e+01  8.74967e+43
 2.14703e+02  6.86147e+04  9.74765e+44  3.41061e+00  7.73623e-01  1.15364e+42  2.34282e+05  1.32491e+47  1.05151e+02  8.86376e+43
 2.21720e+02  6.67646e+04  9.31859e+44  3.26048e+00  7.39570e-01  7.03152e+41  2.34282e+05  1.41293e+47  1.12137e+02  9.34748e+43
 2.28967e+02  6.32128e+04  7.98577e+44  2.79414e+00  6.33791e-01  5.46822e+41  2.34282e+05  1.50679e+47  1.19587e+02  1.02028e+44
 2.36450e+02  6.15083e+04  7.63426e+44  2.67115e+00  6.05894e-01  3.77460e+41  2.34282e+05  1.60689e+47  1.27531e+02  1.14334e+44
 2.44178e+02  5.82361e+04  6.54235e+44  2.28910e+00  5.19234e-01  1.81365e+41  2.34282e+05  1.71365e+47  1.36004e+02  1.30442e+44
 2.52158e+02  5.66658e+04  6.25438e+44  2.18835e+00  4.96379e-01  1.80608e+41  2.26486e+05  1.59612e+47  1.26676e+02  1.26205e+44
 2.60399e+02  5.36512e+04  5.35983e+44  1.87535e+00  4.25383e-01  4.14363e+40  2.26486e+05  1.70216e+47  1.35092e+02  1.16204e+44
 2.68910e+02  5.22046e+04  5.12391e+44  1.79280e+00  4.06659e-01  1.07111e+41  2.26486e+05  1.81524e+47  1.44066e+02  1.10012e+44
 2.77699e+02  4.94273e+04  4.39105e+44  1.53638e+00  3.48496e-01  1.81264e+41  2.26486e+05  1.93583e+47  1.53637e+02  1.07606e+44
 2.86774e+02  4.80946e+04  4.19777e+44  1.46876e+00  3.33156e-01  2.28253e+41  2.26486e+05  2.06443e+47  1.63844e+02  1.08974e+44
 2.96147e+02  4.67978e+04  4.01299e+44  1.40411e+00  3.18492e-01  7.45549e+41  2.26486e+05  2.20158e+47  1.74728e+02  1.14123e+44
 3.05826e+02  4.43081e+04  3.43902e+44  1.20328e+00  2.72938e-01  7.20618e+41  2.26486e+05  2.34784e+47  1.86336e+02  1.23074e+44
 3.15821e+02  4.31134e+04  3.28765e+44  1.15032e+00  2.60925e-01  1.09964e+42  2.26486e+05  2.50381e+47  1.98715e+02  1.35864e+44
 3.26143e+02  4.19509e+04  3.14294e+44  1.09968e+00  2.49439e-01  1.85338e+42  2.26486e+05  2.67015e+47  2.11916e+02  1.52545e+44
