radius(rg)  best_T_OUV(K) best_L_OUV(erg/s) best_L_OUV/L_OUV best_L_OUV/L_Edd chi2_OUV  best_T_X(K) best_L_X(erg/s) best_L_X/L_Edd chi2_X
 6.32555e+01  1.32226e+05  1.16687e+45  2.06945e+01  9.26086e-01  2.12146e+42  2.50688e+05  1.50759e+46  1.19650e+01  8.80800e+43
 6.53228e+01  1.25192e+05  9.99974e+44  1.77346e+01  7.93630e-01  2.02551e+42  2.50688e+05  1.60774e+46  1.27599e+01  9.37554e+43
 6.74577e+01  1.18532e+05  8.56950e+44  1.51981e+01  6.80119e-01  1.93142e+42  2.50688e+05  1.71455e+46  1.36075e+01  1.00082e+44
 6.96624e+01  1.15336e+05  8.19230e+44  1.45291e+01  6.50182e-01  1.82366e+42  2.50688e+05  1.82845e+46  1.45115e+01  1.07085e+44
 7.19392e+01  1.09200e+05  7.02057e+44  1.24510e+01  5.57188e-01  1.70136e+42  2.50688e+05  1.94992e+46  1.54756e+01  1.14795e+44
 7.42903e+01  1.03390e+05  6.01643e+44  1.06702e+01  4.77495e-01  1.58084e+42  2.50688e+05  2.07946e+46  1.65037e+01  1.23242e+44
 7.67183e+01  9.78901e+04  5.15592e+44  9.14406e+00  4.09200e-01  1.46585e+42  2.50688e+05  2.21761e+46  1.76001e+01  1.32463e+44
 7.92257e+01  9.26823e+04  4.41848e+44  7.83621e+00  3.50673e-01  1.36119e+42  2.50688e+05  2.36493e+46  1.87693e+01  1.42494e+44
 8.18150e+01  8.77516e+04  3.78651e+44  6.71541e+00  3.00517e-01  1.27285e+42  2.50688e+05  2.52204e+46  2.00162e+01  1.53379e+44
 8.44889e+01  8.53855e+04  3.61984e+44  6.41982e+00  2.87289e-01  1.15033e+42  2.50688e+05  2.68959e+46  2.13460e+01  1.65161e+44
 8.72502e+01  8.08430e+04  3.10211e+44  5.50161e+00  2.46199e-01  1.02179e+42  2.50688e+05  2.86827e+46  2.27641e+01  1.77889e+44
 9.01018e+01  7.65422e+04  2.65842e+44  4.71473e+00  2.10986e-01  9.21756e+41  2.50688e+05  3.05882e+46  2.42763e+01  1.91617e+44
 9.30466e+01  7.44783e+04  2.54140e+44  4.50720e+00  2.01699e-01  8.43768e+41  2.50688e+05  3.26203e+46  2.58891e+01  2.06400e+44
 9.60876e+01  7.05161e+04  2.17791e+44  3.86255e+00  1.72850e-01  7.04186e+41  2.50688e+05  3.47873e+46  2.76090e+01  2.22300e+44
 9.92280e+01  6.67646e+04  1.86641e+44  3.31009e+00  1.48128e-01  6.15481e+41  2.50688e+05  3.70984e+46  2.94432e+01  2.39384e+44
 1.02471e+02  6.49644e+04  1.78426e+44  3.16439e+00  1.41608e-01  5.30384e+41  2.50688e+05  3.95630e+46  3.13992e+01  2.57721e+44
 1.05820e+02  6.15083e+04  1.52906e+44  2.71180e+00  1.21354e-01  4.17632e+41  2.50688e+05  4.21913e+46  3.34851e+01  2.77388e+44
 1.09278e+02  5.98498e+04  1.46175e+44  2.59243e+00  1.16012e-01  3.80849e+41  2.50688e+05  4.49942e+46  3.57097e+01  2.98465e+44
 1.12850e+02  5.66658e+04  1.25268e+44  2.22164e+00  9.94193e-02  2.55952e+41  2.50688e+05  4.79833e+46  3.80820e+01  3.21041e+44
 1.16538e+02  5.51379e+04  1.19754e+44  2.12385e+00  9.50431e-02  2.44552e+41  2.50688e+05  5.11710e+46  4.06119e+01  3.45208e+44
 1.20347e+02  5.22046e+04  1.02626e+44  1.82008e+00  8.14493e-02  1.29110e+41  2.50688e+05  5.45704e+46  4.33099e+01  3.71066e+44
 1.24280e+02  5.07970e+04  9.81089e+43  1.73997e+00  7.78642e-02  1.22565e+41  2.50688e+05  5.81957e+46  4.61871e+01  3.98724e+44
 1.28342e+02  4.80946e+04  8.40766e+43  1.49111e+00  6.67275e-02  5.11464e+40  2.50688e+05  6.20619e+46  4.92554e+01  4.28294e+44
 1.32537e+02  4.67978e+04  8.03758e+43  1.42547e+00  6.37903e-02  3.27943e+40  2.50688e+05  6.61848e+46  5.25276e+01  4.59900e+44
 1.36868e+02  4.43081e+04  6.88798e+43  1.22159e+00  5.46665e-02  5.71621e+40  2.50688e+05  7.05817e+46  5.60172e+01  4.93671e+44
 1.41341e+02  4.31134e+04  6.58480e+43  1.16782e+00  5.22603e-02  1.61543e+40  2.50688e+05  7.52707e+46  5.97386e+01  5.29749e+44
 1.45961e+02  4.19509e+04  6.29496e+43  1.11642e+00  4.99600e-02  5.42541e+40  2.50688e+05  8.02712e+46  6.37073e+01  5.68282e+44
