radius(rg)  best_T_OUV(K) best_L_OUV(erg/s) best_L_OUV/L_OUV best_L_OUV/L_Edd chi2_OUV  best_T_X(K) best_L_X(erg/s) best_L_X/L_Edd chi2_X
 1.45961e+02  8.77516e+04  1.20516e+45  6.58872e+00  9.56480e-01  1.79945e+42  2.68243e+05  1.05230e+47  8.35156e+01  2.09969e+45
 1.50731e+02  8.30832e+04  1.03279e+45  5.64635e+00  8.19677e-01  1.63379e+42  2.68243e+05  1.12220e+47  8.90638e+01  2.15431e+45
 1.55658e+02  8.08430e+04  9.87333e+44  5.39781e+00  7.83597e-01  1.40127e+42  2.68243e+05  1.19676e+47  9.49806e+01  2.21997e+45
 1.60745e+02  7.65422e+04  8.46117e+44  4.62578e+00  6.71521e-01  1.11761e+42  2.68243e+05  1.27626e+47  1.01290e+02  2.29694e+45
 1.65998e+02  7.24701e+04  7.25099e+44  3.96416e+00  5.75475e-01  9.59197e+41  2.68243e+05  1.36105e+47  1.08020e+02  2.38553e+45
 1.71424e+02  7.05161e+04  6.93182e+44  3.78967e+00  5.50144e-01  8.01493e+41  2.68243e+05  1.45146e+47  1.15196e+02  2.48611e+45
 1.77026e+02  6.67646e+04  5.94038e+44  3.24764e+00  4.71459e-01  5.47196e+41  2.68243e+05  1.54789e+47  1.22848e+02  2.59910e+45
 1.82812e+02  6.32128e+04  5.09074e+44  2.78314e+00  4.04027e-01  5.09735e+41  2.68243e+05  1.65072e+47  1.31010e+02  2.72497e+45
 1.88787e+02  6.15083e+04  4.86666e+44  2.66064e+00  3.86243e-01  2.72289e+41  2.68243e+05  1.76039e+47  1.39713e+02  2.86423e+45
 1.94957e+02  5.82361e+04  4.17059e+44  2.28009e+00  3.30999e-01  2.19823e+41  2.68243e+05  1.87733e+47  1.48995e+02  3.01747e+45
 2.01328e+02  5.66658e+04  3.98702e+44  2.17973e+00  3.16430e-01  9.70482e+40  2.68243e+05  2.00205e+47  1.58893e+02  3.18531e+45
 2.07908e+02  5.36512e+04  3.41676e+44  1.86797e+00  2.71172e-01  9.25022e+40  2.68243e+05  2.13505e+47  1.69449e+02  3.36846e+45
 2.14703e+02  5.22046e+04  3.26637e+44  1.78575e+00  2.59236e-01  1.93742e+40  2.68243e+05  2.27689e+47  1.80706e+02  3.56767e+45
 2.21720e+02  4.94273e+04  2.79919e+44  1.53033e+00  2.22158e-01  1.64041e+41  2.68243e+05  2.42815e+47  1.92711e+02  3.78376e+45
 2.28967e+02  4.80946e+04  2.67598e+44  1.46297e+00  2.12379e-01  8.65192e+40  2.68243e+05  2.58946e+47  2.05513e+02  4.01763e+45
 2.36450e+02  4.67978e+04  2.55819e+44  1.39858e+00  2.03031e-01  3.13610e+41  2.68243e+05  2.76149e+47  2.19166e+02  4.27025e+45
 2.44178e+02  4.43081e+04  2.19230e+44  1.19854e+00  1.73992e-01  4.13387e+41  2.68243e+05  2.94495e+47  2.33726e+02  4.54266e+45
 2.52158e+02  4.31134e+04  2.09580e+44  1.14579e+00  1.66333e-01  5.60204e+41  2.68243e+05  3.14059e+47  2.49253e+02  4.83598e+45
 2.60399e+02  4.19509e+04  2.00355e+44  1.09535e+00  1.59012e-01  9.50598e+41  2.68243e+05  3.34923e+47  2.65812e+02  5.15145e+45
