radius(rg)  best_T_OUV(K) best_L_OUV(erg/s) best_L_OUV/L_OUV best_L_OUV/L_Edd chi2_OUV  best_T_X(K) best_L_X(erg/s) best_L_X/L_Edd chi2_X
 1.09278e+02  1.00603e+05  1.16697e+45  9.41946e+00  9.26168e-01  1.91362e+42  3.39945e+05  1.52145e+47  1.20750e+02  1.86825e+46
 1.12850e+02  9.78901e+04  1.11561e+45  9.00485e+00  8.85401e-01  1.70629e+42  3.39945e+05  1.62253e+47  1.28772e+02  1.99836e+46
 1.16538e+02  9.26823e+04  9.56043e+44  7.71691e+00  7.58764e-01  1.50026e+42  3.39945e+05  1.73032e+47  1.37327e+02  2.13724e+46
 1.20347e+02  8.77516e+04  8.19302e+44  6.61317e+00  6.50240e-01  1.32669e+42  3.39945e+05  1.84527e+47  1.46450e+02  2.28546e+46
 1.24280e+02  8.30832e+04  7.02119e+44  5.66731e+00  5.57238e-01  1.20162e+42  3.39945e+05  1.96786e+47  1.56179e+02  2.44365e+46
 1.28342e+02  8.08430e+04  6.71214e+44  5.41785e+00  5.32710e-01  1.05103e+42  3.39945e+05  2.09859e+47  1.66555e+02  2.61245e+46
 1.32537e+02  7.65422e+04  5.75212e+44  4.64295e+00  4.56517e-01  8.44252e+41  3.39945e+05  2.23800e+47  1.77619e+02  2.79256e+46
 1.36868e+02  7.24701e+04  4.92941e+44  3.97888e+00  3.91223e-01  7.21191e+41  3.39945e+05  2.38668e+47  1.89419e+02  2.98474e+46
 1.41341e+02  7.05161e+04  4.71243e+44  3.80374e+00  3.74002e-01  6.20613e+41  3.39945e+05  2.54524e+47  2.02003e+02  3.18976e+46
 1.45961e+02  6.67646e+04  4.03842e+44  3.25970e+00  3.20510e-01  4.30461e+41  3.39945e+05  2.71432e+47  2.15423e+02  3.40850e+46
 1.50731e+02  6.32128e+04  3.46082e+44  2.79347e+00  2.74668e-01  3.85877e+41  3.39945e+05  2.89465e+47  2.29734e+02  3.64184e+46
 1.55658e+02  6.15083e+04  3.30848e+44  2.67051e+00  2.62578e-01  2.30046e+41  3.39945e+05  3.08695e+47  2.44996e+02  3.89075e+46
 1.60745e+02  5.82361e+04  2.83528e+44  2.28856e+00  2.25022e-01  1.72758e+41  3.39945e+05  3.29202e+47  2.61272e+02  4.15627e+46
 1.65998e+02  5.66658e+04  2.71048e+44  2.18782e+00  2.15117e-01  9.40581e+40  3.39945e+05  3.51072e+47  2.78629e+02  4.43950e+46
 1.71424e+02  5.36512e+04  2.32280e+44  1.87490e+00  1.84350e-01  6.64033e+40  3.39945e+05  3.74395e+47  2.97139e+02  4.74159e+46
 1.77026e+02  5.22046e+04  2.22056e+44  1.79237e+00  1.76235e-01  2.05068e+40  3.39945e+05  3.99268e+47  3.16879e+02  5.06382e+46
 1.82812e+02  4.94273e+04  1.90296e+44  1.53601e+00  1.51029e-01  9.07991e+40  3.39945e+05  4.25792e+47  3.37930e+02  5.40750e+46
 1.88787e+02  4.80946e+04  1.81920e+44  1.46840e+00  1.44381e-01  4.08069e+40  3.39945e+05  4.54079e+47  3.60380e+02  5.77406e+46
 1.94957e+02  4.67978e+04  1.73912e+44  1.40377e+00  1.38026e-01  1.97436e+41  3.39945e+05  4.84245e+47  3.84322e+02  6.16502e+46
 2.01328e+02  4.43081e+04  1.49038e+44  1.20299e+00  1.18284e-01  2.32170e+41  3.39945e+05  5.16415e+47  4.09853e+02  6.58200e+46
 2.07908e+02  4.31134e+04  1.42478e+44  1.15004e+00  1.13078e-01  3.32848e+41  3.28633e+05  4.80998e+47  3.81745e+02  6.86347e+46
 2.14703e+02  4.19509e+04  1.36206e+44  1.09942e+00  1.08100e-01  5.98584e+41  3.28633e+05  5.12953e+47  4.07105e+02  7.04719e+46
