radius(rg)  best_T_OUV(K) best_L_OUV(erg/s) best_L_OUV/L_OUV best_L_OUV/L_Edd chi2_OUV  best_T_X(K) best_L_X(erg/s) best_L_X/L_Edd chi2_X
 3.47810e+02  5.66658e+04  1.18993e+45  2.22679e+00  9.44389e-01  4.10933e+42  3.39945e+05  1.54125e+48  1.22321e+03  1.98903e+47
 3.59177e+02  5.51379e+04  1.13755e+45  2.12877e+00  9.02820e-01  3.04265e+42  3.39945e+05  1.64364e+48  1.30447e+03  2.12159e+47
 3.70916e+02  5.22046e+04  9.74851e+44  1.82430e+00  7.73691e-01  2.54822e+42  3.39945e+05  1.75283e+48  1.39113e+03  2.26299e+47
 3.83038e+02  5.07970e+04  9.31941e+44  1.74400e+00  7.39636e-01  1.58169e+42  3.39945e+05  1.86928e+48  1.48355e+03  2.41381e+47
 3.95557e+02  4.80946e+04  7.98648e+44  1.49456e+00  6.33848e-01  1.59783e+42  3.39945e+05  1.99346e+48  1.58211e+03  2.57469e+47
 4.08485e+02  4.67978e+04  7.63494e+44  1.42877e+00  6.05948e-01  5.74173e+41  3.39945e+05  2.12589e+48  1.68721e+03  2.74627e+47
 4.21835e+02  4.55359e+04  7.29887e+44  1.36588e+00  5.79276e-01  4.52807e+41  3.39945e+05  2.26712e+48  1.79930e+03  2.92929e+47
 4.35622e+02  4.31134e+04  6.25493e+44  1.17052e+00  4.96423e-01  4.23208e+41  3.39945e+05  2.41773e+48  1.91884e+03  3.12448e+47
 4.49859e+02  4.19509e+04  5.97961e+44  1.11900e+00  4.74572e-01  2.85874e+40  3.39945e+05  2.57835e+48  2.04631e+03  3.33266e+47
 4.64562e+02  4.08198e+04  5.71641e+44  1.06975e+00  4.53683e-01  3.52730e+41  3.39945e+05  2.74964e+48  2.18225e+03  3.55470e+47
