radius(rg)  best_T_OUV(K) best_L_OUV(erg/s) best_L_OUV/L_OUV best_L_OUV/L_Edd chi2_OUV  best_T_X(K) best_L_X(erg/s) best_L_X/L_Edd chi2_X
 5.21551e+01  1.43526e+05  1.10121e+45  2.65779e+01  8.73976e-01  1.86085e+42  2.87027e+05  1.76132e+46  1.39787e+01  3.24765e+44
 5.38597e+01  1.35890e+05  9.43706e+44  2.27766e+01  7.48973e-01  1.78321e+42  2.87027e+05  1.87833e+46  1.49073e+01  3.57701e+44
 5.56199e+01  1.28661e+05  8.08730e+44  1.95189e+01  6.41849e-01  1.70411e+42  2.87027e+05  2.00311e+46  1.58977e+01  3.93276e+44
 5.74378e+01  1.21816e+05  6.93059e+44  1.67271e+01  5.50047e-01  1.62446e+42  2.87027e+05  2.13618e+46  1.69538e+01  4.31638e+44
 5.93150e+01  1.15336e+05  5.93932e+44  1.43347e+01  4.71375e-01  1.54555e+42  2.87027e+05  2.27810e+46  1.80801e+01  4.72946e+44
 6.12535e+01  1.09200e+05  5.08984e+44  1.22844e+01  4.03955e-01  1.46917e+42  2.87027e+05  2.42944e+46  1.92812e+01  5.17371e+44
 6.32555e+01  1.06255e+05  4.86580e+44  1.17437e+01  3.86174e-01  1.39043e+42  2.87027e+05  2.59083e+46  2.05622e+01  5.65096e+44
 6.53228e+01  1.00603e+05  4.16985e+44  1.00640e+01  3.30941e-01  1.28854e+42  2.87027e+05  2.76295e+46  2.19282e+01  6.16319e+44
 6.74577e+01  9.52506e+04  3.57345e+44  8.62460e+00  2.83607e-01  1.19068e+42  2.87027e+05  2.94650e+46  2.33849e+01  6.71252e+44
 6.96624e+01  9.01833e+04  3.06235e+44  7.39105e+00  2.43043e-01  1.10069e+42  2.87027e+05  3.14225e+46  2.49385e+01  7.30122e+44
 7.19392e+01  8.53855e+04  2.62435e+44  6.33392e+00  2.08281e-01  1.02340e+42  2.87027e+05  3.35100e+46  2.65952e+01  7.93174e+44
 7.42903e+01  8.30832e+04  2.50883e+44  6.05512e+00  1.99114e-01  9.44395e+41  2.87027e+05  3.57362e+46  2.83620e+01  8.60667e+44
 7.67183e+01  7.86632e+04  2.15000e+44  5.18907e+00  1.70635e-01  8.35635e+41  2.87027e+05  3.81102e+46  3.02462e+01  9.32881e+44
 7.92257e+01  7.44783e+04  1.84249e+44  4.44689e+00  1.46229e-01  7.49678e+41  2.87027e+05  4.06420e+46  3.22556e+01  1.01012e+45
 8.18150e+01  7.24701e+04  1.76139e+44  4.25115e+00  1.39793e-01  6.95483e+41  2.87027e+05  4.33420e+46  3.43984e+01  1.09269e+45
 8.44889e+01  6.86147e+04  1.50946e+44  3.64312e+00  1.19799e-01  5.80005e+41  2.87027e+05  4.62214e+46  3.66836e+01  1.18095e+45
 8.72502e+01  6.49644e+04  1.29357e+44  3.12205e+00  1.02664e-01  5.05633e+41  2.87027e+05  4.92920e+46  3.91207e+01  1.27525e+45
 9.01018e+01  6.32128e+04  1.23663e+44  2.98463e+00  9.81451e-02  4.38219e+41  2.87027e+05  5.25667e+46  4.17196e+01  1.37599e+45
 9.30466e+01  5.98498e+04  1.05976e+44  2.55775e+00  8.41076e-02  3.48363e+41  2.87027e+05  5.60588e+46  4.44911e+01  1.48358e+45
 9.60876e+01  5.82361e+04  1.01311e+44  2.44516e+00  8.04054e-02  3.11585e+41  2.87027e+05  5.97830e+46  4.74468e+01  1.59847e+45
 9.92280e+01  5.51379e+04  8.68206e+43  2.09544e+00  6.89052e-02  2.17139e+41  2.87027e+05  6.37546e+46  5.05989e+01  1.72114e+45
 1.02471e+02  5.36512e+04  8.29990e+43  2.00320e+00  6.58722e-02  1.94437e+41  2.87027e+05  6.79900e+46  5.39603e+01  1.85209e+45
 1.05820e+02  5.07970e+04  7.11279e+43  1.71669e+00  5.64507e-02  1.14195e+41  2.87027e+05  7.25068e+46  5.75451e+01  1.99186e+45
 1.09278e+02  4.94273e+04  6.79970e+43  1.64112e+00  5.39659e-02  9.11062e+40  2.87027e+05  7.73237e+46  6.13680e+01  2.14104e+45
 1.12850e+02  4.67978e+04  5.82716e+43  1.40640e+00  4.62473e-02  5.43876e+40  2.87027e+05  8.24606e+46  6.54449e+01  2.30024e+45
 1.16538e+02  4.55359e+04  5.57066e+43  1.34449e+00  4.42116e-02  1.97397e+40  2.87027e+05  8.79387e+46  6.97926e+01  2.47011e+45
 1.20347e+02  4.43081e+04  5.32546e+43  1.28531e+00  4.22656e-02  4.99450e+40  2.87027e+05  9.37808e+46  7.44292e+01  2.65137e+45
 1.24280e+02  4.19509e+04  4.56377e+43  1.10148e+00  3.62204e-02  1.72720e+40  2.87027e+05  1.00011e+47  7.93738e+01  2.84476e+45
 1.28342e+02  4.08198e+04  4.36289e+43  1.05299e+00  3.46261e-02  2.11417e+40  2.87027e+05  1.06655e+47  8.46468e+01  3.05108e+45
 1.32537e+02  3.97191e+04  4.17085e+43  1.00664e+00  3.31020e-02  7.62184e+40  2.87027e+05  1.13740e+47  9.02702e+01  3.27118e+45
