radius(rg)  best_T_OUV(K) best_L_OUV(erg/s) best_L_OUV/L_OUV best_L_OUV/L_Edd chi2_OUV  best_T_X(K) best_L_X(erg/s) best_L_X/L_Edd chi2_X
 4.89061e+01  1.47503e+05  1.08015e+45  2.85566e+01  8.57266e-01  1.66549e+42  2.87027e+05  1.54871e+46  1.22913e+01  3.24756e+44
 5.05045e+01  1.39656e+05  9.25663e+44  2.44722e+01  7.34653e-01  1.59746e+42  2.87027e+05  1.65159e+46  1.31079e+01  3.51794e+44
 5.21551e+01  1.32226e+05  7.93267e+44  2.09720e+01  6.29577e-01  1.52810e+42  2.87027e+05  1.76132e+46  1.39787e+01  3.81273e+44
 5.38597e+01  1.25192e+05  6.79808e+44  1.79725e+01  5.39530e-01  1.45810e+42  2.87027e+05  1.87833e+46  1.49073e+01  4.13315e+44
 5.56199e+01  1.18532e+05  5.82577e+44  1.54019e+01  4.62362e-01  1.38846e+42  2.87027e+05  2.00311e+46  1.58977e+01  4.48052e+44
 5.74378e+01  1.12226e+05  4.99252e+44  1.31990e+01  3.96232e-01  1.32060e+42  2.87027e+05  2.13618e+46  1.69538e+01  4.85629e+44
 5.93150e+01  1.09200e+05  4.77277e+44  1.26180e+01  3.78791e-01  1.25304e+42  2.87027e+05  2.27810e+46  1.80801e+01  5.26200e+44
 6.12535e+01  1.03390e+05  4.09013e+44  1.08133e+01  3.24613e-01  1.16313e+42  2.87027e+05  2.42944e+46  1.92812e+01  5.69934e+44
 6.32555e+01  9.78901e+04  3.50513e+44  9.26669e+00  2.78185e-01  1.07584e+42  2.87027e+05  2.59083e+46  2.05622e+01  6.17011e+44
 6.53228e+01  9.26823e+04  3.00380e+44  7.94130e+00  2.38396e-01  9.94321e+41  2.87027e+05  2.76295e+46  2.19282e+01  6.67626e+44
 6.74577e+01  8.77516e+04  2.57417e+44  6.80547e+00  2.04299e-01  9.22533e+41  2.87027e+05  2.94650e+46  2.33849e+01  7.21990e+44
 6.96624e+01  8.53855e+04  2.46086e+44  6.50592e+00  1.95307e-01  8.64590e+41  2.87027e+05  3.14225e+46  2.49385e+01  7.80326e+44
 7.19392e+01  8.08430e+04  2.10889e+44  5.57539e+00  1.67372e-01  7.63612e+41  2.87027e+05  3.35100e+46  2.65952e+01  8.42877e+44
 7.42903e+01  7.65422e+04  1.80726e+44  4.77795e+00  1.43433e-01  6.80336e+41  2.87027e+05  3.57362e+46  2.83620e+01  9.09900e+44
 7.67183e+01  7.24701e+04  1.54877e+44  4.09457e+00  1.22918e-01  6.22479e+41  2.87027e+05  3.81102e+46  3.02462e+01  9.81674e+44
 7.92257e+01  7.05161e+04  1.48060e+44  3.91434e+00  1.17508e-01  5.38505e+41  2.87027e+05  4.06420e+46  3.22556e+01  1.05850e+45
 8.18150e+01  6.67646e+04  1.26883e+44  3.35448e+00  1.00701e-01  4.58562e+41  2.87027e+05  4.33420e+46  3.43984e+01  1.14068e+45
 8.44889e+01  6.49644e+04  1.21298e+44  3.20683e+00  9.62686e-02  4.22478e+41  2.87027e+05  4.62214e+46  3.66836e+01  1.22858e+45
 8.72502e+01  6.15083e+04  1.03949e+44  2.74817e+00  8.24995e-02  3.23326e+41  2.87027e+05  4.92920e+46  3.91207e+01  1.32254e+45
 9.01018e+01  5.82361e+04  8.90817e+43  2.35510e+00  7.06998e-02  2.82023e+41  2.87027e+05  5.25667e+46  4.17196e+01  1.42296e+45
 9.30466e+01  5.66658e+04  8.51606e+43  2.25144e+00  6.75878e-02  2.07913e+41  2.87027e+05  5.60588e+46  4.44911e+01  1.53025e+45
 9.60876e+01  5.36512e+04  7.29803e+43  1.92942e+00  5.79209e-02  1.73572e+41  2.87027e+05  5.97830e+46  4.74468e+01  1.64486e+45
 9.92280e+01  5.22046e+04  6.97679e+43  1.84449e+00  5.53714e-02  1.10817e+41  2.87027e+05  6.37546e+46  5.05989e+01  1.76727e+45
 1.02471e+02  4.94273e+04  5.97892e+43  1.58068e+00  4.74517e-02  1.04157e+41  2.87027e+05  6.79900e+46  5.39603e+01  1.89797e+45
 1.05820e+02  4.80946e+04  5.71574e+43  1.51110e+00  4.53631e-02  4.08147e+40  2.87027e+05  7.25068e+46  5.75451e+01  2.03751e+45
 1.09278e+02  4.67978e+04  5.46416e+43  1.44459e+00  4.33663e-02  4.35416e+40  2.87027e+05  7.73237e+46  6.13680e+01  2.18647e+45
 1.12850e+02  4.43081e+04  4.68263e+43  1.23797e+00  3.71637e-02  2.07870e+40  2.87027e+05  8.24606e+46  6.54449e+01  2.34546e+45
 1.16538e+02  4.31134e+04  4.47652e+43  1.18348e+00  3.55279e-02  6.04232e+39  2.87027e+05  8.79387e+46  6.97926e+01  2.51515e+45
 1.20347e+02  4.19509e+04  4.27947e+43  1.13139e+00  3.39641e-02  4.40602e+40  2.87027e+05  9.37808e+46  7.44292e+01  2.69622e+45
