radius(rg)  best_T_OUV(K) best_L_OUV(erg/s) best_L_OUV/L_OUV best_L_OUV/L_Edd chi2_OUV  best_T_X(K) best_L_X(erg/s) best_L_X/L_Edd chi2_X
 3.78119e+01  1.73791e+05  1.24428e+45  4.37713e+01  9.87521e-01  6.90514e+41  2.04621e+05  2.39116e+45  1.89775e+00  2.22907e+41
 3.90477e+01  1.64545e+05  1.06631e+45  3.75108e+01  8.46278e-01  6.60032e+41  2.04621e+05  2.55001e+45  2.02382e+00  1.99599e+41
 4.03238e+01  1.55791e+05  9.13799e+44  3.21457e+01  7.25237e-01  6.27750e+41  2.04621e+05  2.71942e+45  2.15827e+00  1.89981e+41
 4.16417e+01  1.47503e+05  7.83100e+44  2.75480e+01  6.21508e-01  5.93659e+41  2.04621e+05  2.90008e+45  2.30165e+00  1.94012e+41
 4.30027e+01  1.39656e+05  6.71095e+44  2.36078e+01  5.32615e-01  5.57884e+41  2.04621e+05  3.09274e+45  2.45456e+00  2.11709e+41
 4.44081e+01  1.32226e+05  5.75110e+44  2.02313e+01  4.56437e-01  5.20720e+41  2.04621e+05  3.29820e+45  2.61762e+00  2.43146e+41
 4.58595e+01  1.25192e+05  4.92853e+44  1.73376e+01  3.91153e-01  4.82664e+41  2.04621e+05  3.51731e+45  2.79152e+00  2.88452e+41
 4.73583e+01  1.18532e+05  4.22362e+44  1.48579e+01  3.35208e-01  4.44454e+41  2.04621e+05  3.75098e+45  2.97697e+00  3.47815e+41
 4.89061e+01  1.12226e+05  3.61952e+44  1.27328e+01  2.87264e-01  4.07119e+41  1.97812e+05  3.49373e+45  2.77280e+00  3.92695e+41
 5.05045e+01  1.06255e+05  3.10183e+44  1.09116e+01  2.46177e-01  3.72029e+41  1.97812e+05  3.72583e+45  2.95701e+00  3.39073e+41
 5.21551e+01  1.00603e+05  2.65818e+44  9.35097e+00  2.10967e-01  3.40963e+41  1.97812e+05  3.97335e+45  3.15345e+00  2.99717e+41
 5.38597e+01  9.52506e+04  2.27799e+44  8.01352e+00  1.80793e-01  3.16181e+41  1.97812e+05  4.23731e+45  3.36295e+00  2.74464e+41
 5.56199e+01  9.26823e+04  2.17772e+44  7.66079e+00  1.72835e-01  2.75442e+41  1.97812e+05  4.51881e+45  3.58636e+00  2.63211e+41
 5.74378e+01  8.77516e+04  1.86624e+44  6.56509e+00  1.48115e-01  2.33201e+41  1.97812e+05  4.81901e+45  3.82461e+00  2.65910e+41
 5.93150e+01  8.30832e+04  1.59932e+44  5.62610e+00  1.26930e-01  2.01281e+41  1.97812e+05  5.13915e+45  4.07869e+00  2.82572e+41
 6.12535e+01  7.86632e+04  1.37057e+44  4.82141e+00  1.08776e-01  1.84117e+41  1.97812e+05  5.48056e+45  4.34965e+00  3.13268e+41
 6.32555e+01  7.65422e+04  1.31024e+44  4.60919e+00  1.03988e-01  1.44178e+41  1.97812e+05  5.84466e+45  4.63862e+00  3.58123e+41
 6.53228e+01  7.24701e+04  1.12284e+44  3.94995e+00  8.91145e-02  1.10826e+41  1.97812e+05  6.23294e+45  4.94677e+00  4.17323e+41
 6.74577e+01  6.86147e+04  9.62246e+43  3.38499e+00  7.63687e-02  1.02564e+41  1.97812e+05  6.64701e+45  5.27541e+00  4.91114e+41
 6.96624e+01  6.67646e+04  9.19891e+43  3.23600e+00  7.30072e-02  6.53242e+40  1.91230e+05  6.19115e+45  4.91361e+00  4.60974e+41
 7.19392e+01  6.32128e+04  7.88321e+43  2.77316e+00  6.25651e-02  4.76847e+40  1.91230e+05  6.60244e+45  5.24003e+00  4.13145e+41
 7.42903e+01  6.15083e+04  7.53621e+43  2.65109e+00  5.98112e-02  3.78839e+40  1.91230e+05  7.04107e+45  5.58815e+00  3.79889e+41
 7.67183e+01  5.82361e+04  6.45833e+43  2.27191e+00  5.12566e-02  1.60007e+40  1.91230e+05  7.50883e+45  5.95939e+00  3.61069e+41
 7.92257e+01  5.66658e+04  6.17405e+43  2.17191e+00  4.90004e-02  2.25451e+40  1.91230e+05  8.00766e+45  6.35529e+00  3.56606e+41
 8.18150e+01  5.36512e+04  5.29099e+43  1.86127e+00  4.19920e-02  5.95034e+39  1.91230e+05  8.53964e+45  6.77749e+00  3.66481e+41
 8.44889e+01  5.22046e+04  5.05810e+43  1.77934e+00  4.01436e-02  1.87679e+40  1.91230e+05  9.10696e+45  7.22774e+00  3.90737e+41
 8.72502e+01  4.94273e+04  4.33465e+43  1.52485e+00  3.44020e-02  2.28894e+40  1.91230e+05  9.71196e+45  7.70791e+00  4.29473e+41
 9.01018e+01  4.80946e+04  4.14385e+43  1.45773e+00  3.28877e-02  3.35923e+40  1.91230e+05  1.03572e+46  8.21997e+00  4.82850e+41
 9.30466e+01  4.55359e+04  3.55117e+43  1.24923e+00  2.81839e-02  8.16909e+40  1.91230e+05  1.10452e+46  8.76605e+00  5.51088e+41
 9.60876e+01  4.43081e+04  3.39485e+43  1.19424e+00  2.69433e-02  8.44569e+40  1.91230e+05  1.17790e+46  9.34841e+00  6.34470e+41
 9.92280e+01  4.31134e+04  3.24542e+43  1.14168e+00  2.57573e-02  1.27481e+41  1.84866e+05  1.09712e+46  8.70727e+00  5.82993e+41
