radius(rg)  best_T_OUV(K) best_L_OUV(erg/s) best_L_OUV/L_OUV best_L_OUV/L_Edd chi2_OUV  best_T_X(K) best_L_X(erg/s) best_L_X/L_Edd chi2_X
 4.44081e+01  1.55791e+05  1.10829e+45  3.24672e+01  8.79592e-01  1.32858e+42  2.26486e+05  4.95045e+45  3.92893e+00  3.47937e+42
 4.58595e+01  1.47503e+05  9.49770e+44  2.78235e+01  7.53786e-01  1.27542e+42  2.26486e+05  5.27932e+45  4.18994e+00  3.25462e+42
 4.73583e+01  1.39656e+05  8.13927e+44  2.38439e+01  6.45974e-01  1.22202e+42  2.26486e+05  5.63005e+45  4.46829e+00  3.14284e+42
 4.89061e+01  1.32226e+05  6.97513e+44  2.04336e+01  5.53581e-01  1.16885e+42  2.26486e+05  6.00407e+45  4.76513e+00  3.14356e+42
 5.05045e+01  1.28661e+05  6.66810e+44  1.95342e+01  5.29215e-01  1.10962e+42  2.26486e+05  6.40294e+45  5.08170e+00  3.25680e+42
 5.21551e+01  1.21816e+05  5.71438e+44  1.67402e+01  4.53522e-01  1.04445e+42  2.26486e+05  6.82831e+45  5.41929e+00  3.48301e+42
 5.38597e+01  1.15336e+05  4.89707e+44  1.43459e+01  3.88656e-01  9.78177e+41  2.26486e+05  7.28194e+45  5.77931e+00  3.82314e+42
 5.56199e+01  1.09200e+05  4.19665e+44  1.22941e+01  3.33067e-01  9.12160e+41  2.26486e+05  7.76570e+45  6.16325e+00  4.27859e+42
 5.74378e+01  1.03390e+05  3.59641e+44  1.05357e+01  2.85430e-01  8.48194e+41  2.26486e+05  8.28160e+45  6.57270e+00  4.85125e+42
 5.93150e+01  9.78901e+04  3.08203e+44  9.02877e+00  2.44605e-01  7.88608e+41  2.18950e+05  7.71363e+45  6.12193e+00  4.80961e+42
 6.12535e+01  9.26823e+04  2.64121e+44  7.73741e+00  2.09620e-01  7.36363e+41  2.18950e+05  8.22607e+45  6.52863e+00  4.51365e+42
 6.32555e+01  9.01833e+04  2.52495e+44  7.39683e+00  2.00393e-01  6.76723e+41  2.18950e+05  8.77256e+45  6.96235e+00  4.33588e+42
 6.53228e+01  8.53855e+04  2.16381e+44  6.33888e+00  1.71731e-01  6.00428e+41  2.18950e+05  9.35535e+45  7.42488e+00  4.27554e+42
 6.74577e+01  8.08430e+04  1.85433e+44  5.43224e+00  1.47169e-01  5.36923e+41  2.18950e+05  9.97686e+45  7.91814e+00  4.33241e+42
 6.96624e+01  7.65422e+04  1.58911e+44  4.65528e+00  1.26120e-01  4.92032e+41  2.18950e+05  1.06397e+46  8.44417e+00  4.50670e+42
 7.19392e+01  7.44783e+04  1.51916e+44  4.45037e+00  1.20568e-01  4.25421e+41  2.18950e+05  1.13465e+46  9.00514e+00  4.79914e+42
 7.42903e+01  7.05161e+04  1.30188e+44  3.81384e+00  1.03324e-01  3.59017e+41  2.18950e+05  1.21003e+46  9.60339e+00  5.21094e+42
 7.67183e+01  6.67646e+04  1.11567e+44  3.26836e+00  8.85456e-02  3.24997e+41  2.18950e+05  1.29041e+46  1.02414e+01  5.74381e+42
 7.92257e+01  6.49644e+04  1.06657e+44  3.12450e+00  8.46481e-02  2.55773e+41  2.18950e+05  1.37614e+46  1.09217e+01  6.39995e+42
 8.18150e+01  6.15083e+04  9.14017e+43  2.67761e+00  7.25410e-02  2.10062e+41  2.11664e+05  1.28176e+46  1.01727e+01  6.44215e+42
 8.44889e+01  5.98498e+04  8.73785e+43  2.55975e+00  6.93480e-02  1.71026e+41  2.11664e+05  1.36691e+46  1.08485e+01  6.12756e+42
 8.72502e+01  5.66658e+04  7.48809e+43  2.19363e+00  5.94293e-02  1.21138e+41  2.11664e+05  1.45772e+46  1.15692e+01  5.93782e+42
 9.01018e+01  5.51379e+04  7.15849e+43  2.09708e+00  5.68134e-02  9.86628e+40  2.11664e+05  1.55456e+46  1.23378e+01  5.87216e+42
 9.30466e+01  5.22046e+04  6.13463e+43  1.79714e+00  4.86875e-02  5.80063e+40  2.11664e+05  1.65784e+46  1.31574e+01  5.93031e+42
 9.60876e+01  5.07970e+04  5.86460e+43  1.71803e+00  4.65445e-02  3.99346e+40  2.11664e+05  1.76797e+46  1.40315e+01  6.11249e+42
 9.92280e+01  4.80946e+04  5.02580e+43  1.47231e+00  3.98873e-02  2.97912e+40  2.11664e+05  1.88543e+46  1.49637e+01  6.41947e+42
 1.02471e+02  4.67978e+04  4.80458e+43  1.40750e+00  3.81316e-02  6.32361e+39  2.11664e+05  2.01068e+46  1.59578e+01  6.85252e+42
 1.05820e+02  4.55359e+04  4.59310e+43  1.34555e+00  3.64532e-02  3.82021e+40  2.11664e+05  2.14426e+46  1.70179e+01  7.41342e+42
 1.09278e+02  4.31134e+04  3.93616e+43  1.15310e+00  3.12394e-02  2.32812e+40  2.11664e+05  2.28671e+46  1.81485e+01  8.10451e+42
 1.12850e+02  4.19509e+04  3.76290e+43  1.10234e+00  2.98643e-02  3.63381e+40  2.11664e+05  2.43862e+46  1.93541e+01  8.92863e+42
 1.16538e+02  4.08198e+04  3.59727e+43  1.05382e+00  2.85498e-02  9.33161e+40  2.04621e+05  2.27137e+46  1.80268e+01  8.76133e+42
