radius(rg)  best_T_OUV(K) best_L_OUV(erg/s) best_L_OUV/L_OUV best_L_OUV/L_Edd chi2_OUV  best_T_X(K) best_L_X(erg/s) best_L_X/L_Edd chi2_X
 3.70916e+02  5.51379e+04  1.21312e+45  2.09211e+00  9.62797e-01  9.56112e+41  5.27805e+05  1.01859e+49  8.08403e+03  1.63378e+49
 3.83038e+02  5.22046e+04  1.03961e+45  1.79288e+00  8.25090e-01  1.74278e+41  5.27805e+05  1.08626e+49  8.62108e+03  1.73655e+49
 3.95557e+02  5.07970e+04  9.93853e+44  1.71396e+00  7.88773e-01  4.03095e+41  5.27805e+05  1.15842e+49  9.19381e+03  1.84650e+49
 4.08485e+02  4.80946e+04  8.51705e+44  1.46882e+00  6.75956e-01  1.18276e+41  5.27805e+05  1.23538e+49  9.80458e+03  1.96410e+49
 4.21835e+02  4.67978e+04  8.14215e+44  1.40416e+00  6.46203e-01  2.32222e+41  5.27805e+05  1.31745e+49  1.04559e+04  2.08982e+49
 4.35622e+02  4.43081e+04  6.97760e+44  1.20333e+00  5.53778e-01  9.81151e+41  5.27805e+05  1.40497e+49  1.11506e+04  2.22419e+49
 4.49859e+02  4.31134e+04  6.67047e+44  1.15036e+00  5.29402e-01  8.75041e+41  5.27805e+05  1.49831e+49  1.18913e+04  2.36777e+49
 4.64562e+02  4.19509e+04  6.37686e+44  1.09973e+00  5.06100e-01  1.56806e+42  5.27805e+05  1.59784e+49  1.26813e+04  2.52114e+49
 4.79745e+02  4.08198e+04  6.09617e+44  1.05132e+00  4.83823e-01  2.98855e+42  5.27805e+05  1.70399e+49  1.35238e+04  2.68495e+49
