radius(rg)  best_T_OUV(K) best_L_OUV(erg/s) best_L_OUV/L_OUV best_L_OUV/L_Edd chi2_OUV  best_T_X(K) best_L_X(erg/s) best_L_X/L_Edd chi2_X
 4.89061e+01  1.51591e+05  1.20495e+45  3.04985e+01  9.56310e-01  1.47800e+42  2.68243e+05  1.18138e+46  9.37607e+00  1.47699e+44
 5.05045e+01  1.43526e+05  1.03261e+45  2.61363e+01  8.19532e-01  1.41407e+42  2.68243e+05  1.25987e+46  9.99895e+00  1.54407e+44
 5.21551e+01  1.35890e+05  8.84918e+44  2.23981e+01  7.02316e-01  1.34836e+42  2.68243e+05  1.34357e+46  1.06632e+01  1.62319e+44
 5.38597e+01  1.28661e+05  7.58350e+44  1.91946e+01  6.01865e-01  1.28143e+42  2.68243e+05  1.43282e+46  1.13716e+01  1.71465e+44
 5.56199e+01  1.21816e+05  6.49885e+44  1.64492e+01  5.15782e-01  1.21416e+42  2.68243e+05  1.52801e+46  1.21271e+01  1.81886e+44
 5.74378e+01  1.15336e+05  5.56933e+44  1.40965e+01  4.42011e-01  1.14780e+42  2.68243e+05  1.62952e+46  1.29327e+01  1.93623e+44
 5.93150e+01  1.09200e+05  4.77277e+44  1.20803e+01  3.78791e-01  1.08403e+42  2.68243e+05  1.73778e+46  1.37919e+01  2.06726e+44
 6.12535e+01  1.03390e+05  4.09013e+44  1.03525e+01  3.24613e-01  1.02509e+42  2.68243e+05  1.85322e+46  1.47081e+01  2.21248e+44
 6.32555e+01  1.00603e+05  3.91009e+44  9.89682e+00  3.10325e-01  9.42318e+41  2.68243e+05  1.97634e+46  1.56852e+01  2.37250e+44
 6.53228e+01  9.52506e+04  3.35084e+44  8.48130e+00  2.65940e-01  8.58916e+41  2.68243e+05  2.10763e+46  1.67272e+01  2.54798e+44
 6.74577e+01  9.01833e+04  2.87158e+44  7.26824e+00  2.27903e-01  7.83288e+41  2.68243e+05  2.24765e+46  1.78385e+01  2.73964e+44
 6.96624e+01  8.53855e+04  2.46086e+44  6.22868e+00  1.95307e-01  7.20023e+41  2.68243e+05  2.39697e+46  1.90236e+01  2.94828e+44
 7.19392e+01  8.30832e+04  2.35254e+44  5.95451e+00  1.86710e-01  6.64587e+41  2.59317e+05  2.23258e+46  1.77189e+01  3.00767e+44
 7.42903e+01  7.86632e+04  2.01606e+44  5.10285e+00  1.60005e-01  5.72302e+41  2.59317e+05  2.38090e+46  1.88960e+01  3.05919e+44
 7.67183e+01  7.44783e+04  1.72771e+44  4.37300e+00  1.37120e-01  5.02029e+41  2.59317e+05  2.53907e+46  2.01513e+01  3.12900e+44
 7.92257e+01  7.05161e+04  1.48060e+44  3.74754e+00  1.17508e-01  4.62589e+41  2.59317e+05  2.70775e+46  2.14901e+01  3.21741e+44
 8.18150e+01  6.86147e+04  1.41543e+44  3.58259e+00  1.12336e-01  3.72080e+41  2.59317e+05  2.88763e+46  2.29177e+01  3.32478e+44
 8.44889e+01  6.49644e+04  1.21298e+44  3.07018e+00  9.62686e-02  3.14335e+41  2.59317e+05  3.07947e+46  2.44402e+01  3.45154e+44
 8.72502e+01  6.32128e+04  1.15959e+44  2.93504e+00  9.20311e-02  2.68778e+41  2.59317e+05  3.28405e+46  2.60639e+01  3.59823e+44
 9.01018e+01  5.98498e+04  9.93738e+43  2.51525e+00  7.88681e-02  1.97697e+41  2.59317e+05  3.50222e+46  2.77954e+01  3.76545e+44
 9.30466e+01  5.82361e+04  9.49997e+43  2.40453e+00  7.53966e-02  1.80546e+41  2.59317e+05  3.73488e+46  2.96419e+01  3.95389e+44
 9.60876e+01  5.51379e+04  8.14121e+43  2.06062e+00  6.46128e-02  1.06657e+41  2.59317e+05  3.98300e+46  3.16111e+01  4.16434e+44
 9.92280e+01  5.36512e+04  7.78286e+43  1.96992e+00  6.17687e-02  1.02518e+41  2.59317e+05  4.24760e+46  3.37112e+01  4.39766e+44
 1.02471e+02  5.07970e+04  6.66970e+43  1.68816e+00  5.29341e-02  4.38361e+40  2.59317e+05  4.52979e+46  3.59507e+01  4.65482e+44
 1.05820e+02  4.94273e+04  6.37612e+43  1.61386e+00  5.06041e-02  3.93108e+40  2.59317e+05  4.83072e+46  3.83390e+01  4.93689e+44
 1.09278e+02  4.67978e+04  5.46416e+43  1.38303e+00  4.33663e-02  2.38289e+40  2.59317e+05  5.15164e+46  4.08860e+01  5.24502e+44
 1.12850e+02  4.55359e+04  5.22364e+43  1.32215e+00  4.14575e-02  8.64395e+39  2.59317e+05  5.49388e+46  4.36022e+01  5.58050e+44
 1.16538e+02  4.43081e+04  4.99371e+43  1.26396e+00  3.96326e-02  5.40167e+40  2.59317e+05  5.85885e+46  4.64988e+01  5.94472e+44
 1.20347e+02  4.19509e+04  4.27947e+43  1.08318e+00  3.39641e-02  4.60517e+40  2.59317e+05  6.24808e+46  4.95879e+01  6.33918e+44
 1.24280e+02  4.08198e+04  4.09110e+43  1.03550e+00  3.24691e-02  6.72572e+40  2.59317e+05  6.66316e+46  5.28822e+01  6.76552e+44
