radius(rg)  best_T_OUV(K) best_L_OUV(erg/s) best_L_OUV/L_OUV best_L_OUV/L_Edd chi2_OUV  best_T_X(K) best_L_X(erg/s) best_L_X/L_Edd chi2_X
 2.14703e+02  7.24701e+04  1.21302e+45  4.00064e+00  9.62712e-01  1.61081e+42  2.11664e+05  8.82711e+46  7.00564e+01  1.13082e+42
 2.21720e+02  6.86147e+04  1.03952e+45  3.42843e+00  8.25017e-01  1.49456e+42  2.11664e+05  9.41353e+46  7.47105e+01  1.94692e+42
 2.28967e+02  6.67646e+04  9.93765e+44  3.27753e+00  7.88703e-01  9.95313e+41  2.11664e+05  1.00389e+47  7.96738e+01  3.40863e+42
 2.36450e+02  6.32128e+04  8.51629e+44  2.80875e+00  6.75896e-01  7.75833e+41  2.11664e+05  1.07058e+47  8.49668e+01  5.52200e+42
 2.44178e+02  6.15083e+04  8.14143e+44  2.68512e+00  6.46145e-01  5.75850e+41  2.04621e+05  9.97159e+46  7.91396e+01  7.32621e+42
 2.52158e+02  5.82361e+04  6.97698e+44  2.30107e+00  5.53729e-01  3.07719e+41  2.04621e+05  1.06340e+47  8.43971e+01  4.69054e+42
 2.60399e+02  5.66658e+04  6.66988e+44  2.19978e+00  5.29355e-01  2.86658e+41  2.04621e+05  1.13405e+47  9.00039e+01  2.71183e+42
 2.68910e+02  5.36512e+04  5.71590e+44  1.88515e+00  4.53643e-01  7.17232e+40  2.04621e+05  1.20939e+47  9.59831e+01  1.38189e+42
 2.77699e+02  5.22046e+04  5.46430e+44  1.80218e+00  4.33675e-01  1.20195e+41  2.04621e+05  1.28973e+47  1.02360e+02  6.95216e+41
 2.86774e+02  4.94273e+04  4.68276e+44  1.54441e+00  3.71647e-01  1.23666e+41  2.04621e+05  1.37541e+47  1.09160e+02  6.48967e+41
 2.96147e+02  4.80946e+04  4.47664e+44  1.47643e+00  3.55289e-01  1.50356e+41  2.04621e+05  1.46679e+47  1.16412e+02  1.24295e+42
 3.05826e+02  4.55359e+04  3.83635e+44  1.26526e+00  3.04473e-01  6.21621e+41  2.04621e+05  1.56423e+47  1.24145e+02  2.47963e+42
 3.15821e+02  4.43081e+04  3.66749e+44  1.20957e+00  2.91071e-01  5.62757e+41  2.04621e+05  1.66815e+47  1.32393e+02  4.36411e+42
 3.26143e+02  4.31134e+04  3.50606e+44  1.15633e+00  2.78259e-01  9.40516e+41  2.04621e+05  1.77897e+47  1.41188e+02  6.90421e+42
