radius(rg)  best_T_OUV(K) best_L_OUV(erg/s) best_L_OUV/L_OUV best_L_OUV/L_Edd chi2_OUV  best_T_X(K) best_L_X(erg/s) best_L_X/L_Edd chi2_X
 5.56199e+01  1.39656e+05  1.12267e+45  2.39518e+01  8.91012e-01  1.82094e+42  2.26486e+05  7.76570e+45  6.16325e+00  4.84184e+42
 5.74378e+01  1.32226e+05  9.62101e+44  2.05260e+01  7.63572e-01  1.74448e+42  2.26486e+05  8.28160e+45  6.57270e+00  4.57320e+42
 5.93150e+01  1.28661e+05  9.19752e+44  1.96226e+01  7.29962e-01  1.65543e+42  2.26486e+05  8.83178e+45  7.00935e+00  4.47654e+42
 6.12535e+01  1.21816e+05  7.88202e+44  1.68160e+01  6.25557e-01  1.56238e+42  2.26486e+05  9.41850e+45  7.47500e+00  4.55147e+42
 6.32555e+01  1.15336e+05  6.75468e+44  1.44108e+01  5.36085e-01  1.46770e+42  2.26486e+05  1.00442e+46  7.97159e+00  4.79830e+42
 6.53228e+01  1.09200e+05  5.78857e+44  1.23497e+01  4.59410e-01  1.37325e+42  2.26486e+05  1.07115e+46  8.50117e+00  5.21804e+42
 6.74577e+01  1.03390e+05  4.96064e+44  1.05833e+01  3.93702e-01  1.28148e+42  2.26486e+05  1.14231e+46  9.06593e+00  5.81244e+42
 6.96624e+01  9.78901e+04  4.25113e+44  9.06963e+00  3.37392e-01  1.19559e+42  2.26486e+05  1.21819e+46  9.66821e+00  6.58395e+42
 7.19392e+01  9.26823e+04  3.64310e+44  7.77242e+00  2.89135e-01  1.11965e+42  2.18950e+05  1.13465e+46  9.00514e+00  7.12599e+42
 7.42903e+01  9.01833e+04  3.48275e+44  7.43030e+00  2.76408e-01  1.03053e+42  2.18950e+05  1.21003e+46  9.60339e+00  6.58663e+42
 7.67183e+01  8.53855e+04  2.98462e+44  6.36756e+00  2.36874e-01  9.21215e+41  2.18950e+05  1.29041e+46  1.02414e+01  6.22759e+42
 7.92257e+01  8.08430e+04  2.55773e+44  5.45682e+00  2.02995e-01  8.29297e+41  2.18950e+05  1.37614e+46  1.09217e+01  6.04738e+42
 8.18150e+01  7.65422e+04  2.19191e+44  4.67635e+00  1.73961e-01  7.62769e+41  2.18950e+05  1.46756e+46  1.16473e+01  6.04526e+42
 8.44889e+01  7.44783e+04  2.09543e+44  4.47051e+00  1.66304e-01  6.64265e+41  2.18950e+05  1.56506e+46  1.24211e+01  6.22122e+42
 8.72502e+01  7.05161e+04  1.79572e+44  3.83110e+00  1.42518e-01  5.67717e+41  2.18950e+05  1.66903e+46  1.32463e+01  6.57598e+42
 9.01018e+01  6.67646e+04  1.53888e+44  3.28315e+00  1.22134e-01  5.15447e+41  2.18950e+05  1.77991e+46  1.41262e+01  7.11102e+42
 9.30466e+01  6.49644e+04  1.47115e+44  3.13864e+00  1.16758e-01  4.13476e+41  2.18950e+05  1.89815e+46  1.50647e+01  7.82854e+42
 9.60876e+01  6.15083e+04  1.26073e+44  2.68972e+00  1.00058e-01  3.44570e+41  2.18950e+05  2.02425e+46  1.60655e+01  8.73152e+42
 9.92280e+01  5.98498e+04  1.20524e+44  2.57133e+00  9.56539e-02  2.84350e+41  2.11664e+05  1.88543e+46  1.49637e+01  9.14496e+42
 1.02471e+02  5.66658e+04  1.03286e+44  2.20356e+00  8.19727e-02  2.09054e+41  2.11664e+05  2.01068e+46  1.59578e+01  8.60201e+42
 1.05820e+02  5.51379e+04  9.87393e+43  2.10656e+00  7.83646e-02  1.71738e+41  2.11664e+05  2.14426e+46  1.70179e+01  8.24772e+42
 1.09278e+02  5.22046e+04  8.46169e+43  1.80527e+00  6.71562e-02  1.08391e+41  2.11664e+05  2.28671e+46  1.81485e+01  8.08063e+42
 1.12850e+02  5.07970e+04  8.08923e+43  1.72581e+00  6.42002e-02  7.71489e+40  2.11664e+05  2.43862e+46  1.93541e+01  8.10003e+42
 1.16538e+02  4.80946e+04  6.93225e+43  1.47897e+00  5.50178e-02  5.49133e+40  2.11664e+05  2.60063e+46  2.06399e+01  8.30601e+42
 1.20347e+02  4.67978e+04  6.62711e+43  1.41387e+00  5.25961e-02  1.61529e+40  2.11664e+05  2.77339e+46  2.20111e+01  8.69943e+42
 1.24280e+02  4.55359e+04  6.33541e+43  1.35163e+00  5.02810e-02  5.38243e+40  2.11664e+05  2.95764e+46  2.34733e+01  9.28191e+42
 1.28342e+02  4.31134e+04  5.42927e+43  1.15831e+00  4.30894e-02  2.35148e+40  2.11664e+05  3.15413e+46  2.50327e+01  1.00559e+43
 1.32537e+02  4.19509e+04  5.19029e+43  1.10733e+00  4.11928e-02  3.50206e+40  2.11664e+05  3.36367e+46  2.66958e+01  1.10245e+43
 1.36868e+02  4.08198e+04  4.96183e+43  1.05859e+00  3.93796e-02  1.07153e+41  2.11664e+05  3.58713e+46  2.84692e+01  1.21918e+43
