radius_rg T_0deg L_0deg L_over_Edd_0deg chi2_0deg T_15deg L_15deg L_over_Edd_15deg chi2_15deg T_30deg L_30deg L_over_Edd_30deg chi2_30deg T_45deg L_45deg L_over_Edd_45deg chi2_45deg nuLnusavg_last
 8.18150e+01  8.77516e+04  3.78651e+44  3.00517e-01  7.00098e+41  9.52506e+04  5.25642e+44  4.17176e-01  9.54849e+41  1.09200e+05  9.08045e+44  7.20671e-01  1.67242e+42  1.15336e+05  1.12999e+45  8.96817e-01  1.91079e+42  1.47923e+44
 8.44889e+01  8.30832e+04  3.24494e+44  2.57535e-01  6.49823e+41  9.01833e+04  4.50460e+44  3.57508e-01  8.40816e+41  1.03390e+05  7.78169e+44  6.17595e-01  1.53398e+42  1.09200e+05  9.68369e+44  7.68547e-01  1.79724e+42  1.47923e+44
 8.72502e+01  8.08430e+04  3.10211e+44  2.46199e-01  5.39465e+41  8.53855e+04  3.86032e+44  3.06375e-01  7.45233e+41  9.78901e+04  6.66869e+44  5.29261e-01  1.40356e+42  1.06255e+05  9.25745e+44  7.34718e-01  1.69418e+42  1.47923e+44
 9.01018e+01  7.65422e+04  2.65842e+44  2.10986e-01  4.53228e+41  8.08430e+04  3.30819e+44  2.62555e-01  6.76962e+41  9.26823e+04  5.71489e+44  4.53562e-01  1.28745e+42  1.00603e+05  7.93338e+44  6.29633e-01  1.53360e+42  1.47923e+44
 9.30466e+01  7.24701e+04  2.27819e+44  1.80809e-01  4.07191e+41  7.86632e+04  3.16257e+44  2.50998e-01  5.88803e+41  8.77516e+04  4.89750e+44  3.88690e-01  1.19358e+42  9.52506e+04  6.79868e+44  5.39578e-01  1.38259e+42  1.47923e+44
 9.60876e+01  7.05161e+04  2.17791e+44  1.72850e-01  3.22298e+41  7.44783e+04  2.71024e+44  2.15098e-01  4.79645e+41  8.53855e+04  4.68193e+44  3.71581e-01  1.06403e+42  9.01833e+04  5.82628e+44  4.62403e-01  1.24873e+42  1.47923e+44
 9.92280e+01  6.67646e+04  1.86641e+44  1.48128e-01  2.47352e+41  7.05161e+04  2.32260e+44  1.84333e-01  4.17793e+41  8.08430e+04  4.01228e+44  3.18435e-01  9.19381e+41  8.53855e+04  4.99296e+44  3.96267e-01  1.14148e+42  1.47923e+44
 1.02471e+02  6.49644e+04  1.78426e+44  1.41608e-01  2.32275e+41  6.86147e+04  2.22036e+44  1.76219e-01  3.44790e+41  7.65422e+04  3.43841e+44  2.72890e-01  8.13059e+41  8.30832e+04  4.77319e+44  3.78824e-01  1.03608e+42  1.47923e+44
 1.05820e+02  6.15083e+04  1.52906e+44  1.21354e-01  1.33437e+41  6.49644e+04  1.90279e+44  1.51015e-01  2.52600e+41  7.44783e+04  3.28707e+44  2.60878e-01  7.40235e+41  7.86632e+04  4.09049e+44  3.24642e-01  8.71835e+41  1.47923e+44
 1.09278e+02  5.82361e+04  1.31036e+44  1.03997e-01  1.24224e+41  6.15083e+04  1.63064e+44  1.29416e-01  2.42370e+41  7.05161e+04  2.81692e+44  2.23565e-01  5.84535e+41  7.44783e+04  3.50544e+44  2.78209e-01  7.54211e+41  1.47923e+44
 1.12850e+02  5.66658e+04  1.25268e+44  9.94193e-02  5.36994e+40  5.98498e+04  1.55886e+44  1.23719e-01  1.32455e+41  6.67646e+04  2.41403e+44  1.91589e-01  4.96608e+41  7.24701e+04  3.35114e+44  2.65963e-01  6.95077e+41  1.47923e+44
 1.16538e+02  5.36512e+04  1.07351e+44  8.51996e-02  6.09716e+40  5.66658e+04  1.33590e+44  1.06024e-01  1.24549e+41  6.49644e+04  2.30777e+44  1.83156e-01  4.14085e+41  6.86147e+04  2.87183e+44  2.27923e-01  5.25360e+41  1.47923e+44
 1.20347e+02  5.22046e+04  1.02626e+44  8.14493e-02  7.50677e+39  5.51379e+04  1.27710e+44  1.01357e-01  4.80728e+40  6.15083e+04  1.97769e+44  1.56960e-01  2.97596e+41  6.49644e+04  2.46108e+44  1.95324e-01  4.38191e+41  1.47923e+44
 1.24280e+02  4.94273e+04  8.79478e+43  6.97998e-02  6.31821e+40  5.22046e+04  1.09444e+44  8.68603e-02  6.80445e+40  5.98498e+04  1.89064e+44  1.50051e-01  2.77145e+41  6.32128e+04  2.35275e+44  1.86726e-01  3.53744e+41  1.47923e+44
 1.28342e+02  4.80946e+04  8.40766e+43  6.67275e-02  9.75238e+39  5.07970e+04  1.04627e+44  8.30370e-02  3.73028e+39  5.66658e+04  1.62023e+44  1.28589e-01  1.48064e+41  5.98498e+04  2.01624e+44  1.60019e-01  2.42873e+41  1.47923e+44
 1.32537e+02  4.67978e+04  8.03758e+43  6.37903e-02  5.30985e+40  4.94273e+04  1.00021e+44  7.93820e-02  5.47709e+40  5.51379e+04  1.54891e+44  1.22929e-01  1.60255e+41  5.82361e+04  1.92749e+44  1.52976e-01  2.16551e+41  1.47923e+44
 1.36868e+02  4.43081e+04  6.88798e+43  5.46665e-02  9.66040e+40  4.67978e+04  8.57154e+43  6.80281e-02  2.25057e+40  5.22046e+04  1.32737e+44  1.05347e-01  4.72318e+40  5.51379e+04  1.65181e+44  1.31096e-01  1.03972e+41  1.47923e+44
 1.41341e+02  4.31134e+04  6.58480e+43  5.22603e-02  1.16063e+41  4.55359e+04  8.19425e+43  6.50338e-02  5.44855e+40  5.07970e+04  1.26895e+44  1.00710e-01  6.57904e+40  5.36512e+04  1.57910e+44  1.25326e-01  1.04746e+41  1.47923e+44
 1.45961e+02  4.19509e+04  6.29496e+43  4.99600e-02  2.13044e+41  4.31134e+04  7.02225e+43  5.57321e-02  1.53118e+41  4.80946e+04  1.08745e+44  8.63057e-02  1.44304e+40  5.07970e+04  1.35325e+44  1.07401e-01  2.77961e+40  1.47923e+44
