radius_rg T_0deg L_0deg L_over_Edd_0deg chi2_0deg T_15deg L_15deg L_over_Edd_15deg chi2_15deg T_30deg L_30deg L_over_Edd_30deg chi2_30deg T_45deg L_45deg L_over_Edd_45deg chi2_45deg nuLnusavg_last
 5.74378e+01  1.15336e+05  5.56933e+44  4.42011e-01  1.00720e+42  1.25192e+05  7.73132e+44  6.13597e-01  1.20142e+42  1.39656e+05  1.19726e+45  9.50205e-01  1.58170e+42  1.35890e+05  1.07326e+45  8.51792e-01  1.36705e+42  8.67404e+43
 5.93150e+01  1.12226e+05  5.32419e+44  4.22555e-01  9.50967e+41  1.18532e+05  6.62553e+44  5.25836e-01  1.12305e+42  1.32226e+05  1.02602e+45  8.14299e-01  1.49813e+42  1.28661e+05  9.19752e+44  7.29962e-01  1.29531e+42  8.67404e+43
 6.12535e+01  1.06255e+05  4.56268e+44  3.62118e-01  8.72580e+41  1.12226e+05  5.67789e+44  4.50627e-01  1.04423e+42  1.25192e+05  8.79268e+44  6.97832e-01  1.41181e+42  1.21816e+05  7.88202e+44  6.25557e-01  1.22423e+42  8.67404e+43
 6.32555e+01  1.00603e+05  3.91009e+44  3.10325e-01  7.96703e+41  1.06255e+05  4.86580e+44  3.86174e-01  9.66948e+41  1.18532e+05  7.53508e+44  5.98022e-01  1.32394e+42  1.15336e+05  6.75468e+44  5.36085e-01  1.15544e+42  8.67404e+43
 6.53228e+01  9.52506e+04  3.35084e+44  2.65940e-01  7.26343e+41  1.00603e+05  4.16985e+44  3.30941e-01  8.93789e+41  1.12226e+05  6.45736e+44  5.12489e-01  1.23622e+42  1.09200e+05  5.78857e+44  4.59410e-01  1.09107e+42  8.67404e+43
 6.74577e+01  9.01833e+04  2.87158e+44  2.27903e-01  6.65302e+41  9.52506e+04  3.57345e+44  2.83607e-01  8.28077e+41  1.06255e+05  5.53377e+44  4.39188e-01  1.15094e+42  1.06255e+05  5.53377e+44  4.39188e-01  1.00476e+42  8.67404e+43
 6.96624e+01  8.53855e+04  2.46086e+44  1.95307e-01  6.18316e+41  9.01833e+04  3.06235e+44  2.43043e-01  7.73996e+41  1.00603e+05  4.74229e+44  3.76372e-01  1.07111e+42  1.00603e+05  4.74229e+44  3.76372e-01  9.13269e+41  8.67404e+43
 7.19392e+01  8.30832e+04  2.35254e+44  1.86710e-01  5.38498e+41  8.77516e+04  2.92755e+44  2.32345e-01  6.85984e+41  9.52506e+04  4.06401e+44  3.22541e-01  1.00055e+42  9.52506e+04  4.06401e+44  3.22541e-01  8.28312e+41  8.67404e+43
 7.42903e+01  7.86632e+04  2.01606e+44  1.60005e-01  4.64745e+41  8.30832e+04  2.50883e+44  1.99114e-01  6.02949e+41  9.26823e+04  3.88513e+44  3.08343e-01  9.19660e+41  9.01833e+04  3.48275e+44  2.76408e-01  7.54486e+41  8.67404e+43
 7.67183e+01  7.44783e+04  1.72771e+44  1.37120e-01  4.15090e+41  7.86632e+04  2.15000e+44  1.70635e-01  5.39717e+41  8.77516e+04  3.32945e+44  2.64242e-01  8.15573e+41  8.53855e+04  2.98462e+44  2.36874e-01  6.97530e+41  8.67404e+43
 7.92257e+01  7.24701e+04  1.65166e+44  1.31084e-01  3.59728e+41  7.65422e+04  2.05536e+44  1.63124e-01  4.92699e+41  8.30832e+04  2.85324e+44  2.26448e-01  7.27431e+41  8.30832e+04  2.85324e+44  2.26448e-01  6.11733e+41  8.67404e+43
 8.18150e+01  6.86147e+04  1.41543e+44  1.12336e-01  2.85960e+41  7.24701e+04  1.76139e+44  1.39793e-01  3.99643e+41  7.86632e+04  2.44515e+44  1.94060e-01  6.62850e+41  7.86632e+04  2.44515e+44  1.94060e-01  5.22034e+41  8.67404e+43
 8.44889e+01  6.49644e+04  1.21298e+44  9.62686e-02  2.54243e+41  6.86147e+04  1.50946e+44  1.19799e-01  3.41663e+41  7.65422e+04  2.33752e+44  1.85518e-01  5.82586e+41  7.44783e+04  2.09543e+44  1.66304e-01  4.61364e+41  8.67404e+43
 8.72502e+01  6.32128e+04  1.15959e+44  9.20311e-02  1.88083e+41  6.67646e+04  1.44302e+44  1.14525e-01  2.96498e+41  7.24701e+04  2.00319e+44  1.58984e-01  4.85532e+41  7.24701e+04  2.00319e+44  1.58984e-01  4.04664e+41  8.67404e+43
 9.01018e+01  5.98498e+04  9.93738e+43  7.88681e-02  1.46575e+41  6.32128e+04  1.23663e+44  9.81451e-02  2.18018e+41  6.86147e+04  1.71668e+44  1.36244e-01  4.29619e+41  6.86147e+04  1.71668e+44  1.36244e-01  3.14454e+41  8.67404e+43
 9.30466e+01  5.82361e+04  9.49997e+43  7.53966e-02  1.10406e+41  5.98498e+04  1.05976e+44  8.41076e-02  2.00885e+41  6.67646e+04  1.64112e+44  1.30247e-01  3.53108e+41  6.49644e+04  1.47115e+44  1.16758e-01  2.75026e+41  8.67404e+43
 9.60876e+01  5.51379e+04  8.14121e+43  6.46128e-02  7.01756e+40  5.82361e+04  1.01311e+44  8.04054e-02  1.22083e+41  6.32128e+04  1.40639e+44  1.11618e-01  2.75608e+41  6.32128e+04  1.40639e+44  1.11618e-01  2.04695e+41  8.67404e+43
 9.92280e+01  5.36512e+04  7.78286e+43  6.17687e-02  4.87211e+40  5.51379e+04  8.68206e+43  6.89052e-02  1.10524e+41  6.15083e+04  1.34449e+44  1.06705e-01  2.47219e+41  5.98498e+04  1.20524e+44  9.56539e-02  1.53077e+41  8.67404e+43
 1.02471e+02  5.07970e+04  6.66970e+43  5.29341e-02  2.84543e+40  5.36512e+04  8.29990e+43  6.58722e-02  4.99029e+40  5.82361e+04  1.15219e+44  9.14435e-02  1.56353e+41  5.82361e+04  1.15219e+44  9.14435e-02  1.18692e+41  8.67404e+43
 1.05820e+02  4.94273e+04  6.37612e+43  5.06041e-02  8.47915e+39  5.07970e+04  7.11279e+43  5.64507e-02  6.44344e+40  5.66658e+04  1.10147e+44  8.74185e-02  1.55989e+41  5.51379e+04  9.87393e+43  7.83646e-02  6.83015e+40  8.67404e+43
 1.09278e+02  4.67978e+04  5.46416e+43  4.33663e-02  3.70053e+40  4.94273e+04  6.79970e+43  5.39659e-02  7.97258e+39  5.36512e+04  9.43931e+43  7.49152e-02  6.75940e+40  5.36512e+04  9.43931e+43  7.49152e-02  5.13515e+40  8.67404e+43
 1.12850e+02  4.55359e+04  5.22364e+43  4.14575e-02  8.45930e+39  4.80946e+04  6.50040e+43  5.15905e-02  2.84571e+40  5.22046e+04  9.02383e+43  7.16177e-02  7.68990e+40  5.07970e+04  8.08923e+43  6.42002e-02  2.48416e+40  8.67404e+43
 1.16538e+02  4.43081e+04  4.99371e+43  3.96326e-02  4.14974e+40  4.55359e+04  5.57066e+43  4.42116e-02  1.71952e+40  4.94273e+04  7.73317e+43  6.13744e-02  1.70304e+40  4.94273e+04  7.73317e+43  6.13744e-02  9.29379e+39  8.67404e+43
 1.20347e+02  4.19509e+04  4.27947e+43  3.39641e-02  8.55483e+40  4.43081e+04  5.32546e+43  4.22656e-02  2.16147e+40  4.80946e+04  7.39278e+43  5.86728e-02  2.05439e+40  4.67978e+04  6.62711e+43  5.25961e-02  4.16195e+40  8.67404e+43
 1.24280e+02  4.08198e+04  4.09110e+43  3.24691e-02  9.68816e+40  4.31134e+04  5.09105e+43  4.04052e-02  8.78359e+40  4.55359e+04  6.33541e+43  5.02810e-02  2.88369e+40  4.55359e+04  6.33541e+43  5.02810e-02  1.53034e+40  8.67404e+43
