radius_rg T_0deg L_0deg L_over_Edd_0deg chi2_0deg T_15deg L_15deg L_over_Edd_15deg chi2_15deg T_30deg L_30deg L_over_Edd_30deg chi2_30deg T_45deg L_45deg L_over_Edd_45deg chi2_45deg nuLnusavg_last
 7.67183e+01  1.15336e+05  9.93589e+44  7.88563e-01  1.42146e+42  1.18532e+05  1.10838e+45  8.79670e-01  1.54310e+42  1.21816e+05  1.23644e+45  9.81303e-01  1.78481e+42  1.18532e+05  1.10838e+45  8.79670e-01  1.53473e+42  1.36814e+44
 7.92257e+01  1.09200e+05  8.51478e+44  6.75776e-01  1.32564e+42  1.12226e+05  9.49854e+44  7.53853e-01  1.43230e+42  1.15336e+05  1.05960e+45  8.40950e-01  1.66139e+42  1.12226e+05  9.49854e+44  7.53853e-01  1.41993e+42  1.36814e+44
 8.18150e+01  1.03390e+05  7.29693e+44  5.79122e-01  1.23890e+42  1.06255e+05  8.13999e+44  6.46031e-01  1.32688e+42  1.09200e+05  9.08045e+44  7.20671e-01  1.54058e+42  1.06255e+05  8.13999e+44  6.46031e-01  1.30959e+42  1.36814e+44
 8.44889e+01  1.00603e+05  6.97574e+44  5.53631e-01  1.14182e+42  1.00603e+05  6.97574e+44  5.53631e-01  1.23145e+42  1.03390e+05  7.78169e+44  6.17595e-01  1.42645e+42  1.00603e+05  6.97574e+44  5.53631e-01  1.20821e+42  1.36814e+44
 8.72502e+01  9.52506e+04  5.97802e+44  4.74446e-01  1.01169e+42  9.52506e+04  5.97802e+44  4.74446e-01  1.15183e+42  9.78901e+04  6.66869e+44  5.29261e-01  1.32426e+42  9.52506e+04  5.97802e+44  4.74446e-01  1.12155e+42  1.36814e+44
 9.01018e+01  9.01833e+04  5.12300e+44  4.06587e-01  8.96119e+41  9.26823e+04  5.71489e+44  4.53562e-01  1.01532e+42  9.52506e+04  6.37516e+44  5.05965e-01  1.23818e+42  9.26823e+04  5.71489e+44  4.53562e-01  1.01752e+42  1.36814e+44
 9.30466e+01  8.53855e+04  4.39027e+44  3.48434e-01  8.03402e+41  8.77516e+04  4.89750e+44  3.88690e-01  8.89175e+41  9.01833e+04  5.46334e+44  4.33598e-01  1.08559e+42  8.77516e+04  4.89750e+44  3.88690e-01  8.82795e+41  1.36814e+44
 9.60876e+01  8.08430e+04  3.76234e+44  2.98598e-01  7.43799e+41  8.30832e+04  4.19702e+44  3.33097e-01  7.89180e+41  8.53855e+04  4.68193e+44  3.71581e-01  9.53450e+41  8.30832e+04  4.19702e+44  3.33097e-01  7.72913e+41  1.36814e+44
 9.92280e+01  7.86632e+04  3.59673e+44  2.85455e-01  6.08892e+41  7.86632e+04  3.59673e+44  2.85455e-01  7.26834e+41  8.08430e+04  4.01228e+44  3.18435e-01  8.52337e+41  7.86632e+04  3.59673e+44  2.85455e-01  6.99254e+41  1.36814e+44
 1.02471e+02  7.44783e+04  3.08230e+44  2.44627e-01  5.05582e+41  7.65422e+04  3.43841e+44  2.72890e-01  5.93422e+41  7.86632e+04  3.83567e+44  3.04419e-01  7.81509e+41  7.65422e+04  3.43841e+44  2.72890e-01  5.96030e+41  1.36814e+44
 1.05820e+02  7.05161e+04  2.64144e+44  2.09638e-01  4.58606e+41  7.24701e+04  2.94663e+44  2.33859e-01  4.87256e+41  7.44783e+04  3.28707e+44  2.60878e-01  6.27951e+41  7.24701e+04  2.94663e+44  2.33859e-01  4.76584e+41  1.36814e+44
 1.09278e+02  6.86147e+04  2.52518e+44  2.00411e-01  3.43409e+41  6.86147e+04  2.52518e+44  2.00411e-01  4.45424e+41  7.05161e+04  2.81692e+44  2.23565e-01  5.29175e+41  6.86147e+04  2.52518e+44  2.00411e-01  4.19727e+41  1.36814e+44
 1.12850e+02  6.49644e+04  2.16401e+44  1.71747e-01  2.65385e+41  6.67646e+04  2.41403e+44  1.91589e-01  3.19675e+41  6.86147e+04  2.69293e+44  2.13725e-01  4.74172e+41  6.67646e+04  2.41403e+44  1.91589e-01  3.22181e+41  1.36814e+44
 1.16538e+02  6.32128e+04  2.06875e+44  1.64187e-01  2.29030e+41  6.32128e+04  2.06875e+44  1.64187e-01  2.51221e+41  6.49644e+04  2.30777e+44  1.83156e-01  3.35071e+41  6.32128e+04  2.06875e+44  1.64187e-01  2.36308e+41  1.36814e+44
 1.20347e+02  5.98498e+04  1.77286e+44  1.40704e-01  1.29296e+41  6.15083e+04  1.97769e+44  1.56960e-01  1.97958e+41  6.15083e+04  1.97769e+44  1.56960e-01  2.92114e+41  6.15083e+04  1.97769e+44  1.56960e-01  2.09659e+41  1.36814e+44
 1.24280e+02  5.82361e+04  1.69483e+44  1.34510e-01  1.42500e+41  5.82361e+04  1.69483e+44  1.34510e-01  1.15841e+41  5.98498e+04  1.89064e+44  1.50051e-01  1.89549e+41  5.82361e+04  1.69483e+44  1.34510e-01  1.07427e+41  1.36814e+44
 1.28342e+02  5.51379e+04  1.45242e+44  1.15272e-01  4.04272e+40  5.66658e+04  1.62023e+44  1.28589e-01  1.05734e+41  5.66658e+04  1.62023e+44  1.28589e-01  1.44930e+41  5.66658e+04  1.62023e+44  1.28589e-01  1.22316e+41  1.36814e+44
 1.32537e+02  5.36512e+04  1.38849e+44  1.10198e-01  7.60014e+40  5.36512e+04  1.38849e+44  1.10198e-01  3.43198e+40  5.51379e+04  1.54891e+44  1.22929e-01  8.06928e+40  5.36512e+04  1.38849e+44  1.10198e-01  2.77213e+40  1.36814e+44
 1.36868e+02  5.07970e+04  1.18990e+44  9.44363e-02  4.46651e+39  5.22046e+04  1.32737e+44  1.05347e-01  4.06694e+40  5.22046e+04  1.32737e+44  1.05347e-01  6.47134e+40  5.22046e+04  1.32737e+44  1.05347e-01  5.73960e+40  1.36814e+44
 1.41341e+02  4.94273e+04  1.13752e+44  9.02795e-02  3.88344e+40  4.94273e+04  1.13752e+44  9.02795e-02  1.96231e+40  5.07970e+04  1.26895e+44  1.00710e-01  1.28530e+40  4.94273e+04  1.13752e+44  9.02795e-02  9.64664e+39  1.36814e+44
 1.45961e+02  4.67978e+04  9.74825e+43  7.73670e-02  4.87127e+40  4.80946e+04  1.08745e+44  8.63057e-02  2.00880e+40  4.80946e+04  1.08745e+44  8.63057e-02  7.31689e+40  4.80946e+04  1.08745e+44  8.63057e-02  3.16792e+40  1.36814e+44
 1.50731e+02  4.55359e+04  9.31916e+43  7.39616e-02  6.39427e+40  4.55359e+04  9.31916e+43  7.39616e-02  1.09397e+41  4.67978e+04  1.03959e+44  8.25068e-02  1.29525e+40  4.55359e+04  9.31916e+43  7.39616e-02  9.01936e+40  1.36814e+44
 1.55658e+02  4.43081e+04  8.90896e+43  7.07060e-02  1.86375e+41  4.43081e+04  8.90896e+43  7.07060e-02  8.82801e+40  4.55359e+04  9.93826e+43  7.88751e-02  7.39009e+40  4.43081e+04  8.90896e+43  7.07060e-02  8.87583e+40  1.36814e+44
 1.60745e+02  4.19509e+04  7.63473e+43  6.05931e-02  2.16409e+41  4.31134e+04  8.51682e+43  6.75938e-02  1.73055e+41  4.31134e+04  8.51682e+43  6.75938e-02  1.38711e+41  4.31134e+04  8.51682e+43  6.75938e-02  1.92146e+41  1.36814e+44
