radius(rg)  best_T_OUV(K) best_L_OUV(erg/s) best_L_OUV/L_OUV best_L_OUV/L_Edd chi2_OUV  best_T_X(K) best_L_X(erg/s) best_L_X/L_Edd chi2_X
 5.74378e+01  1.39656e+05  1.19726e+45  2.68340e+01  9.50205e-01  5.74977e+42  1.84866e+05  3.67603e+45  2.91749e+00  2.48309e+41
 5.93150e+01  1.32226e+05  1.02602e+45  2.29960e+01  8.14299e-01  5.59324e+42  1.84866e+05  3.92025e+45  3.11131e+00  2.67494e+41
 6.12535e+01  1.25192e+05  8.79268e+44  1.97069e+01  6.97832e-01  5.43212e+42  1.78715e+05  3.65139e+45  2.89793e+00  2.84318e+41
 6.32555e+01  1.18532e+05  7.53508e+44  1.68883e+01  5.98022e-01  5.26734e+42  1.78715e+05  3.89396e+45  3.09044e+00  2.75124e+41
 6.53228e+01  1.12226e+05  6.45736e+44  1.44728e+01  5.12489e-01  5.10029e+42  1.78715e+05  4.15265e+45  3.29575e+00  2.68803e+41
 6.74577e+01  1.06255e+05  5.53377e+44  1.24028e+01  4.39188e-01  4.93291e+42  1.78715e+05  4.42852e+45  3.51470e+00  2.65328e+41
 6.96624e+01  1.03390e+05  5.29020e+44  1.18569e+01  4.19857e-01  4.75334e+42  1.78715e+05  4.72273e+45  3.74819e+00  2.64685e+41
 7.19392e+01  9.78901e+04  4.53355e+44  1.01610e+01  3.59806e-01  4.55034e+42  1.78715e+05  5.03647e+45  3.99720e+00  2.66872e+41
 7.42903e+01  9.26823e+04  3.88513e+44  8.70769e+00  3.08343e-01  4.34841e+42  1.78715e+05  5.37106e+45  4.26275e+00  2.71896e+41
 7.67183e+01  8.77516e+04  3.32945e+44  7.46225e+00  2.64242e-01  4.15192e+42  1.78715e+05  5.72788e+45  4.54594e+00  2.79780e+41
 7.92257e+01  8.30832e+04  2.85324e+44  6.39494e+00  2.26448e-01  3.96641e+42  1.78715e+05  6.10840e+45  4.84794e+00  2.90555e+41
 8.18150e+01  8.08430e+04  2.72765e+44  6.11346e+00  2.16480e-01  3.77600e+42  1.78715e+05  6.51420e+45  5.17000e+00  3.04267e+41
 8.44889e+01  7.65422e+04  2.33752e+44  5.23906e+00  1.85518e-01  3.54677e+42  1.78715e+05  6.94696e+45  5.51346e+00  3.20972e+41
 8.72502e+01  7.24701e+04  2.00319e+44  4.48973e+00  1.58984e-01  3.34007e+42  1.78715e+05  7.40847e+45  5.87974e+00  3.40738e+41
 9.01018e+01  6.86147e+04  1.71668e+44  3.84757e+00  1.36244e-01  3.16670e+42  1.78715e+05  7.90064e+45  6.27035e+00  3.63649e+41
 9.30466e+01  6.67646e+04  1.64112e+44  3.67822e+00  1.30247e-01  2.92323e+42  1.78715e+05  8.42551e+45  6.68691e+00  3.89799e+41
 9.60876e+01  6.32128e+04  1.40639e+44  3.15213e+00  1.11618e-01  2.71840e+42  1.72768e+05  7.84767e+45  6.22831e+00  4.14082e+41
 9.92280e+01  6.15083e+04  1.34449e+44  3.01338e+00  1.06705e-01  2.52694e+42  1.72768e+05  8.36902e+45  6.64208e+00  4.03914e+41
 1.02471e+02  5.82361e+04  1.15219e+44  2.58239e+00  9.14435e-02  2.29641e+42  1.72768e+05  8.92500e+45  7.08333e+00  3.97151e+41
 1.05820e+02  5.66658e+04  1.10147e+44  2.46872e+00  8.74185e-02  2.13578e+42  1.72768e+05  9.51792e+45  7.55390e+00  3.93765e+41
 1.09278e+02  5.36512e+04  9.43931e+43  2.11562e+00  7.49152e-02  1.89233e+42  1.72768e+05  1.01502e+46  8.05573e+00  3.93744e+41
 1.12850e+02  5.22046e+04  9.02383e+43  2.02250e+00  7.16177e-02  1.74289e+42  1.72768e+05  1.08245e+46  8.59090e+00  3.97085e+41
 1.16538e+02  4.94273e+04  7.73317e+43  1.73323e+00  6.13744e-02  1.50873e+42  1.72768e+05  1.15436e+46  9.16163e+00  4.03803e+41
 1.20347e+02  4.80946e+04  7.39278e+43  1.65693e+00  5.86728e-02  1.35347e+42  1.72768e+05  1.23105e+46  9.77026e+00  4.13927e+41
 1.24280e+02  4.55359e+04  6.33541e+43  1.41995e+00  5.02810e-02  1.16339e+42  1.72768e+05  1.31284e+46  1.04193e+01  4.27497e+41
 1.28342e+02  4.43081e+04  6.05654e+43  1.35745e+00  4.80678e-02  9.89332e+41  1.72768e+05  1.40005e+46  1.11115e+01  4.44571e+41
 1.32537e+02  4.31134e+04  5.78995e+43  1.29770e+00  4.59520e-02  8.88710e+41  1.72768e+05  1.49306e+46  1.18497e+01  4.65218e+41
 1.36868e+02  4.08198e+04  4.96183e+43  1.11209e+00  3.93796e-02  6.94796e+41  1.72768e+05  1.59225e+46  1.26369e+01  4.89524e+41
 1.41341e+02  3.97191e+04  4.74342e+43  1.06314e+00  3.76462e-02  5.58491e+41  1.72768e+05  1.69803e+46  1.34764e+01  5.17590e+41
 1.45961e+02  3.86482e+04  4.53463e+43  1.01634e+00  3.59892e-02  4.79635e+41  1.72768e+05  1.81084e+46  1.43717e+01  5.49531e+41
