radius(rg)  best_T_OUV(K) best_L_OUV(erg/s) best_L_OUV/L_OUV best_L_OUV/L_Edd chi2_OUV  best_T_X(K) best_L_X(erg/s) best_L_X/L_Edd chi2_X
 1.02471e+02  1.03390e+05  1.14466e+45  1.19954e+01  9.08460e-01  1.20922e+43  1.67019e+05  7.79505e+45  6.18655e+00  1.70409e+41
 1.05820e+02  9.78901e+04  9.80942e+44  1.02798e+01  7.78525e-01  1.16459e+43  1.67019e+05  8.31290e+45  6.59754e+00  1.82124e+41
 1.09278e+02  9.26823e+04  8.40640e+44  8.80947e+00  6.67174e-01  1.12050e+43  1.67019e+05  8.86516e+45  7.03584e+00  1.94617e+41
 1.12850e+02  8.77516e+04  7.20405e+44  7.54947e+00  5.71750e-01  1.07791e+43  1.67019e+05  9.45410e+45  7.50326e+00  2.07941e+41
 1.16538e+02  8.53855e+04  6.88695e+44  7.21716e+00  5.46583e-01  1.02933e+43  1.67019e+05  1.00822e+46  8.00172e+00  2.22151e+41
 1.20347e+02  8.08430e+04  5.90193e+44  6.18491e+00  4.68407e-01  9.77200e+42  1.67019e+05  1.07520e+46  8.53330e+00  2.37305e+41
 1.24280e+02  7.65422e+04  5.05779e+44  5.30030e+00  4.01412e-01  9.28400e+42  1.67019e+05  1.14663e+46  9.10020e+00  2.53466e+41
 1.28342e+02  7.24701e+04  4.33438e+44  4.54221e+00  3.43999e-01  8.84860e+42  1.67019e+05  1.22280e+46  9.70476e+00  2.70701e+41
 1.32537e+02  7.05161e+04  4.14360e+44  4.34227e+00  3.28857e-01  8.29837e+42  1.67019e+05  1.30403e+46  1.03495e+01  2.89081e+41
 1.36868e+02  6.67646e+04  3.55095e+44  3.72121e+00  2.81821e-01  7.77794e+42  1.67019e+05  1.39067e+46  1.10370e+01  3.08682e+41
 1.41341e+02  6.32128e+04  3.04306e+44  3.18897e+00  2.41513e-01  7.35658e+42  1.67019e+05  1.48305e+46  1.17703e+01  3.29586e+41
 1.45961e+02  6.15083e+04  2.90912e+44  3.04860e+00  2.30882e-01  6.76578e+42  1.67019e+05  1.58158e+46  1.25522e+01  3.51879e+41
 1.50731e+02  5.82361e+04  2.49303e+44  2.61257e+00  1.97860e-01  6.29494e+42  1.67019e+05  1.68665e+46  1.33861e+01  3.75653e+41
 1.55658e+02  5.66658e+04  2.38330e+44  2.49757e+00  1.89151e-01  5.77863e+42  1.67019e+05  1.79869e+46  1.42754e+01  4.01007e+41
 1.60745e+02  5.36512e+04  2.04242e+44  2.14035e+00  1.62097e-01  5.28622e+42  1.67019e+05  1.91819e+46  1.52237e+01  4.28045e+41
 1.65998e+02  5.22046e+04  1.95252e+44  2.04614e+00  1.54962e-01  4.80160e+42  1.67019e+05  2.04562e+46  1.62351e+01  4.56879e+41
 1.71424e+02  4.94273e+04  1.67325e+44  1.75348e+00  1.32798e-01  4.33597e+42  1.67019e+05  2.18152e+46  1.73136e+01  4.87630e+41
 1.77026e+02  4.80946e+04  1.59960e+44  1.67630e+00  1.26953e-01  3.84592e+42  1.67019e+05  2.32644e+46  1.84638e+01  5.20423e+41
 1.82812e+02  4.55359e+04  1.37082e+44  1.43654e+00  1.08795e-01  3.48266e+42  1.67019e+05  2.48100e+46  1.96904e+01  5.55395e+41
 1.88787e+02  4.43081e+04  1.31048e+44  1.37331e+00  1.04006e-01  2.95882e+42  1.67019e+05  2.64582e+46  2.09985e+01  5.92690e+41
 1.94957e+02  4.31134e+04  1.25279e+44  1.31286e+00  9.94281e-02  2.59918e+42  1.67019e+05  2.82159e+46  2.23936e+01  6.32464e+41
 2.01328e+02  4.08198e+04  1.07361e+44  1.12509e+00  8.52071e-02  2.23628e+42  1.67019e+05  3.00903e+46  2.38812e+01  6.74879e+41
 2.07908e+02  3.97191e+04  1.02635e+44  1.07556e+00  8.14566e-02  1.80580e+42  1.67019e+05  3.20894e+46  2.54677e+01  7.20113e+41
 2.14703e+02  3.86482e+04  9.81176e+43  1.02822e+00  7.78711e-02  1.50453e+42  1.67019e+05  3.42212e+46  2.71596e+01  7.68352e+41
