radius(rg)  best_T_OUV(K) best_L_OUV(erg/s) best_L_OUV/L_OUV best_L_OUV/L_Edd chi2_OUV  best_T_X(K) best_L_X(erg/s) best_L_X/L_Edd chi2_X
 4.89061e+01  1.51591e+05  1.20495e+45  3.17642e+01  9.56310e-01  2.61848e+42  1.78715e+05  2.32767e+45  1.84736e+00  7.20607e+40
 5.05045e+01  1.43526e+05  1.03261e+45  2.72211e+01  8.19532e-01  2.53176e+42  1.78715e+05  2.48231e+45  1.97008e+00  8.20806e+40
 5.21551e+01  1.35890e+05  8.84918e+44  2.33277e+01  7.02316e-01  2.44160e+42  1.78715e+05  2.64722e+45  2.10096e+00  9.29423e+40
 5.38597e+01  1.28661e+05  7.58350e+44  1.99912e+01  6.01865e-01  2.34839e+42  1.78715e+05  2.82308e+45  2.24054e+00  1.04691e+41
 5.56199e+01  1.21816e+05  6.49885e+44  1.71319e+01  5.15782e-01  2.25285e+42  1.78715e+05  3.01063e+45  2.38938e+00  1.17375e+41
 5.74378e+01  1.15336e+05  5.56933e+44  1.46816e+01  4.42011e-01  2.15602e+42  1.78715e+05  3.21063e+45  2.54812e+00  1.31046e+41
 5.93150e+01  1.09200e+05  4.77277e+44  1.25817e+01  3.78791e-01  2.05939e+42  1.78715e+05  3.42392e+45  2.71740e+00  1.45763e+41
 6.12535e+01  1.03390e+05  4.09013e+44  1.07822e+01  3.24613e-01  1.96495e+42  1.78715e+05  3.65139e+45  2.89793e+00  1.61584e+41
 6.32555e+01  9.78901e+04  3.50513e+44  9.24002e+00  2.78185e-01  1.87526e+42  1.78715e+05  3.89396e+45  3.09044e+00  1.78577e+41
 6.53228e+01  9.52506e+04  3.35084e+44  8.83330e+00  2.65940e-01  1.76307e+42  1.78715e+05  4.15265e+45  3.29575e+00  1.96811e+41
 6.74577e+01  9.01833e+04  2.87158e+44  7.56989e+00  2.27903e-01  1.64544e+42  1.78715e+05  4.42852e+45  3.51470e+00  2.16361e+41
 6.96624e+01  8.53855e+04  2.46086e+44  6.48719e+00  1.95307e-01  1.53654e+42  1.78715e+05  4.72273e+45  3.74819e+00  2.37309e+41
 7.19392e+01  8.08430e+04  2.10889e+44  5.55934e+00  1.67372e-01  1.44163e+42  1.78715e+05  5.03647e+45  3.99720e+00  2.59741e+41
 7.42903e+01  7.86632e+04  2.01606e+44  5.31464e+00  1.60005e-01  1.34020e+42  1.78715e+05  5.37106e+45  4.26275e+00  2.83750e+41
 7.67183e+01  7.44783e+04  1.72771e+44  4.55450e+00  1.37120e-01  1.21508e+42  1.78715e+05  5.72788e+45  4.54594e+00  3.09435e+41
 7.92257e+01  7.05161e+04  1.48060e+44  3.90308e+00  1.17508e-01  1.11562e+42  1.78715e+05  6.10840e+45  4.84794e+00  3.36904e+41
 8.18150e+01  6.86147e+04  1.41543e+44  3.73128e+00  1.12336e-01  1.02431e+42  1.78715e+05  6.51420e+45  5.17000e+00  3.66268e+41
 8.44889e+01  6.49644e+04  1.21298e+44  3.19760e+00  9.62686e-02  8.99757e+41  1.78715e+05  6.94696e+45  5.51346e+00  3.97651e+41
 8.72502e+01  6.15083e+04  1.03949e+44  2.74025e+00  8.24995e-02  8.21450e+41  1.78715e+05  7.40847e+45  5.87974e+00  4.31182e+41
 9.01018e+01  5.98498e+04  9.93738e+43  2.61964e+00  7.88681e-02  7.06064e+41  1.78715e+05  7.90064e+45  6.27035e+00  4.66999e+41
 9.30466e+01  5.66658e+04  8.51606e+43  2.24496e+00  6.75878e-02  6.21192e+41  1.78715e+05  8.42551e+45  6.68691e+00  5.05250e+41
 9.60876e+01  5.51379e+04  8.14121e+43  2.14614e+00  6.46128e-02  5.26728e+41  1.78715e+05  8.98524e+45  7.13115e+00  5.46095e+41
 9.92280e+01  5.22046e+04  6.97679e+43  1.83918e+00  5.53714e-02  4.49858e+41  1.78715e+05  9.58216e+45  7.60489e+00  5.89702e+41
 1.02471e+02  5.07970e+04  6.66970e+43  1.75823e+00  5.29341e-02  3.62126e+41  1.78715e+05  1.02187e+46  8.11011e+00  6.36252e+41
 1.05820e+02  4.80946e+04  5.71574e+43  1.50675e+00  4.53631e-02  3.16600e+41  1.78715e+05  1.08976e+46  8.64889e+00  6.85937e+41
 1.09278e+02  4.67978e+04  5.46416e+43  1.44043e+00  4.33663e-02  2.24030e+41  1.78715e+05  1.16216e+46  9.22347e+00  7.38963e+41
 1.12850e+02  4.55359e+04  5.22364e+43  1.37703e+00  4.14575e-02  1.96119e+41  1.78715e+05  1.23936e+46  9.83621e+00  7.95549e+41
 1.16538e+02  4.31134e+04  4.47652e+43  1.18007e+00  3.55279e-02  1.39774e+41  1.78715e+05  1.32170e+46  1.04897e+01  8.55929e+41
 1.20347e+02  4.19509e+04  4.27947e+43  1.12813e+00  3.39641e-02  9.10346e+40  1.78715e+05  1.40950e+46  1.11865e+01  9.20354e+41
 1.24280e+02  4.08198e+04  4.09110e+43  1.07847e+00  3.24691e-02  9.36446e+40  1.78715e+05  1.50314e+46  1.19297e+01  9.89090e+41
