radius(rg)  best_T_OUV(K) best_L_OUV(erg/s) best_L_OUV/L_OUV best_L_OUV/L_Edd chi2_OUV  best_T_X(K) best_L_X(erg/s) best_L_X/L_Edd chi2_X
 6.53228e+01  1.32226e+05  1.24439e+45  2.16341e+01  9.87609e-01  4.21638e+42  3.17698e+05  4.14706e+46  3.29132e+01  3.13633e+45
 6.74577e+01  1.25192e+05  1.06641e+45  1.85399e+01  8.46354e-01  4.07071e+42  3.17698e+05  4.42257e+46  3.50997e+01  3.34534e+45
 6.96624e+01  1.18532e+05  9.13880e+44  1.58881e+01  7.25301e-01  3.92470e+42  3.17698e+05  4.71637e+46  3.74315e+01  3.56833e+45
 7.19392e+01  1.15336e+05  8.73654e+44  1.51888e+01  6.93376e-01  3.76101e+42  3.17698e+05  5.02970e+46  3.99182e+01  3.80621e+45
 7.42903e+01  1.09200e+05  7.48697e+44  1.30164e+01  5.94204e-01  3.58254e+42  3.17698e+05  5.36384e+46  4.25701e+01  4.05996e+45
 7.67183e+01  1.03390e+05  6.41613e+44  1.11547e+01  5.09216e-01  3.40304e+42  3.17698e+05  5.72017e+46  4.53982e+01  4.33063e+45
 7.92257e+01  9.78901e+04  5.49844e+44  9.55925e+00  4.36384e-01  3.22619e+42  3.17698e+05  6.10018e+46  4.84142e+01  4.61936e+45
 8.18150e+01  9.26823e+04  4.71201e+44  8.19201e+00  3.73969e-01  3.05670e+42  3.17698e+05  6.50544e+46  5.16305e+01  4.92732e+45
 8.44889e+01  8.77516e+04  4.03806e+44  7.02033e+00  3.20481e-01  2.90056e+42  3.17698e+05  6.93762e+46  5.50605e+01  5.25580e+45
 8.72502e+01  8.53855e+04  3.86032e+44  6.71131e+00  3.06375e-01  2.72273e+42  3.17698e+05  7.39851e+46  5.87183e+01  5.60616e+45
 9.01018e+01  8.08430e+04  3.30819e+44  5.75141e+00  2.62555e-01  2.51883e+42  3.17698e+05  7.89001e+46  6.26192e+01  5.97984e+45
 9.30466e+01  7.65422e+04  2.83503e+44  4.92880e+00  2.25002e-01  2.34005e+42  3.17698e+05  8.41417e+46  6.67792e+01  6.37839e+45
 9.60876e+01  7.24701e+04  2.42954e+44  4.22384e+00  1.92821e-01  2.19809e+42  3.17698e+05  8.97316e+46  7.12155e+01  6.80346e+45
 9.92280e+01  7.05161e+04  2.32260e+44  4.03792e+00  1.84333e-01  1.98258e+42  3.17698e+05  9.56927e+46  7.59466e+01  7.25681e+45
 1.02471e+02  6.67646e+04  1.99040e+44  3.46039e+00  1.57968e-01  1.80228e+42  3.17698e+05  1.02050e+47  8.09920e+01  7.74032e+45
 1.05820e+02  6.49644e+04  1.90279e+44  3.30807e+00  1.51015e-01  1.66424e+42  3.17698e+05  1.08829e+47  8.63726e+01  8.25599e+45
 1.09278e+02  6.15083e+04  1.63064e+44  2.83493e+00  1.29416e-01  1.44914e+42  3.17698e+05  1.16059e+47  9.21106e+01  8.80594e+45
 1.12850e+02  5.82361e+04  1.39741e+44  2.42945e+00  1.10906e-01  1.31964e+42  3.17698e+05  1.23770e+47  9.82298e+01  9.39247e+45
 1.16538e+02  5.66658e+04  1.33590e+44  2.32252e+00  1.06024e-01  1.12312e+42  3.17698e+05  1.31992e+47  1.04756e+02  1.00180e+46
 1.20347e+02  5.36512e+04  1.14483e+44  1.99033e+00  9.08596e-02  9.97582e+41  3.17698e+05  1.40761e+47  1.11715e+02  1.06851e+46
 1.24280e+02  5.22046e+04  1.09444e+44  1.90272e+00  8.68603e-02  8.19842e+41  3.17698e+05  1.50112e+47  1.19136e+02  1.13965e+46
 1.28342e+02  4.94273e+04  9.37904e+43  1.63058e+00  7.44369e-02  7.28997e+41  3.17698e+05  1.60084e+47  1.27051e+02  1.21553e+46
 1.32537e+02  4.80946e+04  8.96621e+43  1.55881e+00  7.11604e-02  5.50580e+41  3.17698e+05  1.70719e+47  1.35491e+02  1.29644e+46
 1.36868e+02  4.67978e+04  8.57154e+43  1.49020e+00  6.80281e-02  4.77375e+41  3.17698e+05  1.82061e+47  1.44493e+02  1.38274e+46
 1.41341e+02  4.43081e+04  7.34558e+43  1.27706e+00  5.82982e-02  3.48082e+41  3.17698e+05  1.94156e+47  1.54092e+02  1.47476e+46
 1.45961e+02  4.31134e+04  7.02225e+43  1.22084e+00  5.57321e-02  2.46482e+41  3.17698e+05  2.07054e+47  1.64329e+02  1.57291e+46
 1.50731e+02  4.19509e+04  6.71315e+43  1.16711e+00  5.32790e-02  2.28743e+41  3.17698e+05  2.20809e+47  1.75245e+02  1.67757e+46
 1.55658e+02  3.97191e+04  5.75298e+43  1.00018e+00  4.56586e-02  1.39821e+41  3.17698e+05  2.35478e+47  1.86888e+02  1.78919e+46
