radius(rg)  best_T_OUV(K) best_L_OUV(erg/s) best_L_OUV/L_OUV best_L_OUV/L_Edd chi2_OUV  best_T_X(K) best_L_X(erg/s) best_L_X/L_Edd chi2_X
 1.28342e+02  9.26823e+04  1.15952e+45  8.03562e+00  9.20255e-01  3.96571e+42  3.07126e+05  1.39817e+47  1.10966e+02  7.87949e+45
 1.32537e+02  8.77516e+04  9.93677e+44  6.88630e+00  7.88633e-01  3.63277e+42  3.07126e+05  1.49105e+47  1.18338e+02  8.41108e+45
 1.36868e+02  8.30832e+04  8.51554e+44  5.90137e+00  6.75836e-01  3.34856e+42  2.96907e+05  1.38879e+47  1.10222e+02  8.94600e+45
 1.41341e+02  8.08430e+04  8.14071e+44  5.64161e+00  6.46088e-01  3.12204e+42  2.96907e+05  1.48106e+47  1.17544e+02  9.14083e+45
 1.45961e+02  7.65422e+04  6.97636e+44  4.83471e+00  5.53680e-01  2.72600e+42  2.96907e+05  1.57945e+47  1.25353e+02  9.37401e+45
 1.50731e+02  7.24701e+04  5.97855e+44  4.14321e+00  4.74488e-01  2.41845e+42  2.96907e+05  1.68438e+47  1.33681e+02  9.64649e+45
 1.55658e+02  6.86147e+04  5.12345e+44  3.55061e+00  4.06623e-01  2.23460e+42  2.96907e+05  1.79627e+47  1.42561e+02  9.95941e+45
 1.60745e+02  6.67646e+04  4.89793e+44  3.39433e+00  3.88725e-01  1.84391e+42  2.96907e+05  1.91561e+47  1.52032e+02  1.03141e+46
 1.65998e+02  6.32128e+04  4.19739e+44  2.90884e+00  3.33126e-01  1.59731e+42  2.96907e+05  2.04287e+47  1.62132e+02  1.07119e+46
 1.71424e+02  6.15083e+04  4.01264e+44  2.78081e+00  3.18463e-01  1.35659e+42  2.96907e+05  2.17858e+47  1.72903e+02  1.11546e+46
 1.77026e+02  5.82361e+04  3.43872e+44  2.38307e+00  2.72914e-01  1.07135e+42  2.96907e+05  2.32331e+47  1.84390e+02  1.16439e+46
 1.82812e+02  5.66658e+04  3.28736e+44  2.27818e+00  2.60901e-01  9.20160e+41  2.96907e+05  2.47766e+47  1.96640e+02  1.21820e+46
 1.88787e+02  5.36512e+04  2.81717e+44  1.95234e+00  2.23585e-01  6.43029e+41  2.96907e+05  2.64226e+47  2.09703e+02  1.27710e+46
 1.94957e+02  5.22046e+04  2.69317e+44  1.86640e+00  2.13744e-01  5.26072e+41  2.96907e+05  2.81779e+47  2.23634e+02  1.34134e+46
 2.01328e+02  4.94273e+04  2.30797e+44  1.59945e+00  1.83172e-01  3.34131e+41  2.96907e+05  3.00499e+47  2.38491e+02  1.41117e+46
 2.07908e+02  4.80946e+04  2.20638e+44  1.52905e+00  1.75110e-01  2.04715e+41  2.96907e+05  3.20462e+47  2.54335e+02  1.48690e+46
 2.14703e+02  4.55359e+04  1.89081e+44  1.31035e+00  1.50064e-01  2.15370e+41  2.96907e+05  3.41751e+47  2.71231e+02  1.56884e+46
 2.21720e+02  4.43081e+04  1.80758e+44  1.25268e+00  1.43459e-01  3.99421e+40  2.96907e+05  3.64455e+47  2.89250e+02  1.65731e+46
 2.28967e+02  4.31134e+04  1.72802e+44  1.19754e+00  1.37144e-01  8.10054e+40  2.96907e+05  3.88667e+47  3.08466e+02  1.75270e+46
 2.36450e+02  4.08198e+04  1.48086e+44  1.02626e+00  1.17529e-01  1.87976e+41  2.96907e+05  4.14487e+47  3.28958e+02  1.85540e+46
