radius(rg)  best_T_OUV(K) best_L_OUV(erg/s) best_L_OUV/L_OUV best_L_OUV/L_Edd chi2_OUV  best_T_X(K) best_L_X(erg/s) best_L_X/L_Edd chi2_X
 6.74577e+01  1.28661e+05  1.18961e+45  1.99352e+01  9.44138e-01  3.31781e+42  3.51646e+05  6.63807e+46  5.26831e+01  1.07976e+46
 6.96624e+01  1.21816e+05  1.01947e+45  1.70839e+01  8.09100e-01  3.17648e+42  3.51646e+05  7.07906e+46  5.61830e+01  1.15123e+46
 7.19392e+01  1.15336e+05  8.73654e+44  1.46404e+01  6.93376e-01  3.03379e+42  3.51646e+05  7.54934e+46  5.99154e+01  1.22771e+46
 7.42903e+01  1.09200e+05  7.48697e+44  1.25465e+01  5.94204e-01  2.89214e+42  3.51646e+05  8.05087e+46  6.38958e+01  1.30949e+46
 7.67183e+01  1.03390e+05  6.41613e+44  1.07520e+01  5.09216e-01  2.75470e+42  3.51646e+05  8.58572e+46  6.81406e+01  1.39692e+46
 7.92257e+01  9.78901e+04  5.49844e+44  9.21413e+00  4.36384e-01  2.62559e+42  3.51646e+05  9.15609e+46  7.26674e+01  1.49037e+46
 8.18150e+01  9.52506e+04  5.25642e+44  8.80856e+00  4.17176e-01  2.44769e+42  3.51646e+05  9.76436e+46  7.74950e+01  1.59021e+46
 8.44889e+01  9.01833e+04  4.50460e+44  7.54869e+00  3.57508e-01  2.27580e+42  3.51646e+05  1.04130e+47  8.26432e+01  1.69687e+46
 8.72502e+01  8.53855e+04  3.86032e+44  6.46902e+00  3.06375e-01  2.11867e+42  3.51646e+05  1.11048e+47  8.81335e+01  1.81078e+46
 9.01018e+01  8.08430e+04  3.30819e+44  5.54377e+00  2.62555e-01  1.98468e+42  3.51646e+05  1.18425e+47  9.39885e+01  1.93242e+46
 9.30466e+01  7.86632e+04  3.16257e+44  5.29975e+00  2.50998e-01  1.82414e+42  3.51646e+05  1.26293e+47  1.00232e+02  2.06228e+46
 9.60876e+01  7.44783e+04  2.71024e+44  4.54174e+00  2.15098e-01  1.64424e+42  3.51646e+05  1.34683e+47  1.06891e+02  2.20092e+46
 9.92280e+01  7.05161e+04  2.32260e+44  3.89214e+00  1.84333e-01  1.50608e+42  3.51646e+05  1.43630e+47  1.13992e+02  2.34889e+46
 1.02471e+02  6.86147e+04  2.22036e+44  3.72082e+00  1.76219e-01  1.36196e+42  3.51646e+05  1.53172e+47  1.21565e+02  2.50681e+46
 1.05820e+02  6.49644e+04  1.90279e+44  3.18864e+00  1.51015e-01  1.18637e+42  3.51646e+05  1.63348e+47  1.29641e+02  2.67534e+46
 1.09278e+02  6.15083e+04  1.63064e+44  2.73258e+00  1.29416e-01  1.08524e+42  3.51646e+05  1.74200e+47  1.38254e+02  2.85517e+46
 1.12850e+02  5.98498e+04  1.55886e+44  2.61230e+00  1.23719e-01  9.04107e+41  3.51646e+05  1.85772e+47  1.47438e+02  3.04705e+46
 1.16538e+02  5.66658e+04  1.33590e+44  2.23867e+00  1.06024e-01  7.95229e+41  3.51646e+05  1.98114e+47  1.57233e+02  3.25178e+46
 1.20347e+02  5.51379e+04  1.27710e+44  2.14013e+00  1.01357e-01  6.47505e+41  3.51646e+05  2.11275e+47  1.67679e+02  3.47019e+46
 1.24280e+02  5.22046e+04  1.09444e+44  1.83403e+00  8.68603e-02  5.54180e+41  3.51646e+05  2.25311e+47  1.78818e+02  3.70319e+46
 1.28342e+02  5.07970e+04  1.04627e+44  1.75330e+00  8.30370e-02  4.17744e+41  3.51646e+05  2.40279e+47  1.90698e+02  3.95175e+46
 1.32537e+02  4.80946e+04  8.96621e+43  1.50253e+00  7.11604e-02  3.77148e+41  3.51646e+05  2.56242e+47  2.03366e+02  4.21689e+46
 1.36868e+02  4.67978e+04  8.57154e+43  1.43640e+00  6.80281e-02  2.34023e+41  3.51646e+05  2.73265e+47  2.16877e+02  4.49972e+46
 1.41341e+02  4.55359e+04  8.19425e+43  1.37317e+00  6.50338e-02  1.92620e+41  3.51646e+05  2.91419e+47  2.31285e+02  4.80141e+46
 1.45961e+02  4.31134e+04  7.02225e+43  1.17677e+00  5.57321e-02  1.40138e+41  3.51646e+05  3.10779e+47  2.46650e+02  5.12319e+46
 1.50731e+02  4.19509e+04  6.71315e+43  1.12497e+00  5.32790e-02  6.72464e+40  3.51646e+05  3.31425e+47  2.63035e+02  5.46641e+46
 1.55658e+02  4.08198e+04  6.41766e+43  1.07545e+00  5.09338e-02  7.52795e+40  3.51646e+05  3.53442e+47  2.80510e+02  5.83248e+46
