radius(rg)  best_T_OUV(K) best_L_OUV(erg/s) best_L_OUV/L_OUV best_L_OUV/L_Edd chi2_OUV  best_T_X(K) best_L_X(erg/s) best_L_X/L_Edd chi2_X
 9.01018e+01  1.09200e+05  1.10131e+45  1.28580e+01  8.74053e-01  5.23484e+42  2.59317e+05  3.50222e+46  2.77954e+01  3.29500e+44
 9.30466e+01  1.03390e+05  9.43790e+44  1.10189e+01  7.49039e-01  4.99625e+42  2.59317e+05  3.73488e+46  2.96419e+01  3.55496e+44
 9.60876e+01  9.78901e+04  8.08802e+44  9.44290e+00  6.41906e-01  4.76635e+42  2.59317e+05  3.98300e+46  3.16111e+01  3.83246e+44
 9.92280e+01  9.52506e+04  7.73201e+44  9.02726e+00  6.13651e-01  4.53616e+42  2.59317e+05  4.24760e+46  3.37112e+01  4.12866e+44
 1.02471e+02  9.01833e+04  6.62612e+44  7.73611e+00  5.25882e-01  4.23874e+42  2.59317e+05  4.52979e+46  3.59507e+01  4.44478e+44
 1.05820e+02  8.53855e+04  5.67840e+44  6.62963e+00  4.50666e-01  3.95861e+42  2.59317e+05  4.83072e+46  3.83390e+01  4.78213e+44
 1.09278e+02  8.08430e+04  4.86623e+44  5.68141e+00  3.86209e-01  3.70762e+42  2.59317e+05  5.15164e+46  4.08860e+01  5.14211e+44
 1.12850e+02  7.86632e+04  4.65203e+44  5.43133e+00  3.69209e-01  3.49937e+42  2.59317e+05  5.49388e+46  4.36022e+01  5.52621e+44
 1.16538e+02  7.44783e+04  3.98666e+44  4.65450e+00  3.16402e-01  3.17444e+42  2.59317e+05  5.85885e+46  4.64988e+01  5.93601e+44
 1.20347e+02  7.05161e+04  3.41646e+44  3.98878e+00  2.71148e-01  2.90472e+42  2.59317e+05  6.24808e+46  4.95879e+01  6.37322e+44
 1.24280e+02  6.67646e+04  2.92781e+44  3.41827e+00  2.32366e-01  2.71292e+42  2.59317e+05  6.66316e+46  5.28822e+01  6.83964e+44
 1.28342e+02  6.49644e+04  2.79894e+44  3.26781e+00  2.22138e-01  2.38402e+42  2.59317e+05  7.10581e+46  5.63954e+01  7.33720e+44
 1.32537e+02  6.15083e+04  2.39861e+44  2.80042e+00  1.90366e-01  2.15247e+42  2.59317e+05  7.57788e+46  6.01419e+01  7.86796e+44
 1.36868e+02  5.98498e+04  2.29303e+44  2.67716e+00  1.81987e-01  1.90599e+42  2.59317e+05  8.08130e+46  6.41373e+01  8.43412e+44
 1.41341e+02  5.66658e+04  1.96507e+44  2.29425e+00  1.55958e-01  1.65210e+42  2.59317e+05  8.61817e+46  6.83982e+01  9.03802e+44
 1.45961e+02  5.51379e+04  1.87857e+44  2.19326e+00  1.49093e-01  1.45126e+42  2.59317e+05  9.19070e+46  7.29421e+01  9.68216e+44
 1.50731e+02  5.22046e+04  1.60988e+44  1.87957e+00  1.27768e-01  1.20733e+42  2.59317e+05  9.80127e+46  7.77879e+01  1.03692e+45
 1.55658e+02  5.07970e+04  1.53902e+44  1.79683e+00  1.22144e-01  1.01904e+42  2.59317e+05  1.04524e+47  8.29556e+01  1.11020e+45
 1.60745e+02  4.80946e+04  1.31890e+44  1.53984e+00  1.04674e-01  8.37296e+41  2.59317e+05  1.11468e+47  8.84666e+01  1.18836e+45
 1.65998e+02  4.67978e+04  1.26084e+44  1.47206e+00  1.00067e-01  6.34349e+41  2.50688e+05  1.03823e+47  8.23994e+01  1.24258e+45
 1.71424e+02  4.55359e+04  1.20535e+44  1.40726e+00  9.56624e-02  5.79103e+41  2.50688e+05  1.10721e+47  8.78735e+01  1.26503e+45
 1.77026e+02  4.31134e+04  1.03295e+44  1.20599e+00  8.19800e-02  3.57529e+41  2.50688e+05  1.18076e+47  9.37112e+01  1.29301e+45
 1.82812e+02  4.19509e+04  9.87481e+43  1.15290e+00  7.83715e-02  2.49904e+41  2.50688e+05  1.25920e+47  9.99367e+01  1.32661e+45
 1.88787e+02  4.08198e+04  9.44015e+43  1.10215e+00  7.49218e-02  2.59061e+41  2.50688e+05  1.34286e+47  1.06576e+02  1.36599e+45
