radius(rg)  best_T_OUV(K) best_L_OUV(erg/s) best_L_OUV/L_OUV best_L_OUV/L_Edd chi2_OUV  best_T_X(K) best_L_X(erg/s) best_L_X/L_Edd chi2_X
 7.67183e+01  1.18532e+05  1.10838e+45  1.74672e+01  8.79670e-01  8.47230e+42  1.61461e+05  3.81616e+45  3.02870e+00  4.26580e+40
 7.92257e+01  1.12226e+05  9.49854e+44  1.49689e+01  7.53853e-01  8.19835e+42  1.61461e+05  4.06968e+45  3.22990e+00  4.57165e+40
 8.18150e+01  1.06255e+05  8.13999e+44  1.28279e+01  6.46031e-01  7.91936e+42  1.61461e+05  4.34004e+45  3.44448e+00  4.89793e+40
 8.44889e+01  1.00603e+05  6.97574e+44  1.09932e+01  5.53631e-01  7.63875e+42  1.61461e+05  4.62837e+45  3.67331e+00  5.24600e+40
 8.72502e+01  9.52506e+04  5.97802e+44  9.42085e+00  4.74446e-01  7.36105e+42  1.61461e+05  4.93584e+45  3.91734e+00  5.61730e+40
 9.01018e+01  9.01833e+04  5.12300e+44  8.07341e+00  4.06587e-01  7.09207e+42  1.61461e+05  5.26375e+45  4.17758e+00  6.01336e+40
 9.30466e+01  8.77516e+04  4.89750e+44  7.71804e+00  3.88690e-01  6.75961e+42  1.61461e+05  5.61344e+45  4.45511e+00  6.43582e+40
 9.60876e+01  8.30832e+04  4.19702e+44  6.61415e+00  3.33097e-01  6.42977e+42  1.61461e+05  5.98636e+45  4.75108e+00  6.88644e+40
 9.92280e+01  7.86632e+04  3.59673e+44  5.66814e+00  2.85455e-01  6.11907e+42  1.61461e+05  6.38405e+45  5.06671e+00  7.36707e+40
 1.02471e+02  7.44783e+04  3.08230e+44  4.85744e+00  2.44627e-01  5.83922e+42  1.61461e+05  6.80816e+45  5.40330e+00  7.87970e+40
 1.05820e+02  7.24701e+04  2.94663e+44  4.64363e+00  2.33859e-01  5.48157e+42  1.61461e+05  7.26045e+45  5.76226e+00  8.42646e+40
 1.09278e+02  6.86147e+04  2.52518e+44  3.97946e+00  2.00411e-01  5.14385e+42  1.61461e+05  7.74279e+45  6.14507e+00  9.00961e+40
 1.12850e+02  6.49644e+04  2.16401e+44  3.41029e+00  1.71747e-01  4.86459e+42  1.61461e+05  8.25717e+45  6.55331e+00  9.63156e+40
 1.16538e+02  6.32128e+04  2.06875e+44  3.26018e+00  1.64187e-01  4.49241e+42  1.61461e+05  8.80572e+45  6.98867e+00  1.02949e+41
 1.20347e+02  5.98498e+04  1.77286e+44  2.79388e+00  1.40704e-01  4.17401e+42  1.61461e+05  9.39071e+45  7.45295e+00  1.10023e+41
 1.24280e+02  5.82361e+04  1.69483e+44  2.67091e+00  1.34510e-01  3.85927e+42  1.61461e+05  1.00146e+46  7.94807e+00  1.17568e+41
 1.28342e+02  5.51379e+04  1.45242e+44  2.28889e+00  1.15272e-01  3.51634e+42  1.61461e+05  1.06799e+46  8.47609e+00  1.25615e+41
 1.32537e+02  5.36512e+04  1.38849e+44  2.18814e+00  1.10198e-01  3.22967e+42  1.61461e+05  1.13894e+46  9.03918e+00  1.34197e+41
 1.36868e+02  5.07970e+04  1.18990e+44  1.87518e+00  9.44363e-02  2.88912e+42  1.61461e+05  1.21460e+46  9.63969e+00  1.43349e+41
 1.41341e+02  4.94273e+04  1.13752e+44  1.79264e+00  9.02795e-02  2.60437e+42  1.61461e+05  1.29529e+46  1.02801e+01  1.53110e+41
 1.45961e+02  4.67978e+04  9.74825e+43  1.53624e+00  7.73670e-02  2.30952e+42  1.61461e+05  1.38134e+46  1.09630e+01  1.63519e+41
 1.50731e+02  4.55359e+04  9.31916e+43  1.46862e+00  7.39616e-02  2.00560e+42  1.61461e+05  1.47311e+46  1.16913e+01  1.74620e+41
 1.55658e+02  4.43081e+04  8.90896e+43  1.40398e+00  7.07060e-02  1.81483e+42  1.61461e+05  1.57097e+46  1.24680e+01  1.86459e+41
 1.60745e+02  4.19509e+04  7.63473e+43  1.20317e+00  6.05931e-02  1.48482e+42  1.61461e+05  1.67534e+46  1.32963e+01  1.99085e+41
 1.65998e+02  4.08198e+04  7.29868e+43  1.15021e+00  5.79260e-02  1.24608e+42  1.61461e+05  1.78663e+46  1.41796e+01  2.12550e+41
 1.71424e+02  3.97191e+04  6.97741e+43  1.09958e+00  5.53763e-02  1.09608e+42  1.61461e+05  1.90533e+46  1.51216e+01  2.26910e+41
