radius(rg)  best_T_OUV(K) best_L_OUV(erg/s) best_L_OUV/L_OUV best_L_OUV/L_Edd chi2_OUV  best_T_X(K) best_L_X(erg/s) best_L_X/L_Edd chi2_X
 1.32537e+02  9.01833e+04  1.10848e+45  7.36332e+00  8.79748e-01  5.20008e+42  2.87027e+05  1.13740e+47  9.02702e+01  3.45772e+45
 1.36868e+02  8.77516e+04  1.05969e+45  7.03921e+00  8.41024e-01  4.75702e+42  2.77476e+05  1.05940e+47  8.40793e+01  3.53456e+45
 1.41341e+02  8.30832e+04  9.08125e+44  6.03240e+00  7.20734e-01  4.35409e+42  2.77476e+05  1.12978e+47  8.96650e+01  3.61609e+45
 1.45961e+02  7.86632e+04  7.78238e+44  5.16960e+00  6.17649e-01  4.01572e+42  2.77476e+05  1.20483e+47  9.56217e+01  3.71293e+45
 1.50731e+02  7.65422e+04  7.43983e+44  4.94205e+00  5.90462e-01  3.72457e+42  2.77476e+05  1.28487e+47  1.01974e+02  3.82549e+45
 1.55658e+02  7.24701e+04  6.37573e+44  4.23520e+00  5.06010e-01  3.26954e+42  2.77476e+05  1.37023e+47  1.08749e+02  3.95423e+45
 1.60745e+02  6.86147e+04  5.46382e+44  3.62945e+00  4.33636e-01  2.93194e+42  2.77476e+05  1.46126e+47  1.15973e+02  4.09970e+45
 1.65998e+02  6.67646e+04  5.22332e+44  3.46969e+00  4.14549e-01  2.64928e+42  2.77476e+05  1.55834e+47  1.23678e+02  4.26248e+45
 1.71424e+02  6.32128e+04  4.47624e+44  2.97343e+00  3.55257e-01  2.22513e+42  2.77476e+05  1.66186e+47  1.31894e+02  4.44326e+45
 1.77026e+02  5.98498e+04  3.83601e+44  2.54815e+00  3.04446e-01  2.01008e+42  2.77476e+05  1.77227e+47  1.40656e+02  4.64278e+45
 1.82812e+02  5.82361e+04  3.66716e+44  2.43599e+00  2.91045e-01  1.60505e+42  2.77476e+05  1.89001e+47  1.50000e+02  4.86187e+45
 1.88787e+02  5.51379e+04  3.14266e+44  2.08757e+00  2.49417e-01  1.39256e+42  2.77476e+05  2.01556e+47  1.59965e+02  5.10143e+45
 1.94957e+02  5.36512e+04  3.00433e+44  1.99569e+00  2.38439e-01  1.05295e+42  2.77476e+05  2.14947e+47  1.70593e+02  5.36245e+45
 2.01328e+02  5.07970e+04  2.57463e+44  1.71025e+00  2.04335e-01  9.13287e+41  2.77476e+05  2.29226e+47  1.81926e+02  5.64603e+45
 2.07908e+02  4.94273e+04  2.46130e+44  1.63497e+00  1.95341e-01  5.86823e+41  2.77476e+05  2.44454e+47  1.94011e+02  5.95332e+45
 2.14703e+02  4.80946e+04  2.35296e+44  1.56300e+00  1.86743e-01  5.40461e+41  2.77476e+05  2.60694e+47  2.06900e+02  6.28560e+45
 2.21720e+02  4.55359e+04  2.01642e+44  1.33945e+00  1.60033e-01  2.75385e+41  2.77476e+05  2.78013e+47  2.20645e+02  6.64425e+45
 2.28967e+02  4.43081e+04  1.92767e+44  1.28049e+00  1.52989e-01  1.66429e+41  2.77476e+05  2.96483e+47  2.35304e+02  7.03075e+45
 2.36450e+02  4.19509e+04  1.65196e+44  1.09734e+00  1.31108e-01  2.56256e+41  2.77476e+05  3.16179e+47  2.50936e+02  7.44670e+45
 2.44178e+02  4.08198e+04  1.57924e+44  1.04904e+00  1.25337e-01  6.72309e+40  2.77476e+05  3.37184e+47  2.67606e+02  7.89383e+45
 2.52158e+02  3.97191e+04  1.50973e+44  1.00287e+00  1.19820e-01  7.30319e+40  2.77476e+05  3.59584e+47  2.85384e+02  8.37397e+45
