1.00000e+11 9.61986e+19 9.61986e+30 3.18021e+18 3.18021e+29 1.39935e+19 1.39935e+30 2.49624e+19 2.49624e+30 2.95249e+19 2.95249e+30 
1.10975e+11 1.18472e+20 1.31475e+31 3.91658e+18 4.34643e+29 1.72336e+19 1.91250e+30 3.07422e+19 3.41162e+30 3.63610e+19 4.03517e+30 
1.23155e+11 1.45903e+20 1.79687e+31 4.82345e+18 5.94032e+29 2.12238e+19 2.61382e+30 3.78601e+19 4.66267e+30 4.47800e+19 5.51488e+30 
1.36672e+11 1.79685e+20 2.45579e+31 5.94029e+18 8.11869e+29 2.61379e+19 3.57231e+30 4.66261e+19 6.37247e+30 5.51481e+19 7.53719e+30 
1.51672e+11 2.21289e+20 3.35632e+31 7.31573e+18 1.10959e+30 3.21898e+19 4.88228e+30 5.74217e+19 8.70925e+30 6.79168e+19 1.03011e+31 
1.68318e+11 2.72524e+20 4.58707e+31 9.00964e+18 1.51648e+30 3.96428e+19 6.67259e+30 7.07167e+19 1.19029e+31 8.36418e+19 1.40784e+31 
1.86791e+11 3.35622e+20 6.26913e+31 1.10957e+19 2.07259e+30 4.88213e+19 9.11941e+30 8.70899e+19 1.62676e+31 1.03007e+20 1.92409e+31 
2.07292e+11 4.13328e+20 8.56797e+31 1.36649e+19 2.83262e+30 6.01249e+19 1.24634e+31 1.07254e+20 2.22329e+31 1.26857e+20 2.62964e+31 
2.30043e+11 5.09025e+20 1.17098e+32 1.68289e+19 3.87136e+30 7.40455e+19 1.70337e+31 1.32086e+20 3.03854e+31 1.56227e+20 3.59390e+31 
2.55291e+11 6.26876e+20 1.60036e+32 2.07254e+19 5.29100e+30 9.11889e+19 2.32797e+31 1.62667e+20 4.15273e+31 1.92398e+20 4.91174e+31 
2.83310e+11 7.72012e+20 2.18718e+32 2.55241e+19 7.23123e+30 1.12301e+20 3.18160e+31 2.00328e+20 5.67547e+31 2.36942e+20 6.71279e+31 
3.14404e+11 9.50746e+20 2.98918e+32 3.14339e+19 9.88293e+30 1.38301e+20 4.34823e+31 2.46707e+20 7.75656e+31 2.91798e+20 9.17423e+31 
3.48910e+11 1.17086e+21 4.08524e+32 3.87120e+19 1.35070e+31 1.70320e+20 5.94263e+31 3.03823e+20 1.06007e+32 3.59353e+20 1.25382e+32 
3.87204e+11 1.44192e+21 5.58318e+32 4.76751e+19 1.84600e+31 2.09751e+20 8.12164e+31 3.74162e+20 1.44877e+32 4.42547e+20 1.71356e+32 
4.29700e+11 1.77574e+21 7.63035e+32 5.87134e+19 2.52292e+31 2.58310e+20 1.10996e+32 4.60782e+20 1.97998e+32 5.44999e+20 2.34186e+32 
4.76861e+11 2.18682e+21 1.04281e+33 7.23074e+19 3.44806e+31 3.18109e+20 1.51694e+32 5.67454e+20 2.70597e+32 6.71167e+20 3.20053e+32 
5.29198e+11 2.69306e+21 1.42516e+33 8.90485e+19 4.71243e+31 3.91751e+20 2.07314e+32 6.98817e+20 3.69812e+32 8.26539e+20 4.37402e+32 
5.87279e+11 3.31648e+21 1.94770e+33 1.09666e+20 6.44042e+31 4.82438e+20 2.83325e+32 8.60585e+20 5.05403e+32 1.01787e+21 5.97775e+32 
6.51734e+11 4.08419e+21 2.66181e+33 1.35056e+20 8.80203e+31 5.94115e+20 3.87205e+32 1.05980e+21 6.90705e+32 1.25349e+21 8.16944e+32 
7.23263e+11 5.02958e+21 3.63771e+33 1.66324e+20 1.20296e+32 7.31640e+20 5.29168e+32 1.30511e+21 9.43940e+32 1.54364e+21 1.11646e+33 
8.02643e+11 6.19377e+21 4.97138e+33 2.04830e+20 1.64406e+32 9.00992e+20 7.23176e+32 1.60720e+21 1.29001e+33 1.90095e+21 1.52578e+33 
8.90735e+11 7.62736e+21 6.79396e+33 2.52251e+20 2.24689e+32 1.10954e+21 9.88304e+32 1.97920e+21 1.76295e+33 2.34093e+21 2.08515e+33 
9.88496e+11 9.39270e+21 9.28465e+33 3.10649e+20 3.07075e+32 1.36634e+21 1.35062e+33 2.43729e+21 2.40925e+33 2.88273e+21 2.84957e+33 
1.09699e+12 1.15665e+22 1.26883e+34 3.82565e+20 4.19668e+32 1.68257e+21 1.84575e+33 3.00136e+21 3.29245e+33 3.54990e+21 3.89419e+33 
1.21738e+12 1.42433e+22 1.73395e+34 4.71128e+20 5.73543e+32 2.07196e+21 2.52237e+33 3.69595e+21 4.49939e+33 4.37143e+21 5.32170e+33 
1.35099e+12 1.75394e+22 2.36956e+34 5.80191e+20 7.83834e+32 2.55145e+21 3.44699e+33 4.55123e+21 6.14868e+33 5.38301e+21 7.27241e+33 
1.49927e+12 2.15979e+22 3.23810e+34 7.14497e+20 1.07122e+33 3.14185e+21 4.71048e+33 5.60436e+21 8.40244e+33 6.62860e+21 9.93806e+33 
1.66382e+12 2.65952e+22 4.42495e+34 8.79888e+20 1.46397e+33 3.86882e+21 6.43701e+33 6.90109e+21 1.14821e+34 8.16230e+21 1.35806e+34 
1.84642e+12 3.27482e+22 6.04671e+34 1.08356e+21 2.00071e+33 4.76394e+21 8.79625e+33 8.49771e+21 1.56904e+34 1.00507e+22 1.85579e+34 
2.04907e+12 4.03241e+22 8.26271e+34 1.33436e+21 2.73420e+33 5.86605e+21 1.20200e+34 1.04636e+22 2.14406e+34 1.23758e+22 2.53589e+34 
2.27397e+12 4.96517e+22 1.12906e+35 1.64320e+21 3.73658e+33 7.22300e+21 1.64249e+34 1.28839e+22 2.92976e+34 1.52384e+22 3.46517e+34 
2.52354e+12 6.11356e+22 1.54278e+35 2.02351e+21 5.10639e+33 8.89366e+21 2.24435e+34 1.58638e+22 4.00330e+34 1.87629e+22 4.73488e+34 
2.80050e+12 7.52738e+22 2.10805e+35 2.49181e+21 6.97831e+33 1.09505e+22 3.06669e+34 1.95325e+22 5.47008e+34 2.31019e+22 6.46970e+34 
3.10787e+12 9.26793e+22 2.88035e+35 3.06845e+21 9.53633e+33 1.34827e+22 4.19023e+34 2.40489e+22 7.47408e+34 2.84436e+22 8.83990e+34 
3.44896e+12 1.14106e+23 3.93548e+35 3.77850e+21 1.30319e+34 1.65999e+22 5.72525e+34 2.96088e+22 1.02120e+35 3.50194e+22 1.20781e+35 
3.82749e+12 1.40482e+23 5.37695e+35 4.65279e+21 1.78085e+34 2.04373e+22 7.82236e+34 3.64530e+22 1.39524e+35 4.31141e+22 1.65019e+35 
4.24757e+12 1.72949e+23 7.34614e+35 5.72929e+21 2.43356e+34 2.51608e+22 1.06872e+35 4.48776e+22 1.90621e+35 5.30780e+22 2.25452e+35 
4.71375e+12 2.12911e+23 1.00361e+36 7.05475e+21 3.32543e+34 3.09750e+22 1.46008e+35 5.52471e+22 2.60421e+35 6.53419e+22 3.08006e+35 
5.23110e+12 2.62096e+23 1.37105e+36 8.68669e+21 4.54409e+34 3.81310e+22 1.99467e+35 6.80095e+22 3.55764e+35 8.04359e+22 4.20768e+35 
5.80523e+12 3.22627e+23 1.87292e+36 1.06959e+22 6.20923e+34 4.69380e+22 2.72486e+35 8.37161e+22 4.85991e+35 9.90118e+22 5.74786e+35 
6.44236e+12 3.97116e+23 2.55836e+36 1.31696e+22 8.48434e+34 5.77762e+22 3.72215e+35 1.03045e+23 6.63850e+35 1.21871e+23 7.85137e+35 
7.14943e+12 4.88774e+23 3.49446e+36 1.62150e+22 1.15928e+35 7.11129e+22 5.08417e+35 1.26828e+23 9.06747e+35 1.49999e+23 1.07240e+36 
7.93410e+12 6.01548e+23 4.77274e+36 1.99640e+22 1.58396e+35 8.75225e+22 6.94412e+35 1.56090e+23 1.23844e+36 1.84606e+23 1.46468e+36 
8.80488e+12 7.40289e+23 6.51816e+36 2.45791e+22 2.16416e+35 1.07711e+23 9.48384e+35 1.92090e+23 1.69133e+36 2.27180e+23 2.00030e+36 
9.77124e+12 9.10954e+23 8.90115e+36 3.02601e+22 2.95679e+35 1.32546e+23 1.29514e+36 2.36374e+23 2.30966e+36 2.79551e+23 2.73156e+36 
1.08437e+13 1.12086e+24 1.21543e+37 3.72527e+22 4.03956e+35 1.63093e+23 1.76853e+36 2.90840e+23 3.15377e+36 3.43962e+23 3.72981e+36 
1.20338e+13 1.37900e+24 1.65946e+37 4.58593e+22 5.51860e+35 2.00661e+23 2.41471e+36 3.57820e+23 4.30592e+36 4.23172e+23 5.09235e+36 
1.33545e+13 1.69640e+24 2.26546e+37 5.64516e+22 7.53884e+35 2.46855e+23 3.29663e+36 4.40176e+23 5.87834e+36 5.20563e+23 6.95187e+36 
1.48202e+13 2.08660e+24 3.09239e+37 6.94869e+22 1.02981e+36 3.03647e+23 4.50012e+36 5.41421e+23 8.02397e+36 6.40289e+23 9.48921e+36 
1.64468e+13 2.56620e+24 4.22057e+37 8.55274e+22 1.40665e+36 3.73456e+23 6.14215e+36 6.65861e+23 1.09513e+37 7.87440e+23 1.29508e+37 
1.82518e+13 3.15556e+24 5.75947e+37 1.05264e+23 1.92126e+36 4.59247e+23 8.38210e+36 8.18778e+23 1.49442e+37 9.68261e+23 1.76725e+37 
2.02550e+13 3.87961e+24 7.85815e+37 1.29546e+23 2.62396e+36 5.64653e+23 1.14371e+37 1.00664e+24 2.03895e+37 1.19040e+24 2.41116e+37 
2.24781e+13 4.76890e+24 1.07196e+38 1.59417e+23 3.58338e+36 6.94125e+23 1.56026e+37 1.23738e+24 2.78138e+37 1.46322e+24 3.28904e+37 
2.49451e+13 5.86082e+24 1.46199e+38 1.96158e+23 4.89319e+36 8.53114e+23 2.12810e+37 1.52068e+24 3.79335e+37 1.79820e+24 4.48561e+37 
2.76829e+13 7.20109e+24 1.99347e+38 2.41345e+23 6.68111e+36 1.04828e+24 2.90195e+37 1.86842e+24 5.17232e+37 2.20933e+24 6.11607e+37 
3.07211e+13 8.84559e+24 2.71747e+38 2.96908e+23 9.12135e+36 1.28779e+24 3.95623e+37 2.29508e+24 7.05075e+37 2.71377e+24 8.33700e+37 
3.40929e+13 1.08626e+25 3.70336e+38 3.65220e+23 1.24514e+37 1.58157e+24 5.39203e+37 2.81837e+24 9.60863e+37 3.33241e+24 1.13611e+38 
3.78346e+13 1.33352e+25 5.04533e+38 4.49190e+23 1.69950e+37 1.94179e+24 7.34667e+37 3.45988e+24 1.30903e+38 4.09077e+24 1.54773e+38 
4.19871e+13 1.63650e+25 6.87119e+38 5.52386e+23 2.31931e+37 2.38323e+24 1.00065e+38 4.24591e+24 1.78273e+38 5.01992e+24 2.10772e+38 
4.65953e+13 2.00754e+25 9.35416e+38 6.79179e+23 3.16465e+37 2.92394e+24 1.36242e+38 5.20847e+24 2.42690e+38 6.15769e+24 2.86919e+38 
5.17092e+13 2.46163e+25 1.27289e+39 8.34925e+23 4.31733e+37 3.58583e+24 1.85420e+38 6.38649e+24 3.30240e+38 7.55001e+24 3.90405e+38 
5.73844e+13 3.01699e+25 1.73128e+39 1.02618e+24 5.88868e+37 4.39550e+24 2.52233e+38 7.82717e+24 4.49158e+38 9.25265e+24 5.30958e+38 
6.36825e+13 3.69568e+25 2.35350e+39 1.26097e+24 8.03014e+37 5.38524e+24 3.42945e+38 9.58773e+24 6.10570e+38 1.13331e+25 7.21722e+38 
7.06718e+13 4.52438e+25 3.19746e+39 1.54908e+24 1.09477e+38 6.59407e+24 4.66015e+38 1.17373e+25 8.29498e+38 1.38731e+25 9.80437e+38 
7.84282e+13 5.53527e+25 4.34121e+39 1.90251e+24 1.49211e+38 8.06913e+24 6.32848e+38 1.43594e+25 1.12618e+39 1.69710e+25 1.33101e+39 
8.70359e+13 6.76710e+25 5.88981e+39 2.33586e+24 2.03304e+38 9.86724e+24 8.58804e+38 1.75545e+25 1.52787e+39 2.07453e+25 1.80559e+39 
9.65883e+13 8.26640e+25 7.98438e+39 2.86695e+24 2.76914e+38 1.20566e+25 1.16453e+39 2.14430e+25 2.07115e+39 2.53383e+25 2.44739e+39 
1.07189e+14 1.00889e+26 1.08142e+40 3.51745e+24 3.77032e+38 1.47191e+25 1.57773e+39 2.61694e+25 2.80508e+39 3.09200e+25 3.31429e+39 
1.18953e+14 1.23009e+26 1.46323e+40 4.31374e+24 5.13134e+38 1.79523e+25 2.13549e+39 3.19058e+25 3.79531e+39 3.76932e+25 4.48374e+39 
1.32009e+14 1.49814e+26 1.97768e+40 5.28782e+24 6.98039e+38 2.18725e+25 2.88737e+39 3.88567e+25 5.12942e+39 4.58987e+25 6.05904e+39 
1.46497e+14 1.82238e+26 2.66973e+40 6.47849e+24 9.49080e+38 2.66175e+25 3.89939e+39 4.72638e+25 6.92402e+39 5.58212e+25 8.17764e+39 
1.62576e+14 2.21380e+26 3.59910e+40 7.93268e+24 1.28966e+39 3.23496e+25 5.25926e+39 5.74120e+25 9.33380e+39 6.77954e+25 1.10219e+40 
1.80419e+14 2.68527e+26 4.84473e+40 9.70703e+24 1.75133e+39 3.92596e+25 7.08317e+39 6.96345e+25 1.25634e+40 8.22128e+25 1.48327e+40 
2.00220e+14 3.25177e+26 6.51070e+40 1.18698e+25 2.37656e+39 4.75698e+25 9.52442e+39 8.43186e+25 1.68823e+40 9.95285e+25 1.99276e+40 
2.22195e+14 3.93058e+26 8.73354e+40 1.45027e+25 3.22243e+39 5.75376e+25 1.27845e+40 1.01912e+26 2.26442e+40 1.20267e+26 2.67226e+40 
2.46581e+14 4.74151e+26 1.16917e+41 1.77040e+25 4.36548e+39 6.94592e+25 1.71273e+40 1.22926e+26 3.03112e+40 1.45027e+26 3.57610e+40 
2.73644e+14 5.70703e+26 1.56170e+41 2.15906e+25 5.90814e+39 8.36719e+25 2.28963e+40 1.47942e+26 4.04835e+40 1.74489e+26 4.77480e+40 
3.03677e+14 6.85237e+26 2.08091e+41 2.63013e+25 7.98709e+39 1.00556e+26 3.05366e+40 1.77612e+26 5.39366e+40 2.09413e+26 6.35939e+40 
3.37006e+14 8.20548e+26 2.76530e+41 3.20002e+25 1.07843e+40 1.20537e+26 4.06217e+40 2.12657e+26 7.16666e+40 2.50638e+26 8.44666e+40 
3.73994e+14 9.79695e+26 3.66400e+41 3.88805e+25 1.45411e+40 1.44082e+26 5.38856e+40 2.53865e+26 9.49438e+40 2.99079e+26 1.11854e+41 
4.15040e+14 1.16596e+27 4.83922e+41 4.71676e+25 1.95765e+40 1.71698e+26 7.12616e+40 3.02083e+26 1.25376e+41 3.55716e+26 1.47636e+41 
4.60592e+14 1.38283e+27 6.36919e+41 5.71229e+25 2.63104e+40 2.03928e+26 9.39277e+40 3.58203e+26 1.64985e+41 4.21574e+26 1.94174e+41 
5.11143e+14 1.63387e+27 8.35142e+41 6.90468e+25 3.52928e+40 2.41341e+26 1.23360e+41 4.23146e+26 2.16288e+41 4.97706e+26 2.54399e+41 
5.67243e+14 1.92271e+27 1.09064e+42 8.32809e+25 4.72405e+40 2.84520e+26 1.61392e+41 4.97838e+26 2.82395e+41 5.85163e+26 3.31929e+41 
6.29499e+14 2.25290e+27 1.41820e+42 1.00209e+26 6.30812e+40 3.34052e+26 2.10285e+41 5.83184e+26 3.67114e+41 6.84959e+26 4.31181e+41 
6.98588e+14 2.62780e+27 1.83575e+42 1.20253e+26 8.40075e+40 3.90512e+26 2.72807e+41 6.80039e+26 4.75067e+41 7.98039e+26 5.57500e+41 
7.75260e+14 3.05050e+27 2.36493e+42 1.43874e+26 1.11539e+41 4.54447e+26 3.52314e+41 7.89179e+26 6.11819e+41 9.25241e+26 7.17302e+41 
8.60346e+14 3.52366e+27 3.03156e+42 1.71554e+26 1.47596e+41 5.26356e+26 4.52849e+41 9.11272e+26 7.84009e+41 1.06726e+27 9.18214e+41 
9.54772e+14 4.04942e+27 3.86627e+42 2.03787e+26 1.94570e+41 6.06679e+26 5.79240e+41 1.04684e+27 9.99495e+41 1.22461e+27 1.16923e+42 
1.05956e+15 4.62925e+27 4.90497e+42 2.41051e+26 2.55408e+41 6.95758e+26 7.37198e+41 1.19623e+27 1.26748e+42 1.39759e+27 1.48083e+42 
1.17585e+15 5.26368e+27 6.18930e+42 2.83775e+26 3.33676e+41 7.93807e+26 9.33398e+41 1.35954e+27 1.59861e+42 1.58619e+27 1.86512e+42 
1.30490e+15 5.95189e+27 7.76663e+42 3.32291e+26 4.33607e+41 9.00834e+26 1.17550e+42 1.53650e+27 2.00498e+42 1.78995e+27 2.33571e+42 
1.44812e+15 6.69099e+27 9.68935e+42 3.86778e+26 5.60101e+41 1.01653e+27 1.47206e+42 1.72631e+27 2.49990e+42 2.00783e+27 2.90757e+42 
1.60705e+15 7.47506e+27 1.20128e+43 4.47187e+26 7.18652e+41 1.14012e+27 1.83224e+42 1.92736e+27 3.09737e+42 2.23778e+27 3.59623e+42 
1.78343e+15 8.29367e+27 1.47912e+43 5.13155e+26 9.15177e+41 1.27013e+27 2.26519e+42 2.13688e+27 3.81098e+42 2.47643e+27 4.41655e+42 
1.97917e+15 9.13037e+27 1.80705e+43 5.83924e+26 1.15568e+42 1.40416e+27 2.77906e+42 2.35050e+27 4.65203e+42 2.71855e+27 5.38046e+42 
2.19639e+15 9.96109e+27 2.18784e+43 6.58245e+26 1.44576e+42 1.53864e+27 3.37945e+42 2.56190e+27 5.62691e+42 2.95659e+27 6.49382e+42 
2.43744e+15 1.07532e+28 2.62104e+43 7.34320e+26 1.78986e+42 1.66871e+27 4.06739e+42 2.76254e+27 6.73353e+42 3.18045e+27 7.75217e+42 
2.70496e+15 1.14658e+28 3.10144e+43 8.09766e+26 2.19038e+42 1.78823e+27 4.83709e+42 2.94173e+27 7.95726e+42 3.37748e+27 9.13596e+42 
3.00184e+15 1.20508e+28 3.61745e+43 8.81655e+26 2.64658e+42 1.89001e+27 5.67351e+42 3.08707e+27 9.26689e+42 3.53308e+27 1.06057e+43 
3.33129e+15 1.24572e+28 4.14986e+43 9.46631e+26 3.15351e+42 1.96639e+27 6.55063e+42 3.18542e+27 1.06116e+43 3.63177e+27 1.20985e+43 
3.69691e+15 1.26359e+28 4.67138e+43 1.00114e+27 3.70114e+42 2.01000e+27 7.43078e+42 3.22430e+27 1.19200e+43 3.65891e+27 1.35267e+43 
4.10266e+15 1.25467e+28 5.14748e+43 1.04178e+27 4.27406e+42 2.01477e+27 8.26592e+42 3.19368e+27 1.31026e+43 3.60281e+27 1.47811e+43 
4.55294e+15 1.21658e+28 5.53902e+43 1.06568e+27 4.85196e+42 1.97707e+27 9.00148e+42 3.08796e+27 1.40593e+43 3.45708e+27 1.57398e+43 
5.05263e+15 1.14925e+28 5.80673e+43 1.07099e+27 5.41133e+42 1.89661e+27 9.58287e+42 2.90758e+27 1.46909e+43 3.22259e+27 1.62826e+43 
5.60717e+15 1.05533e+28 5.91742e+43 1.05725e+27 5.92818e+42 1.77704e+27 9.96417e+42 2.66016e+27 1.49160e+43 2.90885e+27 1.63104e+43 
6.22257e+15 9.40257e+27 5.85081e+43 1.02555e+27 6.38156e+42 1.62592e+27 1.01174e+43 2.36036e+27 1.46875e+43 2.53390e+27 1.57674e+43 
6.90551e+15 8.11735e+27 5.60544e+43 9.78495e+26 6.75701e+42 1.45395e+27 1.00402e+43 2.02856e+27 1.40083e+43 2.12276e+27 1.46587e+43 
7.66341e+15 6.78762e+27 5.20163e+43 9.19792e+26 7.04874e+42 1.27342e+27 9.75873e+42 1.68814e+27 1.29369e+43 1.70422e+27 1.30601e+43 
8.50449e+15 5.50297e+27 4.68000e+43 8.53624e+26 7.25964e+42 1.09636e+27 9.32402e+42 1.36198e+27 1.15830e+43 1.30659e+27 1.11119e+43 
9.43788e+15 4.33886e+27 4.09496e+43 7.83923e+26 7.39857e+42 9.32623e+26 8.80198e+42 1.06894e+27 1.00885e+43 9.53407e+26 8.99814e+42 
1.04737e+16 3.34599e+27 3.50449e+43 7.13761e+26 7.47573e+42 7.88501e+26 8.25853e+42 8.21218e+26 8.60119e+42 6.60069e+26 6.91337e+42 
1.16232e+16 2.54556e+27 2.95877e+43 6.45046e+26 7.49752e+42 6.66318e+26 7.74476e+42 6.23328e+26 7.24508e+42 4.32447e+26 5.02643e+42 
1.28989e+16 1.93135e+27 2.49123e+43 5.78568e+26 7.46289e+42 5.64911e+26 7.28673e+42 4.72822e+26 6.09888e+42 2.67609e+26 3.45186e+42 
1.43146e+16 1.47724e+27 2.11461e+43 5.14331e+26 7.36244e+42 4.80831e+26 6.88289e+42 3.62405e+26 5.18768e+42 1.56298e+26 2.23734e+42 
1.58857e+16 1.14740e+27 1.82273e+43 4.52002e+26 7.18034e+42 4.09757e+26 6.50925e+42 2.82606e+26 4.48938e+42 8.62117e+25 1.36953e+42 
1.76291e+16 9.05629e+26 1.59655e+43 3.91304e+26 6.89835e+42 3.47697e+26 6.12959e+42 2.24154e+26 3.95164e+42 4.50051e+25 7.93402e+41 
1.95640e+16 7.21739e+26 1.41201e+43 3.32271e+26 6.50055e+42 2.91706e+26 5.70693e+42 1.79512e+26 3.51198e+42 2.22974e+25 4.36225e+41 
2.17112e+16 5.74318e+26 1.24691e+43 2.75365e+26 5.97849e+42 2.40119e+26 5.21328e+42 1.43460e+26 3.11468e+42 1.04861e+25 2.27666e+41 
2.40940e+16 4.50494e+26 1.08542e+43 2.21467e+26 5.33603e+42 1.92434e+26 4.63652e+42 1.12938e+26 2.72113e+42 4.62446e+24 1.11422e+41 
2.67384e+16 3.44056e+26 9.19952e+42 1.71784e+26 4.59324e+42 1.49000e+26 3.98402e+42 8.65277e+25 2.31361e+42 1.81244e+24 4.84617e+40 
2.96730e+16 2.53032e+26 7.50824e+42 1.27648e+26 3.78771e+42 1.10623e+26 3.28252e+42 6.38279e+25 1.89397e+42 4.98096e+23 1.47800e+40 
3.29297e+16 1.77447e+26 5.84327e+42 9.02289e+25 2.97121e+42 7.81628e+25 2.57388e+42 4.49029e+25 1.47864e+42 -9.03222e+22 -2.97429e+39 
3.65438e+16 1.17605e+26 4.29774e+42 6.02345e+25 2.20120e+42 5.21692e+25 1.90646e+42 2.98671e+25 1.09146e+42 -3.20484e+23 -1.17117e+40 
4.05546e+16 7.30485e+25 2.96245e+42 3.77031e+25 1.52903e+42 3.26513e+25 1.32416e+42 1.86320e+25 7.55612e+41 -3.69363e+23 -1.49794e+40 
4.50056e+16 4.21836e+25 1.89850e+42 2.19718e+25 9.88852e+41 1.90265e+25 8.56298e+41 1.08181e+25 4.86876e+41 -3.29055e+23 -1.48093e+40 
4.99451e+16 2.24746e+25 1.12250e+42 1.18407e+25 5.91385e+41 1.02529e+25 5.12080e+41 5.80431e+24 2.89897e+41 -2.52779e+23 -1.26250e+40 
5.54266e+16 1.09690e+25 6.07975e+41 5.86501e+24 3.25078e+41 5.07816e+24 2.81466e+41 2.85906e+24 1.58468e+41 -1.72469e+23 -9.55935e+39 
6.15099e+16 4.87432e+24 2.99819e+41 2.65689e+24 1.63425e+41 2.30025e+24 1.41488e+41 1.28595e+24 7.90989e+40 -1.05325e+23 -6.47854e+39 
6.82607e+16 1.96370e+24 1.34044e+41 1.09722e+24 7.48967e+40 9.49826e+23 6.48358e+40 5.26262e+23 3.59230e+40 -5.75331e+22 -3.92725e+39 
7.57525e+16 7.16339e+23 5.42645e+40 4.12735e+23 3.12657e+40 3.57240e+23 2.70618e+40 1.95775e+23 1.48304e+40 -2.79766e+22 -2.11930e+39 
8.40665e+16 2.37365e+23 1.99544e+40 1.41689e+23 1.19113e+40 1.22615e+23 1.03079e+40 6.63637e+22 5.57896e+39 -1.20222e+22 -1.01066e+39 
9.32930e+16 7.20224e+22 6.71919e+39 4.45554e+22 4.15670e+39 3.85497e+22 3.59642e+39 2.06059e+22 1.92238e+39 -4.52308e+21 -4.21972e+38 
1.03532e+17 2.02219e+22 2.09362e+39 1.28690e+22 1.33235e+39 1.11321e+22 1.15253e+39 5.89131e+21 6.09941e+38 -1.47328e+21 -1.52532e+38 
1.14895e+17 5.28467e+21 6.07183e+38 3.40477e+21 3.91191e+38 2.94477e+21 3.38340e+38 1.55090e+21 1.78191e+38 -4.10053e+20 -4.71131e+37 
1.27505e+17 1.27582e+21 1.62674e+38 8.15459e+20 1.03975e+38 7.05224e+20 8.99197e+37 3.72041e+20 4.74371e+37 -9.60479e+19 -1.22466e+37 
1.41499e+17 2.77794e+20 3.93076e+37 1.73094e+20 2.44926e+37 1.49694e+20 2.11816e+37 7.95682e+19 1.12588e+37 -1.86050e+19 -2.63259e+36 
1.57029e+17 5.26752e+19 8.27153e+36 3.16751e+19 4.97391e+36 2.73951e+19 4.30183e+36 1.47270e+19 2.31257e+36 -2.92123e+18 -4.58718e+35 
1.74263e+17 8.37345e+18 1.45919e+36 4.84668e+18 8.44598e+35 4.19233e+18 7.30570e+35 2.28263e+18 3.97779e+35 -3.63391e+17 -6.33257e+34 
1.93389e+17 1.07584e+18 2.08057e+35 6.00948e+17 1.16217e+35 5.19897e+17 1.00542e+35 2.86622e+17 5.54295e+34 -3.48916e+16 -6.74767e+33 
2.14614e+17 1.07950e+17 2.31676e+34 5.84946e+16 1.25538e+34 5.06140e+16 1.08625e+34 2.82161e+16 6.05557e+33 -2.50954e+15 -5.38583e+32 
2.38169e+17 8.18186e+15 1.94866e+33 4.32679e+15 1.03050e+33 3.74449e+15 8.91820e+32 2.10707e+15 5.01839e+32 -1.30561e+14 -3.10954e+31 
2.64308e+17 4.52873e+14 1.19698e+32 2.35086e+14 6.21352e+31 2.03480e+14 5.37814e+31 1.15361e+14 3.04909e+31 -4.71047e+12 -1.24502e+30 
2.93317e+17 1.76683e+13 5.18239e+30 9.04859e+12 2.65410e+30 7.83311e+12 2.29758e+30 4.46652e+12 1.31011e+30 -1.11596e+11 -3.27329e+28 
3.25509e+17 4.67643e+11 1.52222e+29 2.37265e+11 7.72318e+28 2.05417e+11 6.68650e+28 1.17629e+11 3.82894e+28 -1.59896e+09 -5.20475e+26 
3.61234e+17 8.05351e+09 2.90920e+27 4.06089e+09 1.46693e+27 3.51612e+09 1.27014e+27 2.01953e+09 7.29525e+26 -1.16232e+07 -4.19871e+24 
4.00881e+17 8.61761e+07 3.45463e+25 4.32860e+07 1.73525e+25 3.74817e+07 1.50257e+25 2.15723e+07 8.64792e+24 -1.29294e+04 -5.18313e+21 
4.44878e+17 5.44630e+05 2.42294e+23 2.72945e+05 1.21427e+23 2.36357e+05 1.05150e+23 1.36214e+05 6.05988e+22 3.66319e+02 1.62967e+20 
4.93705e+17 1.92722e+03 9.51476e+20 9.64577e+02 4.76216e+20 8.35307e+02 4.12395e+20 4.81790e+02 2.37862e+20 2.42925e+00 1.19933e+18 
5.47890e+17 3.67188e+00 2.01179e+18 1.83597e+00 1.00591e+18 1.58995e+00 8.71119e+17 9.17503e-01 5.02691e+17 8.14251e-03 4.46120e+15 
6.08022e+17 4.15029e-03 2.52347e+15 2.07042e-03 1.25886e+15 1.79302e-03 1.09019e+15 1.03498e-03 6.29290e+14 2.63757e-05 1.60370e+13 
6.74754e+17 4.98217e-06 3.36174e+12 2.47308e-06 1.66872e+12 2.14175e-06 1.44515e+12 1.23645e-06 8.34302e+11 8.16860e-08 5.51180e+10 
7.48810e+17 7.64099e-09 5.72165e+09 3.78564e-09 2.83473e+09 3.27846e-09 2.45494e+09 1.89277e-09 1.41732e+09 1.57327e-10 1.17808e+08 
8.30994e+17 7.59504e-12 6.31144e+06 3.76359e-12 3.12752e+06 3.25937e-12 2.70851e+06 1.88177e-12 1.56374e+06 1.56434e-13 1.29996e+05 
9.22198e+17 3.75702e-15 3.46472e+03 1.86276e-15 1.71784e+03 1.61320e-15 1.48769e+03 9.31377e-16 8.58914e+02 7.48998e-17 6.90725e+01 
1.02341e+18 8.66772e-19 8.87064e-01 4.30048e-19 4.40116e-01 3.72433e-19 3.81152e-01 2.15024e-19 2.20058e-01 1.65347e-20 1.69218e-02 
1.13573e+18 8.90118e-23 1.01094e-04 4.41928e-23 5.01913e-05 3.82721e-23 4.34669e-05 2.20964e-23 2.50956e-05 1.62113e-24 1.84117e-06 
1.26038e+18 3.78155e-27 4.76620e-09 1.87834e-27 2.36742e-09 1.62669e-27 2.05025e-09 9.39168e-28 1.18371e-09 6.65671e-29 8.39000e-11 
1.39871e+18 5.90911e-32 8.26515e-14 2.93553e-32 4.10597e-14 2.54224e-32 3.55587e-14 1.46777e-32 2.05298e-14 1.02778e-33 1.43757e-15 
1.55223e+18 2.93217e-37 4.55138e-19 1.45639e-37 2.26064e-19 1.26127e-37 1.95777e-19 7.28193e-38 1.13032e-19 5.15312e-39 7.99881e-21 
1.72259e+18 3.99338e-43 6.87894e-25 1.98239e-43 3.41484e-25 1.71680e-43 2.95734e-25 9.91197e-44 1.70742e-25 7.26529e-45 1.25151e-26 
1.91164e+18 1.33962e-49 2.56088e-31 6.64160e-50 1.26964e-31 5.75179e-50 1.09954e-31 3.32080e-50 6.34819e-32 2.62956e-51 5.02678e-33 
2.12145e+18 1.09936e-56 2.33223e-38 5.43593e-57 1.15321e-38 4.70766e-57 9.98707e-39 2.71797e-57 5.76604e-39 2.47822e-58 5.25742e-40 
2.35429e+18 2.36280e-64 5.56270e-46 1.16460e-64 2.74179e-46 1.00857e-64 2.37446e-46 5.82298e-65 1.37090e-46 6.14142e-66 1.44587e-47 
2.61268e+18 1.10829e-72 2.89560e-54 5.45366e-73 1.42487e-54 4.72301e-73 1.23397e-54 2.72683e-73 7.12433e-55 3.07499e-74 8.03395e-56 
2.89942e+18 7.46875e-82 2.16551e-63 3.67352e-82 1.06511e-63 3.18136e-82 9.22412e-64 1.83676e-82 5.32555e-64 2.10767e-83 6.11103e-65 
3.21764e+18 5.08910e-92 1.63749e-73 2.50263e-92 8.05256e-74 2.16734e-92 6.97372e-74 1.25131e-92 4.02628e-74 1.44431e-93 4.64727e-75 
3.57079e+18 2.65127e-103 9.46713e-85 1.30344e-103 4.65430e-85 1.12881e-103 4.03074e-85 6.51719e-104 2.32715e-85 7.58106e-105 2.70703e-86 
3.96269e+18 8.15186e-116 3.23033e-97 4.00521e-116 1.58714e-97 3.46861e-116 1.37450e-97 2.00260e-116 7.93570e-98 2.36948e-117 9.38951e-99 
4.39760e+18 1.16698e-129 5.13190e-111 5.72632e-130 2.51821e-111 4.95914e-130 2.18083e-111 2.86316e-130 1.25910e-111 3.50625e-131 1.54191e-112 
4.88025e+18 6.41969e-145 3.13297e-126 3.14390e-145 1.53430e-126 2.72270e-145 1.32875e-126 1.57195e-145 7.67151e-127 2.02488e-146 9.88192e-128 
5.41587e+18 2.03927e-161 1.10444e-142 9.99262e-162 5.41187e-143 8.65386e-162 4.68682e-143 4.99629e-162 2.70593e-143 6.27962e-163 3.40096e-144 
6.01028e+18 2.13062e-178 1.28056e-159 1.04912e-178 6.30550e-160 9.08564e-179 5.46072e-160 5.24559e-179 3.15275e-160 5.73928e-180 3.44946e-161 
6.66992e+18 6.82952e-197 4.55524e-178 3.36632e-197 2.24531e-178 2.91532e-197 1.94449e-178 1.68316e-197 1.12265e-178 1.79095e-198 1.19455e-179 
7.40196e+18 2.56528e-217 1.89881e-198 1.26296e-217 9.34835e-199 1.09375e-217 8.09591e-199 6.31478e-218 4.67418e-199 6.98665e-219 5.17149e-200 
8.21434e+18 1.07504e-239 8.83073e-221 5.27461e-240 4.33274e-221 4.56795e-240 3.75227e-221 2.63730e-240 2.16637e-221 3.23216e-241 2.65500e-222 
9.11589e+18 3.51451e-264 3.20379e-245 1.72122e-264 1.56904e-245 1.49062e-264 1.35883e-245 8.60608e-265 7.84520e-246 1.10978e-265 1.01166e-246 
1.01164e+19 3.04686e-291 3.08232e-272 1.49183e-291 1.50919e-272 1.29196e-291 1.30700e-272 7.45916e-292 7.54597e-273 9.68291e-293 9.79560e-274 
1.12267e+19 2.86064e-321 3.21099e-302 1.39821e-321 1.57248e-302 1.21540e-321 1.36199e-302 7.01573e-322 7.86928e-303 8.89318e-323 1.01805e-303 
1.24588e+19 0.00000e+00 0.00000e+00 0.00000e+00 0.00000e+00 0.00000e+00 0.00000e+00 0.00000e+00 0.00000e+00 0.00000e+00 0.00000e+00 
1.38262e+19 0.00000e+00 0.00000e+00 0.00000e+00 0.00000e+00 0.00000e+00 0.00000e+00 0.00000e+00 0.00000e+00 0.00000e+00 0.00000e+00 
1.53437e+19 0.00000e+00 0.00000e+00 0.00000e+00 0.00000e+00 0.00000e+00 0.00000e+00 0.00000e+00 0.00000e+00 0.00000e+00 0.00000e+00 
1.70277e+19 0.00000e+00 0.00000e+00 0.00000e+00 0.00000e+00 0.00000e+00 0.00000e+00 0.00000e+00 0.00000e+00 0.00000e+00 0.00000e+00 
1.88965e+19 0.00000e+00 0.00000e+00 0.00000e+00 0.00000e+00 0.00000e+00 0.00000e+00 0.00000e+00 0.00000e+00 0.00000e+00 0.00000e+00 
2.09705e+19 0.00000e+00 0.00000e+00 0.00000e+00 0.00000e+00 0.00000e+00 0.00000e+00 0.00000e+00 0.00000e+00 0.00000e+00 0.00000e+00 
2.32720e+19 0.00000e+00 0.00000e+00 0.00000e+00 0.00000e+00 0.00000e+00 0.00000e+00 0.00000e+00 0.00000e+00 0.00000e+00 0.00000e+00 
2.58262e+19 0.00000e+00 0.00000e+00 0.00000e+00 0.00000e+00 0.00000e+00 0.00000e+00 0.00000e+00 0.00000e+00 0.00000e+00 0.00000e+00 
2.86607e+19 0.00000e+00 0.00000e+00 0.00000e+00 0.00000e+00 0.00000e+00 0.00000e+00 0.00000e+00 0.00000e+00 0.00000e+00 0.00000e+00 
3.18063e+19 0.00000e+00 0.00000e+00 0.00000e+00 0.00000e+00 0.00000e+00 0.00000e+00 0.00000e+00 0.00000e+00 0.00000e+00 0.00000e+00 
3.52971e+19 0.00000e+00 0.00000e+00 0.00000e+00 0.00000e+00 0.00000e+00 0.00000e+00 0.00000e+00 0.00000e+00 0.00000e+00 0.00000e+00 
3.91710e+19 0.00000e+00 0.00000e+00 0.00000e+00 0.00000e+00 0.00000e+00 0.00000e+00 0.00000e+00 0.00000e+00 0.00000e+00 0.00000e+00 
4.34701e+19 0.00000e+00 0.00000e+00 0.00000e+00 0.00000e+00 0.00000e+00 0.00000e+00 0.00000e+00 0.00000e+00 0.00000e+00 0.00000e+00 
4.82411e+19 0.00000e+00 0.00000e+00 0.00000e+00 0.00000e+00 0.00000e+00 0.00000e+00 0.00000e+00 0.00000e+00 0.00000e+00 0.00000e+00 
5.35357e+19 0.00000e+00 0.00000e+00 0.00000e+00 0.00000e+00 0.00000e+00 0.00000e+00 0.00000e+00 0.00000e+00 0.00000e+00 0.00000e+00 
5.94113e+19 0.00000e+00 0.00000e+00 0.00000e+00 0.00000e+00 0.00000e+00 0.00000e+00 0.00000e+00 0.00000e+00 0.00000e+00 0.00000e+00 
6.59319e+19 0.00000e+00 0.00000e+00 0.00000e+00 0.00000e+00 0.00000e+00 0.00000e+00 0.00000e+00 0.00000e+00 0.00000e+00 0.00000e+00 
7.31681e+19 0.00000e+00 0.00000e+00 0.00000e+00 0.00000e+00 0.00000e+00 0.00000e+00 0.00000e+00 0.00000e+00 0.00000e+00 0.00000e+00 
8.11984e+19 0.00000e+00 0.00000e+00 0.00000e+00 0.00000e+00 0.00000e+00 0.00000e+00 0.00000e+00 0.00000e+00 0.00000e+00 0.00000e+00 
9.01102e+19 0.00000e+00 0.00000e+00 0.00000e+00 0.00000e+00 0.00000e+00 0.00000e+00 0.00000e+00 0.00000e+00 0.00000e+00 0.00000e+00 
1.00000e+20 0.00000e+00 0.00000e+00 0.00000e+00 0.00000e+00 0.00000e+00 0.00000e+00 0.00000e+00 0.00000e+00 0.00000e+00 0.00000e+00 
