1.00000e+11 5.82252e+20 5.82252e+31 7.85285e+19 7.85285e+30 1.10077e+20 1.10077e+31 1.48951e+20 1.48951e+31 1.67517e+20 1.67517e+31 
1.10975e+11 7.17069e+20 7.95769e+31 9.67115e+19 1.07326e+31 1.35564e+20 1.50443e+31 1.83440e+20 2.03573e+31 2.06305e+20 2.28947e+31 
1.23155e+11 8.83102e+20 1.08758e+32 1.19105e+20 1.46683e+31 1.66953e+20 2.05612e+31 2.25914e+20 2.78224e+31 2.54073e+20 3.12904e+31 
1.36672e+11 1.08758e+21 1.48641e+32 1.46683e+20 2.00474e+31 2.05610e+20 2.81011e+31 2.78223e+20 3.80251e+31 3.12902e+20 4.27648e+31 
1.51672e+11 1.33940e+21 2.03148e+32 1.80646e+20 2.73990e+31 2.53218e+20 3.84060e+31 3.42642e+20 5.19692e+31 3.85351e+20 5.84468e+31 
1.68318e+11 1.64952e+21 2.77644e+32 2.22474e+20 3.74464e+31 3.11848e+20 5.24897e+31 4.21978e+20 7.10265e+31 4.74575e+20 7.98795e+31 
1.86791e+11 2.03145e+21 3.79457e+32 2.73987e+20 5.11783e+31 3.84054e+20 7.17379e+31 5.19682e+20 9.70721e+31 5.84457e+20 1.09172e+32 
2.07292e+11 2.50180e+21 5.18604e+32 3.37426e+20 6.99458e+31 4.72977e+20 9.80445e+31 6.40008e+20 1.32669e+32 7.19781e+20 1.49205e+32 
2.30043e+11 3.08106e+21 7.08777e+32 4.15554e+20 9.55954e+31 5.82489e+20 1.33998e+32 7.88193e+20 1.81318e+32 8.86436e+20 2.03918e+32 
2.55291e+11 3.79443e+21 9.68684e+32 5.11772e+20 1.30651e+32 7.17357e+20 1.83135e+32 9.70687e+20 2.47807e+32 1.09168e+21 2.78695e+32 
2.83310e+11 4.67297e+21 1.32390e+33 6.30268e+20 1.78561e+32 8.83450e+20 2.50290e+32 1.19543e+21 3.38677e+32 1.34443e+21 3.80891e+32 
3.14404e+11 5.75491e+21 1.80936e+33 7.76199e+20 2.44040e+32 1.08800e+21 3.42071e+32 1.47221e+21 4.62869e+32 1.65571e+21 5.20561e+32 
3.48910e+11 7.08734e+21 2.47284e+33 9.55918e+20 3.33530e+32 1.33990e+21 4.67506e+32 1.81307e+21 6.32599e+32 2.03905e+21 7.11447e+32 
3.87204e+11 8.72824e+21 3.37961e+33 1.17725e+21 4.55835e+32 1.65013e+21 6.38937e+32 2.23284e+21 8.64566e+32 2.51115e+21 9.72326e+32 
4.29700e+11 1.07490e+22 4.61887e+33 1.44982e+21 6.22989e+32 2.03218e+21 8.73229e+32 2.74980e+21 1.18159e+33 3.09253e+21 1.32886e+33 
4.76861e+11 1.32377e+22 6.31253e+33 1.78550e+21 8.51436e+32 2.50268e+21 1.19343e+33 3.38643e+21 1.61486e+33 3.80852e+21 1.81613e+33 
5.29198e+11 1.63024e+22 8.62720e+33 2.19890e+21 1.16365e+33 3.08211e+21 1.63104e+33 4.17045e+21 2.20699e+33 4.69025e+21 2.48207e+33 
5.87279e+11 2.00766e+22 1.17906e+34 2.70801e+21 1.59035e+33 3.79567e+21 2.22912e+33 5.13597e+21 3.01624e+33 5.77610e+21 3.39218e+33 
6.51734e+11 2.47246e+22 1.61139e+34 3.33498e+21 2.17352e+33 4.67442e+21 3.04648e+33 6.32499e+21 4.12221e+33 7.11331e+21 4.63599e+33 
7.23263e+11 3.04485e+22 2.20223e+34 4.10710e+21 2.97052e+33 5.75660e+21 4.16354e+33 7.78925e+21 5.63368e+33 8.76007e+21 6.33584e+33 
8.02643e+11 3.74973e+22 3.00970e+34 5.05798e+21 4.05975e+33 7.08929e+21 5.69017e+33 9.59246e+21 7.69933e+33 1.07880e+22 8.65893e+33 
8.90735e+11 4.61777e+22 4.11321e+34 6.22899e+21 5.54838e+33 8.73047e+21 7.77654e+33 1.18131e+22 1.05223e+34 1.32854e+22 1.18337e+34 
9.88496e+11 5.68674e+22 5.62131e+34 7.67108e+21 7.58283e+33 1.07515e+22 1.06279e+34 1.45476e+22 1.43803e+34 1.63607e+22 1.61725e+34 
1.09699e+12 7.00311e+22 7.68232e+34 9.44700e+21 1.03632e+34 1.32404e+22 1.45246e+34 1.79151e+22 1.96527e+34 2.01479e+22 2.21020e+34 
1.21738e+12 8.62415e+22 1.04989e+35 1.16340e+22 1.41631e+34 1.63054e+22 1.98499e+34 2.20620e+22 2.68579e+34 2.48116e+22 3.02052e+34 
1.35099e+12 1.06204e+23 1.43480e+35 1.43273e+22 1.93561e+34 2.00797e+22 2.71275e+34 2.71686e+22 3.67046e+34 3.05545e+22 4.12789e+34 
1.49927e+12 1.30785e+23 1.96082e+35 1.76440e+22 2.64530e+34 2.47275e+22 3.70731e+34 3.34569e+22 5.01609e+34 3.76264e+22 5.64121e+34 
1.66382e+12 1.61055e+23 2.67966e+35 2.17283e+22 3.61519e+34 3.04509e+22 5.06647e+34 4.12004e+22 6.85499e+34 4.63348e+22 7.70926e+34 
1.84642e+12 1.98329e+23 3.66199e+35 2.67580e+22 4.94066e+34 3.74987e+22 6.92385e+34 5.07355e+22 9.36794e+34 5.70581e+22 1.05353e+35 
2.04907e+12 2.44226e+23 5.00438e+35 3.29517e+22 6.75206e+34 4.61773e+22 9.46208e+34 6.24768e+22 1.28020e+35 7.02623e+22 1.43973e+35 
2.27397e+12 3.00742e+23 6.83878e+35 4.05789e+22 9.22750e+34 5.68639e+22 1.29307e+35 7.69343e+22 1.74946e+35 8.65211e+22 1.96746e+35 
2.52354e+12 3.70332e+23 9.34547e+35 4.99710e+22 1.26104e+35 7.00229e+22 1.76706e+35 9.47362e+22 2.39070e+35 1.06541e+23 2.68860e+35 
2.80050e+12 4.56018e+23 1.27708e+36 6.15365e+22 1.72333e+35 8.62260e+22 2.41476e+35 1.16656e+23 3.26694e+35 1.31191e+23 3.67401e+35 
3.10787e+12 5.61520e+23 1.74513e+36 7.57781e+22 2.35508e+35 1.06177e+23 3.29984e+35 1.43644e+23 4.46427e+35 1.61542e+23 5.02051e+35 
3.44896e+12 6.91420e+23 2.38468e+36 9.33146e+22 3.21838e+35 1.30742e+23 4.50925e+35 1.76874e+23 6.10031e+35 1.98911e+23 6.86035e+35 
3.82749e+12 8.51353e+23 3.25855e+36 1.14908e+23 4.39810e+35 1.60988e+23 6.16181e+35 2.17786e+23 8.33575e+35 2.44919e+23 9.37426e+35 
4.24757e+12 1.04826e+24 4.45255e+36 1.41496e+23 6.01016e+35 1.98227e+23 8.41985e+35 2.68156e+23 1.13901e+36 3.01562e+23 1.28091e+36 
4.71375e+12 1.29067e+24 6.08392e+36 1.74235e+23 8.21299e+35 2.44076e+23 1.15051e+36 3.30167e+23 1.55633e+36 3.71297e+23 1.75020e+36 
5.23110e+12 1.58911e+24 8.31278e+36 2.14544e+23 1.12230e+36 3.00521e+23 1.57206e+36 4.06508e+23 2.12649e+36 4.57144e+23 2.39137e+36 
5.80523e+12 1.95649e+24 1.13579e+37 2.64174e+23 1.53359e+36 3.70011e+23 2.14800e+36 5.00486e+23 2.90543e+36 5.62823e+23 3.26731e+36 
6.44236e+12 2.40873e+24 1.55179e+37 3.25279e+23 2.09557e+36 4.55556e+23 2.93486e+36 6.16169e+23 3.96959e+36 6.92908e+23 4.46397e+36 
7.14943e+12 2.96539e+24 2.12009e+37 4.00509e+23 2.86341e+36 5.60861e+23 4.00984e+36 7.58564e+23 5.42330e+36 8.53029e+23 6.09867e+36 
7.93410e+12 3.65056e+24 2.89639e+37 4.93127e+23 3.91251e+36 6.90484e+23 5.47837e+36 9.33828e+23 7.40908e+36 1.05011e+24 8.33165e+36 
8.80488e+12 4.49384e+24 3.95677e+37 6.07145e+23 5.34584e+36 8.50032e+23 7.48443e+36 1.14954e+24 1.01215e+37 1.29266e+24 1.13817e+37 
9.77124e+12 5.53165e+24 5.40511e+37 7.47504e+23 7.30404e+36 1.04640e+24 1.02246e+37 1.41500e+24 1.38263e+37 1.59115e+24 1.55475e+37 
1.08437e+13 6.80875e+24 7.38318e+37 9.20280e+23 9.97920e+36 1.28807e+24 1.39674e+37 1.74167e+24 1.88861e+37 1.95846e+24 2.12368e+37 
1.20338e+13 8.38020e+24 1.00845e+38 1.13295e+24 1.36337e+37 1.58547e+24 1.90792e+37 2.14362e+24 2.57959e+37 2.41040e+24 2.90062e+37 
1.33545e+13 1.03136e+25 1.37734e+38 1.39471e+24 1.86257e+37 1.95143e+24 2.60603e+37 2.63816e+24 3.52314e+37 2.96643e+24 3.96153e+37 
1.48202e+13 1.26922e+25 1.88101e+38 1.71687e+24 2.54443e+37 2.40169e+24 3.55935e+37 3.24655e+24 4.81146e+37 3.65044e+24 5.41003e+37 
1.64468e+13 1.56180e+25 2.56866e+38 2.11333e+24 3.47575e+37 2.95563e+24 4.86105e+37 3.99491e+24 6.57033e+37 4.49179e+24 7.38754e+37 
1.82518e+13 1.92166e+25 3.50738e+38 2.60121e+24 4.74768e+37 3.63704e+24 6.63826e+37 4.91530e+24 8.97133e+37 5.52652e+24 1.00869e+38 
2.02550e+13 2.36418e+25 4.78866e+38 3.20151e+24 6.48467e+37 4.47514e+24 9.06441e+37 6.04713e+24 1.22485e+38 6.79889e+24 1.37712e+38 
2.24781e+13 2.90829e+25 6.53726e+38 3.94008e+24 8.85654e+37 5.50583e+24 1.23760e+38 7.43872e+24 1.67208e+38 8.36320e+24 1.87989e+38 
2.49451e+13 3.57716e+25 8.92326e+38 4.84867e+24 1.20950e+38 6.77316e+24 1.68957e+38 9.14938e+24 2.28232e+38 1.02861e+25 2.56588e+38 
2.76829e+13 4.39926e+25 1.21784e+39 5.96627e+24 1.65163e+38 8.33117e+24 2.30631e+38 1.12518e+25 3.11483e+38 1.26493e+25 3.50168e+38 
3.07211e+13 5.40945e+25 1.66184e+39 7.34078e+24 2.25517e+38 1.02462e+25 3.14774e+38 1.38353e+25 4.25035e+38 1.55529e+25 4.77801e+38 
3.40929e+13 6.65047e+25 2.26733e+39 9.03101e+24 3.07893e+38 1.25995e+25 4.29552e+38 1.70089e+25 5.79881e+38 1.91195e+25 6.51839e+38 
3.78346e+13 8.17464e+25 3.09284e+39 1.11091e+25 4.20310e+38 1.54907e+25 5.86084e+38 2.09064e+25 7.90987e+38 2.34994e+25 8.89092e+38 
4.19871e+13 1.00460e+26 4.21802e+39 1.36637e+25 5.73698e+38 1.90418e+25 7.99508e+38 2.56916e+25 1.07871e+39 2.88763e+25 1.21243e+39 
4.65953e+13 1.23428e+26 5.75118e+39 1.68033e+25 7.82953e+38 2.34021e+25 1.09043e+39 3.15645e+25 1.47075e+39 3.54748e+25 1.65296e+39 
5.17092e+13 1.51609e+26 7.83956e+39 2.06610e+25 1.06836e+39 2.87543e+25 1.48686e+39 3.87695e+25 2.00474e+39 4.35691e+25 2.25293e+39 
5.73844e+13 1.86169e+26 1.06832e+40 2.53999e+25 1.45756e+39 3.53216e+25 2.02691e+39 4.76053e+25 2.73180e+39 5.34942e+25 3.06974e+39 
6.36825e+13 2.28533e+26 1.45536e+40 3.12197e+25 1.98815e+39 4.33766e+25 2.76233e+39 5.84356e+25 3.72133e+39 6.56582e+25 4.18128e+39 
7.06718e+13 2.80438e+26 1.98191e+40 3.83646e+25 2.71129e+39 5.32519e+25 3.76341e+39 7.17039e+25 5.06744e+39 8.05581e+25 5.69319e+39 
7.84282e+13 3.43995e+26 2.69789e+40 4.71333e+25 3.69658e+39 6.53527e+25 5.12549e+39 8.79494e+25 6.89772e+39 9.87982e+25 7.74857e+39 
8.70359e+13 4.21770e+26 3.67092e+40 5.78908e+25 5.03858e+39 8.01722e+25 6.97786e+39 1.07827e+26 9.38485e+39 1.21112e+26 1.05411e+40 
9.65883e+13 5.16877e+26 4.99242e+40 7.10826e+25 6.86575e+39 9.83103e+25 9.49562e+39 1.32132e+26 1.27624e+40 1.48391e+26 1.43328e+40 
1.07189e+14 6.33084e+26 6.78597e+40 8.72516e+25 9.35243e+39 1.20495e+26 1.29157e+40 1.61826e+26 1.73460e+40 1.81709e+26 1.94773e+40 
1.18953e+14 7.74950e+26 9.21829e+40 1.07060e+26 1.27351e+40 1.47607e+26 1.75583e+40 1.98072e+26 2.35613e+40 2.22369e+26 2.64515e+40 
1.32009e+14 9.47969e+26 1.25140e+41 1.31311e+26 1.73342e+40 1.80714e+26 2.38558e+40 2.42271e+26 3.19819e+40 2.71935e+26 3.58978e+40 
1.46497e+14 1.15875e+27 1.69754e+41 1.60984e+26 2.35837e+40 2.21103e+26 3.23910e+40 2.96108e+26 4.33790e+40 3.32290e+26 4.86796e+40 
1.62576e+14 1.41523e+27 2.30082e+41 1.97264e+26 3.20703e+40 2.70324e+26 4.39481e+40 3.61605e+26 5.87882e+40 4.05690e+26 6.59552e+40 
1.80419e+14 1.72689e+27 3.11563e+41 2.41586e+26 4.35866e+40 3.30238e+26 5.95811e+40 4.41178e+26 7.95967e+40 4.94826e+26 8.92757e+40 
2.00220e+14 2.10503e+27 4.21469e+41 2.95684e+26 5.92019e+40 4.03073e+26 8.07033e+40 5.37703e+26 1.07659e+41 6.02900e+26 1.20713e+41 
2.22195e+14 2.56305e+27 5.69497e+41 3.61651e+26 8.03569e+40 4.91488e+26 1.09206e+41 6.54591e+26 1.45447e+41 7.33705e+26 1.63025e+41 
2.46581e+14 3.11680e+27 7.68545e+41 4.42000e+26 1.08989e+41 5.98644e+26 1.47614e+41 7.95870e+26 1.96246e+41 8.91711e+26 2.19879e+41 
2.73644e+14 3.78489e+27 1.03571e+42 5.39747e+26 1.47699e+41 7.28280e+26 1.99289e+41 9.66266e+26 2.64413e+41 1.08215e+27 2.96125e+41 
3.03677e+14 4.58904e+27 1.39359e+42 6.58498e+26 1.99971e+41 8.84801e+26 2.68694e+41 1.17130e+27 3.55696e+41 1.31113e+27 3.98159e+41 
3.37006e+14 5.55444e+27 1.87188e+42 8.02546e+26 2.70463e+41 1.07337e+27 3.61732e+41 1.41734e+27 4.77654e+41 1.58567e+27 5.34382e+41 
3.73994e+14 6.71008e+27 2.50953e+42 9.76986e+26 3.65386e+41 1.29998e+27 4.86185e+41 1.71175e+27 6.40185e+41 1.91385e+27 7.15769e+41 
4.15040e+14 8.08897e+27 3.35725e+42 1.18783e+27 4.92999e+41 1.57158e+27 6.52269e+41 2.06287e+27 8.56174e+41 2.30481e+27 9.56589e+41 
4.60592e+14 9.72832e+27 4.48079e+42 1.44215e+27 6.64244e+41 1.89611e+27 8.73335e+41 2.48008e+27 1.14231e+42 2.76877e+27 1.27527e+42 
5.11143e+14 1.16695e+28 5.96479e+42 1.74820e+27 8.93580e+41 2.28260e+27 1.16674e+42 2.97382e+27 1.52005e+42 3.31701e+27 1.69547e+42 
5.67243e+14 1.39579e+28 7.91749e+42 2.11554e+27 1.20002e+42 2.74117e+27 1.55491e+42 3.55547e+27 2.01681e+42 3.96179e+27 2.24729e+42 
6.29499e+14 1.66421e+28 1.04762e+43 2.55517e+27 1.60848e+42 3.28303e+27 2.06667e+42 4.23722e+27 2.66732e+42 4.71607e+27 2.96876e+42 
6.98588e+14 1.97733e+28 1.38134e+43 3.07966e+27 2.15141e+42 3.92045e+27 2.73878e+42 5.03184e+27 3.51518e+42 5.59326e+27 3.90738e+42 
7.75260e+14 2.34036e+28 1.81439e+43 3.70313e+27 2.87088e+42 4.66653e+27 3.61778e+42 5.95226e+27 4.61455e+42 6.60670e+27 5.12191e+42 
8.60346e+14 2.75842e+28 2.37320e+43 4.44131e+27 3.82107e+42 5.53507e+27 4.76208e+42 7.01109e+27 6.03197e+42 7.76906e+27 6.68409e+42 
9.54772e+14 3.23627e+28 3.08990e+43 5.31144e+27 5.07121e+42 6.54010e+27 6.24430e+42 8.21992e+27 7.84815e+42 9.09149e+27 8.68030e+42 
1.05956e+15 3.77799e+28 4.00301e+43 6.33199e+27 6.70912e+42 7.69550e+27 8.15384e+42 9.58847e+27 1.01596e+43 1.05827e+28 1.12130e+43 
1.17585e+15 4.38659e+28 5.15797e+43 7.52227e+27 8.84505e+42 9.01425e+27 1.05994e+43 1.11237e+28 1.30798e+43 1.22476e+28 1.44014e+43 
1.30490e+15 5.06360e+28 6.60750e+43 8.90175e+27 1.16159e+43 1.05077e+28 1.37115e+43 1.28284e+28 1.67399e+43 1.40866e+28 1.83817e+43 
1.44812e+15 5.80862e+28 8.41157e+43 1.04891e+28 1.51894e+43 1.21845e+28 1.76446e+43 1.47006e+28 2.12882e+43 1.60937e+28 2.33056e+43 
1.60705e+15 6.61883e+28 1.06368e+44 1.23006e+28 1.97677e+43 1.40494e+28 2.25781e+43 1.67316e+28 2.68885e+43 1.82557e+28 2.93378e+43 
1.78343e+15 7.48857e+28 1.33553e+44 1.43485e+28 2.55896e+43 1.61016e+28 2.87161e+43 1.89051e+28 3.37159e+43 2.05508e+28 3.66509e+43 
1.97917e+15 8.40886e+28 1.66425e+44 1.66383e+28 3.29300e+43 1.83332e+28 3.62845e+43 2.11960e+28 4.19505e+43 2.29480e+28 4.54179e+43 
2.19639e+15 9.36709e+28 2.05737e+44 1.91656e+28 4.20950e+43 2.07267e+28 4.55238e+43 2.35691e+28 5.17668e+43 2.54062e+28 5.58018e+43 
2.43744e+15 1.03466e+29 2.52194e+44 2.19122e+28 5.34099e+43 2.32528e+28 5.66775e+43 2.59779e+28 6.33197e+43 2.78741e+28 6.79414e+43 
2.70496e+15 1.13267e+29 3.06384e+44 2.48425e+28 6.71979e+43 2.58680e+28 6.99720e+43 2.83642e+28 7.67241e+43 3.02898e+28 8.19327e+43 
3.00184e+15 1.22823e+29 3.68695e+44 2.78985e+28 8.37466e+43 2.85120e+28 8.55884e+43 3.06576e+28 9.20291e+43 3.25822e+28 9.78066e+43 
3.33129e+15 1.31843e+29 4.39207e+44 3.09972e+28 1.03261e+44 3.11063e+28 1.03624e+44 3.27762e+28 1.09187e+44 3.46720e+28 1.15503e+44 
3.69691e+15 1.40000e+29 5.17569e+44 3.40288e+28 1.25801e+44 3.35543e+28 1.24047e+44 3.46286e+28 1.28019e+44 3.64739e+28 1.34841e+44 
4.10266e+15 1.46944e+29 6.02861e+44 3.68576e+28 1.51214e+44 3.57433e+28 1.46643e+44 3.61174e+28 1.48177e+44 3.79004e+28 1.55492e+44 
4.55294e+15 1.52313e+29 6.93470e+44 3.93286e+28 1.79061e+44 3.75500e+28 1.70963e+44 3.71452e+28 1.69120e+44 3.88664e+28 1.76956e+44 
5.05263e+15 1.55756e+29 7.86979e+44 4.12780e+28 2.08562e+44 3.88494e+28 1.96292e+44 3.76218e+28 1.90089e+44 3.92947e+28 1.98542e+44 
5.60717e+15 1.56966e+29 8.80134e+44 4.25501e+28 2.38585e+44 3.95279e+28 2.21640e+44 3.74746e+28 2.10126e+44 3.91233e+28 2.19371e+44 
6.22257e+15 1.55711e+29 9.68920e+44 4.30191e+28 2.67689e+44 3.94995e+28 2.45789e+44 3.66598e+28 2.28118e+44 3.83138e+28 2.38410e+44 
6.90551e+15 1.51881e+29 1.04881e+45 4.26121e+28 2.94258e+44 3.87232e+28 2.67404e+44 3.51751e+28 2.42902e+44 3.68606e+28 2.54541e+44 
7.66341e+15 1.45529e+29 1.11525e+45 4.13291e+28 3.16722e+44 3.72178e+28 2.85215e+44 3.30691e+28 2.53422e+44 3.48000e+28 2.66687e+44 
8.50449e+15 1.36901e+29 1.16428e+45 3.92535e+28 3.33831e+44 3.50697e+28 2.98250e+44 3.04466e+28 2.58932e+44 3.22158e+28 2.73979e+44 
9.43788e+15 1.26439e+29 1.19332e+45 3.65476e+28 3.44932e+44 3.24285e+28 3.06057e+44 2.74628e+28 2.59190e+44 2.92382e+28 2.75947e+44 
1.04737e+16 1.14743e+29 1.20178e+45 3.34302e+28 3.50138e+44 2.94876e+28 3.08844e+44 2.43067e+28 2.54582e+44 2.60327e+28 2.72658e+44 
1.16232e+16 1.02492e+29 1.19129e+45 3.01397e+28 3.50321e+44 2.64524e+28 3.07462e+44 2.11737e+28 2.46106e+44 2.27791e+28 2.64767e+44 
1.28989e+16 9.03401e+28 1.16529e+45 2.68910e+28 3.46864e+44 2.35043e+28 3.03179e+44 1.82329e+28 2.35185e+44 1.96443e+28 2.53390e+44 
1.43146e+16 7.88062e+28 1.12808e+45 2.38392e+28 3.41248e+44 2.07697e+28 2.97310e+44 1.56006e+28 2.23316e+44 1.67555e+28 2.39848e+44 
1.58857e+16 6.82062e+28 1.08350e+45 2.10611e+28 3.34570e+44 1.83060e+28 2.90802e+44 1.33259e+28 2.11690e+44 1.41831e+28 2.25309e+44 
1.76291e+16 5.86397e+28 1.03377e+45 1.85603e+28 3.27202e+44 1.61064e+28 2.83943e+44 1.13953e+28 2.00889e+44 1.19396e+28 2.10486e+44 
1.95640e+16 5.00403e+28 9.78987e+44 1.62908e+28 3.18714e+44 1.41230e+28 2.76302e+44 9.75257e+27 1.90799e+44 9.99314e+27 1.95506e+44 
2.17112e+16 4.22628e+28 9.17576e+44 1.41899e+28 3.08080e+44 1.22949e+28 2.66936e+44 8.32548e+27 1.80756e+44 8.29093e+27 1.80006e+44 
2.40940e+16 3.51739e+28 8.47481e+44 1.22068e+28 2.94111e+44 1.05736e+28 2.54761e+44 7.05001e+27 1.69863e+44 6.78295e+27 1.63429e+44 
2.67384e+16 2.87101e+28 7.67662e+44 1.03191e+28 2.75916e+44 8.93731e+27 2.38969e+44 5.88505e+27 1.57357e+44 5.43729e+27 1.45385e+44 
2.96730e+16 2.28895e+28 6.79200e+44 8.53522e+27 2.53266e+44 7.39193e+27 2.19341e+44 4.81544e+27 1.42889e+44 4.24401e+27 1.25933e+44 
3.29297e+16 1.77820e+28 5.85556e+44 6.88616e+27 2.26759e+44 5.96364e+27 1.96381e+44 3.84614e+27 1.26652e+44 3.20888e+27 1.05668e+44 
3.65438e+16 1.34609e+28 4.91913e+44 5.41146e+27 1.97756e+44 4.68648e+27 1.71262e+44 2.99202e+27 1.09340e+44 2.34227e+27 8.55954e+43 
4.05546e+16 9.95842e+27 4.03860e+44 4.14512e+27 1.68104e+44 3.58978e+27 1.45582e+44 2.26747e+27 9.19565e+43 1.64881e+27 6.68667e+43 
4.50056e+16 7.24288e+27 3.25970e+44 3.10464e+27 1.39726e+44 2.68870e+27 1.21006e+44 1.67888e+27 7.55589e+43 1.12150e+27 5.04738e+43 
4.99451e+16 5.22094e+27 2.60760e+44 2.28597e+27 1.14173e+44 1.97971e+27 9.88766e+43 1.22110e+27 6.09879e+43 7.41238e+26 3.70212e+43 
5.54266e+16 3.75935e+27 2.08368e+44 1.66520e+27 9.22963e+43 1.44210e+27 7.99309e+43 8.78369e+26 4.86851e+43 4.80523e+26 2.66338e+43 
6.15099e+16 2.71490e+27 1.66993e+44 1.20574e+27 7.41647e+43 1.04420e+27 6.42285e+43 6.28354e+26 3.86500e+43 3.09116e+26 1.90137e+43 
6.82607e+16 1.96094e+27 1.33855e+44 8.67956e+26 5.92473e+43 7.51672e+26 5.13097e+43 4.47514e+26 3.05477e+43 1.99278e+26 1.36028e+43 
7.57525e+16 1.40267e+27 1.06256e+44 6.17422e+26 4.67713e+43 5.34703e+26 4.05051e+43 3.15614e+26 2.39086e+43 1.29091e+26 9.77897e+42 
8.40665e+16 9.79516e+26 8.23445e+43 4.29139e+26 3.60762e+43 3.71646e+26 3.12429e+43 2.17976e+26 1.83245e+43 8.34072e+25 7.01175e+42 
9.32930e+16 6.57591e+26 6.13487e+43 2.87409e+26 2.68133e+43 2.48904e+26 2.32210e+43 1.45340e+26 1.35592e+43 5.29184e+25 4.93692e+42 
1.03532e+17 4.18445e+26 4.33225e+43 1.82901e+26 1.89361e+43 1.58397e+26 1.63991e+43 9.22140e+25 9.54712e+42 3.23550e+25 3.34979e+42 
1.14895e+17 2.49303e+26 2.86437e+43 1.09200e+26 1.25465e+43 9.45698e+25 1.08656e+43 5.49434e+25 6.31273e+42 1.87258e+25 2.15150e+42 
1.27505e+17 1.37588e+26 1.75431e+43 6.04837e+25 7.71198e+42 5.23804e+25 6.67877e+42 3.03879e+25 3.87461e+42 1.01026e+25 1.28813e+42 
1.41499e+17 6.96563e+25 9.85631e+42 3.07635e+25 4.35301e+42 2.66420e+25 3.76982e+42 1.54389e+25 2.18459e+42 5.01507e+24 7.09628e+41 
1.57029e+17 3.20464e+25 5.03221e+42 1.42293e+25 2.23442e+42 1.23230e+25 1.93506e+42 7.13467e+24 1.12035e+42 2.26465e+24 3.55616e+41 
1.74263e+17 1.32700e+25 2.31247e+42 5.92684e+24 1.03283e+42 5.13280e+24 8.94458e+41 2.96943e+24 5.17462e+41 9.20330e+23 1.60380e+41 
1.93389e+17 4.89583e+24 9.46801e+41 2.20020e+24 4.25496e+41 1.90543e+24 3.68490e+41 1.10156e+24 2.13030e+41 3.33013e+23 6.44010e+40 
2.14614e+17 1.59165e+24 3.41590e+41 7.19831e+23 1.54486e+41 6.23392e+23 1.33789e+41 3.60168e+23 7.72971e+40 1.06095e+23 2.27695e+40 
2.38169e+17 4.50403e+23 1.07272e+41 2.04986e+23 4.88213e+40 1.77523e+23 4.22805e+40 1.02508e+23 2.44142e+40 2.94024e+22 7.00273e+39 
2.64308e+17 1.09422e+23 2.89211e+40 5.01063e+22 1.32435e+40 4.33933e+22 1.14692e+40 2.50447e+22 6.61951e+39 6.99333e+21 1.84840e+39 
2.93317e+17 2.24695e+22 6.59068e+39 1.03492e+22 3.03559e+39 8.96267e+21 2.62890e+39 5.17072e+21 1.51666e+39 1.40614e+21 4.12444e+38 
3.25509e+17 3.83196e+21 1.24734e+39 1.77447e+21 5.77606e+38 1.53674e+21 5.00221e+38 8.86272e+20 2.88489e+38 2.34954e+20 7.64795e+37 
3.61234e+17 5.32062e+20 1.92199e+38 2.47579e+20 8.94339e+37 2.14409e+20 7.74520e+37 1.23622e+20 4.46563e+37 3.19986e+19 1.15590e+37 
4.00881e+17 5.88207e+19 2.35801e+37 2.74868e+19 1.10189e+37 2.38043e+19 9.54267e+36 1.37219e+19 5.50085e+36 3.47523e+18 1.39315e+36 
4.44878e+17 5.05005e+18 2.24666e+36 2.36839e+18 1.05365e+36 2.05109e+18 9.12485e+35 1.18216e+18 5.25918e+35 2.93681e+17 1.30653e+35 
4.93705e+17 3.27499e+17 1.61688e+35 1.54042e+17 7.60512e+34 1.33404e+17 6.58623e+34 7.68805e+16 3.79562e+34 1.87887e+16 9.27606e+33 
5.47890e+17 1.55566e+16 8.52332e+33 7.33347e+15 4.01794e+33 6.35097e+15 3.47963e+33 3.65983e+15 2.00518e+33 8.82637e+14 4.83588e+32 
6.08022e+17 5.23180e+14 3.18105e+32 2.47001e+14 1.50182e+32 2.13909e+14 1.30061e+32 1.23266e+14 7.49484e+31 2.94332e+13 1.78960e+31 
6.74754e+17 1.19994e+13 8.09667e+30 5.66950e+12 3.82552e+30 4.90993e+12 3.31300e+30 2.82946e+12 1.90919e+30 6.71163e+11 4.52870e+29 
7.48810e+17 1.80133e+11 1.34886e+29 8.51140e+10 6.37342e+28 7.37109e+10 5.51955e+28 4.24810e+10 3.18102e+28 1.00436e+10 7.52073e+27 
8.30994e+17 1.69199e+09 1.40604e+27 7.98961e+08 6.63932e+26 6.91920e+08 5.74982e+26 3.98818e+08 3.31416e+26 9.42782e+07 7.83446e+25 
9.22198e+17 9.46639e+06 8.72988e+24 4.46431e+06 4.11698e+24 3.86621e+06 3.56541e+24 2.22885e+06 2.05544e+24 5.28343e+05 4.87236e+23 
1.02341e+18 2.98903e+04 3.05901e+22 1.40705e+04 1.43999e+22 1.21854e+04 1.24707e+22 7.02629e+03 7.19079e+21 1.67435e+03 1.71354e+21 
1.13573e+18 5.01981e+01 5.70116e+19 2.35777e+01 2.67780e+19 2.04189e+01 2.31904e+19 1.17766e+01 1.33751e+19 2.82663e+00 3.21030e+18 
1.26038e+18 4.19899e-02 5.29233e+16 1.96746e-02 2.47976e+16 1.70387e-02 2.14753e+16 9.82953e-03 1.23890e+16 2.37932e-03 2.99885e+15 
1.39871e+18 1.62575e-05 2.27396e+13 7.59925e-06 1.06292e+13 6.58114e-06 9.20513e+12 3.79748e-06 5.31158e+12 9.27448e-07 1.29723e+12 
1.55223e+18 2.68248e-09 4.16382e+09 1.25113e-09 1.94203e+09 1.08351e-09 1.68185e+09 6.25332e-10 9.70657e+08 1.54046e-10 2.39114e+08 
1.72259e+18 1.71781e-13 2.95908e+05 7.99733e-14 1.37761e+05 6.92589e-14 1.19304e+05 3.99777e-14 6.88651e+04 9.92458e-15 1.70959e+04 
1.91164e+18 3.84050e-18 7.34167e+00 1.78543e-18 3.41310e+00 1.54622e-18 2.95583e+00 8.92605e-19 1.70634e+00 2.23034e-19 4.26362e-01 
2.12145e+18 2.66046e-23 5.64404e-05 1.23556e-23 2.62118e-05 1.07002e-23 2.27001e-05 6.17742e-24 1.31051e-05 1.55156e-24 3.29155e-06 
2.35429e+18 4.99654e-29 1.17633e-10 2.31880e-29 5.45913e-11 2.00814e-29 4.72775e-11 1.15937e-29 2.72949e-11 2.92356e-30 6.88290e-12 
2.61268e+18 2.19271e-35 5.72885e-17 1.01710e-35 2.65736e-17 8.80836e-36 2.30134e-17 5.08545e-36 1.32866e-17 1.28622e-36 3.36048e-18 
2.89942e+18 1.90719e-42 5.52975e-24 8.84364e-43 2.56414e-24 7.65881e-43 2.22061e-24 4.42180e-43 1.28207e-24 1.12083e-43 3.24977e-25 
3.21764e+18 2.74070e-50 8.81859e-32 1.27057e-50 4.08824e-32 1.10035e-50 3.54052e-32 6.35284e-51 2.04412e-32 1.61288e-51 5.18966e-33 
3.57079e+18 5.32155e-59 1.90021e-40 2.46664e-59 8.80785e-41 2.13618e-59 7.62783e-41 1.23332e-59 4.40393e-41 3.13474e-60 1.11935e-41 
3.96269e+18 1.11776e-68 4.42935e-50 5.18049e-69 2.05287e-50 4.48643e-69 1.77783e-50 2.59024e-69 1.02643e-50 6.58888e-70 2.61097e-51 
4.39760e+18 1.98576e-79 8.73258e-61 9.20266e-80 4.04697e-61 7.96974e-80 3.50478e-61 4.60133e-80 2.02348e-61 1.17110e-80 5.15004e-62 
4.88025e+18 2.27195e-91 1.10877e-72 1.05284e-91 5.13812e-73 9.11786e-92 4.44975e-73 5.26420e-92 2.56906e-73 1.34032e-92 6.54109e-74 
5.41587e+18 1.23757e-104 6.70252e-86 5.73480e-105 3.10590e-86 4.96649e-105 2.68978e-86 2.86740e-105 1.55295e-86 7.30260e-106 3.95499e-87 
6.01028e+18 2.29592e-119 1.37991e-100 1.06388e-119 6.39423e-101 9.21350e-120 5.53757e-101 5.31941e-120 3.19712e-101 1.35497e-120 8.14376e-102 
6.66992e+18 1.00039e-135 6.67251e-117 4.63552e-136 3.09186e-117 4.01448e-136 2.67763e-117 2.31776e-136 1.54593e-117 5.90456e-137 3.93829e-118 
7.40196e+18 6.77865e-154 5.01753e-135 3.14101e-154 2.32496e-135 2.72019e-154 2.01348e-135 1.57050e-154 1.16248e-135 4.00118e-155 2.96166e-136 
8.21434e+18 4.52056e-174 3.71334e-155 2.09467e-174 1.72064e-155 1.81404e-174 1.49012e-155 1.04734e-174 8.60318e-156 2.66838e-175 2.19190e-156 
9.11589e+18 1.78590e-196 1.62801e-177 8.27528e-197 7.54365e-178 7.16660e-197 6.53300e-178 4.13764e-197 3.77183e-178 1.05416e-197 9.60959e-179 
1.01164e+19 2.37991e-221 2.40761e-202 1.10278e-221 1.11562e-202 9.55038e-222 9.66152e-203 5.51391e-222 5.57808e-203 1.40469e-222 1.42104e-203 
1.12267e+19 5.72840e-249 6.43109e-230 2.65443e-249 2.98004e-230 2.29880e-249 2.58079e-230 1.32722e-249 1.49002e-230 3.38066e-250 3.79536e-231 
1.24588e+19 2.63961e-282 3.28864e-263 1.16112e-282 1.44662e-263 1.00556e-282 1.25281e-263 5.80559e-283 7.23308e-264 1.97149e-283 2.45624e-264 
1.38262e+19 0.00000e+00 0.00000e+00 0.00000e+00 0.00000e+00 0.00000e+00 0.00000e+00 0.00000e+00 0.00000e+00 0.00000e+00 0.00000e+00 
1.53437e+19 0.00000e+00 0.00000e+00 0.00000e+00 0.00000e+00 0.00000e+00 0.00000e+00 0.00000e+00 0.00000e+00 0.00000e+00 0.00000e+00 
1.70277e+19 0.00000e+00 0.00000e+00 0.00000e+00 0.00000e+00 0.00000e+00 0.00000e+00 0.00000e+00 0.00000e+00 0.00000e+00 0.00000e+00 
1.88965e+19 0.00000e+00 0.00000e+00 0.00000e+00 0.00000e+00 0.00000e+00 0.00000e+00 0.00000e+00 0.00000e+00 0.00000e+00 0.00000e+00 
2.09705e+19 0.00000e+00 0.00000e+00 0.00000e+00 0.00000e+00 0.00000e+00 0.00000e+00 0.00000e+00 0.00000e+00 0.00000e+00 0.00000e+00 
2.32720e+19 0.00000e+00 0.00000e+00 0.00000e+00 0.00000e+00 0.00000e+00 0.00000e+00 0.00000e+00 0.00000e+00 0.00000e+00 0.00000e+00 
2.58262e+19 0.00000e+00 0.00000e+00 0.00000e+00 0.00000e+00 0.00000e+00 0.00000e+00 0.00000e+00 0.00000e+00 0.00000e+00 0.00000e+00 
2.86607e+19 0.00000e+00 0.00000e+00 0.00000e+00 0.00000e+00 0.00000e+00 0.00000e+00 0.00000e+00 0.00000e+00 0.00000e+00 0.00000e+00 
3.18063e+19 0.00000e+00 0.00000e+00 0.00000e+00 0.00000e+00 0.00000e+00 0.00000e+00 0.00000e+00 0.00000e+00 0.00000e+00 0.00000e+00 
3.52971e+19 0.00000e+00 0.00000e+00 0.00000e+00 0.00000e+00 0.00000e+00 0.00000e+00 0.00000e+00 0.00000e+00 0.00000e+00 0.00000e+00 
3.91710e+19 0.00000e+00 0.00000e+00 0.00000e+00 0.00000e+00 0.00000e+00 0.00000e+00 0.00000e+00 0.00000e+00 0.00000e+00 0.00000e+00 
4.34701e+19 0.00000e+00 0.00000e+00 0.00000e+00 0.00000e+00 0.00000e+00 0.00000e+00 0.00000e+00 0.00000e+00 0.00000e+00 0.00000e+00 
4.82411e+19 0.00000e+00 0.00000e+00 0.00000e+00 0.00000e+00 0.00000e+00 0.00000e+00 0.00000e+00 0.00000e+00 0.00000e+00 0.00000e+00 
5.35357e+19 0.00000e+00 0.00000e+00 0.00000e+00 0.00000e+00 0.00000e+00 0.00000e+00 0.00000e+00 0.00000e+00 0.00000e+00 0.00000e+00 
5.94113e+19 0.00000e+00 0.00000e+00 0.00000e+00 0.00000e+00 0.00000e+00 0.00000e+00 0.00000e+00 0.00000e+00 0.00000e+00 0.00000e+00 
6.59319e+19 0.00000e+00 0.00000e+00 0.00000e+00 0.00000e+00 0.00000e+00 0.00000e+00 0.00000e+00 0.00000e+00 0.00000e+00 0.00000e+00 
7.31681e+19 0.00000e+00 0.00000e+00 0.00000e+00 0.00000e+00 0.00000e+00 0.00000e+00 0.00000e+00 0.00000e+00 0.00000e+00 0.00000e+00 
8.11984e+19 0.00000e+00 0.00000e+00 0.00000e+00 0.00000e+00 0.00000e+00 0.00000e+00 0.00000e+00 0.00000e+00 0.00000e+00 0.00000e+00 
9.01102e+19 0.00000e+00 0.00000e+00 0.00000e+00 0.00000e+00 0.00000e+00 0.00000e+00 0.00000e+00 0.00000e+00 0.00000e+00 0.00000e+00 
1.00000e+20 0.00000e+00 0.00000e+00 0.00000e+00 0.00000e+00 0.00000e+00 0.00000e+00 0.00000e+00 0.00000e+00 0.00000e+00 0.00000e+00 
