1.00000e+11 6.89477e+20 6.89477e+31 1.14069e+20 1.14069e+31 1.37814e+20 1.37814e+31 1.70021e+20 1.70021e+31 1.90399e+20 1.90399e+31 
1.10975e+11 8.49122e+20 9.42315e+31 1.40482e+20 1.55900e+31 1.69725e+20 1.88352e+31 2.09388e+20 2.32369e+31 2.34485e+20 2.60220e+31 
1.23155e+11 1.04573e+21 1.28787e+32 1.73010e+20 2.13070e+31 2.09023e+20 2.57423e+31 2.57871e+20 3.17581e+31 2.88778e+20 3.55645e+31 
1.36672e+11 1.28786e+21 1.76014e+32 2.13069e+20 2.91205e+31 2.57421e+20 3.51822e+31 3.17579e+20 4.34040e+31 3.55642e+20 4.86062e+31 
1.51672e+11 1.58606e+21 2.40560e+32 2.62404e+20 3.97993e+31 3.17026e+20 4.80838e+31 3.91112e+20 5.93206e+31 4.37989e+20 6.64305e+31 
1.68318e+11 1.95329e+21 3.28775e+32 3.23162e+20 5.43940e+31 3.90430e+20 6.57165e+31 4.81670e+20 8.10738e+31 5.39401e+20 9.07909e+31 
1.86791e+11 2.40556e+21 4.49338e+32 3.97988e+20 7.43407e+31 4.80831e+20 8.98151e+31 5.93196e+20 1.10804e+32 6.64294e+20 1.24084e+32 
2.07292e+11 2.96254e+21 6.14112e+32 4.90139e+20 1.01602e+32 5.92162e+20 1.22751e+32 7.30544e+20 1.51436e+32 8.18103e+20 1.69586e+32 
2.30043e+11 3.64848e+21 8.39308e+32 6.03626e+20 1.38860e+32 7.29271e+20 1.67764e+32 8.99692e+20 2.06968e+32 1.00752e+21 2.31774e+32 
2.55291e+11 4.49324e+21 1.14708e+33 7.43389e+20 1.89780e+32 8.98125e+20 2.29283e+32 1.10800e+21 2.82863e+32 1.24080e+21 3.16766e+32 
2.83310e+11 5.53358e+21 1.56772e+33 9.15513e+20 2.59374e+32 1.10607e+21 3.13361e+32 1.36454e+21 3.86588e+32 1.52809e+21 4.32923e+32 
3.14404e+11 6.81479e+21 2.14259e+33 1.12749e+21 3.54486e+32 1.36217e+21 4.28270e+32 1.68048e+21 5.28349e+32 1.88189e+21 5.91674e+32 
3.48910e+11 8.39263e+21 2.92827e+33 1.38854e+21 4.84477e+32 1.67755e+21 5.85315e+32 2.06956e+21 7.22092e+32 2.31761e+21 8.08638e+32 
3.87204e+11 1.03358e+22 4.00205e+33 1.71004e+21 6.62133e+32 2.06596e+21 7.99947e+32 2.54873e+21 9.86877e+32 2.85420e+21 1.10516e+33 
4.29700e+11 1.27288e+22 5.46956e+33 2.10597e+21 9.04935e+32 2.54429e+21 1.09328e+33 3.13882e+21 1.34875e+33 3.51502e+21 1.51041e+33 
4.76861e+11 1.56758e+22 7.47518e+33 2.59356e+21 1.23677e+33 3.13335e+21 1.49417e+33 3.86553e+21 1.84332e+33 4.32883e+21 2.06425e+33 
5.29198e+11 1.93051e+22 1.02162e+34 3.19405e+21 1.69028e+33 3.85880e+21 2.04207e+33 4.76048e+21 2.51924e+33 5.33104e+21 2.82118e+33 
5.87279e+11 2.37746e+22 1.39623e+34 3.93355e+21 2.31009e+33 4.75219e+21 2.79086e+33 5.86262e+21 3.44299e+33 6.56527e+21 3.85564e+33 
6.51734e+11 2.92787e+22 1.90819e+34 4.84426e+21 3.15717e+33 5.85240e+21 3.81421e+33 7.21989e+21 4.70545e+33 8.08522e+21 5.26941e+33 
7.23263e+11 3.60570e+22 2.60787e+34 5.96581e+21 4.31485e+33 7.20731e+21 5.21278e+33 8.89136e+21 6.43080e+33 9.95702e+21 7.20155e+33 
8.02643e+11 4.44045e+22 3.56410e+34 7.34700e+21 5.89702e+33 8.87587e+21 7.12416e+33 1.09498e+22 8.78875e+33 1.22621e+22 9.84210e+33 
8.90735e+11 5.46842e+22 4.87091e+34 9.04793e+21 8.05931e+33 1.09307e+22 9.73634e+33 1.34846e+22 1.20112e+34 1.51008e+22 1.34508e+34 
9.88496e+11 6.73433e+22 6.65686e+34 1.11426e+22 1.10144e+34 1.34611e+22 1.33063e+34 1.66062e+22 1.64152e+34 1.85965e+22 1.83826e+34 
1.09699e+12 8.29327e+22 9.09759e+34 1.37222e+22 1.50530e+34 1.65773e+22 1.81851e+34 2.04504e+22 2.24338e+34 2.29014e+22 2.51225e+34 
1.21738e+12 1.02130e+23 1.24332e+35 1.68989e+22 2.05724e+34 2.04147e+22 2.48525e+34 2.51843e+22 3.06589e+34 2.82026e+22 3.43333e+34 
1.35099e+12 1.25771e+23 1.69916e+35 2.08108e+22 2.81153e+34 2.51404e+22 3.39645e+34 3.10137e+22 4.18994e+34 3.47307e+22 4.69210e+34 
1.49927e+12 1.54883e+23 2.32211e+35 2.56283e+22 3.84237e+34 3.09597e+22 4.64169e+34 3.81923e+22 5.72606e+34 4.27696e+22 6.41232e+34 
1.66382e+12 1.90732e+23 3.17343e+35 3.15608e+22 5.25114e+34 3.81258e+22 6.34343e+34 4.70322e+22 7.82529e+34 5.26689e+22 8.76313e+34 
1.84642e+12 2.34876e+23 4.33681e+35 3.88663e+22 7.17637e+34 4.69502e+22 8.66900e+34 5.79176e+22 1.06940e+35 6.48588e+22 1.19757e+35 
2.04907e+12 2.89235e+23 5.92665e+35 4.78625e+22 9.80738e+34 5.78166e+22 1.18470e+35 7.13216e+22 1.46143e+35 7.98692e+22 1.63658e+35 
2.27397e+12 3.56172e+23 8.09922e+35 5.89405e+22 1.34029e+35 7.11973e+22 1.61900e+35 8.78269e+22 1.99715e+35 9.83525e+22 2.23650e+35 
2.52354e+12 4.38594e+23 1.10681e+36 7.25820e+22 1.83164e+35 8.76738e+22 2.21248e+35 1.08151e+23 2.72922e+35 1.21112e+23 3.05630e+35 
2.80050e+12 5.40083e+23 1.51250e+36 8.93800e+22 2.50309e+35 1.07962e+23 3.02348e+35 1.33176e+23 3.72959e+35 1.49136e+23 4.17655e+35 
3.10787e+12 6.65047e+23 2.06688e+36 1.10064e+23 3.42065e+35 1.32943e+23 4.13170e+35 1.63989e+23 5.09656e+35 1.83641e+23 5.70733e+35 
3.44896e+12 8.18912e+23 2.82440e+36 1.35534e+23 4.67452e+35 1.63703e+23 5.64605e+35 2.01929e+23 6.96444e+35 2.26127e+23 7.79904e+35 
3.82749e+12 1.00836e+24 3.85948e+36 1.66895e+23 6.38791e+35 2.01576e+23 7.71532e+35 2.48641e+23 9.51672e+35 2.78437e+23 1.06572e+36 
4.24757e+12 1.24161e+24 5.27382e+36 2.05511e+23 8.72921e+35 2.48207e+23 1.05428e+36 3.06154e+23 1.30041e+36 3.42841e+23 1.45624e+36 
4.71375e+12 1.52878e+24 7.20629e+36 2.53056e+23 1.19284e+36 3.05619e+23 1.44061e+36 3.76962e+23 1.77690e+36 4.22133e+23 1.98983e+36 
5.23110e+12 1.88233e+24 9.84664e+36 3.11596e+23 1.62999e+36 3.76303e+23 1.96848e+36 4.64135e+23 2.42793e+36 5.19751e+23 2.71887e+36 
5.80523e+12 2.31758e+24 1.34541e+37 3.83671e+23 2.22730e+36 4.63324e+23 2.68970e+36 5.71452e+23 3.31740e+36 6.39926e+23 3.71491e+36 
6.44236e+12 2.85339e+24 1.83826e+37 4.72408e+23 3.04342e+36 5.70453e+23 3.67507e+36 7.03561e+23 4.53260e+36 7.87863e+23 5.07570e+36 
7.14943e+12 3.51296e+24 2.51157e+37 5.81653e+23 4.15849e+36 7.02332e+23 5.02127e+36 8.66184e+23 6.19272e+36 9.69968e+23 6.93472e+36 
7.93410e+12 4.32485e+24 3.43138e+37 7.16143e+23 5.68195e+36 8.64670e+23 6.86038e+36 1.06636e+24 8.46058e+36 1.19412e+24 9.47427e+36 
8.80488e+12 5.32417e+24 4.68787e+37 8.81703e+23 7.76330e+36 1.06449e+24 9.37274e+36 1.31274e+24 1.15585e+37 1.47001e+24 1.29433e+37 
9.77124e+12 6.55411e+24 6.40418e+37 1.08550e+24 1.06067e+37 1.31044e+24 1.28046e+37 1.61597e+24 1.57900e+37 1.80957e+24 1.76817e+37 
1.08437e+13 8.06779e+24 8.74844e+37 1.33636e+24 1.44910e+37 1.61314e+24 1.74924e+37 1.98915e+24 2.15696e+37 2.22744e+24 2.41536e+37 
1.20338e+13 9.93052e+24 1.19502e+38 1.64513e+24 1.97971e+37 1.98567e+24 2.38951e+37 2.44837e+24 2.94631e+37 2.74166e+24 3.29925e+37 
1.33545e+13 1.22226e+25 1.63227e+38 2.02514e+24 2.70448e+37 2.44408e+24 3.26395e+37 3.01342e+24 4.02428e+37 3.37438e+24 4.50632e+37 
1.48202e+13 1.50427e+25 2.22937e+38 2.49281e+24 3.69440e+37 3.00814e+24 4.45813e+37 3.70863e+24 5.49627e+37 4.15284e+24 6.15459e+37 
1.64468e+13 1.85122e+25 3.04466e+38 3.06831e+24 5.04638e+37 3.70213e+24 6.08881e+37 4.56389e+24 7.50611e+37 5.11049e+24 8.40510e+37 
1.82518e+13 2.27801e+25 4.15778e+38 3.77644e+24 6.89270e+37 4.55588e+24 8.31531e+37 5.61590e+24 1.02500e+38 6.28844e+24 1.14776e+38 
2.02550e+13 2.80293e+25 5.67734e+38 4.64769e+24 9.41391e+37 5.60604e+24 1.13550e+38 6.90976e+24 1.39957e+38 7.73718e+24 1.56717e+38 
2.24781e+13 3.44846e+25 7.75147e+38 5.71951e+24 1.28563e+38 6.89762e+24 1.55045e+38 8.50085e+24 1.91083e+38 9.51869e+24 2.13962e+38 
2.49451e+13 4.24220e+25 1.05822e+39 7.03791e+24 1.75561e+38 8.48590e+24 2.11681e+38 1.04571e+25 2.60853e+38 1.17090e+25 2.92083e+38 
2.76829e+13 5.21798e+25 1.44449e+39 8.65941e+24 2.39717e+38 1.04387e+25 2.88973e+38 1.28619e+25 3.56055e+38 1.44016e+25 3.98676e+38 
3.07211e+13 6.41734e+25 1.97148e+39 1.06534e+25 3.27284e+38 1.28392e+25 3.94436e+38 1.58175e+25 4.85932e+38 1.77107e+25 5.44092e+38 
3.40929e+13 7.89117e+25 2.69033e+39 1.31050e+25 4.46788e+38 1.57896e+25 5.38312e+38 1.94492e+25 6.63080e+38 2.17767e+25 7.42430e+38 
3.78346e+13 9.70185e+25 3.67066e+39 1.61188e+25 6.09848e+38 1.94149e+25 7.34554e+38 2.39106e+25 9.04650e+38 2.67715e+25 1.01289e+39 
4.19871e+13 1.19258e+26 5.00728e+39 1.98228e+25 8.32302e+38 2.38683e+25 1.00216e+39 2.93897e+25 1.23399e+39 3.29055e+25 1.38161e+39 
4.65953e+13 1.46564e+26 6.82919e+39 2.43742e+25 1.13572e+39 2.93376e+25 1.36699e+39 3.61166e+25 1.68286e+39 4.04362e+25 1.88413e+39 
5.17092e+13 1.80081e+26 9.31186e+39 2.99654e+25 1.54949e+39 3.60524e+25 1.86424e+39 4.43725e+25 2.29447e+39 4.96783e+25 2.56882e+39 
5.73844e+13 2.21207e+26 1.26938e+40 3.68320e+25 2.11358e+39 4.42936e+25 2.54176e+39 5.45012e+25 3.12752e+39 6.10164e+25 3.50139e+39 
6.36825e+13 2.71646e+26 1.72991e+40 4.52623e+25 2.88242e+39 5.44041e+25 3.46459e+39 6.69222e+25 4.26177e+39 7.49199e+25 4.77109e+39 
7.06718e+13 3.33481e+26 2.35677e+40 5.56089e+25 3.92998e+39 6.68027e+25 4.72107e+39 8.21471e+25 5.80549e+39 9.19611e+25 6.49906e+39 
7.84282e+13 4.09248e+26 3.20966e+40 6.83026e+25 5.35685e+39 8.20000e+25 6.43112e+39 1.00799e+26 7.90549e+39 1.12837e+26 8.84961e+39 
8.70359e+13 5.02033e+26 4.36949e+40 8.38690e+25 7.29961e+39 1.00618e+26 8.75739e+39 1.23636e+26 1.07608e+40 1.38395e+26 1.20454e+40 
9.65883e+13 6.15587e+26 5.94585e+40 1.02949e+26 9.94370e+39 1.23414e+26 1.19203e+40 1.51579e+26 1.46408e+40 1.69666e+26 1.63878e+40 
1.07189e+14 7.54462e+26 8.08701e+40 1.26324e+26 1.35406e+40 1.51305e+26 1.62183e+40 1.85745e+26 1.99098e+40 2.07897e+26 2.22843e+40 
1.18953e+14 9.24170e+26 1.09933e+41 1.54944e+26 1.84311e+40 1.85408e+26 2.20549e+40 2.27485e+26 2.70601e+40 2.54601e+26 3.02856e+40 
1.32009e+14 1.13138e+27 1.49352e+41 1.89962e+26 2.50766e+40 2.27072e+26 2.99755e+40 2.78433e+26 3.67556e+40 3.11602e+26 4.11342e+40 
1.46497e+14 1.38412e+27 2.02770e+41 2.32777e+26 3.41012e+40 2.77926e+26 4.07153e+40 3.40559e+26 4.98909e+40 3.81100e+26 5.58301e+40 
1.62576e+14 1.69209e+27 2.75092e+41 2.85084e+26 4.63477e+40 3.39936e+26 5.52653e+40 4.16229e+26 6.76686e+40 4.65740e+26 7.57180e+40 
1.80419e+14 2.06688e+27 3.72904e+41 3.48928e+26 6.29531e+40 4.15465e+26 7.49576e+40 5.08281e+26 9.17034e+40 5.68691e+26 1.02602e+41 
2.00220e+14 2.52239e+27 5.05032e+41 4.26775e+26 8.54490e+40 5.07346e+26 1.01581e+41 6.20107e+26 1.24158e+41 6.93737e+26 1.38900e+41 
2.22195e+14 3.07516e+27 6.83285e+41 5.21590e+26 1.15894e+41 6.18962e+26 1.37530e+41 7.55743e+26 1.67922e+41 8.45383e+26 1.87840e+41 
2.46581e+14 3.74486e+27 9.23411e+41 6.36924e+26 1.57053e+41 7.54344e+26 1.86007e+41 9.19973e+26 2.26848e+41 1.02896e+27 2.53723e+41 
2.73644e+14 4.55468e+27 1.24636e+42 7.77020e+26 2.12627e+41 9.18267e+26 2.51278e+41 1.11844e+27 3.06054e+41 1.25077e+27 3.42265e+41 
3.03677e+14 5.53190e+27 1.67991e+42 9.46926e+26 2.87560e+41 1.11636e+27 3.39014e+41 1.35776e+27 4.12320e+41 1.51816e+27 4.61031e+41 
3.37006e+14 6.70837e+27 2.26076e+42 1.15262e+27 3.88440e+41 1.35524e+27 4.56724e+41 1.64564e+27 5.54592e+41 1.83973e+27 6.20001e+41 
3.73994e+14 8.12101e+27 3.03721e+42 1.40115e+27 5.24020e+41 1.64259e+27 6.14318e+41 1.99100e+27 7.44621e+41 2.22539e+27 8.32280e+41 
4.15040e+14 9.81225e+27 4.07248e+42 1.70076e+27 7.05883e+41 1.98732e+27 8.24819e+41 2.40405e+27 9.97777e+41 2.68647e+27 1.11499e+42 
4.60592e+14 1.18304e+28 5.44899e+42 2.06105e+27 9.49301e+41 2.39964e+27 1.10525e+42 2.89636e+27 1.33404e+42 3.23583e+27 1.49040e+42 
5.11143e+14 1.42298e+28 7.27344e+42 2.49308e+27 1.27432e+42 2.89111e+27 1.47777e+42 3.48092e+27 1.77925e+42 3.88782e+27 1.98723e+42 
5.67243e+14 1.70706e+28 9.68315e+42 3.00952e+27 1.70713e+42 3.47470e+27 1.97100e+42 4.17200e+27 2.36654e+42 4.65826e+27 2.64236e+42 
6.29499e+14 2.04184e+28 1.28534e+43 3.62463e+27 2.28170e+42 4.16471e+27 2.62168e+42 4.98508e+27 3.13810e+42 5.56420e+27 3.50266e+42 
6.98588e+14 2.43433e+28 1.70060e+43 4.35431e+27 3.04187e+42 4.97663e+27 3.47661e+42 5.93650e+27 4.14716e+42 6.62359e+27 4.62716e+42 
7.75260e+14 2.89177e+28 2.24187e+43 5.21593e+27 4.04370e+42 5.92684e+27 4.59484e+42 7.04297e+27 5.46013e+42 7.85476e+27 6.08948e+42 
8.60346e+14 3.42139e+28 2.94358e+43 6.22804e+27 5.35827e+42 7.03213e+27 6.05007e+42 8.32091e+27 7.15886e+42 9.27556e+27 7.98019e+42 
9.54772e+14 4.03001e+28 3.84774e+43 7.40988e+27 7.07474e+42 8.30898e+27 7.93317e+42 9.78537e+27 9.34280e+42 1.09022e+28 1.04091e+43 
1.05956e+15 4.72356e+28 5.00490e+43 8.78056e+27 9.30353e+42 9.77258e+27 1.03546e+43 1.14488e+28 1.21307e+43 1.27480e+28 1.35073e+43 
1.17585e+15 5.50637e+28 6.47466e+43 1.03579e+28 1.21793e+43 1.14355e+28 1.34464e+43 1.33194e+28 1.56616e+43 1.48212e+28 1.74275e+43 
1.30490e+15 6.38039e+28 8.32578e+43 1.21567e+28 1.58632e+43 1.33059e+28 1.73629e+43 1.53988e+28 2.00940e+43 1.71229e+28 2.23437e+43 
1.44812e+15 7.34421e+28 1.06353e+44 1.41866e+28 2.05439e+43 1.53856e+28 2.22802e+43 1.76803e+28 2.56032e+43 1.96446e+28 2.84477e+43 
1.60705e+15 8.39204e+28 1.34865e+44 1.64497e+28 2.64355e+43 1.76674e+28 2.83925e+43 2.01457e+28 3.23752e+43 2.23653e+28 3.59423e+43 
1.78343e+15 9.51250e+28 1.69649e+44 1.89363e+28 3.37716e+43 2.01323e+28 3.59046e+43 2.27627e+28 4.05957e+43 2.52486e+28 4.50292e+43 
1.97917e+15 1.06875e+29 2.11524e+44 2.16220e+28 4.27936e+43 2.27466e+28 4.50192e+43 2.54822e+28 5.04336e+43 2.82400e+28 5.58917e+43 
2.19639e+15 1.18915e+29 2.61183e+44 2.44630e+28 5.37303e+43 2.54585e+28 5.59167e+43 2.82364e+28 6.20180e+43 3.12648e+28 6.86695e+43 
2.43744e+15 1.30903e+29 3.19070e+44 2.73926e+28 6.67678e+43 2.81962e+28 6.87267e+43 3.09367e+28 7.54064e+43 3.42269e+28 8.34261e+43 
2.70496e+15 1.42418e+29 3.85235e+44 3.03178e+28 8.20085e+43 3.08660e+28 8.34914e+43 3.34742e+28 9.05463e+43 3.70094e+28 1.00109e+44 
3.00184e+15 1.52960e+29 4.59160e+44 3.31194e+28 9.94189e+43 3.33529e+28 1.00120e+44 3.57218e+28 1.07231e+44 3.94775e+28 1.18505e+44 
3.33129e+15 1.61975e+29 5.39585e+44 3.56537e+28 1.18773e+44 3.55237e+28 1.18340e+44 3.75394e+28 1.25055e+44 4.14842e+28 1.38196e+44 
3.69691e+15 1.68887e+29 6.24362e+44 3.77605e+28 1.39597e+44 3.72347e+28 1.37653e+44 3.87830e+28 1.43377e+44 4.28810e+28 1.58527e+44 
4.10266e+15 1.73155e+29 7.10397e+44 3.92761e+28 1.61136e+44 3.83436e+28 1.57311e+44 3.93183e+28 1.61309e+44 4.35312e+28 1.78594e+44 
4.55294e+15 1.74334e+29 7.93733e+44 4.00523e+28 1.82355e+44 3.87264e+28 1.76319e+44 3.90387e+28 1.77740e+44 4.33291e+28 1.97275e+44 
5.05263e+15 1.72158e+29 8.69851e+44 3.99798e+28 2.02003e+44 3.82983e+28 1.93507e+44 3.78856e+28 1.91422e+44 4.22195e+28 2.13320e+44 
5.60717e+15 1.66608e+29 9.34201e+44 3.90122e+28 2.18748e+44 3.70339e+28 2.07655e+44 3.58684e+28 2.01120e+44 4.02170e+28 2.25504e+44 
6.22257e+15 1.57964e+29 9.82944e+44 3.71848e+28 2.31385e+44 3.49838e+28 2.17689e+44 3.30774e+28 2.05826e+44 3.74178e+28 2.32835e+44 
6.90551e+15 1.46805e+29 1.01376e+45 3.46216e+28 2.39080e+44 3.22791e+28 2.22904e+44 2.96858e+28 2.04995e+44 3.39987e+28 2.34779e+44 
7.66341e+15 1.33945e+29 1.02648e+45 3.15243e+28 2.41584e+44 2.91206e+28 2.23163e+44 2.59335e+28 1.98739e+44 3.01999e+28 2.31435e+44 
8.50449e+15 1.20316e+29 1.02323e+45 2.81431e+28 2.39342e+44 2.57501e+28 2.18992e+44 2.20947e+28 1.87904e+44 2.62899e+28 2.23582e+44 
9.43788e+15 1.06801e+29 1.00798e+45 2.47341e+28 2.33438e+44 2.24108e+28 2.11510e+44 1.84329e+28 1.73968e+44 2.25209e+28 2.12550e+44 
1.04737e+16 9.40834e+28 9.85403e+44 2.15146e+28 2.25338e+44 1.93043e+28 2.02188e+44 1.51572e+28 1.58752e+44 1.90865e+28 1.99906e+44 
1.16232e+16 8.25491e+28 9.59486e+44 1.86298e+28 2.16538e+44 1.65616e+28 1.92499e+44 1.23909e+28 1.44022e+44 1.60934e+28 1.87057e+44 
1.28989e+16 7.22796e+28 9.32327e+44 1.61417e+28 2.08211e+44 1.42325e+28 1.83584e+44 1.01643e+28 1.31108e+44 1.35584e+28 1.74889e+44 
1.43146e+16 6.31337e+28 9.03733e+44 1.40429e+28 2.01019e+44 1.23001e+28 1.76072e+44 8.43123e+27 1.20690e+44 1.14298e+28 1.63613e+44 
1.58857e+16 5.48795e+28 8.71796e+44 1.22847e+28 1.95151e+44 1.07083e+28 1.70108e+44 7.10186e+27 1.12818e+44 9.62226e+27 1.52856e+44 
1.76291e+16 4.73225e+28 8.34254e+44 1.08084e+28 1.90542e+44 9.39180e+27 1.65569e+44 6.07719e+27 1.07136e+44 8.05342e+27 1.41975e+44 
1.95640e+16 4.03806e+28 7.90005e+44 9.56626e+27 1.87154e+44 8.29743e+27 1.62331e+44 5.27411e+27 1.03183e+44 6.66693e+27 1.30432e+44 
2.17112e+16 3.40903e+28 7.40140e+44 8.52814e+27 1.85156e+44 7.39020e+27 1.60450e+44 4.63489e+27 1.00629e+44 5.43838e+27 1.18074e+44 
2.40940e+16 2.85585e+28 6.88090e+44 7.67584e+27 1.84942e+44 6.64892e+27 1.60199e+44 4.12415e+27 9.93673e+43 4.36708e+27 1.05220e+44 
2.67384e+16 2.38943e+28 6.38896e+44 6.99395e+27 1.87007e+44 6.05733e+27 1.61963e+44 3.71985e+27 9.94628e+43 3.46175e+27 9.25617e+43 
2.96730e+16 2.01516e+28 5.97958e+44 6.46253e+27 1.91763e+44 5.59681e+27 1.66074e+44 3.40483e+27 1.01032e+44 2.72773e+27 8.09400e+43 
3.29297e+16 1.72996e+28 5.69671e+44 6.05422e+27 1.99364e+44 5.24312e+27 1.72655e+44 3.16180e+27 1.04117e+44 2.15968e+27 7.11176e+43 
3.65438e+16 1.52230e+28 5.56305e+44 5.73490e+27 2.09575e+44 4.96657e+27 1.81497e+44 2.97162e+27 1.08594e+44 1.74014e+27 6.35915e+43 
4.05546e+16 1.37422e+28 5.57310e+44 5.46602e+27 2.21672e+44 4.73371e+27 1.91974e+44 2.81354e+27 1.14102e+44 1.44211e+27 5.84843e+43 
4.50056e+16 1.26465e+28 5.69162e+44 5.20759e+27 2.34371e+44 4.50991e+27 2.02971e+44 2.66632e+27 1.19999e+44 1.23364e+27 5.55208e+43 
4.99451e+16 1.17288e+28 5.85795e+44 4.92193e+27 2.45826e+44 4.26251e+27 2.12891e+44 2.50996e+27 1.25360e+44 1.08285e+27 5.40829e+43 
5.54266e+16 1.08173e+28 5.99565e+44 4.57837e+27 2.53764e+44 3.96499e+27 2.19766e+44 2.32801e+27 1.29034e+44 9.62224e+26 5.33328e+43 
6.15099e+16 9.79724e+27 6.02627e+44 4.15854e+27 2.55791e+44 3.60140e+27 2.21521e+44 2.11029e+27 1.29804e+44 8.51572e+26 5.23801e+43 
6.82607e+16 8.62096e+27 5.88473e+44 3.66044e+27 2.49864e+44 3.17004e+27 2.16389e+44 1.85499e+27 1.26623e+44 7.39194e+26 5.04579e+43 
7.57525e+16 7.30469e+27 5.53349e+44 3.10003e+27 2.34835e+44 2.68470e+27 2.03373e+44 1.56953e+27 1.18896e+44 6.21414e+26 4.70737e+43 
8.40665e+16 5.91452e+27 4.97213e+44 2.50865e+27 2.10893e+44 2.17255e+27 1.82639e+44 1.26928e+27 1.06704e+44 5.00797e+26 4.21003e+43 
9.32930e+16 4.54434e+27 4.23956e+44 1.92674e+27 1.79752e+44 1.66861e+27 1.55669e+44 9.74383e+26 9.09031e+43 3.83623e+26 3.57893e+43 
1.03532e+17 3.29075e+27 3.40699e+44 1.39497e+27 1.44425e+44 1.20808e+27 1.25075e+44 7.05181e+26 7.30089e+43 2.77194e+26 2.86985e+43 
1.14895e+17 2.23029e+27 2.56250e+44 9.45410e+26 1.08623e+44 8.18749e+26 9.40703e+43 4.77756e+26 5.48919e+43 1.87534e+26 2.15467e+43 
1.27505e+17 1.40436e+27 1.79063e+44 5.95358e+26 7.59112e+43 5.15595e+26 6.57410e+43 3.00765e+26 3.83491e+43 1.17897e+26 1.50324e+43 
1.41499e+17 8.15115e+26 1.15338e+44 3.45626e+26 4.89058e+43 2.99321e+26 4.23537e+43 1.74551e+26 2.46988e+43 6.83235e+25 9.66772e+42 
1.57029e+17 4.32399e+26 6.78992e+43 1.83401e+26 2.87992e+43 1.58830e+26 2.49409e+43 9.25940e+25 1.45399e+43 3.61868e+25 5.68238e+42 
1.74263e+17 2.07706e+26 3.61955e+43 8.81322e+25 1.53582e+43 7.63247e+25 1.33006e+43 4.44812e+25 7.75144e+42 1.73536e+25 3.02410e+42 
1.93389e+17 8.94376e+25 1.72963e+43 3.79679e+25 7.34258e+42 3.28812e+25 6.35886e+42 1.91562e+25 3.70461e+42 7.45886e+24 1.44246e+42 
2.14614e+17 3.41426e+25 7.32748e+42 1.45026e+25 3.11247e+42 1.25596e+25 2.69547e+42 7.31441e+24 1.56978e+42 2.84166e+24 6.09861e+41 
2.38169e+17 1.14160e+25 2.71894e+42 4.85248e+24 1.15571e+42 4.20237e+24 1.00087e+42 2.44636e+24 5.82647e+41 9.47992e+23 2.25782e+41 
2.64308e+17 3.29910e+24 8.71978e+41 1.40343e+24 3.70938e+41 1.21541e+24 3.21242e+41 7.07223e+23 1.86925e+41 2.73256e+23 7.22239e+40 
2.93317e+17 8.12037e+23 2.38184e+41 3.45757e+23 1.01416e+41 2.99435e+23 8.78291e+40 1.74151e+23 5.10815e+40 6.70639e+22 1.96709e+40 
3.25509e+17 1.67509e+23 5.45257e+40 7.13983e+22 2.32408e+40 6.18328e+22 2.01271e+40 3.59432e+22 1.16998e+40 1.37888e+22 4.48838e+39 
3.61234e+17 2.84458e+22 1.02756e+40 1.21390e+22 4.38501e+39 1.05127e+22 3.79753e+39 6.10757e+21 2.20626e+39 2.33297e+21 8.42748e+38 
4.00881e+17 3.89865e+21 1.56289e+39 1.66591e+21 6.67832e+38 1.44272e+21 5.78359e+38 8.37693e+20 3.35815e+38 3.18438e+20 1.27655e+38 
4.44878e+17 4.21869e+20 1.87680e+38 1.80533e+20 8.03151e+37 1.56346e+20 6.95549e+37 9.07249e+19 4.03615e+37 3.43023e+19 1.52604e+37 
4.93705e+17 3.51737e+19 1.73654e+37 1.50765e+19 7.44336e+36 1.30567e+19 6.44614e+36 7.57194e+18 3.73830e+36 2.84586e+18 1.40501e+36 
5.47890e+17 2.19931e+18 1.20498e+36 9.44370e+17 5.17411e+35 8.17849e+17 4.48091e+35 4.74008e+17 2.59704e+35 1.76990e+17 9.69713e+34 
6.08022e+17 1.00088e+17 6.08555e+34 4.30596e+16 2.61812e+34 3.72907e+16 2.26736e+34 2.16002e+16 1.31334e+34 8.00823e+15 4.86918e+33 
6.74754e+17 3.20717e+15 2.16405e+33 1.38262e+15 9.32927e+32 1.19738e+15 8.07939e+32 6.93184e+14 4.67729e+32 2.55042e+14 1.72090e+32 
7.48810e+17 6.97648e+13 5.22406e+31 3.01406e+13 2.25696e+31 2.61025e+13 1.95459e+31 1.51034e+13 1.13096e+31 5.51214e+12 4.12755e+30 
8.30994e+17 9.89428e+11 8.22209e+29 4.28418e+11 3.56013e+29 3.71021e+11 3.08316e+29 2.14579e+11 1.78314e+29 7.76536e+10 6.45297e+28 
9.22198e+17 8.74889e+09 8.06821e+27 3.79677e+09 3.50137e+27 3.28810e+09 3.03228e+27 1.90089e+09 1.75300e+27 6.81983e+08 6.28923e+26 
1.02341e+18 4.58958e+07 4.69703e+25 1.99617e+07 2.04290e+25 1.72873e+07 1.76920e+25 9.99057e+06 1.02245e+25 3.55348e+06 3.63668e+24 
1.13573e+18 1.35132e+05 1.53474e+23 5.88980e+04 6.68924e+22 5.10071e+04 5.79305e+22 2.94694e+04 3.34693e+22 1.03945e+04 1.18053e+22 
1.26038e+18 2.09833e+02 2.64470e+20 9.16354e+01 1.15496e+20 7.93586e+01 1.00022e+20 4.58392e+01 5.77750e+19 1.60426e+01 2.02199e+19 
1.39871e+18 1.60205e-01 2.24081e+17 7.00831e-02 9.80262e+16 6.06938e-02 8.48932e+16 3.50523e-02 4.90281e+16 1.21819e-02 1.70390e+16 
1.55223e+18 5.55688e-05 8.62554e+13 2.43446e-05 3.77882e+13 2.10830e-05 3.27256e+13 1.21746e-05 1.88977e+13 4.20583e-06 6.52839e+12 
1.72259e+18 8.01111e-09 1.37998e+10 3.51377e-09 6.05278e+09 3.04302e-09 5.24186e+09 1.75708e-09 3.02672e+09 6.04042e-10 1.04051e+09 
1.91164e+18 4.34428e-13 8.30472e+05 1.90719e-13 3.64586e+05 1.65167e-13 3.15741e+05 9.53651e-14 1.82304e+05 3.26598e-14 6.24340e+04 
2.12145e+18 7.92735e-18 1.68175e+01 3.48251e-18 7.38798e+00 3.01594e-18 6.39818e+00 1.74131e-18 3.69411e+00 5.94669e-19 1.26156e+00 
2.35429e+18 4.30074e-23 1.01252e-04 1.89022e-23 4.45012e-05 1.63698e-23 3.85392e-05 9.45126e-24 2.22510e-05 3.22120e-24 7.58364e-06 
2.61268e+18 6.04736e-29 1.57998e-10 2.65873e-29 6.94639e-11 2.30253e-29 6.01575e-11 1.32937e-29 3.47322e-11 4.52463e-30 1.18214e-11 
2.89942e+18 1.89345e-35 5.48991e-17 8.32631e-36 2.41415e-17 7.21079e-36 2.09071e-17 4.16317e-36 1.20708e-17 1.41570e-36 4.10471e-18 
3.21764e+18 1.11607e-42 3.59110e-24 4.90846e-43 1.57937e-24 4.25085e-43 1.36777e-24 2.45423e-43 7.89684e-25 8.34099e-44 2.68383e-25 
3.57079e+18 1.02855e-50 3.67273e-32 4.52392e-51 1.61540e-32 3.91783e-51 1.39897e-32 2.26196e-51 8.07698e-33 7.68489e-52 2.74411e-33 
3.96269e+18 1.20675e-59 4.78196e-41 5.30794e-60 2.10337e-41 4.59681e-60 1.82157e-41 2.65397e-60 1.05169e-41 9.01490e-61 3.57233e-42 
4.39760e+18 1.43563e-69 6.31331e-51 6.31485e-70 2.77702e-51 5.46882e-70 2.40497e-51 3.15742e-70 1.38851e-51 1.07238e-70 4.71590e-52 
4.88025e+18 1.34590e-80 6.56831e-62 5.92024e-81 2.88923e-62 5.12708e-81 2.50214e-62 2.96012e-81 1.44461e-62 1.00530e-81 4.90614e-63 
5.41587e+18 7.51892e-93 4.07215e-74 3.30740e-93 1.79124e-74 2.86429e-93 1.55126e-74 1.65370e-93 8.95622e-75 5.61603e-94 3.04157e-75 
6.01028e+18 1.83603e-106 1.10350e-87 8.07630e-107 4.85408e-88 6.99428e-107 4.20376e-88 4.03815e-107 2.42704e-88 1.37135e-107 8.24218e-89 
6.66992e+18 1.38959e-121 9.26848e-103 6.11254e-122 4.07702e-103 5.29362e-122 3.53080e-103 3.05627e-122 2.03851e-103 1.03789e-122 6.92266e-104 
7.40196e+18 2.22610e-138 1.64775e-119 9.79217e-139 7.24812e-120 8.48026e-139 6.27706e-120 4.89608e-139 3.62406e-120 1.66267e-139 1.23070e-120 
8.21434e+18 4.94379e-157 4.06100e-138 2.17468e-157 1.78636e-138 1.88333e-157 1.54703e-138 1.08734e-157 8.93178e-139 3.69250e-158 3.03314e-139 
9.11589e+18 9.51684e-178 8.67544e-159 4.18628e-178 3.81617e-159 3.62543e-178 3.30490e-159 2.09314e-178 1.90808e-159 7.10806e-179 6.47963e-160 
1.01164e+19 9.43027e-201 9.54002e-182 4.14820e-201 4.19648e-182 3.59245e-201 3.63426e-182 2.07410e-201 2.09824e-182 7.04338e-202 7.12535e-183 
1.12267e+19 2.69774e-226 3.02867e-207 1.18669e-226 1.33226e-207 1.02770e-226 1.15377e-207 5.93345e-227 6.66129e-208 2.01491e-227 2.26208e-208 
1.24588e+19 1.17275e-254 1.46111e-235 5.15873e-255 6.42717e-236 4.46759e-255 5.56609e-236 2.57936e-255 3.21359e-236 8.75911e-256 1.09128e-236 
1.38262e+19 2.77764e-319 3.84043e-300 1.27054e-319 1.75669e-300 1.10033e-319 1.52133e-300 6.35270e-320 8.78340e-301 1.76233e-320 2.43644e-301 
1.53437e+19 0.00000e+00 0.00000e+00 0.00000e+00 0.00000e+00 0.00000e+00 0.00000e+00 0.00000e+00 0.00000e+00 0.00000e+00 0.00000e+00 
1.70277e+19 0.00000e+00 0.00000e+00 0.00000e+00 0.00000e+00 0.00000e+00 0.00000e+00 0.00000e+00 0.00000e+00 0.00000e+00 0.00000e+00 
1.88965e+19 0.00000e+00 0.00000e+00 0.00000e+00 0.00000e+00 0.00000e+00 0.00000e+00 0.00000e+00 0.00000e+00 0.00000e+00 0.00000e+00 
2.09705e+19 0.00000e+00 0.00000e+00 0.00000e+00 0.00000e+00 0.00000e+00 0.00000e+00 0.00000e+00 0.00000e+00 0.00000e+00 0.00000e+00 
2.32720e+19 0.00000e+00 0.00000e+00 0.00000e+00 0.00000e+00 0.00000e+00 0.00000e+00 0.00000e+00 0.00000e+00 0.00000e+00 0.00000e+00 
2.58262e+19 0.00000e+00 0.00000e+00 0.00000e+00 0.00000e+00 0.00000e+00 0.00000e+00 0.00000e+00 0.00000e+00 0.00000e+00 0.00000e+00 
2.86607e+19 0.00000e+00 0.00000e+00 0.00000e+00 0.00000e+00 0.00000e+00 0.00000e+00 0.00000e+00 0.00000e+00 0.00000e+00 0.00000e+00 
3.18063e+19 0.00000e+00 0.00000e+00 0.00000e+00 0.00000e+00 0.00000e+00 0.00000e+00 0.00000e+00 0.00000e+00 0.00000e+00 0.00000e+00 
3.52971e+19 0.00000e+00 0.00000e+00 0.00000e+00 0.00000e+00 0.00000e+00 0.00000e+00 0.00000e+00 0.00000e+00 0.00000e+00 0.00000e+00 
3.91710e+19 0.00000e+00 0.00000e+00 0.00000e+00 0.00000e+00 0.00000e+00 0.00000e+00 0.00000e+00 0.00000e+00 0.00000e+00 0.00000e+00 
4.34701e+19 0.00000e+00 0.00000e+00 0.00000e+00 0.00000e+00 0.00000e+00 0.00000e+00 0.00000e+00 0.00000e+00 0.00000e+00 0.00000e+00 
4.82411e+19 0.00000e+00 0.00000e+00 0.00000e+00 0.00000e+00 0.00000e+00 0.00000e+00 0.00000e+00 0.00000e+00 0.00000e+00 0.00000e+00 
5.35357e+19 0.00000e+00 0.00000e+00 0.00000e+00 0.00000e+00 0.00000e+00 0.00000e+00 0.00000e+00 0.00000e+00 0.00000e+00 0.00000e+00 
5.94113e+19 0.00000e+00 0.00000e+00 0.00000e+00 0.00000e+00 0.00000e+00 0.00000e+00 0.00000e+00 0.00000e+00 0.00000e+00 0.00000e+00 
6.59319e+19 0.00000e+00 0.00000e+00 0.00000e+00 0.00000e+00 0.00000e+00 0.00000e+00 0.00000e+00 0.00000e+00 0.00000e+00 0.00000e+00 
7.31681e+19 0.00000e+00 0.00000e+00 0.00000e+00 0.00000e+00 0.00000e+00 0.00000e+00 0.00000e+00 0.00000e+00 0.00000e+00 0.00000e+00 
8.11984e+19 0.00000e+00 0.00000e+00 0.00000e+00 0.00000e+00 0.00000e+00 0.00000e+00 0.00000e+00 0.00000e+00 0.00000e+00 0.00000e+00 
9.01102e+19 0.00000e+00 0.00000e+00 0.00000e+00 0.00000e+00 0.00000e+00 0.00000e+00 0.00000e+00 0.00000e+00 0.00000e+00 0.00000e+00 
1.00000e+20 0.00000e+00 0.00000e+00 0.00000e+00 0.00000e+00 0.00000e+00 0.00000e+00 0.00000e+00 0.00000e+00 0.00000e+00 0.00000e+00 
