1.00000e+11 8.08466e+20 8.08466e+31 2.10321e+20 2.10321e+31 2.14219e+20 2.14219e+31 2.13618e+20 2.13618e+31 2.10036e+20 2.10036e+31 
1.10975e+11 9.95662e+20 1.10494e+32 2.59020e+20 2.87448e+31 2.63820e+20 2.92775e+31 2.63080e+20 2.91954e+31 2.58668e+20 2.87057e+31 
1.23155e+11 1.22620e+21 1.51013e+32 3.18994e+20 3.92858e+31 3.24906e+20 4.00138e+31 3.23995e+20 3.99016e+31 3.18561e+20 3.92324e+31 
1.36672e+11 1.51012e+21 2.06390e+32 3.92855e+20 5.36922e+31 4.00136e+20 5.46872e+31 3.99013e+20 5.45338e+31 3.92321e+20 5.36192e+31 
1.51672e+11 1.85978e+21 2.82075e+32 4.83818e+20 7.33815e+31 4.92784e+20 7.47414e+31 4.91402e+20 7.45317e+31 4.83160e+20 7.32817e+31 
1.68318e+11 2.29039e+21 3.85514e+32 5.95842e+20 1.00291e+32 6.06884e+20 1.02149e+32 6.05181e+20 1.01863e+32 5.95031e+20 1.00154e+32 
1.86791e+11 2.82071e+21 5.26884e+32 7.33804e+20 1.37068e+32 7.47402e+20 1.39608e+32 7.45305e+20 1.39216e+32 7.32805e+20 1.36882e+32 
2.07292e+11 3.47381e+21 7.20093e+32 9.03708e+20 1.87332e+32 9.20454e+20 1.90803e+32 9.17871e+20 1.90268e+32 9.02477e+20 1.87076e+32 
2.30043e+11 4.27813e+21 9.84153e+32 1.11295e+21 2.56027e+32 1.13357e+21 2.60771e+32 1.13039e+21 2.60039e+32 1.11143e+21 2.55678e+32 
2.55291e+11 5.26867e+21 1.34504e+33 1.37064e+21 3.49912e+32 1.39604e+21 3.56396e+32 1.39212e+21 3.55395e+32 1.36877e+21 3.49435e+32 
2.83310e+11 6.48855e+21 1.83827e+33 1.68799e+21 4.78225e+32 1.71927e+21 4.87086e+32 1.71444e+21 4.85718e+32 1.68569e+21 4.77571e+32 
3.14404e+11 7.99086e+21 2.51235e+33 2.07882e+21 6.53589e+32 2.11734e+21 6.65698e+32 2.11139e+21 6.63829e+32 2.07598e+21 6.52695e+32 
3.48910e+11 9.84098e+21 3.43362e+33 2.56014e+21 8.93257e+32 2.60757e+21 9.09807e+32 2.60024e+21 9.07250e+32 2.55663e+21 8.92034e+32 
3.87204e+11 1.21195e+22 4.69270e+33 3.15288e+21 1.22081e+33 3.21129e+21 1.24343e+33 3.20227e+21 1.23993e+33 3.14856e+21 1.21913e+33 
4.29700e+11 1.49254e+22 6.41346e+33 3.88286e+21 1.66847e+33 3.95480e+21 1.69938e+33 3.94368e+21 1.69460e+33 3.87753e+21 1.66618e+33 
4.76861e+11 1.83810e+22 8.76519e+33 4.78185e+21 2.28028e+33 4.87043e+21 2.32252e+33 4.85673e+21 2.31598e+33 4.77527e+21 2.27714e+33 
5.29198e+11 2.26366e+22 1.19792e+34 5.88895e+21 3.11642e+33 5.99803e+21 3.17415e+33 5.98116e+21 3.16521e+33 5.88084e+21 3.11213e+33 
5.87279e+11 2.78774e+22 1.63718e+34 7.25236e+21 4.25916e+33 7.38668e+21 4.33804e+33 7.36589e+21 4.32583e+33 7.24235e+21 4.25327e+33 
6.51734e+11 3.43313e+22 2.23749e+34 8.93140e+21 5.82090e+33 9.09681e+21 5.92870e+33 9.07119e+21 5.91200e+33 8.91904e+21 5.81284e+33 
7.23263e+11 4.22794e+22 3.05791e+34 1.09991e+22 7.95527e+33 1.12028e+22 8.10258e+33 1.11712e+22 8.07975e+33 1.09839e+22 7.94423e+33 
8.02643e+11 5.20673e+22 4.17914e+34 1.35455e+22 1.08722e+34 1.37963e+22 1.10735e+34 1.37574e+22 1.10423e+34 1.35267e+22 1.08571e+34 
8.90735e+11 6.41208e+22 5.71147e+34 1.66814e+22 1.48587e+34 1.69902e+22 1.51338e+34 1.69423e+22 1.50911e+34 1.66581e+22 1.48379e+34 
9.88496e+11 7.89644e+22 7.80560e+34 2.05431e+22 2.03067e+34 2.09234e+22 2.06826e+34 2.08643e+22 2.06242e+34 2.05143e+22 2.02783e+34 
1.09699e+12 9.72438e+22 1.06675e+35 2.52986e+22 2.77522e+34 2.57669e+22 2.82659e+34 2.56941e+22 2.81860e+34 2.52631e+22 2.77132e+34 
1.21738e+12 1.19754e+23 1.45786e+35 3.11549e+22 3.79275e+34 3.17315e+22 3.86294e+34 3.16417e+22 3.85201e+34 3.11109e+22 3.78739e+34 
1.35099e+12 1.47474e+23 1.99236e+35 3.83666e+22 5.18331e+34 3.90765e+22 5.27922e+34 3.89659e+22 5.26426e+34 3.83122e+22 5.17596e+34 
1.49927e+12 1.81609e+23 2.72280e+35 4.72474e+22 7.08366e+34 4.81215e+22 7.21470e+34 4.79850e+22 7.19424e+34 4.71801e+22 7.07356e+34 
1.66382e+12 2.23643e+23 3.72102e+35 5.81834e+22 9.68066e+34 5.92596e+22 9.85971e+34 5.90913e+22 9.83172e+34 5.81001e+22 9.66679e+34 
1.84642e+12 2.75405e+23 5.08514e+35 7.16502e+22 1.32297e+35 7.29751e+22 1.34743e+35 7.27676e+22 1.34360e+35 7.15469e+22 1.32106e+35 
2.04907e+12 3.39143e+23 6.94929e+35 8.82331e+22 1.80796e+35 8.98642e+22 1.84138e+35 8.96083e+22 1.83614e+35 8.81050e+22 1.80534e+35 
2.27397e+12 4.17627e+23 9.49671e+35 1.08653e+23 2.47073e+35 1.10661e+23 2.51639e+35 1.10345e+23 2.50921e+35 1.08494e+23 2.46712e+35 
2.52354e+12 5.14269e+23 1.29778e+36 1.33797e+23 3.37642e+35 1.36269e+23 3.43880e+35 1.35879e+23 3.42897e+35 1.33600e+23 3.37144e+35 
2.80050e+12 6.33267e+23 1.77347e+36 1.64758e+23 4.61406e+35 1.67801e+23 4.69927e+35 1.67320e+23 4.68581e+35 1.64513e+23 4.60719e+35 
3.10787e+12 7.79788e+23 2.42348e+36 2.02881e+23 6.30527e+35 2.06626e+23 6.42167e+35 2.06033e+23 6.40323e+35 2.02576e+23 6.29579e+35 
3.44896e+12 9.60196e+23 3.31168e+36 2.49821e+23 8.61624e+35 2.54431e+23 8.77524e+35 2.53699e+23 8.74997e+35 2.49441e+23 8.60314e+35 
3.82749e+12 1.18232e+24 4.52533e+36 3.07617e+23 1.17740e+36 3.13291e+23 1.19912e+36 3.12386e+23 1.19566e+36 3.07144e+23 1.17559e+36 
4.24757e+12 1.45580e+24 6.18363e+36 3.78777e+23 1.60888e+36 3.85759e+23 1.63854e+36 3.84642e+23 1.63379e+36 3.78186e+23 1.60637e+36 
4.71375e+12 1.79250e+24 8.44942e+36 4.66389e+23 2.19844e+36 4.74981e+23 2.23894e+36 4.73600e+23 2.23243e+36 4.65651e+23 2.19496e+36 
5.23110e+12 2.20703e+24 1.15452e+37 5.74253e+23 3.00397e+36 5.84825e+23 3.05928e+36 5.83117e+23 3.05034e+36 5.73330e+23 2.99915e+36 
5.80523e+12 2.71734e+24 1.57747e+37 7.07045e+23 4.10456e+36 7.20053e+23 4.18007e+36 7.17941e+23 4.16781e+36 7.05889e+23 4.09785e+36 
6.44236e+12 3.34554e+24 2.15532e+37 8.70521e+23 5.60821e+36 8.86523e+23 5.71130e+36 8.83910e+23 5.69447e+36 8.69071e+23 5.59887e+36 
7.14943e+12 4.11884e+24 2.94474e+37 1.07176e+24 7.66249e+36 1.09145e+24 7.80321e+36 1.08821e+24 7.78009e+36 1.06994e+24 7.64946e+36 
7.93410e+12 5.07070e+24 4.02315e+37 1.31948e+24 1.04689e+37 1.34369e+24 1.06610e+37 1.33968e+24 1.06292e+37 1.31719e+24 1.04507e+37 
8.80488e+12 6.24229e+24 5.49626e+37 1.62439e+24 1.43026e+37 1.65416e+24 1.45647e+37 1.64920e+24 1.45210e+37 1.62150e+24 1.42771e+37 
9.77124e+12 7.68422e+24 7.50844e+37 1.99968e+24 1.95394e+37 2.03628e+24 1.98970e+37 2.03013e+24 1.98369e+37 1.99603e+24 1.95037e+37 
1.08437e+13 9.45877e+24 1.02568e+38 2.46157e+24 2.66924e+37 2.50656e+24 2.71803e+37 2.49892e+24 2.70974e+37 2.45694e+24 2.66422e+37 
1.20338e+13 1.16425e+25 1.40103e+38 3.02998e+24 3.64621e+37 3.08527e+24 3.71275e+37 3.07579e+24 3.70133e+37 3.02411e+24 3.63915e+37 
1.33545e+13 1.43294e+25 1.91363e+38 3.72943e+24 4.98048e+37 3.79738e+24 5.07121e+37 3.78559e+24 5.05547e+37 3.72197e+24 4.97051e+37 
1.48202e+13 1.76354e+25 2.61360e+38 4.59007e+24 6.80257e+37 4.67353e+24 6.92626e+37 4.65886e+24 6.90453e+37 4.58055e+24 6.78847e+37 
1.64468e+13 2.17023e+25 3.56933e+38 5.64891e+24 9.29063e+37 5.75140e+24 9.45919e+37 5.73314e+24 9.42917e+37 5.63675e+24 9.27063e+37 
1.82518e+13 2.67049e+25 4.87414e+38 6.95147e+24 1.26877e+38 7.07729e+24 1.29174e+38 7.05454e+24 1.28758e+38 6.93590e+24 1.26593e+38 
2.02550e+13 3.28577e+25 6.65533e+38 8.55364e+24 1.73254e+38 8.70806e+24 1.76382e+38 8.67966e+24 1.75807e+38 8.53364e+24 1.72849e+38 
2.24781e+13 4.04238e+25 9.08649e+38 1.05241e+25 2.36561e+38 1.07135e+25 2.40819e+38 1.06780e+25 2.40021e+38 1.04983e+25 2.35982e+38 
2.49451e+13 4.97265e+25 1.24043e+39 1.29470e+25 3.22965e+38 1.31793e+25 3.28759e+38 1.31349e+25 3.27652e+38 1.29138e+25 3.22136e+38 
2.76829e+13 6.11623e+25 1.69315e+39 1.59260e+25 4.40876e+38 1.62107e+25 4.48757e+38 1.61551e+25 4.47218e+38 1.58830e+25 4.39686e+38 
3.07211e+13 7.52173e+25 2.31076e+39 1.95877e+25 6.01757e+38 1.99365e+25 6.12470e+38 1.98667e+25 6.10327e+38 1.95320e+25 6.00044e+38 
3.40929e+13 9.24876e+25 3.15317e+39 2.40879e+25 8.21226e+38 2.45148e+25 8.35780e+38 2.44272e+25 8.32792e+38 2.40154e+25 8.18753e+38 
3.78346e+13 1.13704e+26 4.30193e+39 2.96172e+25 1.12056e+39 3.01395e+25 1.14032e+39 3.00291e+25 1.13614e+39 2.95226e+25 1.11698e+39 
4.19871e+13 1.39759e+26 5.86808e+39 3.64092e+25 1.52872e+39 3.70476e+25 1.55552e+39 3.69085e+25 1.54968e+39 3.62855e+25 1.52352e+39 
4.65953e+13 1.71749e+26 8.00267e+39 4.47498e+25 2.08513e+39 4.55295e+25 2.12146e+39 4.53537e+25 2.11327e+39 4.45877e+25 2.07758e+39 
5.17092e+13 2.11010e+26 1.09111e+40 5.49889e+25 2.84343e+39 5.59403e+25 2.89263e+39 5.57178e+25 2.88112e+39 5.47760e+25 2.83242e+39 
5.73844e+13 2.59177e+26 1.48727e+40 6.75541e+25 3.87655e+39 6.87137e+25 3.94310e+39 6.84315e+25 3.92690e+39 6.72738e+25 3.86047e+39 
6.36825e+13 3.18245e+26 2.02666e+40 8.29678e+25 5.28360e+39 8.43795e+25 5.37350e+39 8.40207e+25 5.35065e+39 8.25980e+25 5.26005e+39 
7.06718e+13 3.90647e+26 2.76078e+40 1.01867e+26 7.19915e+39 1.03584e+26 7.32044e+39 1.03127e+26 7.28814e+39 1.01378e+26 7.16460e+39 
7.84282e+13 4.79347e+26 3.75943e+40 1.25030e+26 9.80586e+39 1.27113e+26 9.96924e+39 1.26529e+26 9.92348e+39 1.24382e+26 9.75508e+39 
8.70359e+13 5.87948e+26 5.11726e+40 1.53401e+26 1.33514e+40 1.55925e+26 1.35711e+40 1.55179e+26 1.35061e+40 1.52542e+26 1.32766e+40 
9.65883e+13 7.20828e+26 6.96236e+40 1.88131e+26 1.81713e+40 1.91184e+26 1.84661e+40 1.90226e+26 1.83736e+40 1.86990e+26 1.80610e+40 
1.07189e+14 8.83297e+26 9.46798e+40 2.30617e+26 2.47197e+40 2.34300e+26 2.51145e+40 2.33070e+26 2.49825e+40 2.29098e+26 2.45568e+40 
1.18953e+14 1.08178e+27 1.28682e+41 2.82551e+26 3.36104e+40 2.86984e+26 3.41377e+40 2.85398e+26 3.39491e+40 2.80526e+26 3.33695e+40 
1.32009e+14 1.32404e+27 1.74785e+41 3.45981e+26 4.56725e+40 3.51300e+26 4.63747e+40 3.49252e+26 4.61044e+40 3.43279e+26 4.53158e+40 
1.46497e+14 1.61944e+27 2.37243e+41 4.23378e+26 6.20236e+40 4.29738e+26 6.29554e+40 4.27089e+26 6.25674e+40 4.19769e+26 6.14949e+40 
1.62576e+14 1.97922e+27 3.21772e+41 5.17718e+26 8.41682e+40 5.25294e+26 8.54000e+40 5.21860e+26 8.48416e+40 5.12894e+26 8.33840e+40 
1.80419e+14 2.41684e+27 4.36044e+41 6.32574e+26 1.14128e+41 6.41559e+26 1.15749e+41 6.37096e+26 1.14944e+41 6.26123e+26 1.12964e+41 
2.00220e+14 2.94842e+27 5.90332e+41 7.72225e+26 1.54615e+41 7.82823e+26 1.56737e+41 7.77014e+26 1.55574e+41 7.63593e+26 1.52887e+41 
2.22195e+14 3.59307e+27 7.98361e+41 9.41771e+26 2.09257e+41 9.54194e+26 2.12017e+41 9.46621e+26 2.10334e+41 9.30220e+26 2.06690e+41 
2.46581e+14 4.37347e+27 1.07842e+42 1.14727e+27 2.82896e+41 1.16173e+27 2.86460e+41 1.15184e+27 2.84022e+41 1.13181e+27 2.79084e+41 
2.73644e+14 5.31632e+27 1.45478e+42 1.39589e+27 3.81977e+41 1.41256e+27 3.86538e+41 1.39963e+27 3.83000e+41 1.37520e+27 3.76316e+41 
3.03677e+14 6.45285e+27 1.95958e+42 1.69605e+27 5.15050e+41 1.71506e+27 5.20823e+41 1.69813e+27 5.15684e+41 1.66838e+27 5.06647e+41 
3.37006e+14 7.81940e+27 2.63519e+42 2.05756e+27 6.93413e+41 2.07896e+27 7.00621e+41 2.05678e+27 6.93149e+41 2.02058e+27 6.80949e+41 
3.73994e+14 9.45784e+27 3.53717e+42 2.49184e+27 9.31933e+41 2.51550e+27 9.40780e+41 2.48643e+27 9.29910e+41 2.44245e+27 9.13462e+41 
4.15040e+14 1.14160e+28 4.73808e+42 3.01196e+27 1.25009e+42 3.03753e+27 1.26070e+42 2.99942e+27 1.24488e+42 2.94609e+27 1.22275e+42 
4.60592e+14 1.37476e+28 6.33203e+42 3.63278e+27 1.67323e+42 3.65957e+27 1.68557e+42 3.60961e+27 1.66256e+42 3.54506e+27 1.63283e+42 
5.11143e+14 1.65126e+28 8.44030e+42 4.37095e+27 2.23418e+42 4.39778e+27 2.24790e+42 4.33232e+27 2.21444e+42 4.25436e+27 2.17459e+42 
5.67243e+14 1.97762e+28 1.12179e+43 5.24484e+27 2.97509e+42 5.26983e+27 2.98927e+42 5.18413e+27 2.94066e+42 5.09022e+27 2.88739e+42 
6.29499e+14 2.36078e+28 1.48611e+43 6.27425e+27 3.94963e+42 6.29461e+27 3.96245e+42 6.18256e+27 3.89191e+42 6.06977e+27 3.82091e+42 
6.98588e+14 2.80790e+28 1.96157e+43 7.47999e+27 5.22543e+42 7.49166e+27 5.23358e+42 7.34545e+27 5.13144e+42 7.21044e+27 5.03713e+42 
7.75260e+14 3.32605e+28 2.57855e+43 8.88308e+27 6.88670e+42 8.88039e+27 6.88461e+42 8.69006e+27 6.73706e+42 8.52910e+27 6.61227e+42 
8.60346e+14 3.92171e+28 3.37403e+43 1.05036e+28 9.03675e+42 1.04788e+28 9.01541e+42 1.02318e+28 8.80293e+42 1.00408e+28 8.63857e+42 
9.54772e+14 4.60019e+28 4.39213e+43 1.23591e+28 1.18001e+43 1.23019e+28 1.17455e+43 1.19826e+28 1.14407e+43 1.17571e+28 1.12253e+43 
1.05956e+15 5.36479e+28 5.68432e+43 1.44622e+28 1.53236e+43 1.43593e+28 1.52145e+43 1.39485e+28 1.47793e+43 1.36839e+28 1.44989e+43 
1.17585e+15 6.21575e+28 7.30878e+43 1.68181e+28 1.97756e+43 1.66525e+28 1.95808e+43 1.61268e+28 1.89627e+43 1.58186e+28 1.86003e+43 
1.30490e+15 7.14902e+28 9.32877e+43 1.94207e+28 2.53420e+43 1.91715e+28 2.50170e+43 1.85033e+28 2.41450e+43 1.81472e+28 2.36804e+43 
1.44812e+15 8.15491e+28 1.18093e+44 2.22485e+28 3.22184e+43 2.18911e+28 3.17008e+43 2.10480e+28 3.04800e+43 2.06408e+28 2.98903e+43 
1.60705e+15 9.21662e+28 1.48116e+44 2.52605e+28 4.05949e+43 2.47663e+28 3.98008e+43 2.37121e+28 3.81066e+43 2.32516e+28 3.73665e+43 
1.78343e+15 1.03089e+29 1.83853e+44 2.83916e+28 5.06344e+43 2.77296e+28 4.94537e+43 2.64244e+28 4.71261e+43 2.59105e+28 4.62095e+43 
1.97917e+15 1.13973e+29 2.25572e+44 3.15491e+28 6.24409e+43 3.06871e+28 6.07349e+43 2.90897e+28 5.75734e+43 2.85249e+28 5.64554e+43 
2.19639e+15 1.24378e+29 2.73181e+44 3.46115e+28 7.60202e+43 3.35191e+28 7.36208e+43 3.15890e+28 6.93816e+43 3.09786e+28 6.80410e+43 
2.43744e+15 1.33776e+29 3.26072e+44 3.74300e+28 9.12336e+43 3.60819e+28 8.79476e+43 3.37827e+28 8.23433e+43 3.31355e+28 8.07659e+43 
2.70496e+15 1.41582e+29 3.82973e+44 3.98355e+28 1.07754e+44 3.82157e+28 1.03372e+44 3.55188e+28 9.60769e+43 3.48461e+28 9.42572e+43 
3.00184e+15 1.47191e+29 4.41842e+44 4.16513e+28 1.25030e+44 3.97572e+28 1.19345e+44 3.66457e+28 1.10004e+44 3.59598e+28 1.07946e+44 
3.33129e+15 1.50048e+29 4.99853e+44 4.27127e+28 1.42289e+44 4.05580e+28 1.35111e+44 3.70300e+28 1.23358e+44 3.63420e+28 1.21066e+44 
3.69691e+15 1.49725e+29 5.53521e+44 4.28921e+28 1.58568e+44 4.05084e+28 1.49756e+44 3.65782e+28 1.35226e+44 3.58937e+28 1.32696e+44 
4.10266e+15 1.46014e+29 5.99044e+44 4.21265e+28 1.72831e+44 3.95611e+28 1.62306e+44 3.52587e+28 1.44654e+44 3.45740e+28 1.41845e+44 
4.55294e+15 1.39000e+29 6.32856e+44 4.04418e+28 1.84129e+44 3.77532e+28 1.71888e+44 3.31206e+28 1.50796e+44 3.24185e+28 1.47599e+44 
5.05263e+15 1.29115e+29 6.52368e+44 3.79658e+28 1.91827e+44 3.52156e+28 1.77931e+44 3.03015e+28 1.53102e+44 2.95494e+28 1.49302e+44 
5.60717e+15 1.17129e+29 6.56760e+44 3.49235e+28 1.95822e+44 3.21677e+28 1.80370e+44 2.70208e+28 1.51510e+44 2.61718e+28 1.46750e+44 
6.22257e+15 1.04074e+29 6.47610e+44 3.16111e+28 1.96702e+44 2.88917e+28 1.79781e+44 2.35546e+28 1.46570e+44 2.25521e+28 1.40332e+44 
6.90551e+15 9.11016e+28 6.29103e+44 2.83494e+28 1.95767e+44 2.56896e+28 1.77400e+44 2.01947e+28 1.39455e+44 1.89805e+28 1.31070e+44 
7.66341e+15 7.92906e+28 6.07636e+44 2.54294e+28 1.94876e+44 2.28325e+28 1.74975e+44 1.72005e+28 1.31815e+44 1.57238e+28 1.20498e+44 
8.50449e+15 6.94675e+28 5.90785e+44 2.30619e+28 1.96130e+44 2.05150e+28 1.74470e+44 1.47565e+28 1.25497e+44 1.29801e+28 1.10389e+44 
9.43788e+15 6.20778e+28 5.85883e+44 2.13490e+28 2.01489e+44 1.88289e+28 1.77705e+44 1.29467e+28 1.22189e+44 1.08501e+28 1.02402e+44 
1.04737e+16 5.71547e+28 5.98622e+44 2.02822e+28 2.12430e+44 1.77627e+28 1.86042e+44 1.17550e+28 1.23119e+44 9.33161e+27 9.77365e+43 
1.16232e+16 5.43868e+28 6.32150e+44 1.97677e+28 2.29764e+44 1.72252e+28 2.00212e+44 1.10885e+28 1.28884e+44 8.33945e+27 9.69312e+43 
1.28989e+16 5.32541e+28 6.86920e+44 1.96647e+28 2.53653e+44 1.70818e+28 2.20336e+44 1.08130e+28 1.39476e+44 7.74157e+27 9.98578e+43 
1.43146e+16 5.31771e+28 7.61209e+44 1.98234e+28 2.83763e+44 1.71903e+28 2.46072e+44 1.07895e+28 1.54447e+44 7.39710e+27 1.05886e+44 
1.58857e+16 5.36316e+28 8.51972e+44 2.01097e+28 3.19456e+44 1.74244e+28 2.76799e+44 1.08973e+28 1.73111e+44 7.18481e+27 1.14135e+44 
1.76291e+16 5.42038e+28 9.55567e+44 2.04154e+28 3.59905e+44 1.76833e+28 3.11742e+44 1.10444e+28 1.94703e+44 7.01632e+27 1.23692e+44 
1.95640e+16 5.45939e+28 1.06808e+45 2.06552e+28 4.04098e+44 1.78888e+28 3.49977e+44 1.11647e+28 2.18426e+44 6.83584e+27 1.33736e+44 
2.17112e+16 5.45896e+28 1.18521e+45 2.07599e+28 4.50721e+44 1.79788e+28 3.90341e+44 1.12109e+28 2.43402e+44 6.61248e+27 1.43565e+44 
2.40940e+16 5.40366e+28 1.30196e+45 2.06699e+28 4.98020e+44 1.79007e+28 4.31299e+44 1.11469e+28 2.68573e+44 6.33147e+27 1.52551e+44 
2.67384e+16 5.28199e+28 1.41232e+45 2.03334e+28 5.43682e+44 1.76092e+28 4.70843e+44 1.09442e+28 2.92629e+44 5.98743e+27 1.60094e+44 
2.96730e+16 5.08593e+28 1.50915e+45 1.97091e+28 5.84828e+44 1.70686e+28 5.06476e+44 1.05817e+28 3.13991e+44 5.58070e+27 1.65596e+44 
3.29297e+16 4.81154e+28 1.58442e+45 1.87716e+28 6.18142e+44 1.62567e+28 5.35327e+44 1.00479e+28 3.30874e+44 5.11583e+27 1.68463e+44 
3.65438e+16 4.46004e+28 1.62987e+45 1.75176e+28 6.40162e+44 1.51707e+28 5.54396e+44 9.34369e+27 3.41454e+44 4.60119e+27 1.68145e+44 
4.05546e+16 4.03892e+28 1.63797e+45 1.59711e+28 6.47702e+44 1.38314e+28 5.60926e+44 8.48487e+27 3.44100e+44 4.04905e+27 1.64208e+44 
4.50056e+16 3.56236e+28 1.60326e+45 1.41845e+28 6.38380e+44 1.22841e+28 5.52853e+44 7.50249e+27 3.37654e+44 3.47560e+27 1.56421e+44 
4.99451e+16 3.05075e+28 1.52370e+45 1.22361e+28 6.11133e+44 1.05968e+28 5.29256e+44 6.44102e+27 3.21697e+44 2.90041e+27 1.44861e+44 
5.54266e+16 2.52889e+28 1.40168e+45 1.02226e+28 5.66606e+44 8.85305e+27 4.90695e+44 5.35374e+27 2.96740e+44 2.34504e+27 1.29978e+44 
6.15099e+16 2.02303e+28 1.24437e+45 8.24732e+27 5.07292e+44 7.14239e+27 4.39327e+44 4.29628e+27 2.64264e+44 1.83073e+27 1.12608e+44 
6.82607e+16 1.55729e+28 1.06301e+45 6.40673e+27 4.37328e+44 5.54839e+27 3.78737e+44 3.31933e+27 2.26580e+44 1.37551e+27 9.38931e+43 
7.57525e+16 1.15029e+28 8.71375e+44 4.77812e+27 3.61954e+44 4.13797e+27 3.13462e+44 2.46214e+27 1.86513e+44 9.91624e+26 7.51180e+43 
8.40665e+16 8.13022e+27 6.83480e+44 3.41072e+27 2.86727e+44 2.95377e+27 2.48313e+44 1.74830e+27 1.46973e+44 6.83980e+26 5.74998e+43 
9.32930e+16 5.48222e+27 5.11453e+44 2.32254e+27 2.16677e+44 2.01138e+27 1.87648e+44 1.18463e+27 1.10518e+44 4.50147e+26 4.19956e+43 
1.03532e+17 3.51475e+27 3.63890e+44 1.50307e+27 1.55616e+44 1.30169e+27 1.34767e+44 7.63221e+26 7.90179e+43 2.81846e+26 2.91802e+43 
1.14895e+17 2.13374e+27 2.45156e+44 9.20374e+26 1.05746e+44 7.97068e+26 9.15792e+43 4.65521e+26 5.34861e+43 1.67312e+26 1.92233e+43 
1.27505e+17 1.22039e+27 1.55605e+44 5.30403e+26 6.76291e+43 4.59342e+26 5.85685e+43 2.67402e+26 3.40952e+43 9.37588e+25 1.19547e+43 
1.41499e+17 6.53491e+26 9.24684e+43 2.85830e+26 4.04447e+43 2.47536e+26 3.50262e+43 1.43728e+26 2.03374e+43 4.93198e+25 6.97871e+42 
1.57029e+17 3.25140e+26 5.10564e+43 1.42939e+26 2.24455e+43 1.23789e+26 1.94384e+43 7.17355e+25 1.12646e+43 2.41787e+25 3.79676e+42 
1.74263e+17 1.48969e+26 2.59598e+43 6.57450e+25 1.14569e+43 5.69369e+25 9.92201e+42 3.29488e+25 5.74177e+42 1.09499e+25 1.90816e+42 
1.93389e+17 6.22080e+25 1.20303e+43 2.75319e+25 5.32437e+42 2.38433e+25 4.61104e+42 1.37849e+25 2.66584e+42 4.53322e+24 8.76676e+41 
2.14614e+17 2.34041e+25 5.02285e+42 1.03781e+25 2.22729e+42 8.98771e+24 1.92889e+42 5.19304e+24 1.11450e+42 1.69528e+24 3.63831e+41 
2.38169e+17 7.83134e+24 1.86518e+42 3.47691e+24 8.28090e+41 3.01109e+24 7.17147e+41 1.73916e+24 4.14213e+41 5.65082e+23 1.34585e+41 
2.64308e+17 2.29754e+24 6.07259e+41 1.02076e+24 2.69796e+41 8.84005e+23 2.33650e+41 5.10484e+23 1.34925e+41 1.65422e+23 4.37223e+40 
2.93317e+17 5.81651e+23 1.70608e+41 2.58502e+23 7.58230e+40 2.23869e+23 6.56646e+40 1.29263e+23 3.79151e+40 4.18388e+22 1.22720e+40 
3.25509e+17 1.24829e+23 4.06329e+40 5.54814e+22 1.80597e+40 4.80483e+22 1.56402e+40 2.77419e+22 9.03023e+39 8.97821e+21 2.92249e+39 
3.61234e+17 2.22633e+22 8.04226e+39 9.89424e+21 3.57414e+39 8.56866e+21 3.09529e+39 4.94721e+21 1.78710e+39 1.60199e+21 5.78694e+38 
4.00881e+17 3.22732e+21 1.29377e+39 1.43402e+21 5.74873e+38 1.24190e+21 4.97854e+38 7.17017e+20 2.87438e+38 2.32405e+20 9.31668e+37 
4.44878e+17 3.70972e+20 1.65037e+38 1.64800e+20 7.33161e+37 1.42721e+20 6.34936e+37 8.24004e+19 3.66581e+37 2.67385e+19 1.18954e+37 
4.93705e+17 3.28992e+19 1.62425e+37 1.46117e+19 7.21389e+36 1.26541e+19 6.24741e+36 7.30588e+18 3.60695e+36 2.37346e+18 1.17179e+36 
5.47890e+17 2.18387e+18 1.19652e+36 9.69725e+17 5.31303e+35 8.39807e+17 4.60122e+35 4.84863e+17 2.65652e+35 1.57687e+17 8.63950e+34 
6.08022e+17 1.04945e+17 6.38091e+34 4.65910e+16 2.83284e+34 4.03490e+16 2.45331e+34 2.32955e+16 1.41642e+34 7.58333e+15 4.61083e+33 
6.74754e+17 3.51893e+15 2.37441e+33 1.56199e+15 1.05396e+33 1.35273e+15 9.12758e+32 7.80997e+14 5.26981e+32 2.54440e+14 1.71684e+32 
7.48810e+17 7.90567e+13 5.91985e+31 3.50872e+13 2.62737e+31 3.03864e+13 2.27537e+31 1.75436e+13 1.31368e+31 5.71927e+12 4.28265e+30 
8.30994e+17 1.13784e+12 9.45537e+29 5.04945e+11 4.19606e+29 4.37295e+11 3.63390e+29 2.52472e+11 2.09803e+29 8.23504e+10 6.84327e+28 
9.22198e+17 9.98427e+09 9.20747e+27 4.43038e+09 4.08569e+27 3.83682e+09 3.53831e+27 2.21519e+09 2.04284e+27 7.22853e+08 6.66614e+26 
1.02341e+18 5.05631e+07 5.17469e+25 2.24350e+07 2.29603e+25 1.94293e+07 1.98842e+25 1.12175e+07 1.14801e+25 3.66177e+06 3.74749e+24 
1.13573e+18 1.39081e+05 1.57959e+23 6.17067e+04 7.00823e+22 5.34395e+04 6.06931e+22 3.08533e+04 3.50412e+22 1.00747e+04 1.14421e+22 
1.26038e+18 1.94271e+02 2.44856e+20 8.61880e+01 1.08630e+20 7.46410e+01 9.40762e+19 4.30940e+01 5.43149e+19 1.40757e+01 1.77407e+19 
1.39871e+18 1.27905e-01 1.78903e+17 5.67417e-02 7.93654e+16 4.91398e-02 6.87325e+16 2.83709e-02 3.96827e+16 9.26926e-03 1.29650e+16 
1.55223e+18 3.65457e-05 5.67272e+13 1.62115e-05 2.51639e+13 1.40396e-05 2.17926e+13 8.10576e-06 1.25820e+13 2.64905e-06 4.11192e+12 
1.72259e+18 4.13501e-09 7.12290e+09 1.83415e-09 3.15949e+09 1.58842e-09 2.73620e+09 9.17077e-10 1.57974e+09 2.99800e-10 5.16432e+08 
1.91164e+18 1.67380e-13 3.19972e+05 7.42395e-14 1.41919e+05 6.42933e-14 1.22906e+05 3.71197e-14 7.09597e+04 1.21386e-14 2.32047e+04 
2.12145e+18 2.16572e-18 4.59448e+00 9.60511e-19 2.03768e+00 8.31827e-19 1.76468e+00 4.80255e-19 1.01884e+00 1.57103e-19 3.33286e-01 
2.35429e+18 7.90506e-24 1.86108e-05 3.50567e-24 8.25335e-06 3.03600e-24 7.14761e-06 1.75284e-24 4.12668e-06 5.73599e-25 1.35042e-06 
2.61268e+18 7.08597e-30 1.85133e-11 3.14218e-30 8.20949e-12 2.72120e-30 7.10962e-12 1.57109e-30 4.10474e-12 5.14317e-31 1.34374e-12 
2.89942e+18 1.33743e-36 3.87777e-18 5.93015e-37 1.71940e-18 5.13566e-37 1.48905e-18 2.96508e-37 8.59701e-19 9.71034e-38 2.81544e-19 
3.21764e+18 4.48092e-44 1.44180e-25 1.98667e-44 6.39239e-26 1.72051e-44 5.53597e-26 9.93335e-45 3.19620e-26 3.25437e-45 1.04714e-26 
3.57079e+18 2.20490e-52 7.87323e-34 9.77486e-53 3.49039e-34 8.46528e-53 3.02277e-34 4.88743e-53 1.74520e-34 1.60187e-53 5.71992e-35 
3.96269e+18 1.29118e-61 5.11655e-43 5.72362e-62 2.26809e-43 4.95680e-62 1.96423e-43 2.86181e-62 1.13405e-43 9.38343e-63 3.71836e-44 
4.39760e+18 7.12459e-72 3.13311e-53 3.15796e-72 1.38875e-53 2.73488e-72 1.20269e-53 1.57898e-72 6.94373e-54 5.17930e-73 2.27765e-54 
4.88025e+18 2.85858e-83 1.39506e-64 1.26695e-83 6.18306e-65 1.09722e-83 5.35469e-65 6.33477e-84 3.09153e-65 2.07872e-84 1.01447e-65 
5.41587e+18 6.25482e-96 3.38753e-77 2.77198e-96 1.50127e-77 2.40061e-96 1.30014e-77 1.38599e-96 7.50635e-78 4.54978e-97 2.46410e-78 
6.01028e+18 5.42332e-110 3.25957e-91 2.40329e-110 1.44444e-91 2.08131e-110 1.25093e-91 1.20165e-110 7.22222e-92 3.94609e-111 2.37171e-92 
6.66992e+18 1.30726e-125 8.71933e-107 5.79256e-126 3.86359e-107 5.01650e-126 3.34597e-107 2.89628e-126 1.93180e-107 9.51447e-127 6.34607e-108 
7.40196e+18 5.91083e-143 4.37517e-124 2.61894e-143 1.93853e-124 2.26807e-143 1.67881e-124 1.30947e-143 9.69263e-125 4.30315e-144 3.18517e-125 
8.21434e+18 3.23965e-162 2.66116e-143 1.43531e-162 1.17901e-143 1.24301e-162 1.02105e-143 7.17654e-163 5.89506e-144 2.35910e-163 1.93784e-144 
9.11589e+18 1.32390e-183 1.20685e-164 5.87336e-184 5.35409e-165 5.08648e-184 4.63678e-165 2.93668e-184 2.67705e-165 9.62843e-185 8.77717e-166 
1.01164e+19 -3.20611e-206 -3.24342e-187 1.04813e-207 1.06033e-188 9.07706e-208 9.18270e-189 5.24064e-208 5.30163e-189 -4.99323e-207 -5.05134e-188 
1.12267e+19 -4.17268e-228 -4.68453e-209 4.49173e-234 5.04272e-215 3.88995e-234 4.36712e-215 2.24586e-234 2.52136e-215 -6.26088e-229 -7.02889e-210 
1.24588e+19 -1.92154e-252 -2.39402e-233 2.38568e-263 2.97228e-244 2.06606e-263 2.57407e-244 1.19282e-263 1.48611e-244 -2.88317e-253 -3.59209e-234 
1.38262e+19 -1.82378e-279 -2.52160e-260 -1.18571e-295 -1.63939e-276 -1.02686e-295 -1.41976e-276 -6.71302e-296 -9.28158e-277 -2.73649e-280 -3.78353e-261 
1.53437e+19 -1.80967e-309 -2.77670e-290 0.00000e+00 0.00000e+00 0.00000e+00 0.00000e+00 0.00000e+00 0.00000e+00 -2.71530e-310 -4.16628e-291 
1.70277e+19 0.00000e+00 0.00000e+00 0.00000e+00 0.00000e+00 0.00000e+00 0.00000e+00 0.00000e+00 0.00000e+00 0.00000e+00 0.00000e+00 
1.88965e+19 0.00000e+00 0.00000e+00 0.00000e+00 0.00000e+00 0.00000e+00 0.00000e+00 0.00000e+00 0.00000e+00 0.00000e+00 0.00000e+00 
2.09705e+19 0.00000e+00 0.00000e+00 0.00000e+00 0.00000e+00 0.00000e+00 0.00000e+00 0.00000e+00 0.00000e+00 0.00000e+00 0.00000e+00 
2.32720e+19 0.00000e+00 0.00000e+00 0.00000e+00 0.00000e+00 0.00000e+00 0.00000e+00 0.00000e+00 0.00000e+00 0.00000e+00 0.00000e+00 
2.58262e+19 0.00000e+00 0.00000e+00 0.00000e+00 0.00000e+00 0.00000e+00 0.00000e+00 0.00000e+00 0.00000e+00 0.00000e+00 0.00000e+00 
2.86607e+19 0.00000e+00 0.00000e+00 0.00000e+00 0.00000e+00 0.00000e+00 0.00000e+00 0.00000e+00 0.00000e+00 0.00000e+00 0.00000e+00 
3.18063e+19 0.00000e+00 0.00000e+00 0.00000e+00 0.00000e+00 0.00000e+00 0.00000e+00 0.00000e+00 0.00000e+00 0.00000e+00 0.00000e+00 
3.52971e+19 0.00000e+00 0.00000e+00 0.00000e+00 0.00000e+00 0.00000e+00 0.00000e+00 0.00000e+00 0.00000e+00 0.00000e+00 0.00000e+00 
3.91710e+19 0.00000e+00 0.00000e+00 0.00000e+00 0.00000e+00 0.00000e+00 0.00000e+00 0.00000e+00 0.00000e+00 0.00000e+00 0.00000e+00 
4.34701e+19 0.00000e+00 0.00000e+00 0.00000e+00 0.00000e+00 0.00000e+00 0.00000e+00 0.00000e+00 0.00000e+00 0.00000e+00 0.00000e+00 
4.82411e+19 0.00000e+00 0.00000e+00 0.00000e+00 0.00000e+00 0.00000e+00 0.00000e+00 0.00000e+00 0.00000e+00 0.00000e+00 0.00000e+00 
5.35357e+19 0.00000e+00 0.00000e+00 0.00000e+00 0.00000e+00 0.00000e+00 0.00000e+00 0.00000e+00 0.00000e+00 0.00000e+00 0.00000e+00 
5.94113e+19 0.00000e+00 0.00000e+00 0.00000e+00 0.00000e+00 0.00000e+00 0.00000e+00 0.00000e+00 0.00000e+00 0.00000e+00 0.00000e+00 
6.59319e+19 0.00000e+00 0.00000e+00 0.00000e+00 0.00000e+00 0.00000e+00 0.00000e+00 0.00000e+00 0.00000e+00 0.00000e+00 0.00000e+00 
7.31681e+19 0.00000e+00 0.00000e+00 0.00000e+00 0.00000e+00 0.00000e+00 0.00000e+00 0.00000e+00 0.00000e+00 0.00000e+00 0.00000e+00 
8.11984e+19 0.00000e+00 0.00000e+00 0.00000e+00 0.00000e+00 0.00000e+00 0.00000e+00 0.00000e+00 0.00000e+00 0.00000e+00 0.00000e+00 
9.01102e+19 0.00000e+00 0.00000e+00 0.00000e+00 0.00000e+00 0.00000e+00 0.00000e+00 0.00000e+00 0.00000e+00 0.00000e+00 0.00000e+00 
1.00000e+20 0.00000e+00 0.00000e+00 0.00000e+00 0.00000e+00 0.00000e+00 0.00000e+00 0.00000e+00 0.00000e+00 0.00000e+00 0.00000e+00 
