1.00000e+11 7.26113e+20 7.26113e+31 1.88690e+20 1.88690e+31 1.93213e+20 1.93213e+31 1.94433e+20 1.94433e+31 1.90088e+20 1.90088e+31 
1.10975e+11 8.94241e+20 9.92386e+31 2.32380e+20 2.57884e+31 2.37950e+20 2.64066e+31 2.39453e+20 2.65733e+31 2.34101e+20 2.59795e+31 
1.23155e+11 1.10130e+21 1.35630e+32 2.86186e+20 3.52453e+31 2.93046e+20 3.60901e+31 2.94897e+20 3.63180e+31 2.88306e+20 3.55063e+31 
1.36672e+11 1.35629e+21 1.85367e+32 3.52451e+20 4.81700e+31 3.60899e+20 4.93247e+31 3.63178e+20 4.96361e+31 3.55061e+20 4.85268e+31 
1.51672e+11 1.67033e+21 2.53342e+32 4.34058e+20 6.58344e+31 4.44462e+20 6.74124e+31 4.47269e+20 6.78380e+31 4.37273e+20 6.63219e+31 
1.68318e+11 2.05708e+21 3.46244e+32 5.34561e+20 8.99763e+31 5.47374e+20 9.21329e+31 5.50830e+20 9.27146e+31 5.38519e+20 9.06425e+31 
1.86791e+11 2.53338e+21 4.73214e+32 6.58334e+20 1.22971e+32 6.74114e+20 1.25919e+32 6.78369e+20 1.26714e+32 6.63208e+20 1.23881e+32 
2.07292e+11 3.11996e+21 6.46743e+32 8.10765e+20 1.68065e+32 8.30198e+20 1.72094e+32 8.35438e+20 1.73180e+32 8.16766e+20 1.69309e+32 
2.30043e+11 3.84235e+21 8.83905e+32 9.98489e+20 2.29696e+32 1.02242e+21 2.35201e+32 1.02887e+21 2.36685e+32 1.00588e+21 2.31395e+32 
2.55291e+11 4.73199e+21 1.20803e+33 1.22968e+21 3.13925e+32 1.25915e+21 3.21449e+32 1.26710e+21 3.23478e+32 1.23878e+21 3.16248e+32 
2.83310e+11 5.82761e+21 1.65102e+33 1.51439e+21 4.29042e+32 1.55069e+21 4.39325e+32 1.56047e+21 4.42097e+32 1.52559e+21 4.32215e+32 
3.14404e+11 7.17690e+21 2.25644e+33 1.86503e+21 5.86372e+32 1.90972e+21 6.00424e+32 1.92177e+21 6.04212e+32 1.87882e+21 5.90707e+32 
3.48910e+11 8.83857e+21 3.08387e+33 2.29685e+21 8.01393e+32 2.35189e+21 8.20597e+32 2.36672e+21 8.25774e+32 2.31382e+21 8.07316e+32 
3.87204e+11 1.08850e+22 4.21470e+33 2.82864e+21 1.09526e+33 2.89642e+21 1.12151e+33 2.91469e+21 1.12858e+33 2.84954e+21 1.10335e+33 
4.29700e+11 1.34051e+22 5.76019e+33 3.48355e+21 1.49688e+33 3.56702e+21 1.53275e+33 3.58952e+21 1.54242e+33 3.50928e+21 1.50794e+33 
4.76861e+11 1.65087e+22 7.87237e+33 4.29009e+21 2.04578e+33 4.39288e+21 2.09479e+33 4.42058e+21 2.10800e+33 4.32176e+21 2.06088e+33 
5.29198e+11 2.03309e+22 1.07590e+34 5.28335e+21 2.79594e+33 5.40993e+21 2.86293e+33 5.44403e+21 2.88097e+33 5.32234e+21 2.81657e+33 
5.87279e+11 2.50378e+22 1.47042e+34 6.50656e+21 3.82117e+33 6.66244e+21 3.91271e+33 6.70442e+21 3.93736e+33 6.55455e+21 3.84935e+33 
6.51734e+11 3.08344e+22 2.00958e+34 8.01295e+21 5.22231e+33 8.20491e+21 5.34742e+33 8.25659e+21 5.38110e+33 8.07201e+21 5.26080e+33 
7.23263e+11 3.79729e+22 2.74644e+34 9.86807e+21 7.13722e+33 1.01045e+22 7.30818e+33 1.01681e+22 7.35420e+33 9.94076e+21 7.18979e+33 
8.02643e+11 4.67639e+22 3.75347e+34 1.21526e+22 9.75424e+33 1.24437e+22 9.98787e+33 1.25221e+22 1.00507e+34 1.22421e+22 9.82603e+33 
8.90735e+11 5.75898e+22 5.12973e+34 1.49661e+22 1.33308e+34 1.53245e+22 1.36501e+34 1.54209e+22 1.37360e+34 1.50761e+22 1.34288e+34 
9.88496e+11 7.09216e+22 7.01057e+34 1.84307e+22 1.82187e+34 1.88721e+22 1.86550e+34 1.89908e+22 1.87723e+34 1.85662e+22 1.83526e+34 
1.09699e+12 8.73392e+22 9.58098e+34 2.26974e+22 2.48987e+34 2.32409e+22 2.54949e+34 2.33870e+22 2.56552e+34 2.28640e+22 2.50815e+34 
1.21738e+12 1.07557e+23 1.30938e+35 2.79517e+22 3.40279e+34 2.86208e+22 3.48425e+34 2.88006e+22 3.50614e+34 2.81566e+22 3.42773e+34 
1.35099e+12 1.32453e+23 1.78944e+35 3.44220e+22 4.65040e+34 3.52460e+22 4.76171e+34 3.54673e+22 4.79161e+34 3.46741e+22 4.68444e+34 
1.49927e+12 1.63112e+23 2.44549e+35 4.23900e+22 6.35539e+34 4.34044e+22 6.50749e+34 4.36768e+22 6.54832e+34 4.26999e+22 6.40186e+34 
1.66382e+12 2.00866e+23 3.34204e+35 5.22019e+22 8.68545e+34 5.34510e+22 8.89327e+34 5.37861e+22 8.94902e+34 5.25830e+22 8.74885e+34 
1.84642e+12 2.47356e+23 4.56724e+35 6.42846e+22 1.18697e+35 6.58225e+22 1.21536e+35 6.62348e+22 1.22298e+35 6.47531e+22 1.19562e+35 
2.04907e+12 3.04603e+23 6.24155e+35 7.91633e+22 1.62212e+35 8.10566e+22 1.66091e+35 8.15639e+22 1.67131e+35 7.97391e+22 1.63391e+35 
2.27397e+12 3.75096e+23 8.52955e+35 9.74848e+22 2.21677e+35 9.98157e+22 2.26978e+35 1.00440e+23 2.28397e+35 9.81923e+22 2.23286e+35 
2.52354e+12 4.61897e+23 1.16561e+36 1.20046e+23 3.02940e+35 1.22915e+23 3.10181e+35 1.23683e+23 3.12118e+35 1.20915e+23 3.05133e+35 
2.80050e+12 5.68778e+23 1.59286e+36 1.47826e+23 4.13986e+35 1.51358e+23 4.23879e+35 1.52302e+23 4.26522e+35 1.48893e+23 4.16976e+35 
3.10787e+12 7.00380e+23 2.17669e+36 1.82032e+23 5.65732e+35 1.86381e+23 5.79246e+35 1.87541e+23 5.82853e+35 1.83343e+23 5.69805e+35 
3.44896e+12 8.62420e+23 2.97445e+36 2.24151e+23 7.73090e+35 2.29504e+23 7.91549e+35 2.30930e+23 7.96470e+35 2.25760e+23 7.78637e+35 
3.82749e+12 1.06193e+24 4.06453e+36 2.76012e+23 1.05643e+36 2.82599e+23 1.08165e+36 2.84353e+23 1.08836e+36 2.77985e+23 1.06399e+36 
4.24757e+12 1.30757e+24 5.55400e+36 3.39865e+23 1.44360e+36 3.47973e+23 1.47804e+36 3.50128e+23 1.48719e+36 3.42285e+23 1.45388e+36 
4.71375e+12 1.61000e+24 7.58913e+36 4.18483e+23 1.97263e+36 4.28460e+23 2.01966e+36 4.31108e+23 2.03214e+36 4.21449e+23 1.98661e+36 
5.23110e+12 1.98233e+24 1.03697e+37 5.15276e+23 2.69546e+36 5.27554e+23 2.75969e+36 5.30806e+23 2.77670e+36 5.18909e+23 2.71446e+36 
5.80523e+12 2.44070e+24 1.41688e+37 6.34442e+23 3.68308e+36 6.49549e+23 3.77078e+36 6.53543e+23 3.79396e+36 6.38890e+23 3.70890e+36 
6.44236e+12 3.00497e+24 1.93591e+37 7.81148e+23 5.03244e+36 7.99734e+23 5.15218e+36 8.04636e+23 5.18376e+36 7.86590e+23 5.06750e+36 
7.14943e+12 3.69958e+24 2.64499e+37 9.61750e+23 6.87596e+36 9.84615e+23 7.03943e+36 9.90630e+23 7.08244e+36 9.68402e+23 6.92352e+36 
7.93410e+12 4.55459e+24 3.61365e+37 1.18407e+24 9.39453e+36 1.21219e+24 9.61767e+36 1.21957e+24 9.67620e+36 1.19220e+24 9.45900e+36 
8.80488e+12 5.60698e+24 4.93688e+37 1.45773e+24 1.28352e+37 1.49232e+24 1.31397e+37 1.50137e+24 1.32194e+37 1.46765e+24 1.29225e+37 
9.77124e+12 6.90224e+24 6.74434e+37 1.79458e+24 1.75352e+37 1.83711e+24 1.79508e+37 1.84819e+24 1.80591e+37 1.80666e+24 1.76533e+37 
1.08437e+13 8.49630e+24 9.21310e+37 2.20916e+24 2.39554e+37 2.26145e+24 2.45224e+37 2.27502e+24 2.46696e+37 2.22387e+24 2.41149e+37 
1.20338e+13 1.04579e+25 1.25849e+38 2.71939e+24 3.27246e+37 2.78367e+24 3.34981e+37 2.80028e+24 3.36979e+37 2.73727e+24 3.29397e+37 
1.33545e+13 1.28717e+25 1.71896e+38 3.34729e+24 4.47015e+37 3.42629e+24 4.57564e+37 3.44660e+24 4.60276e+37 3.36899e+24 4.49913e+37 
1.48202e+13 1.58416e+25 2.34776e+38 4.11993e+24 6.10582e+37 4.21700e+24 6.24967e+37 4.24181e+24 6.28645e+37 4.14622e+24 6.14479e+37 
1.64468e+13 1.94953e+25 3.20634e+38 5.07059e+24 8.33948e+37 5.18982e+24 8.53557e+37 5.22011e+24 8.58539e+37 5.10237e+24 8.39175e+37 
1.82518e+13 2.39896e+25 4.37855e+38 6.24016e+24 1.13894e+38 6.38657e+24 1.16567e+38 6.42351e+24 1.17241e+38 6.27848e+24 1.14594e+38 
2.02550e+13 2.95174e+25 5.97876e+38 7.67888e+24 1.55536e+38 7.85863e+24 1.59177e+38 7.90361e+24 1.60088e+38 7.72497e+24 1.56469e+38 
2.24781e+13 3.63153e+25 8.16298e+38 9.44848e+24 2.12384e+38 9.66906e+24 2.17342e+38 9.72378e+24 2.18572e+38 9.50372e+24 2.13625e+38 
2.49451e+13 4.46738e+25 1.11439e+39 1.16247e+25 2.89980e+38 1.18953e+25 2.96730e+38 1.19618e+25 2.98387e+38 1.16907e+25 2.91625e+38 
2.76829e+13 5.49493e+25 1.52115e+39 1.43007e+25 3.95884e+38 1.46325e+25 4.05069e+38 1.47130e+25 4.07299e+38 1.43791e+25 3.98055e+38 
3.07211e+13 6.75789e+25 2.07610e+39 1.75905e+25 5.40400e+38 1.79971e+25 5.52891e+38 1.80946e+25 5.55886e+38 1.76832e+25 5.43248e+38 
3.40929e+13 8.30986e+25 2.83307e+39 2.16342e+25 7.37571e+38 2.21322e+25 7.54550e+38 2.22499e+25 7.58563e+38 2.17431e+25 7.41284e+38 
3.78346e+13 1.02165e+26 3.86538e+39 2.66035e+25 1.00653e+39 2.72131e+25 1.02960e+39 2.73548e+25 1.03496e+39 2.67304e+25 1.01134e+39 
4.19871e+13 1.25583e+26 5.27285e+39 3.27087e+25 1.37334e+39 3.34545e+25 1.40465e+39 3.36246e+25 1.41180e+39 3.28553e+25 1.37950e+39 
4.65953e+13 1.54335e+26 7.19130e+39 4.02076e+25 1.87349e+39 4.11192e+25 1.91596e+39 4.13227e+25 1.92544e+39 4.03749e+25 1.88128e+39 
5.17092e+13 1.89627e+26 9.80547e+39 4.94157e+25 2.55524e+39 5.05289e+25 2.61281e+39 5.07713e+25 2.62534e+39 4.96035e+25 2.56496e+39 
5.73844e+13 2.32929e+26 1.33665e+40 6.07186e+25 3.48430e+39 6.20767e+25 3.56224e+39 6.23642e+25 3.57873e+39 6.09252e+25 3.49616e+39 
6.36825e+13 2.86036e+26 1.82155e+40 7.45879e+25 4.74995e+39 7.62431e+25 4.85535e+39 7.65820e+25 4.87693e+39 7.48089e+25 4.76401e+39 
7.06718e+13 3.51139e+26 2.48156e+40 9.15995e+25 6.47350e+39 9.36143e+25 6.61589e+39 9.40110e+25 6.64393e+39 9.18259e+25 6.48950e+39 
7.84282e+13 4.30906e+26 3.37952e+40 1.12456e+26 8.81971e+39 1.14905e+26 9.01178e+39 1.15365e+26 9.04790e+39 1.12673e+26 8.83671e+39 
8.70359e+13 5.28586e+26 4.60059e+40 1.38013e+26 1.20121e+40 1.40985e+26 1.22708e+40 1.41514e+26 1.23168e+40 1.38195e+26 1.20280e+40 
9.65883e+13 6.48123e+26 6.26011e+40 1.69312e+26 1.63536e+40 1.72913e+26 1.67014e+40 1.73513e+26 1.67593e+40 1.69423e+26 1.63643e+40 
1.07189e+14 7.94304e+26 8.51407e+40 2.07621e+26 2.22547e+40 2.11975e+26 2.27214e+40 2.12643e+26 2.27930e+40 2.07601e+26 2.22526e+40 
1.18953e+14 9.72927e+26 1.15733e+41 2.54475e+26 3.02707e+40 2.59727e+26 3.08955e+40 2.60455e+26 3.09820e+40 2.54241e+26 3.02428e+40 
1.32009e+14 1.19100e+27 1.57222e+41 3.11736e+26 4.11520e+40 3.18057e+26 4.19863e+40 3.18824e+26 4.20876e+40 3.11163e+26 4.10763e+40 
1.46497e+14 1.45696e+27 2.13441e+41 3.81656e+26 5.59116e+40 3.89239e+26 5.70223e+40 3.90009e+26 5.71352e+40 3.80565e+26 5.57516e+40 
1.62576e+14 1.78099e+27 2.89546e+41 4.66950e+26 7.59146e+40 4.76016e+26 7.73885e+40 4.76729e+26 7.75044e+40 4.65085e+26 7.56114e+40 
1.80419e+14 2.17526e+27 3.92458e+41 5.70885e+26 1.02998e+41 5.81682e+26 1.04946e+41 5.82241e+26 1.05047e+41 5.67885e+26 1.02457e+41 
2.00220e+14 2.65435e+27 5.31453e+41 6.97381e+26 1.39630e+41 7.10183e+26 1.42193e+41 7.10442e+26 1.42245e+41 6.92741e+26 1.38701e+41 
2.22195e+14 3.23559e+27 7.18930e+41 8.51128e+26 1.89116e+41 8.66225e+26 1.92471e+41 8.65967e+26 1.92413e+41 8.44143e+26 1.87564e+41 
2.46581e+14 3.93955e+27 9.71418e+41 1.03771e+27 2.55880e+41 1.05541e+27 2.60243e+41 1.05431e+27 2.59973e+41 1.02740e+27 2.53338e+41 
2.73644e+14 4.79049e+27 1.31089e+42 1.26376e+27 3.45819e+41 1.28434e+27 3.51453e+41 1.28196e+27 3.50799e+41 1.24878e+27 3.41721e+41 
3.03677e+14 5.81686e+27 1.76645e+42 1.53708e+27 4.66777e+41 1.56083e+27 4.73988e+41 1.55650e+27 4.72673e+41 1.51560e+27 4.60253e+41 
3.37006e+14 7.05178e+27 2.37650e+42 1.86688e+27 6.29150e+41 1.89397e+27 6.38279e+41 1.88678e+27 6.35857e+41 1.83637e+27 6.18868e+41 
3.73994e+14 8.53355e+27 3.19150e+42 2.26383e+27 8.46659e+41 2.29433e+27 8.58066e+41 2.28302e+27 8.53836e+41 2.22089e+27 8.30600e+41 
4.15040e+14 1.03060e+28 4.27740e+42 2.74032e+27 1.13734e+42 2.77409e+27 1.15136e+42 2.75690e+27 1.14423e+42 2.68036e+27 1.11246e+42 
4.60592e+14 1.24187e+28 5.71995e+42 3.31051e+27 1.52479e+42 3.34708e+27 1.54164e+42 3.32164e+27 1.52992e+42 3.22737e+27 1.48650e+42 
5.11143e+14 1.49269e+28 7.62981e+42 3.99044e+27 2.03969e+42 4.02890e+27 2.05935e+42 3.99195e+27 2.04046e+42 3.87591e+27 1.98115e+42 
5.67243e+14 1.78915e+28 1.01488e+43 4.79802e+27 2.72164e+42 4.83678e+27 2.74363e+42 4.78396e+27 2.71367e+42 4.64124e+27 2.63271e+42 
6.29499e+14 2.13774e+28 1.34571e+43 5.75289e+27 3.62144e+42 5.78946e+27 3.64446e+42 5.71496e+27 3.59756e+42 5.53957e+27 3.48715e+42 
6.98588e+14 2.54527e+28 1.77809e+43 6.87611e+27 4.80357e+42 6.90677e+27 4.82498e+42 6.80290e+27 4.75243e+42 6.58762e+27 4.60203e+42 
7.75260e+14 3.01852e+28 2.34014e+43 8.18959e+27 6.34906e+42 8.20899e+27 6.36410e+42 8.06571e+27 6.25302e+42 7.80187e+27 6.04848e+42 
8.60346e+14 3.56393e+28 3.06622e+43 9.71522e+27 8.35845e+42 9.71592e+27 8.35905e+42 9.52023e+27 8.19070e+42 9.19748e+27 7.91302e+42 
9.54772e+14 4.18702e+28 3.99765e+43 1.14735e+28 1.09546e+43 1.14454e+28 1.09278e+43 1.11807e+28 1.06750e+43 1.07868e+28 1.02990e+43 
1.05956e+15 4.89166e+28 5.18301e+43 1.34816e+28 1.42846e+43 1.34116e+28 1.42104e+43 1.30569e+28 1.38346e+43 1.25776e+28 1.33267e+43 
1.17585e+15 5.67921e+28 6.67789e+43 1.57513e+28 1.85211e+43 1.56224e+28 1.83696e+43 1.51516e+28 1.78159e+43 1.45704e+28 1.71326e+43 
1.30490e+15 6.54736e+28 8.54367e+43 1.82850e+28 2.38601e+43 1.80761e+28 2.35875e+43 1.74574e+28 2.27802e+43 1.67558e+28 2.18647e+43 
1.44812e+15 7.48893e+28 1.08449e+44 2.10727e+28 3.05157e+43 2.07584e+28 3.00606e+43 1.99539e+28 2.88956e+43 1.91113e+28 2.76754e+43 
1.60705e+15 8.49049e+28 1.36447e+44 2.40872e+28 3.87094e+43 2.36377e+28 3.79871e+43 2.26033e+28 3.63247e+43 2.15976e+28 3.47085e+43 
1.78343e+15 9.53105e+28 1.69980e+44 2.72795e+28 4.86512e+43 2.66617e+28 4.75493e+43 2.53474e+28 4.52053e+43 2.41558e+28 4.30802e+43 
1.97917e+15 1.05811e+29 2.09418e+44 3.05746e+28 6.05123e+43 2.97531e+28 5.88864e+43 2.81045e+28 5.56235e+43 2.67048e+28 5.28533e+43 
2.19639e+15 1.16021e+29 2.54826e+44 3.38682e+28 7.43876e+43 3.28081e+28 7.20591e+43 3.07686e+28 6.75797e+43 2.91407e+28 6.40042e+43 
2.43744e+15 1.25468e+29 3.05822e+44 3.70261e+28 9.02490e+43 3.56959e+28 8.70067e+43 3.32102e+28 8.09480e+43 3.13383e+28 7.63853e+43 
2.70496e+15 1.33616e+29 3.61426e+44 3.98877e+28 1.07895e+44 3.82633e+28 1.03501e+44 3.52817e+28 9.54357e+43 3.31566e+28 8.96874e+43 
3.00184e+15 1.39894e+29 4.19938e+44 4.22744e+28 1.26901e+44 4.03437e+28 1.21105e+44 3.68274e+28 1.10550e+44 3.44488e+28 1.03410e+44 
3.33129e+15 1.43757e+29 4.78896e+44 4.40054e+28 1.46595e+44 4.17715e+28 1.39153e+44 3.76979e+28 1.25583e+44 3.50767e+28 1.16851e+44 
3.69691e+15 1.44759e+29 5.35160e+44 4.49195e+28 1.66063e+44 4.24036e+28 1.56762e+44 3.77714e+28 1.39638e+44 3.49304e+28 1.29135e+44 
4.10266e+15 1.42637e+29 5.85190e+44 4.49024e+28 1.84219e+44 4.21437e+28 1.72901e+44 3.69759e+28 1.51700e+44 3.39497e+28 1.39284e+44 
4.55294e+15 1.37394e+29 6.25544e+44 4.39140e+28 1.99938e+44 4.09672e+28 1.86521e+44 3.53119e+28 1.60773e+44 3.21449e+28 1.46354e+44 
5.05263e+15 1.29354e+29 6.53576e+44 4.20102e+28 2.12262e+44 3.89395e+28 1.96747e+44 3.28674e+28 1.66067e+44 2.96101e+28 1.49609e+44 
5.60717e+15 1.19170e+29 6.68208e+44 3.93500e+28 2.20642e+44 3.62218e+28 2.03102e+44 2.98204e+28 1.67208e+44 2.65242e+28 1.48726e+44 
6.22257e+15 1.07765e+29 6.70576e+44 3.61833e+28 2.25153e+44 3.30572e+28 2.05701e+44 2.64225e+28 1.64416e+44 2.31332e+28 1.43948e+44 
6.90551e+15 9.61986e+28 6.64301e+44 3.28156e+28 2.26609e+44 2.97374e+28 2.05352e+44 2.29642e+28 1.58579e+44 1.97165e+28 1.36153e+44 
7.66341e+15 8.54911e+28 6.55153e+44 2.95578e+28 2.26513e+44 2.65553e+28 2.03504e+44 1.97275e+28 1.51180e+44 1.65400e+28 1.26753e+44 
8.50449e+15 7.64435e+28 6.50113e+44 2.66719e+28 2.26831e+44 2.37543e+28 2.02018e+44 1.69382e+28 1.44050e+44 1.38098e+28 1.17445e+44 
9.43788e+15 6.95072e+28 6.56000e+44 2.43303e+28 2.29626e+44 2.14915e+28 2.02834e+44 1.47303e+28 1.39023e+44 1.16402e+28 1.09858e+44 
1.04737e+16 6.47463e+28 6.78133e+44 2.25989e+28 2.36695e+44 1.98226e+28 2.07616e+44 1.31363e+28 1.37586e+44 1.00448e+28 1.05206e+44 
1.16232e+16 6.18972e+28 7.19445e+44 2.14491e+28 2.49307e+44 1.87141e+28 2.17518e+44 1.21011e+28 1.40654e+44 8.95413e+27 1.04076e+44 
1.28989e+16 6.04964e+28 7.80337e+44 2.07873e+28 2.68134e+44 1.80724e+28 2.33114e+44 1.15144e+28 1.48524e+44 8.24958e+27 1.06410e+44 
1.43146e+16 6.00210e+28 8.59176e+44 2.04908e+28 2.93317e+44 1.77776e+28 2.54480e+44 1.12467e+28 1.60991e+44 7.80141e+27 1.11674e+44 
1.58857e+16 5.99948e+28 9.53056e+44 2.04332e+28 3.24595e+44 1.77089e+28 2.81318e+44 1.11756e+28 1.77531e+44 7.49683e+27 1.19092e+44 
1.76291e+16 6.00355e+28 1.05837e+45 2.04980e+28 3.61362e+44 1.77566e+28 3.13034e+44 1.11991e+28 1.97430e+44 7.25255e+27 1.27856e+44 
1.95640e+16 5.98528e+28 1.17096e+45 2.05795e+28 4.02616e+44 1.78239e+28 3.48706e+44 1.12363e+28 2.19827e+44 7.01392e+27 1.37220e+44 
2.17112e+16 5.92239e+28 1.28582e+45 2.05807e+28 4.46832e+44 1.78239e+28 3.86977e+44 1.12229e+28 2.43661e+44 6.74704e+27 1.46486e+44 
2.40940e+16 5.79724e+28 1.39679e+45 2.04135e+28 4.91844e+44 1.76787e+28 4.25952e+44 1.11067e+28 2.67605e+44 6.43077e+27 1.54943e+44 
2.67384e+16 5.59644e+28 1.49640e+45 2.00024e+28 5.34832e+44 1.73226e+28 4.63178e+44 1.08474e+28 2.90043e+44 6.05204e+27 1.61822e+44 
2.96730e+16 5.31208e+28 1.57626e+45 1.92919e+28 5.72448e+44 1.67073e+28 4.95755e+44 1.04181e+28 3.09138e+44 5.60491e+27 1.66315e+44 
3.29297e+16 4.94362e+28 1.62792e+45 1.82549e+28 6.01129e+44 1.58092e+28 5.20593e+44 9.80893e+27 3.23005e+44 5.09155e+27 1.67663e+44 
3.65438e+16 4.49906e+28 1.64413e+45 1.68982e+28 6.17523e+44 1.46342e+28 5.34791e+44 9.02880e+27 3.29947e+44 4.52310e+27 1.65291e+44 
4.05546e+16 3.99476e+28 1.62006e+45 1.52632e+28 6.18994e+44 1.32183e+28 5.36065e+44 8.10547e+27 3.28714e+44 3.91898e+27 1.58933e+44 
4.50056e+16 3.45360e+28 1.55431e+45 1.34219e+28 6.04061e+44 1.16237e+28 5.23132e+44 7.08196e+27 3.18728e+44 3.30431e+27 1.48712e+44 
4.99451e+16 2.90177e+28 1.44929e+45 1.14665e+28 5.72695e+44 9.93028e+27 4.95968e+44 6.01064e+27 3.00202e+44 2.70599e+27 1.35151e+44 
5.54266e+16 2.36527e+28 1.31099e+45 9.49717e+27 5.26396e+44 8.22479e+27 4.55872e+44 4.94606e+27 2.74144e+44 2.14859e+27 1.19089e+44 
6.15099e+16 1.86668e+28 1.14819e+45 7.60933e+27 4.68049e+44 6.58987e+27 4.05342e+44 3.93812e+27 2.42233e+44 1.65119e+27 1.01564e+44 
6.82607e+16 1.42311e+28 9.71425e+44 5.88309e+27 4.01584e+44 5.09491e+27 3.47782e+44 3.02689e+27 2.06618e+44 1.22567e+27 8.36653e+43 
7.57525e+16 1.04514e+28 7.91719e+44 4.37633e+27 3.31518e+44 3.79001e+27 2.87103e+44 2.23964e+27 1.69658e+44 8.76600e+26 6.64047e+43 
8.40665e+16 7.36895e+27 6.19482e+44 3.12156e+27 2.62418e+44 2.70335e+27 2.27261e+44 1.58994e+27 1.33661e+44 6.02166e+26 5.06220e+43 
9.32930e+16 4.96784e+27 4.63465e+44 2.12639e+27 1.98377e+44 1.84151e+27 1.71800e+44 1.07865e+27 1.00630e+44 3.95770e+26 3.69226e+43 
1.03532e+17 3.18706e+27 3.29963e+44 1.37687e+27 1.42550e+44 1.19240e+27 1.23452e+44 6.96050e+26 7.20636e+43 2.47732e+26 2.56482e+43 
1.14895e+17 1.93503e+27 2.22326e+44 8.42922e+26 9.68476e+43 7.29992e+26 8.38724e+43 4.24929e+26 4.88223e+43 1.46896e+26 1.68776e+43 
1.27505e+17 1.10498e+27 1.40891e+44 4.84912e+26 6.18288e+43 4.19946e+26 5.35453e+43 2.43905e+26 3.10991e+43 8.20135e+25 1.04571e+43 
1.41499e+17 5.89306e+26 8.33863e+43 2.60316e+26 3.68344e+43 2.25440e+26 3.18996e+43 1.30708e+26 1.84950e+43 4.28190e+25 6.05886e+42 
1.57029e+17 2.91207e+26 4.57280e+43 1.29383e+26 2.03169e+43 1.12049e+26 1.75950e+43 6.48794e+25 1.01880e+43 2.07457e+25 3.25768e+42 
1.74263e+17 1.32145e+26 2.30280e+43 5.90087e+25 1.02831e+43 5.11030e+25 8.90538e+42 2.95613e+25 5.15145e+42 9.24680e+24 1.61138e+42 
1.93389e+17 5.45085e+25 1.05414e+43 2.44453e+25 4.72746e+42 2.11703e+25 4.09410e+42 1.22378e+25 2.36666e+42 3.75431e+24 7.26044e+41 
2.14614e+17 2.02026e+25 4.33576e+42 9.09249e+24 1.95138e+42 7.87433e+24 1.68994e+42 4.54973e+24 9.76436e+41 1.37282e+24 2.94626e+41 
2.38169e+17 6.63947e+24 1.58131e+42 2.99668e+24 7.13714e+41 2.59520e+24 6.18094e+41 1.49902e+24 3.57019e+41 4.46231e+23 1.06278e+41 
2.64308e+17 1.90598e+24 5.03765e+41 8.62104e+23 2.27861e+41 7.46604e+23 1.97333e+41 4.31163e+23 1.13960e+41 1.27016e+23 3.35713e+40 
2.93317e+17 4.69895e+23 1.37828e+41 2.12868e+23 6.24376e+40 1.84349e+23 5.40726e+40 1.06449e+23 3.12231e+40 3.11241e+22 9.12922e+39 
3.25509e+17 9.76222e+22 3.17769e+40 4.42682e+22 1.44097e+40 3.83374e+22 1.24792e+40 2.21357e+22 7.20536e+39 6.44082e+21 2.09654e+39 
3.61234e+17 1.67350e+22 6.04527e+39 7.59296e+21 2.74284e+39 6.57570e+21 2.37537e+39 3.79661e+21 1.37147e+39 1.10183e+21 3.98017e+38 
4.00881e+17 2.31295e+21 9.27216e+38 1.04964e+21 4.20779e+38 9.09012e+20 3.64405e+38 5.24826e+20 2.10393e+38 1.52190e+20 6.10100e+37 
4.44878e+17 2.51257e+20 1.11779e+38 1.14016e+20 5.07233e+37 9.87409e+19 4.39277e+37 5.70085e+19 2.53618e+37 1.65408e+19 7.35863e+36 
4.93705e+17 2.08636e+19 1.03005e+37 9.46525e+18 4.67304e+36 8.19715e+18 4.04697e+36 4.73264e+18 2.33653e+36 1.37527e+18 6.78977e+35 
5.47890e+17 1.28450e+18 7.03766e+35 5.82528e+17 3.19162e+35 5.04484e+17 2.76402e+35 2.91265e+17 1.59581e+35 8.48242e+16 4.64744e+34 
6.08022e+17 5.67047e+16 3.44777e+34 2.57045e+16 1.56289e+34 2.22607e+16 1.35350e+34 1.28522e+16 7.81446e+33 3.75258e+15 2.28165e+33 
6.74754e+17 1.73002e+15 1.16734e+33 7.83845e+14 5.28903e+32 6.78830e+14 4.58044e+32 3.91923e+14 2.64452e+32 1.14752e+14 7.74294e+31 
7.48810e+17 3.50250e+13 2.62271e+31 1.58614e+13 1.18771e+31 1.37363e+13 1.02859e+31 7.93068e+12 5.93857e+30 2.32870e+12 1.74376e+30 
8.30994e+17 4.49851e+11 3.73824e+29 2.03616e+11 1.69204e+29 1.76337e+11 1.46535e+29 1.01808e+11 8.46018e+28 2.99797e+10 2.49130e+28 
9.22198e+17 3.48709e+09 3.21579e+27 1.57758e+09 1.45484e+27 1.36622e+09 1.25993e+27 7.88789e+08 7.27420e+26 2.32930e+08 2.14807e+26 
1.02341e+18 1.54357e+07 1.57971e+25 6.97981e+06 7.14322e+24 6.04470e+06 6.18621e+24 3.48991e+06 3.57161e+24 1.03338e+06 1.05757e+24 
1.13573e+18 3.66921e+04 4.16724e+22 1.65839e+04 1.88349e+22 1.43621e+04 1.63115e+22 8.29193e+03 9.41743e+21 2.46175e+03 2.79590e+21 
1.26038e+18 4.37504e+01 5.51422e+19 1.97650e+01 2.49114e+19 1.71170e+01 2.15739e+19 9.88249e+00 1.24557e+19 2.94146e+00 3.70737e+18 
1.39871e+18 2.42600e-02 3.39328e+16 1.09549e-02 1.53228e+16 9.48724e-03 1.32699e+16 5.47746e-03 7.66140e+15 1.63441e-03 2.28607e+15 
1.55223e+18 5.75245e-06 8.92910e+12 2.59643e-06 4.03025e+12 2.24858e-06 3.49030e+12 1.29822e-06 2.01512e+12 3.88332e-07 6.02779e+11 
1.72259e+18 5.31455e-10 9.15477e+08 2.39769e-10 4.13023e+08 2.07646e-10 3.57689e+08 1.19885e-10 2.06512e+08 3.59503e-11 6.19276e+07 
1.91164e+18 1.72565e-14 3.29882e+04 7.78173e-15 1.48759e+04 6.73918e-15 1.28829e+04 3.89087e-15 7.43795e+03 1.16976e-15 2.23616e+03 
2.12145e+18 1.75664e-19 3.72663e-01 7.91763e-20 1.67969e-01 6.85687e-20 1.45465e-01 3.95881e-20 8.39843e-02 1.19335e-20 2.53164e-02 
2.35429e+18 4.93914e-25 1.16282e-06 2.22505e-25 5.23841e-07 1.92695e-25 4.53660e-07 1.11253e-25 2.61921e-07 3.36300e-26 7.91746e-08 
2.61268e+18 3.33329e-31 8.70881e-13 1.50081e-31 3.92113e-13 1.29974e-31 3.39580e-13 7.50406e-32 1.96057e-13 2.27504e-32 5.94394e-14 
2.89942e+18 4.62073e-38 1.33974e-19 2.07928e-38 6.02872e-20 1.80071e-38 5.22102e-20 1.03964e-38 3.01436e-20 3.16169e-39 9.16707e-21 
3.21764e+18 1.10692e-45 3.56166e-27 4.97802e-46 1.60175e-27 4.31109e-46 1.38716e-27 2.48901e-46 8.00874e-28 7.59383e-47 2.44342e-28 
3.57079e+18 3.78252e-54 1.35066e-35 1.70002e-54 6.07042e-36 1.47226e-54 5.25714e-36 8.50012e-55 3.03521e-36 2.60193e-55 9.29094e-37 
3.96269e+18 1.49006e-63 5.90466e-45 6.69279e-64 2.65214e-45 5.79612e-64 2.29682e-45 3.34639e-64 1.32607e-45 1.02777e-64 4.07272e-46 
4.39760e+18 5.34102e-74 2.34877e-55 2.39750e-74 1.05433e-55 2.07630e-74 9.13072e-56 1.19875e-74 5.27163e-56 3.69375e-75 1.62437e-56 
4.88025e+18 1.33925e-85 6.53590e-67 6.00815e-86 2.93213e-67 5.20321e-86 2.53930e-67 3.00408e-86 1.46607e-67 9.28559e-87 4.53160e-68 
5.41587e+18 1.75408e-98 9.49988e-80 7.86483e-99 4.25949e-80 6.81114e-99 3.68883e-80 3.93241e-99 2.12975e-80 1.21903e-99 6.60213e-81 
6.01028e+18 8.67377e-113 5.21318e-94 3.88717e-113 2.33630e-94 3.36639e-113 2.02329e-94 1.94359e-113 1.16815e-94 6.04069e-114 3.63062e-95 
6.66992e+18 1.12906e-128 7.53077e-110 5.05778e-129 3.37350e-110 4.38017e-129 2.92154e-110 2.52889e-129 1.68675e-110 7.87740e-130 5.25416e-111 
7.40196e+18 2.59197e-146 1.91857e-127 1.16070e-146 8.59142e-128 1.00519e-146 7.44039e-128 5.80348e-147 4.29571e-128 1.81111e-147 1.34058e-128 
8.21434e+18 6.72668e-166 5.52553e-147 3.01139e-166 2.47366e-147 2.60794e-166 2.14225e-147 1.50569e-166 1.23683e-147 4.70580e-167 3.86551e-148 
9.11589e+18 1.20462e-187 1.09811e-168 5.39164e-188 4.91496e-169 4.66930e-188 4.25648e-169 2.69582e-188 2.45748e-169 8.43481e-189 7.68908e-170 
1.01164e+19 8.59603e-212 8.69607e-193 3.85198e-212 3.89680e-193 3.33591e-212 3.37473e-193 1.92599e-212 1.94840e-193 6.01380e-213 6.08379e-194 
1.12267e+19 -1.38116e-236 -1.55058e-217 5.98033e-239 6.71392e-220 5.17911e-239 5.81443e-220 2.99016e-239 3.35696e-220 -2.08304e-237 -2.33856e-218 
1.24588e+19 -6.42185e-261 -8.00088e-242 1.02830e-268 1.28114e-249 8.90533e-269 1.10950e-249 5.14149e-269 6.40570e-250 -9.63563e-262 -1.20049e-242 
1.38262e+19 -6.09513e-288 -8.42727e-269 -3.96268e-304 -5.47889e-285 -3.43178e-304 -4.74486e-285 -2.24351e-304 -3.10193e-285 -9.14541e-289 -1.26446e-269 
1.53437e+19 -6.04796e-318 -9.27979e-299 0.00000e+00 0.00000e+00 0.00000e+00 0.00000e+00 0.00000e+00 0.00000e+00 -9.07460e-319 -1.39238e-299 
1.70277e+19 0.00000e+00 0.00000e+00 0.00000e+00 0.00000e+00 0.00000e+00 0.00000e+00 0.00000e+00 0.00000e+00 0.00000e+00 0.00000e+00 
1.88965e+19 0.00000e+00 0.00000e+00 0.00000e+00 0.00000e+00 0.00000e+00 0.00000e+00 0.00000e+00 0.00000e+00 0.00000e+00 0.00000e+00 
2.09705e+19 0.00000e+00 0.00000e+00 0.00000e+00 0.00000e+00 0.00000e+00 0.00000e+00 0.00000e+00 0.00000e+00 0.00000e+00 0.00000e+00 
2.32720e+19 0.00000e+00 0.00000e+00 0.00000e+00 0.00000e+00 0.00000e+00 0.00000e+00 0.00000e+00 0.00000e+00 0.00000e+00 0.00000e+00 
2.58262e+19 0.00000e+00 0.00000e+00 0.00000e+00 0.00000e+00 0.00000e+00 0.00000e+00 0.00000e+00 0.00000e+00 0.00000e+00 0.00000e+00 
2.86607e+19 0.00000e+00 0.00000e+00 0.00000e+00 0.00000e+00 0.00000e+00 0.00000e+00 0.00000e+00 0.00000e+00 0.00000e+00 0.00000e+00 
3.18063e+19 0.00000e+00 0.00000e+00 0.00000e+00 0.00000e+00 0.00000e+00 0.00000e+00 0.00000e+00 0.00000e+00 0.00000e+00 0.00000e+00 
3.52971e+19 0.00000e+00 0.00000e+00 0.00000e+00 0.00000e+00 0.00000e+00 0.00000e+00 0.00000e+00 0.00000e+00 0.00000e+00 0.00000e+00 
3.91710e+19 0.00000e+00 0.00000e+00 0.00000e+00 0.00000e+00 0.00000e+00 0.00000e+00 0.00000e+00 0.00000e+00 0.00000e+00 0.00000e+00 
4.34701e+19 0.00000e+00 0.00000e+00 0.00000e+00 0.00000e+00 0.00000e+00 0.00000e+00 0.00000e+00 0.00000e+00 0.00000e+00 0.00000e+00 
4.82411e+19 0.00000e+00 0.00000e+00 0.00000e+00 0.00000e+00 0.00000e+00 0.00000e+00 0.00000e+00 0.00000e+00 0.00000e+00 0.00000e+00 
5.35357e+19 0.00000e+00 0.00000e+00 0.00000e+00 0.00000e+00 0.00000e+00 0.00000e+00 0.00000e+00 0.00000e+00 0.00000e+00 0.00000e+00 
5.94113e+19 0.00000e+00 0.00000e+00 0.00000e+00 0.00000e+00 0.00000e+00 0.00000e+00 0.00000e+00 0.00000e+00 0.00000e+00 0.00000e+00 
6.59319e+19 0.00000e+00 0.00000e+00 0.00000e+00 0.00000e+00 0.00000e+00 0.00000e+00 0.00000e+00 0.00000e+00 0.00000e+00 0.00000e+00 
7.31681e+19 0.00000e+00 0.00000e+00 0.00000e+00 0.00000e+00 0.00000e+00 0.00000e+00 0.00000e+00 0.00000e+00 0.00000e+00 0.00000e+00 
8.11984e+19 0.00000e+00 0.00000e+00 0.00000e+00 0.00000e+00 0.00000e+00 0.00000e+00 0.00000e+00 0.00000e+00 0.00000e+00 0.00000e+00 
9.01102e+19 0.00000e+00 0.00000e+00 0.00000e+00 0.00000e+00 0.00000e+00 0.00000e+00 0.00000e+00 0.00000e+00 0.00000e+00 0.00000e+00 
1.00000e+20 0.00000e+00 0.00000e+00 0.00000e+00 0.00000e+00 0.00000e+00 0.00000e+00 0.00000e+00 0.00000e+00 0.00000e+00 0.00000e+00 
