1.00000e+11 2.99695e+20 2.99695e+31 4.54774e+19 4.54774e+30 5.81305e+19 5.81305e+30 7.47794e+19 7.47794e+30 8.42492e+19 8.42492e+30 
1.10975e+11 3.69088e+20 4.09596e+31 5.60075e+19 6.21545e+30 7.15904e+19 7.94476e+30 9.20941e+19 1.02202e+31 1.03757e+20 1.15144e+31 
1.23155e+11 4.54548e+20 5.59798e+31 6.89759e+19 8.49473e+30 8.81667e+19 1.08582e+31 1.13418e+20 1.39680e+31 1.27781e+20 1.57369e+31 
1.36672e+11 5.59795e+20 7.65081e+31 8.49469e+19 1.16098e+31 1.08581e+20 1.48400e+31 1.39679e+20 1.90902e+31 1.57368e+20 2.15077e+31 
1.51672e+11 6.89411e+20 1.04564e+32 1.04616e+20 1.58673e+31 1.33722e+20 2.02819e+31 1.72021e+20 2.60906e+31 1.93805e+20 2.93947e+31 
1.68318e+11 8.49038e+20 1.42908e+32 1.28839e+20 2.16859e+31 1.64685e+20 2.77194e+31 2.11850e+20 3.56582e+31 2.38678e+20 4.01739e+31 
1.86791e+11 1.04562e+21 1.95314e+32 1.58671e+20 2.96384e+31 2.02816e+20 3.78842e+31 2.60902e+20 4.87343e+31 2.93942e+20 5.49058e+31 
2.07292e+11 1.28773e+21 2.66936e+32 1.95410e+20 4.05070e+31 2.49776e+20 5.17766e+31 3.21311e+20 6.66053e+31 3.62001e+20 7.50400e+31 
2.30043e+11 1.58589e+21 3.64822e+32 2.40656e+20 5.53611e+31 3.07609e+20 7.07632e+31 3.95707e+20 9.10296e+31 4.45818e+20 1.02557e+32 
2.55291e+11 1.95308e+21 4.98603e+32 2.96377e+20 7.56624e+31 3.78831e+20 9.67122e+31 4.87327e+20 1.24410e+32 5.49041e+20 1.40165e+32 
2.83310e+11 2.40528e+21 6.81440e+32 3.65000e+20 1.03408e+32 4.66545e+20 1.32177e+32 6.00160e+20 1.70031e+32 6.76162e+20 1.91563e+32 
3.14404e+11 2.96219e+21 9.31322e+32 4.49512e+20 1.41328e+32 5.74566e+20 1.80646e+32 7.39117e+20 2.32381e+32 8.32716e+20 2.61809e+32 
3.48910e+11 3.64803e+21 1.27283e+33 5.53591e+20 1.93153e+32 7.07596e+20 2.46888e+32 9.10245e+20 3.17594e+32 1.02552e+21 3.57813e+32 
3.87204e+11 4.49265e+21 1.73957e+33 6.81767e+20 2.63983e+32 8.71427e+20 3.37420e+32 1.12099e+21 4.34053e+32 1.26295e+21 4.89020e+32 
4.29700e+11 5.53282e+21 2.37746e+33 8.39619e+20 3.60785e+32 1.07319e+21 4.61149e+32 1.38053e+21 5.93215e+32 1.55536e+21 6.68338e+32 
4.76861e+11 6.81381e+21 3.24924e+33 1.03402e+21 4.93083e+32 1.32166e+21 6.30247e+32 1.70016e+21 8.10739e+32 1.91546e+21 9.13408e+32 
5.29198e+11 8.39135e+21 4.44068e+33 1.27342e+21 6.73893e+32 1.62765e+21 8.61350e+32 2.09378e+21 1.10802e+33 2.35893e+21 1.24834e+33 
5.87279e+11 1.03341e+22 6.06900e+33 1.56826e+21 9.21004e+32 2.00449e+21 1.17719e+33 2.57852e+21 1.51431e+33 2.90506e+21 1.70608e+33 
6.51734e+11 1.27266e+22 8.29436e+33 1.93135e+21 1.25873e+33 2.46856e+21 1.60884e+33 3.17549e+21 2.06957e+33 3.57762e+21 2.33165e+33 
7.23263e+11 1.56729e+22 1.13357e+34 2.37850e+21 1.72028e+33 3.04006e+21 2.19877e+33 3.91064e+21 2.82842e+33 4.40587e+21 3.18660e+33 
8.02643e+11 1.93013e+22 1.54921e+34 2.92917e+21 2.35108e+33 3.74387e+21 3.00499e+33 4.81597e+21 3.86551e+33 5.42585e+21 4.35502e+33 
8.90735e+11 2.37696e+22 2.11725e+34 3.60732e+21 3.21317e+33 4.61059e+21 4.10682e+33 5.93087e+21 5.28283e+33 6.68193e+21 5.95183e+33 
9.88496e+11 2.92722e+22 2.89355e+34 4.44246e+21 4.39136e+33 5.67794e+21 5.61262e+33 7.30383e+21 7.21980e+33 8.22875e+21 8.13409e+33 
1.09699e+12 3.60485e+22 3.95447e+34 5.47093e+21 6.00153e+33 6.99235e+21 7.67051e+33 8.99458e+21 9.86692e+33 1.01336e+22 1.11164e+34 
1.21738e+12 4.43931e+22 5.40434e+34 6.73747e+21 8.20208e+33 8.61099e+21 1.04829e+34 1.10767e+22 1.34845e+34 1.24793e+22 1.51921e+34 
1.35099e+12 5.46691e+22 7.38576e+34 8.29719e+21 1.12094e+34 1.06043e+22 1.43263e+34 1.36406e+22 1.84284e+34 1.53680e+22 2.07620e+34 
1.49927e+12 6.73233e+22 1.00936e+35 1.02179e+22 1.53194e+34 1.30589e+22 1.95788e+34 1.67979e+22 2.51846e+34 1.89251e+22 2.83738e+34 
1.66382e+12 8.29059e+22 1.37940e+35 1.25832e+22 2.09362e+34 1.60816e+22 2.67568e+34 2.06859e+22 3.44175e+34 2.33054e+22 3.87760e+34 
1.84642e+12 1.02094e+23 1.88510e+35 1.54960e+22 2.86122e+34 1.98037e+22 3.65661e+34 2.54735e+22 4.70350e+34 2.86994e+22 5.29912e+34 
2.04907e+12 1.25723e+23 2.57616e+35 1.90829e+22 3.91023e+34 2.43872e+22 4.99712e+34 3.13690e+22 6.42774e+34 3.53413e+22 7.24171e+34 
2.27397e+12 1.54819e+23 3.52052e+35 2.34999e+22 5.34379e+34 3.00312e+22 6.82899e+34 3.86284e+22 8.78397e+34 4.35200e+22 9.89631e+34 
2.52354e+12 1.90646e+23 4.81102e+35 2.89390e+22 7.30287e+34 3.69810e+22 9.33231e+34 4.75673e+22 1.20038e+35 5.35908e+22 1.35239e+35 
2.80050e+12 2.34760e+23 6.57448e+35 3.56368e+22 9.98009e+34 4.55387e+22 1.27531e+35 5.85739e+22 1.64036e+35 6.59912e+22 1.84809e+35 
3.10787e+12 2.89079e+23 8.98420e+35 4.38842e+22 1.36386e+35 5.60759e+22 1.74276e+35 7.21263e+22 2.24159e+35 8.12598e+22 2.52545e+35 
3.44896e+12 3.55961e+23 1.22770e+36 5.40398e+22 1.86381e+35 6.90503e+22 2.38152e+35 8.88130e+22 3.06313e+35 1.00059e+23 3.45101e+35 
3.82749e+12 4.38310e+23 1.67763e+36 6.65448e+22 2.54700e+35 8.50254e+22 3.25434e+35 1.09358e+23 4.18568e+35 1.23206e+23 4.71572e+35 
4.24757e+12 5.39699e+23 2.29241e+36 8.19424e+22 3.48056e+35 1.04694e+23 4.44697e+35 1.34654e+23 5.71951e+35 1.51705e+23 6.44377e+35 
4.71375e+12 6.64528e+23 3.13242e+36 1.00901e+23 4.75624e+35 1.28911e+23 6.07655e+35 1.65796e+23 7.81524e+35 1.86791e+23 8.80488e+35 
5.23110e+12 8.18209e+23 4.28013e+36 1.24245e+23 6.49938e+35 1.58726e+23 8.30310e+35 2.04137e+23 1.06786e+36 2.29987e+23 1.20308e+36 
5.80523e+12 1.00741e+24 5.84822e+36 1.52986e+23 8.88119e+35 1.95431e+23 1.13452e+36 2.51338e+23 1.45907e+36 2.83164e+23 1.64383e+36 
6.44236e+12 1.24032e+24 7.99057e+36 1.88372e+23 1.21356e+36 2.40619e+23 1.55015e+36 3.09442e+23 1.99354e+36 3.48626e+23 2.24598e+36 
7.14943e+12 1.52703e+24 1.09174e+37 2.31938e+23 1.65823e+36 2.96245e+23 2.11799e+36 3.80968e+23 2.72370e+36 4.29208e+23 3.06859e+36 
7.93410e+12 1.87995e+24 1.49157e+37 2.85573e+23 2.26576e+36 3.64720e+23 2.89372e+36 4.69008e+23 3.72115e+36 5.28396e+23 4.19234e+36 
8.80488e+12 2.31435e+24 2.03775e+37 3.51601e+23 3.09581e+36 4.49006e+23 3.95344e+36 5.77371e+23 5.08369e+36 6.50480e+23 5.72740e+36 
9.77124e+12 2.84900e+24 2.78382e+37 4.32882e+23 4.22980e+36 5.52747e+23 5.40103e+36 7.10739e+23 6.94480e+36 8.00734e+23 7.82417e+36 
1.08437e+13 3.50699e+24 3.80286e+37 5.32936e+23 5.77898e+36 6.80427e+23 7.37832e+36 8.74871e+23 9.48680e+36 9.85647e+23 1.06880e+37 
1.20338e+13 4.31673e+24 5.19466e+37 6.56092e+23 7.89526e+36 8.37559e+23 1.00790e+37 1.07685e+24 1.29585e+37 1.21319e+24 1.45993e+37 
1.33545e+13 5.31312e+24 7.09541e+37 8.07673e+23 1.07861e+37 1.03092e+24 1.37674e+37 1.32537e+24 1.76997e+37 1.49318e+24 1.99407e+37 
1.48202e+13 6.53906e+24 9.69103e+37 9.94230e+23 1.47347e+37 1.26884e+24 1.88045e+37 1.63114e+24 2.41738e+37 1.83766e+24 2.72345e+37 
1.64468e+13 8.04730e+24 1.32352e+38 1.22382e+24 2.01278e+37 1.56157e+24 2.56827e+37 2.00729e+24 3.30135e+37 2.26144e+24 3.71933e+37 
1.82518e+13 9.90262e+24 1.80741e+38 1.50633e+24 2.74934e+37 1.92168e+24 3.50742e+37 2.46999e+24 4.50818e+37 2.78271e+24 5.07895e+37 
2.02550e+13 1.21846e+25 2.46799e+38 1.85395e+24 3.75519e+37 2.36464e+24 4.78959e+37 3.03905e+24 6.15561e+37 3.42381e+24 6.93494e+37 
2.24781e+13 1.49910e+25 3.36968e+38 2.28164e+24 5.12867e+37 2.90944e+24 6.53985e+37 3.73884e+24 8.40419e+37 4.21218e+24 9.46817e+37 
2.49451e+13 1.84417e+25 4.60029e+38 2.80776e+24 7.00398e+37 3.57938e+24 8.92879e+37 4.59924e+24 1.14728e+38 5.18149e+24 1.29253e+38 
2.76829e+13 2.26839e+25 6.27956e+38 3.45491e+24 9.56419e+37 4.40308e+24 1.21890e+38 5.65692e+24 1.56600e+38 6.37304e+24 1.76424e+38 
3.07211e+13 2.78982e+25 8.57065e+38 4.25082e+24 1.30590e+38 5.41564e+24 1.66375e+38 6.95684e+24 2.13722e+38 7.83749e+24 2.40777e+38 
3.40929e+13 3.43060e+25 1.16959e+39 5.22953e+24 1.78290e+38 6.66012e+24 2.27063e+38 8.55414e+24 2.91635e+38 9.63694e+24 3.28551e+38 
3.78346e+13 4.21785e+25 1.59581e+39 6.43282e+24 2.43383e+38 8.18929e+24 3.09839e+38 1.05163e+25 3.97882e+38 1.18475e+25 4.48244e+38 
4.19871e+13 5.18480e+25 2.17695e+39 7.91196e+24 3.32200e+38 1.00678e+25 4.22718e+38 1.29262e+25 5.42731e+38 1.45622e+25 6.11424e+38 
4.65953e+13 6.37212e+25 2.96911e+39 9.72980e+24 4.53363e+38 1.23748e+25 5.76608e+38 1.58848e+25 7.40155e+38 1.78951e+25 8.33829e+38 
5.17092e+13 7.82954e+25 4.04859e+39 1.19634e+25 6.18618e+38 1.52073e+25 7.86355e+38 1.95159e+25 1.00915e+39 2.19857e+25 1.13686e+39 
5.73844e+13 9.61787e+25 5.51916e+39 1.47071e+25 8.43960e+38 1.86835e+25 1.07214e+39 2.39707e+25 1.37555e+39 2.70040e+25 1.54961e+39 
6.36825e+13 1.18113e+26 7.52176e+39 1.80766e+25 1.15116e+39 2.29484e+25 1.46141e+39 2.94338e+25 1.87442e+39 3.31581e+25 2.11159e+39 
7.06718e+13 1.45005e+26 1.02478e+40 2.22131e+25 1.56984e+39 2.81785e+25 1.99143e+39 3.61302e+25 2.55339e+39 4.07013e+25 2.87644e+39 
7.84282e+13 1.77959e+26 1.39570e+40 2.72895e+25 2.14027e+39 3.45893e+25 2.71278e+39 4.43340e+25 3.47704e+39 4.99424e+25 3.91690e+39 
8.70359e+13 2.18316e+26 1.90014e+40 3.35170e+25 2.91718e+39 4.24434e+25 3.69410e+39 5.43787e+25 4.73290e+39 6.12569e+25 5.33155e+39 
9.65883e+13 2.67712e+26 2.58578e+40 4.11533e+25 3.97493e+39 5.20599e+25 5.02838e+39 6.66694e+25 6.43948e+39 7.51011e+25 7.25389e+39 
1.07189e+14 3.28128e+26 3.51718e+40 5.05127e+25 5.41441e+39 6.38268e+25 6.84154e+39 8.16975e+25 8.75709e+39 9.20282e+25 9.86443e+39 
1.18953e+14 4.01967e+26 4.78153e+40 6.19777e+25 7.37246e+39 7.82147e+25 9.30390e+39 1.00058e+26 1.19023e+40 1.12708e+26 1.34070e+40 
1.32009e+14 4.92134e+26 6.49660e+40 7.60138e+25 1.00345e+40 9.57933e+25 1.26456e+40 1.22470e+26 1.61671e+40 1.37951e+26 1.82107e+40 
1.46497e+14 6.02135e+26 8.82110e+40 9.31862e+25 1.36515e+40 1.17251e+26 1.71770e+40 1.49801e+26 2.19453e+40 1.68731e+26 2.47186e+40 
1.62576e+14 7.36192e+26 1.19687e+41 1.14180e+26 1.85629e+40 1.43419e+26 2.33164e+40 1.83092e+26 2.97663e+40 2.06224e+26 3.35269e+40 
1.80419e+14 8.99374e+26 1.62264e+41 1.39826e+26 2.52271e+40 1.75295e+26 3.16266e+40 2.23594e+26 4.03406e+40 2.51835e+26 4.54357e+40 
2.00220e+14 1.09775e+27 2.19792e+41 1.71124e+26 3.42625e+40 2.14078e+26 4.28628e+40 2.72803e+26 5.46207e+40 3.07247e+26 6.15170e+40 
2.22195e+14 1.33856e+27 2.97421e+41 2.09284e+26 4.65018e+40 2.61200e+26 5.80374e+40 3.32499e+26 7.38795e+40 3.74463e+26 8.32037e+40 
2.46581e+14 1.63041e+27 4.02028e+41 2.55756e+26 6.30647e+40 3.18369e+26 7.85038e+40 4.04793e+26 9.98143e+40 4.55858e+26 1.12406e+41 
2.73644e+14 1.98347e+27 5.42765e+41 3.12281e+26 8.54540e+40 3.87609e+26 1.06067e+41 4.92180e+26 1.34682e+41 5.54236e+26 1.51663e+41 
3.03677e+14 2.40974e+27 7.31782e+41 3.80938e+26 1.15682e+41 4.71316e+26 1.43128e+41 5.97589e+26 1.81474e+41 6.72890e+26 2.04341e+41 
3.37006e+14 2.92323e+27 9.85147e+41 4.64200e+26 1.56438e+41 5.72300e+26 1.92869e+41 7.24439e+26 2.44141e+41 8.15659e+26 2.74882e+41 
3.73994e+14 3.54026e+27 1.32404e+42 5.65001e+26 2.11307e+41 6.93850e+26 2.59495e+41 8.76694e+26 3.27878e+41 9.86994e+26 3.69129e+41 
4.15040e+14 4.27965e+27 1.77623e+42 6.86799e+26 2.85049e+41 8.39779e+26 3.48542e+41 1.05891e+27 4.39492e+41 1.19201e+27 4.94732e+41 
4.60592e+14 5.16293e+27 2.37801e+42 8.33652e+26 3.83974e+41 1.01448e+27 4.67263e+41 1.27629e+27 5.87849e+41 1.43652e+27 6.61651e+41 
5.11143e+14 6.21449e+27 3.17649e+42 1.01029e+27 5.16403e+41 1.22298e+27 6.25118e+41 1.53468e+27 7.84441e+41 1.72709e+27 8.82789e+41 
5.67243e+14 7.46160e+27 4.23254e+42 1.22219e+27 6.93278e+41 1.47094e+27 8.34379e+41 1.84059e+27 1.04406e+42 2.07098e+27 1.17475e+42 
6.29499e+14 8.93438e+27 5.62418e+42 1.47563e+27 9.28907e+41 1.76469e+27 1.11087e+42 2.20117e+27 1.38564e+42 2.47616e+27 1.55874e+42 
6.98588e+14 1.06655e+28 7.45077e+42 1.77775e+27 1.24191e+42 2.11123e+27 1.47488e+42 2.62411e+27 1.83317e+42 2.95117e+27 2.06165e+42 
7.75260e+14 1.26896e+28 9.83771e+42 2.13656e+27 1.65639e+42 2.51810e+27 1.95218e+42 3.11750e+27 2.41688e+42 3.50496e+27 2.71725e+42 
8.60346e+14 1.50426e+28 1.29419e+43 2.56094e+27 2.20329e+42 2.99337e+27 2.57533e+42 3.68964e+27 3.17437e+42 4.14664e+27 3.56754e+42 
9.54772e+14 1.77607e+28 1.69574e+43 3.06053e+27 2.92211e+42 3.54537e+27 3.38502e+42 4.34873e+27 4.15204e+42 4.88510e+27 4.66416e+42 
1.05956e+15 2.08782e+28 2.21217e+43 3.64562e+27 3.86276e+42 4.18252e+27 4.43163e+42 5.10246e+27 5.40636e+42 5.72860e+27 6.06979e+42 
1.17585e+15 2.44260e+28 2.87213e+43 4.32685e+27 5.08773e+42 4.91295e+27 5.77689e+42 5.95758e+27 7.00522e+42 6.68407e+27 7.85946e+42 
1.30490e+15 2.84288e+28 3.70968e+43 5.11481e+27 6.67433e+42 5.74409e+27 7.49547e+42 6.91924e+27 9.02893e+42 7.75649e+27 1.01215e+43 
1.44812e+15 3.29020e+28 4.76460e+43 6.01948e+27 8.71692e+42 6.68209e+27 9.67646e+42 7.99032e+27 1.15709e+43 8.94797e+27 1.29577e+43 
1.60705e+15 3.78478e+28 6.08233e+43 7.04943e+27 1.13288e+43 7.73120e+27 1.24244e+43 9.17061e+27 1.47377e+43 1.02568e+28 1.64832e+43 
1.78343e+15 4.32507e+28 7.71347e+43 8.21077e+27 1.46433e+43 8.89287e+27 1.58598e+43 1.04559e+28 1.86473e+43 1.16761e+28 2.08236e+43 
1.97917e+15 4.90730e+28 9.71237e+43 9.50589e+27 1.88137e+43 1.01648e+28 2.01179e+43 1.18367e+28 2.34268e+43 1.31931e+28 2.61114e+43 
2.19639e+15 5.52483e+28 1.21347e+44 1.09318e+28 2.40105e+43 1.15398e+28 2.53459e+43 1.32975e+28 2.92063e+43 1.47869e+28 3.24777e+43 
2.43744e+15 6.16755e+28 1.50331e+44 1.24787e+28 3.04160e+43 1.30042e+28 3.16971e+43 1.48146e+28 3.61098e+43 1.64275e+28 4.00410e+43 
2.70496e+15 6.82126e+28 1.84512e+44 1.41274e+28 3.82141e+43 1.45367e+28 3.93211e+43 1.63556e+28 4.42413e+43 1.80739e+28 4.88891e+43 
3.00184e+15 7.46718e+28 2.24153e+44 1.58487e+28 4.75753e+43 1.61066e+28 4.83492e+43 1.78773e+28 5.36648e+43 1.96730e+28 5.90553e+43 
3.33129e+15 8.08172e+28 2.69226e+44 1.76016e+28 5.86361e+43 1.76730e+28 5.88741e+43 1.93257e+28 6.43796e+43 2.11595e+28 7.04884e+43 
3.69691e+15 8.63696e+28 3.19301e+44 1.93333e+28 7.14735e+43 1.91852e+28 7.09259e+43 2.06363e+28 7.62905e+43 2.24563e+28 8.30190e+43 
4.10266e+15 9.10197e+28 3.73423e+44 2.09811e+28 8.60783e+43 2.05833e+28 8.44464e+43 2.17370e+28 8.91795e+43 2.34794e+28 9.63279e+43 
4.55294e+15 9.44540e+28 4.30043e+44 2.24758e+28 1.02331e+44 2.18030e+28 9.92676e+43 2.25540e+28 1.02687e+44 2.41444e+28 1.09928e+44 
5.05263e+15 9.63935e+28 4.87041e+44 2.37475e+28 1.19987e+44 2.27807e+28 1.15102e+44 2.30201e+28 1.16312e+44 2.43773e+28 1.23169e+44 
5.60717e+15 9.66402e+28 5.41878e+44 2.47332e+28 1.38683e+44 2.34621e+28 1.31556e+44 2.30855e+28 1.29444e+44 2.41278e+28 1.35289e+44 
6.22257e+15 9.51262e+28 5.91930e+44 2.53856e+28 1.57964e+44 2.38107e+28 1.48164e+44 2.27296e+28 1.41437e+44 2.33827e+28 1.45501e+44 
6.90551e+15 9.19495e+28 6.34958e+44 2.56805e+28 1.77337e+44 2.38153e+28 1.64457e+44 2.19692e+28 1.51708e+44 2.21752e+28 1.53131e+44 
7.66341e+15 8.73836e+28 6.69656e+44 2.56220e+28 1.96352e+44 2.34941e+28 1.80045e+44 2.08616e+28 1.59871e+44 2.05877e+28 1.57772e+44 
8.50449e+15 8.18515e+28 6.96105e+44 2.52429e+28 2.14678e+44 2.28929e+28 1.94692e+44 1.94998e+28 1.65835e+44 1.87437e+28 1.59405e+44 
9.43788e+15 7.58616e+28 7.15973e+44 2.45990e+28 2.32163e+44 2.20786e+28 2.08375e+44 1.79980e+28 1.69863e+44 1.67892e+28 1.58455e+44 
1.04737e+16 6.99192e+28 7.32313e+44 2.37603e+28 2.48859e+44 2.11271e+28 2.21279e+44 1.64733e+28 1.72536e+44 1.48682e+28 1.55726e+44 
1.16232e+16 6.44352e+28 7.48945e+44 2.27983e+28 2.64990e+44 2.01103e+28 2.33747e+44 1.50245e+28 1.74634e+44 1.30969e+28 1.52228e+44 
1.28989e+16 5.96599e+28 7.69547e+44 2.17755e+28 2.80881e+44 1.90859e+28 2.46187e+44 1.37182e+28 1.76950e+44 1.15455e+28 1.48924e+44 
1.43146e+16 5.56604e+28 7.96756e+44 2.07384e+28 2.96862e+44 1.80912e+28 2.58968e+44 1.25823e+28 1.80110e+44 1.02328e+28 1.46479e+44 
1.58857e+16 5.23458e+28 8.31548e+44 1.97155e+28 3.13194e+44 1.71437e+28 2.72339e+44 1.16110e+28 1.84448e+44 9.13462e+27 1.45109e+44 
1.76291e+16 4.95264e+28 8.73108e+44 1.87205e+28 3.30026e+44 1.62460e+28 2.86403e+44 1.07765e+28 1.89980e+44 8.20047e+27 1.44567e+44 
1.95640e+16 4.69822e+28 9.19160e+44 1.77559e+28 3.47376e+44 1.53918e+28 3.01125e+44 1.00425e+28 1.96471e+44 7.37420e+27 1.44269e+44 
2.17112e+16 4.45188e+28 9.66556e+44 1.68178e+28 3.65134e+44 1.45704e+28 3.16340e+44 9.37490e+27 2.03540e+44 6.60948e+27 1.43500e+44 
2.40940e+16 4.19958e+28 1.01185e+45 1.58966e+28 3.83013e+44 1.37688e+28 3.31747e+44 8.74691e+27 2.10748e+44 5.87783e+27 1.41621e+44 
2.67384e+16 3.93302e+28 1.05163e+45 1.49773e+28 4.00470e+44 1.29714e+28 3.46833e+44 8.13899e+27 2.17624e+44 5.16882e+27 1.38206e+44 
2.96730e+16 3.64837e+28 1.08258e+45 1.40388e+28 4.16572e+44 1.21581e+28 3.60767e+44 7.53609e+27 2.23619e+44 4.48526e+27 1.33091e+44 
3.29297e+16 3.34454e+28 1.10135e+45 1.30542e+28 4.29872e+44 1.13053e+28 3.72281e+44 6.92486e+27 2.28034e+44 3.83662e+27 1.26339e+44 
3.65438e+16 3.02193e+28 1.10433e+45 1.19954e+28 4.38357e+44 1.03883e+28 3.79629e+44 6.29277e+27 2.29962e+44 3.23320e+27 1.18153e+44 
4.05546e+16 2.68214e+28 1.08773e+45 1.08393e+28 4.39583e+44 9.38709e+27 3.80690e+44 5.62976e+27 2.28313e+44 2.68229e+27 1.08779e+44 
4.50056e+16 2.32851e+28 1.04796e+45 9.57718e+27 4.31027e+44 8.29408e+27 3.73280e+44 4.93172e+27 2.21955e+44 2.18703e+27 9.84284e+43 
4.99451e+16 1.96719e+28 9.82515e+44 8.22276e+27 4.10686e+44 7.12112e+27 3.55665e+44 4.20438e+27 2.09988e+44 1.74715e+27 8.72614e+43 
5.54266e+16 1.60784e+28 8.91172e+44 6.81576e+27 3.77775e+44 5.90263e+27 3.27163e+44 3.46535e+27 1.92073e+44 1.36101e+27 7.54364e+43 
6.15099e+16 1.26330e+28 7.77052e+44 5.41846e+27 3.33289e+44 4.69253e+27 2.88637e+44 2.74290e+27 1.68716e+44 1.02736e+27 6.31929e+43 
6.82607e+16 9.47880e+27 6.47030e+44 4.10465e+27 2.80187e+44 3.55473e+27 2.42649e+44 2.07096e+27 1.41365e+44 7.45961e+26 5.09198e+43 
7.57525e+16 6.74615e+27 5.11038e+44 2.94391e+27 2.23008e+44 2.54950e+27 1.93131e+44 1.48165e+27 1.12239e+44 5.16889e+26 3.91557e+43 
8.40665e+16 4.52337e+27 3.80264e+44 1.98628e+27 1.66980e+44 1.72017e+27 1.44609e+44 9.97861e+26 8.38867e+43 3.39044e+26 2.85023e+43 
9.32930e+16 2.83789e+27 2.64756e+44 1.25261e+27 1.16860e+44 1.08480e+27 1.01204e+44 6.28442e+26 5.86292e+43 2.08843e+26 1.94836e+43 
1.03532e+17 1.65435e+27 1.71279e+44 7.33423e+26 7.59329e+43 6.35163e+26 6.57598e+43 3.67602e+26 3.80587e+43 1.19860e+26 1.24094e+43 
1.14895e+17 8.89632e+26 1.02214e+44 3.95907e+26 4.54878e+43 3.42866e+26 3.93936e+43 1.98293e+26 2.27829e+43 6.35994e+25 7.30726e+42 
1.27505e+17 4.37910e+26 5.58358e+43 1.95531e+26 2.49312e+43 1.69335e+26 2.15911e+43 9.78832e+25 1.24806e+43 3.09559e+25 3.94704e+42 
1.41499e+17 1.95637e+26 2.76824e+43 8.76022e+25 1.23956e+43 7.58658e+25 1.07349e+43 4.38375e+25 6.20297e+42 1.37084e+25 1.93973e+42 
1.57029e+17 7.85540e+25 1.23352e+43 3.52530e+25 5.53575e+42 3.05300e+25 4.79410e+42 1.76365e+25 2.76944e+42 5.47393e+24 8.59566e+41 
1.74263e+17 2.80214e+25 4.88309e+42 1.25923e+25 2.19438e+42 1.09053e+25 1.90039e+42 6.29854e+24 1.09761e+42 1.95093e+24 3.39976e+41 
1.93389e+17 8.75327e+24 1.69279e+42 3.93400e+24 7.60792e+41 3.40694e+24 6.58865e+41 1.96748e+24 3.80490e+41 6.13070e+23 1.18561e+41 
2.14614e+17 2.35076e+24 5.04506e+41 1.05465e+24 2.26344e+41 9.13357e+23 1.96019e+41 5.27410e+23 1.13190e+41 1.67325e+23 3.59104e+40 
2.38169e+17 5.29506e+23 1.26112e+41 2.36439e+23 5.63124e+40 2.04762e+23 4.87679e+40 1.18231e+23 2.81589e+40 3.89167e+22 9.26873e+39 
2.64308e+17 9.65212e+22 2.55113e+40 4.26652e+22 1.12768e+40 3.69491e+22 9.76596e+39 2.13339e+22 5.63871e+39 7.52563e+21 1.98909e+39 
2.93317e+17 1.34060e+22 3.93220e+39 5.79485e+21 1.69973e+39 5.01849e+21 1.47201e+39 2.89753e+21 8.49893e+38 1.17023e+21 3.43247e+38 
3.25509e+17 1.23405e+21 4.01693e+38 4.99928e+20 1.62731e+38 4.32950e+20 1.40929e+38 2.49970e+20 8.13674e+37 1.39115e+20 4.52831e+37 
3.61234e+17 3.37661e+19 1.21975e+37 5.43614e+18 1.96372e+36 4.70783e+18 1.70063e+36 2.71826e+18 9.81930e+35 1.14806e+19 4.14720e+36 
4.00881e+17 -1.01435e+19 -4.06633e+36 -5.85571e+18 -2.34744e+36 -5.07119e+18 -2.03294e+36 -2.92785e+18 -1.17372e+36 4.78771e+17 1.91930e+35 
4.44878e+17 -1.91208e+18 -8.50642e+35 -9.86775e+17 -4.38995e+35 -8.54572e+17 -3.80181e+35 -4.93387e+17 -2.19497e+35 -1.88275e+16 -8.37595e+33 
4.93705e+17 -1.79713e+17 -8.87250e+34 -8.98184e+16 -4.43438e+34 -7.77850e+16 -3.84028e+34 -4.49092e+16 -2.21719e+34 -4.50685e+15 -2.22505e+33 
5.47890e+17 -1.05504e+16 -5.78049e+33 -5.19419e+15 -2.84584e+33 -4.49830e+15 -2.46457e+33 -2.59709e+15 -1.42292e+33 -3.38625e+14 -1.85530e+32 
6.08022e+17 -4.00144e+14 -2.43296e+32 -1.95274e+14 -1.18731e+32 -1.69112e+14 -1.02824e+32 -9.76370e+13 -5.93655e+31 -1.44714e+13 -8.79896e+30 
6.74754e+17 -9.71191e+12 -6.55315e+30 -4.71156e+12 -3.17914e+30 -4.08033e+12 -2.75322e+30 -2.35578e+12 -1.58957e+30 -3.77789e+11 -2.54915e+29 
7.48810e+17 -1.46906e+11 -1.10005e+29 -7.09502e+10 -5.31282e+28 -6.14447e+10 -4.60104e+28 -3.54751e+10 -2.65641e+28 -6.01899e+09 -4.50708e+27 
8.30994e+17 -1.33659e+09 -1.11070e+27 -6.43083e+08 -5.34398e+26 -5.56926e+08 -4.62802e+26 -3.21541e+08 -2.67199e+26 -5.71107e+07 -4.74586e+25 
9.22198e+17 -7.01893e+06 -6.47285e+24 -3.36508e+06 -3.10327e+24 -2.91424e+06 -2.68751e+24 -1.68254e+06 -1.55163e+24 -3.11471e+05 -2.87238e+23 
1.02341e+18 -2.03257e+04 -2.08016e+22 -9.70983e+03 -9.93715e+21 -8.40896e+03 -8.60582e+21 -4.85491e+03 -4.96857e+21 -9.35775e+02 -9.57682e+20 
1.13573e+18 -3.08614e+01 -3.50503e+19 -1.46877e+01 -1.66813e+19 -1.27199e+01 -1.44464e+19 -7.34385e+00 -8.34065e+18 -1.47424e+00 -1.67434e+18 
1.26038e+18 -2.31660e-02 -2.91980e+16 -1.09829e-02 -1.38426e+16 -9.51146e-03 -1.19881e+16 -5.49144e-03 -6.92132e+15 -1.14763e-03 -1.44645e+15 
1.39871e+18 -7.97769e-06 -1.11585e+13 -3.76786e-06 -5.27015e+12 -3.26306e-06 -4.56409e+12 -1.88393e-06 -2.63508e+12 -4.08994e-07 -5.72065e+11 
1.55223e+18 -1.13673e-09 -1.76446e+09 -5.34878e-10 -8.30251e+08 -4.63218e-10 -7.19019e+08 -2.67439e-10 -4.15126e+08 -6.01738e-11 -9.34033e+07 
1.72259e+18 -5.73157e-14 -9.87313e+04 -2.68496e-14 -4.62508e+04 -2.32525e-14 -4.00543e+04 -1.34248e-14 -2.31254e+04 -3.14482e-15 -5.41722e+03 
1.91164e+18 -7.39666e-19 -1.41398e+00 -3.42857e-19 -6.55420e-01 -2.96923e-19 -5.67610e-01 -1.71428e-19 -3.27710e-01 -4.38583e-20 -8.38415e-02 
2.12145e+18 1.14056e-24 2.41965e-06 5.93515e-25 1.25911e-06 5.13999e-25 1.09042e-06 2.96757e-25 6.29557e-07 9.93758e-27 2.10821e-08 
2.35429e+18 2.23133e-29 5.25318e-11 1.06652e-29 2.51089e-11 9.23631e-30 2.17449e-11 5.33259e-30 1.25544e-11 1.03692e-30 2.44120e-12 
2.61268e+18 2.53989e-35 6.63590e-17 1.20686e-35 3.15314e-17 1.04517e-35 2.73070e-17 6.03432e-36 1.57657e-17 1.24401e-36 3.25019e-18 
2.89942e+18 4.70374e-42 1.36381e-23 2.23072e-42 6.46781e-24 1.93186e-42 5.60128e-24 1.11536e-42 3.23390e-24 2.34249e-43 6.79187e-25 
3.21764e+18 1.37148e-49 4.41292e-31 6.49879e-50 2.09108e-31 5.62812e-50 1.81093e-31 3.24939e-50 1.04554e-31 6.87789e-51 2.21306e-32 
3.57079e+18 5.45529e-58 1.94797e-39 2.58405e-58 9.22708e-40 2.23785e-58 7.99089e-40 1.29202e-58 4.61354e-40 2.74439e-59 9.79964e-41 
3.96269e+18 2.44746e-67 9.69851e-49 1.15912e-67 4.59322e-49 1.00382e-67 3.97784e-49 5.79558e-68 2.29661e-49 1.23293e-68 4.88572e-50 
4.39760e+18 9.89375e-78 4.35088e-59 4.68538e-78 2.06044e-59 4.05766e-78 1.78440e-59 2.34269e-78 1.03022e-59 4.98678e-79 2.19299e-60 
4.88025e+18 2.78920e-89 1.36120e-70 1.32085e-89 6.44610e-71 1.14389e-89 5.58248e-71 6.60427e-90 3.22305e-71 1.40610e-90 6.86210e-72 
5.41587e+18 4.11031e-102 2.22609e-83 1.94646e-102 1.05418e-83 1.68569e-102 9.12946e-84 9.73231e-103 5.27090e-84 2.07217e-103 1.12226e-84 
6.01028e+18 2.29442e-116 1.37901e-97 1.08653e-116 6.53035e-98 9.40963e-117 5.65545e-98 5.43265e-117 3.26518e-98 1.15675e-117 6.95237e-99 
6.66992e+18 3.39019e-132 2.26123e-113 1.60541e-132 1.07080e-113 1.39033e-132 9.27337e-114 8.02706e-133 5.35398e-114 1.70942e-133 1.14017e-114 
7.40196e+18 8.90795e-150 6.59363e-131 4.21810e-150 3.12222e-131 3.65298e-150 2.70392e-131 2.10905e-150 1.56111e-131 4.49349e-151 3.32607e-132 
8.21434e+18 2.68066e-169 2.20199e-150 1.26915e-169 1.04252e-150 1.09912e-169 9.02853e-151 6.34576e-170 5.21262e-151 1.35387e-170 1.11211e-151 
9.11589e+18 5.70162e-191 5.19753e-172 2.69819e-191 2.45964e-172 2.33670e-191 2.13011e-172 1.34909e-191 1.22982e-172 2.88988e-192 2.63438e-173 
1.01164e+19 5.12019e-215 5.17978e-196 2.41972e-215 2.44788e-196 2.09554e-215 2.11993e-196 1.20986e-215 1.22394e-196 2.62293e-216 2.65346e-197 
1.12267e+19 1.17632e-241 1.32061e-222 5.53847e-242 6.21787e-223 4.79646e-242 5.38483e-223 2.76924e-242 3.10893e-223 6.19703e-243 6.95721e-224 
1.24588e+19 4.77920e-271 5.95433e-252 2.23936e-271 2.78999e-252 1.93935e-271 2.41620e-252 1.11968e-271 1.39499e-252 2.60164e-272 3.24134e-253 
1.38262e+19 0.00000e+00 0.00000e+00 0.00000e+00 0.00000e+00 0.00000e+00 0.00000e+00 0.00000e+00 0.00000e+00 0.00000e+00 0.00000e+00 
1.53437e+19 0.00000e+00 0.00000e+00 0.00000e+00 0.00000e+00 0.00000e+00 0.00000e+00 0.00000e+00 0.00000e+00 0.00000e+00 0.00000e+00 
1.70277e+19 0.00000e+00 0.00000e+00 0.00000e+00 0.00000e+00 0.00000e+00 0.00000e+00 0.00000e+00 0.00000e+00 0.00000e+00 0.00000e+00 
1.88965e+19 0.00000e+00 0.00000e+00 0.00000e+00 0.00000e+00 0.00000e+00 0.00000e+00 0.00000e+00 0.00000e+00 0.00000e+00 0.00000e+00 
2.09705e+19 0.00000e+00 0.00000e+00 0.00000e+00 0.00000e+00 0.00000e+00 0.00000e+00 0.00000e+00 0.00000e+00 0.00000e+00 0.00000e+00 
2.32720e+19 0.00000e+00 0.00000e+00 0.00000e+00 0.00000e+00 0.00000e+00 0.00000e+00 0.00000e+00 0.00000e+00 0.00000e+00 0.00000e+00 
2.58262e+19 0.00000e+00 0.00000e+00 0.00000e+00 0.00000e+00 0.00000e+00 0.00000e+00 0.00000e+00 0.00000e+00 0.00000e+00 0.00000e+00 
2.86607e+19 0.00000e+00 0.00000e+00 0.00000e+00 0.00000e+00 0.00000e+00 0.00000e+00 0.00000e+00 0.00000e+00 0.00000e+00 0.00000e+00 
3.18063e+19 0.00000e+00 0.00000e+00 0.00000e+00 0.00000e+00 0.00000e+00 0.00000e+00 0.00000e+00 0.00000e+00 0.00000e+00 0.00000e+00 
3.52971e+19 0.00000e+00 0.00000e+00 0.00000e+00 0.00000e+00 0.00000e+00 0.00000e+00 0.00000e+00 0.00000e+00 0.00000e+00 0.00000e+00 
3.91710e+19 0.00000e+00 0.00000e+00 0.00000e+00 0.00000e+00 0.00000e+00 0.00000e+00 0.00000e+00 0.00000e+00 0.00000e+00 0.00000e+00 
4.34701e+19 0.00000e+00 0.00000e+00 0.00000e+00 0.00000e+00 0.00000e+00 0.00000e+00 0.00000e+00 0.00000e+00 0.00000e+00 0.00000e+00 
4.82411e+19 0.00000e+00 0.00000e+00 0.00000e+00 0.00000e+00 0.00000e+00 0.00000e+00 0.00000e+00 0.00000e+00 0.00000e+00 0.00000e+00 
5.35357e+19 0.00000e+00 0.00000e+00 0.00000e+00 0.00000e+00 0.00000e+00 0.00000e+00 0.00000e+00 0.00000e+00 0.00000e+00 0.00000e+00 
5.94113e+19 0.00000e+00 0.00000e+00 0.00000e+00 0.00000e+00 0.00000e+00 0.00000e+00 0.00000e+00 0.00000e+00 0.00000e+00 0.00000e+00 
6.59319e+19 0.00000e+00 0.00000e+00 0.00000e+00 0.00000e+00 0.00000e+00 0.00000e+00 0.00000e+00 0.00000e+00 0.00000e+00 0.00000e+00 
7.31681e+19 0.00000e+00 0.00000e+00 0.00000e+00 0.00000e+00 0.00000e+00 0.00000e+00 0.00000e+00 0.00000e+00 0.00000e+00 0.00000e+00 
8.11984e+19 0.00000e+00 0.00000e+00 0.00000e+00 0.00000e+00 0.00000e+00 0.00000e+00 0.00000e+00 0.00000e+00 0.00000e+00 0.00000e+00 
9.01102e+19 0.00000e+00 0.00000e+00 0.00000e+00 0.00000e+00 0.00000e+00 0.00000e+00 0.00000e+00 0.00000e+00 0.00000e+00 0.00000e+00 
1.00000e+20 0.00000e+00 0.00000e+00 0.00000e+00 0.00000e+00 0.00000e+00 0.00000e+00 0.00000e+00 0.00000e+00 0.00000e+00 0.00000e+00 
