1.00000e+11 1.71824e+21 1.71824e+32 3.02600e+20 3.02600e+31 3.36588e+20 3.36588e+31 4.08623e+20 4.08623e+31 4.64986e+20 4.64986e+31 
1.10975e+11 2.11609e+21 2.34833e+32 3.72665e+20 4.13566e+31 4.14523e+20 4.60018e+31 5.03237e+20 5.58468e+31 5.72650e+20 6.35500e+31 
1.23155e+11 2.60605e+21 3.20948e+32 4.58953e+20 5.65224e+31 5.10503e+20 6.28710e+31 6.19758e+20 7.63263e+31 7.05243e+20 8.68543e+31 
1.36672e+11 3.20946e+21 4.38642e+32 5.65220e+20 7.72496e+31 6.28706e+20 8.59263e+31 7.63257e+20 1.04316e+32 8.68536e+20 1.18704e+32 
1.51672e+11 3.95258e+21 5.99495e+32 6.96093e+20 1.05578e+32 7.74278e+20 1.17436e+32 9.39982e+20 1.42569e+32 1.06964e+21 1.62234e+32 
1.68318e+11 4.86776e+21 8.19332e+32 8.57267e+20 1.44293e+32 9.53554e+20 1.60500e+32 1.15763e+21 1.94849e+32 1.31730e+21 2.21725e+32 
1.86791e+11 5.99484e+21 1.11978e+33 1.05576e+21 1.97207e+32 1.17434e+21 2.19356e+32 1.42566e+21 2.66301e+32 1.62231e+21 3.03033e+32 
2.07292e+11 7.38286e+21 1.53041e+33 1.30021e+21 2.69523e+32 1.44624e+21 2.99795e+32 1.75575e+21 3.63954e+32 1.99793e+21 4.14155e+32 
2.30043e+11 9.09226e+21 2.09161e+33 1.60126e+21 3.68358e+32 1.78110e+21 4.09730e+32 2.16227e+21 4.97415e+32 2.46052e+21 5.66025e+32 
2.55291e+11 1.11974e+22 2.85860e+33 1.97200e+21 5.03435e+32 2.19349e+21 5.59977e+32 2.66291e+21 6.79816e+32 3.03021e+21 7.73585e+32 
2.83310e+11 1.37900e+22 3.90684e+33 2.42859e+21 6.88043e+32 2.70135e+21 7.65320e+32 3.27946e+21 9.29102e+32 3.73180e+21 1.05726e+33 
3.14404e+11 1.69828e+22 5.33945e+33 2.99089e+21 9.40347e+32 3.32680e+21 1.04596e+33 4.03875e+21 1.26980e+33 4.59582e+21 1.44494e+33 
3.48910e+11 2.09148e+22 7.29738e+33 3.68338e+21 1.28517e+33 4.09705e+21 1.42950e+33 4.97383e+21 1.73542e+33 5.65988e+21 1.97479e+33 
3.87204e+11 2.57571e+22 9.97324e+33 4.53619e+21 1.75643e+33 5.04563e+21 1.95369e+33 6.12540e+21 2.37178e+33 6.97028e+21 2.69892e+33 
4.29700e+11 3.17204e+22 1.36303e+34 5.58643e+21 2.40049e+33 6.21382e+21 2.67008e+33 7.54356e+21 3.24147e+33 8.58406e+21 3.68857e+33 
4.76861e+11 3.90643e+22 1.86283e+34 6.87983e+21 3.28072e+33 7.65245e+21 3.64916e+33 9.29004e+21 4.43006e+33 1.05714e+22 5.04110e+33 
5.29198e+11 4.81084e+22 2.54588e+34 8.47265e+21 4.48371e+33 9.42413e+21 4.98723e+33 1.14408e+22 6.05446e+33 1.30189e+22 6.88956e+33 
5.87279e+11 5.92460e+22 3.47939e+34 1.04342e+22 6.12780e+33 1.16060e+22 6.81593e+33 1.40895e+22 8.27447e+33 1.60329e+22 9.41577e+33 
6.51734e+11 7.29620e+22 4.75518e+34 1.28499e+22 8.37471e+33 1.42929e+22 9.31514e+33 1.73513e+22 1.13085e+34 1.97446e+22 1.28682e+34 
7.23263e+11 8.98529e+22 6.49873e+34 1.58248e+22 1.14455e+34 1.76018e+22 1.27307e+34 2.13682e+22 1.54549e+34 2.43155e+22 1.75865e+34 
8.02643e+11 1.10654e+23 8.88155e+34 1.94883e+22 1.56422e+34 2.16766e+22 1.73986e+34 2.63149e+22 2.11215e+34 2.99445e+22 2.40347e+34 
8.90735e+11 1.36269e+23 1.21380e+35 2.39999e+22 2.13775e+34 2.66946e+22 2.37779e+34 3.24066e+22 2.88657e+34 3.68764e+22 3.28471e+34 
9.88496e+11 1.67814e+23 1.65883e+35 2.95557e+22 2.92157e+34 3.28742e+22 3.24960e+34 3.99082e+22 3.94491e+34 4.54126e+22 4.48902e+34 
1.09699e+12 2.06659e+23 2.26702e+35 3.63976e+22 3.99276e+34 4.04840e+22 4.44104e+34 4.91461e+22 5.39126e+34 5.59246e+22 6.13485e+34 
1.21738e+12 2.54495e+23 3.09818e+35 4.48230e+22 5.45668e+34 4.98551e+22 6.06927e+34 6.05219e+22 7.36784e+34 6.88694e+22 8.38404e+34 
1.35099e+12 3.13401e+23 4.23402e+35 5.51984e+22 7.45727e+34 6.13949e+22 8.29441e+34 7.45304e+22 1.00690e+35 8.48099e+22 1.14578e+35 
1.49927e+12 3.85938e+23 5.78625e+35 6.79751e+22 1.01913e+35 7.56053e+22 1.13353e+35 9.17806e+22 1.37604e+35 1.04439e+23 1.56582e+35 
1.66382e+12 4.75261e+23 7.90747e+35 8.37084e+22 1.39276e+35 9.31041e+22 1.54908e+35 1.13022e+23 1.88048e+35 1.28610e+23 2.13984e+35 
1.84642e+12 5.85251e+23 1.08062e+36 1.03083e+23 1.90334e+35 1.14652e+23 2.11696e+35 1.39179e+23 2.56983e+35 1.58374e+23 2.92426e+35 
2.04907e+12 7.20688e+23 1.47674e+36 1.26940e+23 2.60109e+35 1.41185e+23 2.89299e+35 1.71387e+23 3.51184e+35 1.95024e+23 3.99619e+35 
2.27397e+12 8.87457e+23 2.01805e+36 1.56317e+23 3.55459e+35 1.73857e+23 3.95345e+35 2.11046e+23 4.79911e+35 2.40152e+23 5.46098e+35 
2.52354e+12 1.09280e+24 2.75773e+36 1.92490e+23 4.85756e+35 2.14087e+23 5.40257e+35 2.59878e+23 6.55813e+35 2.95719e+23 7.46259e+35 
2.80050e+12 1.34564e+24 3.76847e+36 2.37031e+23 6.63806e+35 2.63622e+23 7.38275e+35 3.20005e+23 8.96175e+35 3.64137e+23 1.01977e+36 
3.10787e+12 1.65695e+24 5.14959e+36 2.91875e+23 9.07107e+35 3.24614e+23 1.00886e+36 3.94036e+23 1.22461e+36 4.48377e+23 1.39350e+36 
3.44896e+12 2.04025e+24 7.03674e+36 3.59402e+23 1.23957e+36 3.99710e+23 1.37858e+36 4.85185e+23 1.67339e+36 5.52096e+23 1.90416e+36 
3.82749e+12 2.51216e+24 9.61529e+36 4.42546e+23 1.69384e+36 4.92169e+23 1.88378e+36 5.97407e+23 2.28657e+36 6.79792e+23 2.60190e+36 
4.24757e+12 3.09316e+24 1.31384e+37 5.44913e+23 2.31456e+36 6.06003e+23 2.57404e+36 7.35569e+23 3.12438e+36 8.37004e+23 3.55523e+36 
4.71375e+12 3.80843e+24 1.79520e+37 6.70945e+23 3.16267e+36 7.46149e+23 3.51716e+36 9.05660e+23 4.26906e+36 1.03055e+24 4.85775e+36 
5.23110e+12 4.68898e+24 2.45285e+37 8.26107e+23 4.32145e+36 9.18681e+23 4.80571e+36 1.11505e+24 5.83295e+36 1.26881e+24 6.63726e+36 
5.80523e+12 5.77294e+24 3.35132e+37 1.01713e+24 5.90465e+36 1.13108e+24 6.56615e+36 1.37281e+24 7.96949e+36 1.56211e+24 9.06838e+36 
6.44236e+12 7.10725e+24 4.57875e+37 1.25228e+24 8.06763e+36 1.39253e+24 8.97119e+36 1.69010e+24 1.08882e+37 1.92314e+24 1.23895e+37 
7.14943e+12 8.74963e+24 6.25548e+37 1.54175e+24 1.10226e+37 1.71436e+24 1.22567e+37 2.08064e+24 1.48754e+37 2.36752e+24 1.69264e+37 
7.93410e+12 1.07711e+25 8.54588e+37 1.89806e+24 1.50594e+37 2.11049e+24 1.67448e+37 2.56132e+24 2.03218e+37 2.91445e+24 2.31235e+37 
8.80488e+12 1.32590e+25 1.16744e+38 2.33662e+24 2.05737e+37 2.59804e+24 2.28754e+37 3.15290e+24 2.77609e+37 3.58757e+24 3.15881e+37 
9.77124e+12 1.63206e+25 1.59473e+38 2.87640e+24 2.81060e+37 3.19806e+24 3.12490e+37 3.88091e+24 3.79213e+37 4.41592e+24 4.31490e+37 
1.08437e+13 2.00882e+25 2.17829e+38 3.54069e+24 3.83941e+37 3.93645e+24 4.26855e+37 4.77674e+24 5.17974e+37 5.43520e+24 5.89375e+37 
1.20338e+13 2.47238e+25 2.97521e+38 4.35817e+24 5.24453e+37 4.84504e+24 5.83041e+37 5.87899e+24 7.07464e+37 6.68933e+24 8.04979e+37 
1.33545e+13 3.04271e+25 4.06339e+38 5.36407e+24 7.16345e+37 5.96294e+24 7.96322e+37 7.23505e+24 9.66206e+37 8.23223e+24 1.09938e+38 
1.48202e+13 3.74431e+25 5.54915e+38 6.60170e+24 9.78385e+37 7.33825e+24 1.08754e+38 8.90321e+24 1.31947e+38 1.01302e+25 1.50132e+38 
1.64468e+13 4.60730e+25 7.57751e+38 8.12428e+24 1.33618e+38 9.03003e+24 1.48515e+38 1.09550e+25 1.80175e+38 1.24646e+25 2.05003e+38 
1.82518e+13 5.66863e+25 1.03463e+39 9.99720e+24 1.82467e+38 1.11108e+25 2.02793e+38 1.34784e+25 2.46005e+38 1.53355e+25 2.79901e+38 
2.02550e+13 6.97372e+25 1.41253e+39 1.23008e+25 2.49152e+38 1.36698e+25 2.76881e+38 1.65812e+25 3.35852e+38 1.88656e+25 3.82122e+38 
2.24781e+13 8.57826e+25 1.92823e+39 1.51336e+25 3.40174e+38 1.68162e+25 3.77995e+38 2.03958e+25 4.58457e+38 2.32053e+25 5.21611e+38 
2.49451e+13 1.05506e+26 2.63185e+39 1.86168e+25 4.64397e+38 2.06842e+25 5.15970e+38 2.50846e+25 6.25737e+38 2.85395e+25 7.11921e+38 
2.76829e+13 1.29745e+26 3.59172e+39 2.28988e+25 6.33904e+38 2.54385e+25 7.04212e+38 3.08468e+25 8.53926e+38 3.50946e+25 9.71520e+38 
3.07211e+13 1.59527e+26 4.90086e+39 2.81618e+25 8.65161e+38 3.12809e+25 9.60985e+38 3.79263e+25 1.16514e+39 4.31481e+25 1.32556e+39 
3.40929e+13 1.96111e+26 6.68597e+39 3.46291e+25 1.18060e+39 3.84586e+25 1.31116e+39 4.66221e+25 1.58948e+39 5.30399e+25 1.80828e+39 
3.78346e+13 2.41035e+26 9.11948e+39 4.25744e+25 1.61079e+39 4.72743e+25 1.78861e+39 5.73000e+25 2.16792e+39 6.51859e+25 2.46628e+39 
4.19871e+13 2.96185e+26 1.24360e+40 5.23327e+25 2.19730e+39 5.80988e+25 2.43940e+39 7.04075e+25 2.95621e+39 8.00950e+25 3.36295e+39 
4.65953e+13 3.63864e+26 1.69544e+40 6.43143e+25 2.99674e+39 7.13852e+25 3.32621e+39 8.64918e+25 4.03011e+39 9.83889e+25 4.58446e+39 
5.17092e+13 4.46886e+26 2.31081e+40 7.90205e+25 4.08609e+39 8.76876e+25 4.53426e+39 1.06221e+26 5.49259e+39 1.20827e+26 6.24787e+39 
5.73844e+13 5.48683e+26 3.14858e+40 9.70643e+25 5.56998e+39 1.07682e+26 6.17928e+39 1.30410e+26 7.48347e+39 1.48336e+26 8.51217e+39 
6.36825e+13 6.73441e+26 4.28864e+40 1.19194e+26 7.59057e+39 1.32194e+26 8.41845e+39 1.60051e+26 1.01925e+40 1.82044e+26 1.15930e+40 
7.06718e+13 8.26255e+26 5.83929e+40 1.46322e+26 1.03408e+40 1.62228e+26 1.14650e+40 1.96356e+26 1.38768e+40 2.23325e+26 1.57828e+40 
7.84282e+13 1.01332e+27 7.94730e+40 1.79561e+26 1.40826e+40 1.99008e+26 1.56079e+40 2.40792e+26 1.88849e+40 2.73849e+26 2.14775e+40 
8.70359e+13 1.24216e+27 1.08113e+41 2.20262e+26 1.91707e+40 2.44021e+26 2.12386e+40 2.95145e+26 2.56882e+40 3.35642e+26 2.92129e+40 
9.65883e+13 1.52189e+27 1.46997e+41 2.70071e+26 2.60857e+40 2.99069e+26 2.88866e+40 3.61576e+26 3.49240e+40 4.11158e+26 3.97131e+40 
1.07189e+14 1.86355e+27 1.99752e+41 3.30982e+26 3.54777e+40 3.66339e+26 3.92675e+40 4.42700e+26 4.74526e+40 5.03366e+26 5.39554e+40 
1.18953e+14 2.28045e+27 2.71267e+41 4.05409e+26 4.82248e+40 4.48470e+26 5.33470e+40 5.41672e+26 6.44337e+40 6.15845e+26 7.32568e+40 
1.32009e+14 2.78862e+27 3.68122e+41 4.96273e+26 6.55124e+40 5.48649e+26 7.24265e+40 6.62289e+26 8.74280e+40 7.52902e+26 9.93897e+40 
1.46497e+14 3.40732e+27 4.99163e+41 6.07092e+26 8.89373e+40 6.70707e+26 9.82567e+40 8.09110e+26 1.18532e+41 9.19707e+26 1.34734e+41 
1.62576e+14 4.15962e+27 6.76252e+41 7.42101e+26 1.20648e+41 8.19244e+26 1.33189e+41 9.87590e+26 1.60558e+41 1.12244e+27 1.82482e+41 
1.80419e+14 5.07302e+27 9.15267e+41 9.06378e+26 1.63527e+41 9.99755e+26 1.80374e+41 1.20423e+27 2.17266e+41 1.36847e+27 2.46897e+41 
2.00220e+14 6.18020e+27 1.23740e+42 1.10599e+27 2.21441e+41 1.21879e+27 2.44026e+41 1.46676e+27 2.93674e+41 1.66653e+27 3.33673e+41 
2.22195e+14 7.51981e+27 1.67086e+42 1.34817e+27 2.99556e+41 1.48412e+27 3.29764e+41 1.78429e+27 3.96459e+41 2.02695e+27 4.50376e+41 
2.46581e+14 9.13731e+27 2.25309e+42 1.64148e+27 4.04758e+41 1.80492e+27 4.45058e+41 2.16754e+27 5.34475e+41 2.46182e+27 6.07039e+41 
2.73644e+14 1.10858e+28 3.03357e+42 1.99603e+27 5.46202e+41 2.19194e+27 5.99811e+41 2.62904e+27 7.19421e+41 2.98529e+27 8.16906e+41 
3.03677e+14 1.34270e+28 4.07748e+42 2.42369e+27 7.36018e+41 2.65774e+27 8.07096e+41 3.18328e+27 9.66688e+41 3.61369e+27 1.09739e+42 
3.37006e+14 1.62317e+28 5.47020e+42 2.93826e+27 9.90213e+41 3.21686e+27 1.08410e+42 3.84691e+27 1.29643e+42 4.36576e+27 1.47129e+42 
3.73994e+14 1.95807e+28 7.32307e+42 3.55572e+27 1.32982e+42 3.88593e+27 1.45331e+42 4.63886e+27 1.73490e+42 5.26276e+27 1.96824e+42 
4.15040e+14 2.35647e+28 9.78031e+42 4.29436e+27 1.78234e+42 4.68387e+27 1.94399e+42 5.58035e+27 2.31607e+42 6.32846e+27 2.62657e+42 
4.60592e+14 2.82841e+28 1.30274e+43 5.17490e+27 2.38352e+42 5.63181e+27 2.59397e+42 6.69482e+27 3.08358e+42 7.58903e+27 3.49545e+42 
5.11143e+14 3.38479e+28 1.73011e+43 6.22047e+27 3.17955e+42 6.75307e+27 3.45179e+42 8.00765e+27 4.09306e+42 9.07268e+27 4.63744e+42 
5.67243e+14 4.03717e+28 2.29005e+43 7.45651e+27 4.22965e+42 8.07281e+27 4.57924e+42 9.54561e+27 5.41467e+42 1.08090e+28 6.13132e+42 
6.29499e+14 4.79739e+28 3.01995e+43 8.91039e+27 5.60908e+42 9.61753e+27 6.05423e+42 1.13360e+28 7.13600e+42 1.28279e+28 8.07512e+42 
6.98588e+14 5.67705e+28 3.96592e+43 1.06107e+28 7.41253e+42 1.14142e+28 7.97379e+42 1.34054e+28 9.36482e+42 1.51579e+28 1.05891e+43 
7.75260e+14 6.68670e+28 5.18393e+43 1.25865e+28 9.75777e+42 1.34887e+28 1.04573e+43 1.57776e+28 1.22317e+43 1.78244e+28 1.38185e+43 
8.60346e+14 7.83482e+28 6.74066e+43 1.48652e+28 1.27892e+43 1.58647e+28 1.36491e+43 1.84714e+28 1.58918e+43 2.08461e+28 1.79349e+43 
9.54772e+14 9.12647e+28 8.71370e+43 1.74711e+28 1.66809e+43 1.85603e+28 1.77208e+43 2.14974e+28 2.05251e+43 2.42317e+28 2.31357e+43 
1.05956e+15 1.05616e+29 1.11907e+44 2.04224e+28 2.16388e+43 2.15857e+28 2.28713e+43 2.48539e+28 2.63342e+43 2.79753e+28 2.96415e+43 
1.17585e+15 1.21332e+29 1.42669e+44 2.37274e+28 2.78998e+43 2.49393e+28 2.93248e+43 2.85228e+28 3.35386e+43 3.20510e+28 3.76871e+43 
1.30490e+15 1.38251e+29 1.80404e+44 2.73805e+28 3.57288e+43 2.86034e+28 3.73246e+43 3.24645e+28 4.23629e+43 3.64076e+28 4.75084e+43 
1.44812e+15 1.56097e+29 2.26047e+44 3.13573e+28 4.54091e+43 3.25400e+28 4.71218e+43 3.66131e+28 5.30201e+43 4.09632e+28 5.93196e+43 
1.60705e+15 1.74466e+29 2.80376e+44 3.56098e+28 5.72268e+43 3.66863e+28 5.89569e+43 4.08727e+28 6.56846e+43 4.56005e+28 7.32824e+43 
1.78343e+15 1.92810e+29 3.43863e+44 4.00609e+28 7.14458e+43 4.09512e+28 7.30336e+43 4.51148e+28 8.04591e+43 5.01646e+28 8.94652e+43 
1.97917e+15 2.10438e+29 4.16492e+44 4.46012e+28 8.82732e+43 4.52131e+28 8.94843e+43 4.91784e+28 9.73322e+43 5.44646e+28 1.07794e+44 
2.19639e+15 2.26539e+29 4.97566e+44 4.90871e+28 1.07814e+44 4.93211e+28 1.08328e+44 5.28742e+28 1.16132e+44 5.82788e+28 1.28003e+44 
2.43744e+15 2.40214e+29 5.85509e+44 5.33427e+28 1.30020e+44 5.30983e+28 1.29424e+44 5.59939e+28 1.36482e+44 6.13678e+28 1.49581e+44 
2.70496e+15 2.50554e+29 6.77739e+44 5.71661e+28 1.54632e+44 5.63514e+28 1.52428e+44 5.83247e+28 1.57766e+44 6.34933e+28 1.71747e+44 
3.00184e+15 2.56724e+29 7.70643e+44 6.03430e+28 1.81140e+44 5.88845e+28 1.76761e+44 5.96699e+28 1.79119e+44 6.44442e+28 1.93451e+44 
3.33129e+15 2.58081e+29 8.59745e+44 6.26651e+28 2.08756e+44 6.05182e+28 2.01604e+44 5.98734e+28 1.99456e+44 6.40670e+28 2.13426e+44 
3.69691e+15 2.54294e+29 9.40104e+44 6.39556e+28 2.36438e+44 6.11132e+28 2.25930e+44 5.88472e+28 2.17553e+44 6.22969e+28 2.30306e+44 
4.10266e+15 2.45442e+29 1.00696e+45 6.40970e+28 2.62968e+44 6.05944e+28 2.48598e+44 5.65948e+28 2.32189e+44 5.91838e+28 2.42811e+44 
4.55294e+15 2.32069e+29 1.05659e+45 6.30568e+28 2.87093e+44 5.89714e+28 2.68493e+44 5.32263e+28 2.42336e+44 5.49040e+28 2.49974e+44 
5.05263e+15 2.15163e+29 1.08714e+45 6.09046e+28 3.07729e+44 5.63498e+28 2.84715e+44 4.89589e+28 2.47371e+44 4.97516e+28 2.51376e+44 
5.60717e+15 1.96047e+29 1.09927e+45 5.78139e+28 3.24172e+44 5.29275e+28 2.96774e+44 4.40973e+28 2.47261e+44 4.41063e+28 2.47311e+44 
6.22257e+15 1.76185e+29 1.09633e+45 5.40442e+28 3.36294e+44 4.89731e+28 3.04739e+44 3.89948e+28 2.42648e+44 3.83790e+28 2.38816e+44 
6.90551e+15 1.56946e+29 1.08379e+45 4.99052e+28 3.44621e+44 4.47885e+28 3.09287e+44 3.40023e+28 2.34803e+44 3.29478e+28 2.27522e+44 
7.66341e+15 1.39386e+29 1.06817e+45 4.57082e+28 3.50281e+44 4.06630e+28 3.11617e+44 2.94153e+28 2.25422e+44 2.80991e+28 2.15335e+44 
8.50449e+15 1.24108e+29 1.05548e+45 4.17166e+28 3.54779e+44 3.68296e+28 3.13217e+44 2.54339e+28 2.16302e+44 2.39912e+28 2.04033e+44 
9.43788e+15 1.11235e+29 1.04982e+45 3.81082e+28 3.59661e+44 3.34339e+28 3.15545e+44 2.21442e+28 2.08994e+44 2.06491e+28 1.94884e+44 
1.04737e+16 1.00490e+29 1.05250e+45 3.49577e+28 3.66136e+44 3.05232e+28 3.19691e+44 1.95260e+28 2.04509e+44 1.79891e+28 1.88412e+44 
1.16232e+16 9.13557e+28 1.06185e+45 3.22422e+28 3.74759e+44 2.80571e+28 3.26114e+44 1.74789e+28 2.03161e+44 1.58620e+28 1.84367e+44 
1.28989e+16 8.32475e+28 1.07380e+45 2.98678e+28 3.85262e+44 2.59339e+28 3.34518e+44 1.58596e+28 2.04571e+44 1.41000e+28 1.81874e+44 
1.43146e+16 7.56579e+28 1.08301e+45 2.77056e+28 3.96594e+44 2.40250e+28 3.43908e+44 1.45172e+28 2.07807e+44 1.25543e+28 1.79710e+44 
1.58857e+16 6.82484e+28 1.08417e+45 2.56298e+28 4.07146e+44 2.22092e+28 3.52808e+44 1.33217e+28 2.11624e+44 1.11179e+28 1.76614e+44 
1.76291e+16 6.08807e+28 1.07327e+45 2.35474e+28 4.15121e+44 2.03977e+28 3.59594e+44 1.21807e+28 2.14735e+44 9.73212e+27 1.71569e+44 
1.95640e+16 5.35994e+28 1.04862e+45 2.14150e+28 4.18963e+44 1.85477e+28 3.62866e+44 1.10442e+28 2.16068e+44 8.38290e+27 1.64003e+44 
2.17112e+16 4.65777e+28 1.01126e+45 1.92403e+28 4.17730e+44 1.66631e+28 3.61776e+44 9.90096e+27 2.14962e+44 7.08805e+27 1.53890e+44 
2.40940e+16 4.00442e+28 9.64828e+44 1.70720e+28 4.11333e+44 1.47849e+28 3.56228e+44 8.76873e+27 2.11274e+44 5.88205e+27 1.41722e+44 
2.67384e+16 3.42096e+28 9.14711e+44 1.49812e+28 4.00575e+44 1.29742e+28 3.46909e+44 7.68086e+27 2.05374e+44 4.80115e+27 1.28375e+44 
2.96730e+16 2.92091e+28 8.66722e+44 1.30412e+28 3.86971e+44 1.12940e+28 3.35127e+44 6.67353e+27 1.98024e+44 3.87200e+27 1.14894e+44 
3.29297e+16 2.50735e+28 8.25662e+44 1.13077e+28 3.72360e+44 9.79278e+27 3.22473e+44 5.77492e+27 1.90166e+44 3.10547e+27 1.02262e+44 
3.65438e+16 2.17301e+28 7.94099e+44 9.80712e+27 3.58390e+44 8.49322e+27 3.10375e+44 4.99818e+27 1.82653e+44 2.49565e+27 9.12004e+43 
4.05546e+16 1.90278e+28 7.71663e+44 8.53138e+27 3.45987e+44 7.38839e+27 2.99633e+44 4.33904e+27 1.75968e+44 2.02304e+27 8.20438e+43 
4.50056e+16 1.67759e+28 7.55008e+44 7.44315e+27 3.34983e+44 6.44595e+27 2.90104e+44 3.77822e+27 1.70041e+44 1.65996e+27 7.47077e+43 
4.99451e+16 1.47857e+28 7.38470e+44 6.48808e+27 3.24048e+44 5.61885e+27 2.80634e+44 3.28774e+27 1.64206e+44 1.37647e+27 6.87476e+43 
5.54266e+16 1.29058e+28 7.15325e+44 5.61113e+27 3.11006e+44 4.85938e+27 2.69339e+44 2.83921e+27 1.57368e+44 1.14557e+27 6.34951e+43 
6.15099e+16 1.10456e+28 6.79415e+44 4.77149e+27 2.93494e+44 4.13223e+27 2.54173e+44 2.41148e+27 1.48330e+44 9.46868e+26 5.82417e+43 
6.82607e+16 9.18226e+27 6.26788e+44 3.95180e+27 2.69752e+44 3.42235e+27 2.33612e+44 1.99529e+27 1.36200e+44 7.68069e+26 5.24289e+43 
7.57525e+16 7.35165e+27 5.56906e+44 3.15898e+27 2.39301e+44 2.73576e+27 2.07241e+44 1.59373e+27 1.20729e+44 6.04494e+26 4.57919e+43 
8.40665e+16 5.62662e+27 4.73010e+44 2.41754e+27 2.03235e+44 2.09365e+27 1.76006e+44 1.21885e+27 1.02464e+44 4.56970e+26 3.84159e+43 
9.32930e+16 4.08893e+27 3.81469e+44 1.75836e+27 1.64043e+44 1.52278e+27 1.42065e+44 8.85975e+26 8.26553e+43 3.28946e+26 3.06884e+43 
1.03532e+17 2.80360e+27 2.90263e+44 1.20732e+27 1.24997e+44 1.04557e+27 1.08250e+44 6.07986e+26 6.29461e+43 2.23769e+26 2.31673e+43 
1.14895e+17 1.80234e+27 2.07080e+44 7.77469e+26 8.93274e+43 6.73308e+26 7.73598e+43 3.91307e+26 4.49593e+43 1.42842e+26 1.64119e+43 
1.27505e+17 1.07925e+27 1.37610e+44 4.66416e+26 5.94705e+43 4.03928e+26 5.15029e+43 2.34626e+26 2.99160e+43 8.49716e+25 1.08343e+43 
1.41499e+17 5.97682e+26 8.45714e+43 2.58794e+26 3.66191e+43 2.24122e+26 3.17131e+43 1.30115e+26 1.84112e+43 4.67612e+25 6.61666e+42 
1.57029e+17 3.03676e+26 4.76860e+43 1.31741e+26 2.06871e+43 1.14091e+26 1.79156e+43 6.62025e+25 1.03957e+43 2.36165e+25 3.70847e+42 
1.74263e+17 1.40277e+26 2.44451e+43 6.09659e+25 1.06241e+43 5.27980e+25 9.20076e+42 3.06218e+25 5.33626e+42 1.08477e+25 1.89036e+42 
1.93389e+17 5.82973e+25 1.12741e+43 2.53795e+25 4.90812e+42 2.19793e+25 4.25056e+42 1.27419e+25 2.46414e+42 4.48490e+24 8.67331e+41 
2.14614e+17 2.15370e+25 4.62215e+42 9.39020e+24 2.01527e+42 8.13215e+24 1.74527e+42 4.71251e+24 1.01137e+42 1.64926e+24 3.53954e+41 
2.38169e+17 6.97686e+24 1.66167e+42 3.04590e+24 7.25437e+41 2.63782e+24 6.28247e+41 1.52808e+24 3.63940e+41 5.32150e+23 1.26741e+41 
2.64308e+17 1.95155e+24 5.15809e+41 8.52916e+23 2.25433e+41 7.38647e+23 1.95230e+41 4.27774e+23 1.13064e+41 1.48355e+23 3.92115e+40 
2.93317e+17 4.63307e+23 1.35896e+41 2.02666e+23 5.94453e+40 1.75514e+23 5.14811e+40 1.01623e+23 2.98077e+40 3.51243e+22 1.03025e+40 
3.25509e+17 9.15920e+22 2.98140e+40 4.00936e+22 1.30508e+40 3.47221e+22 1.13024e+40 2.01008e+22 6.54298e+39 6.92861e+21 2.25532e+39 
3.61234e+17 1.47652e+22 5.33371e+39 6.46693e+21 2.33608e+39 5.60053e+21 2.02310e+39 3.24176e+21 1.17103e+39 1.11500e+21 4.02777e+38 
4.00881e+17 1.89682e+21 7.60400e+38 8.31133e+20 3.33185e+38 7.19783e+20 2.88547e+38 4.16595e+20 1.67005e+38 1.43044e+20 5.73438e+37 
4.44878e+17 1.89351e+20 8.42383e+37 8.29954e+19 3.69229e+37 7.18761e+19 3.19761e+37 4.15979e+19 1.85060e+37 1.42644e+19 6.34592e+36 
4.93705e+17 1.42877e+19 7.05389e+36 6.26398e+18 3.09256e+36 5.42477e+18 2.67823e+36 3.13944e+18 1.54996e+36 1.07547e+18 5.30966e+35 
5.47890e+17 7.90552e+17 4.33136e+35 3.46648e+17 1.89925e+35 3.00206e+17 1.64480e+35 1.73734e+17 9.51871e+34 5.94743e+16 3.25854e+34 
6.08022e+17 3.10243e+16 1.88635e+34 1.36048e+16 8.27200e+33 1.17821e+16 7.16376e+33 6.81852e+15 4.14581e+33 2.33334e+15 1.41872e+33 
6.74754e+17 8.32441e+14 5.61693e+32 3.65029e+14 2.46305e+32 3.16124e+14 2.13306e+32 1.82953e+14 1.23448e+32 6.26103e+13 4.22466e+31 
7.48810e+17 1.46674e+13 1.09831e+31 6.43065e+12 4.81534e+30 5.56911e+12 4.17021e+30 3.22324e+12 2.41359e+30 1.10367e+12 8.26443e+29 
8.30994e+17 1.62325e+11 1.34891e+29 7.11447e+10 5.91209e+28 6.16131e+10 5.12002e+28 3.56630e+10 2.96358e+28 1.22264e+10 1.01601e+28 
9.22198e+17 1.07437e+09 9.90785e+26 4.70623e+08 4.34008e+26 4.07572e+08 3.75862e+26 2.35941e+08 2.17584e+26 8.10562e+07 7.47498e+25 
1.02341e+18 4.02864e+06 4.12296e+24 1.76329e+06 1.80457e+24 1.52705e+06 1.56280e+24 8.84147e+05 9.04847e+23 3.04699e+05 3.11832e+23 
1.13573e+18 8.06182e+03 9.15608e+21 3.52458e+03 4.00298e+21 3.05237e+03 3.46668e+21 1.76767e+03 2.00760e+21 6.11873e+02 6.94925e+20 
1.26038e+18 8.05845e+00 1.01567e+19 3.51784e+00 4.43382e+18 3.04654e+00 3.83980e+18 1.76474e+00 2.22425e+18 6.14457e-01 7.74452e+17 
1.39871e+18 3.73906e-03 5.22987e+15 1.62916e-03 2.27873e+15 1.41089e-03 1.97344e+15 8.17530e-04 1.14349e+15 2.86782e-04 4.01126e+14 
1.55223e+18 7.42288e-07 1.15220e+12 3.22680e-07 5.00872e+11 2.79449e-07 4.33768e+11 1.61982e-07 2.51433e+11 5.73395e-08 8.90038e+10 
1.72259e+18 5.75803e-11 9.91869e+07 2.49634e-11 4.30016e+07 2.16189e-11 3.72404e+07 1.25363e-11 2.15948e+07 4.48484e-12 7.72552e+06 
1.91164e+18 1.57736e-15 3.01534e+03 6.81785e-16 1.30333e+03 5.90443e-16 1.12872e+03 3.42528e-16 6.54793e+02 1.23993e-16 2.37031e+02 
2.12145e+18 1.36316e-20 2.89189e-02 5.87298e-21 1.24592e-02 5.08615e-21 1.07900e-02 2.95187e-21 6.26225e-03 1.08209e-21 2.29559e-03 
2.35429e+18 3.27778e-26 7.71684e-08 1.40752e-26 3.31372e-08 1.21895e-26 2.86976e-08 7.07751e-27 1.66625e-08 2.62768e-27 6.18632e-09 
2.61268e+18 1.90816e-32 4.98541e-14 8.16837e-33 2.13413e-14 7.07402e-33 1.84821e-14 4.10895e-33 1.07354e-14 1.54385e-33 4.03358e-15 
2.89942e+18 2.31241e-39 6.70465e-21 9.87481e-40 2.86312e-21 8.55183e-40 2.47954e-21 4.96884e-40 1.44068e-21 1.88416e-40 5.46298e-22 
3.21764e+18 5.01890e-47 1.61490e-28 2.14302e-47 6.89546e-29 1.85591e-47 5.97164e-29 1.07835e-47 3.46975e-29 4.08981e-48 1.31595e-29 
3.57079e+18 1.78210e-55 6.36351e-37 7.66925e-56 2.73853e-37 6.64177e-56 2.37163e-37 3.85568e-56 1.37678e-37 1.41765e-56 5.06213e-38 
3.96269e+18 1.14838e-64 4.55067e-46 5.05658e-65 2.00377e-46 4.37913e-65 1.73531e-46 2.53566e-65 1.00480e-46 8.47819e-66 3.35964e-47 
4.39760e+18 1.41647e-74 6.22907e-56 6.36347e-75 2.79840e-56 5.51093e-75 2.42349e-56 3.18405e-75 1.40022e-56 9.73260e-76 4.28001e-57 
4.88025e+18 2.03554e-85 9.93393e-67 9.19849e-86 4.48910e-67 7.96613e-86 3.88767e-67 4.59975e-86 2.24479e-67 1.36767e-86 6.67457e-68 
5.41587e+18 2.00736e-97 1.08716e-78 9.08050e-98 4.91788e-79 7.86394e-98 4.25901e-79 4.54030e-98 2.45897e-79 1.34330e-98 7.27516e-80 
6.01028e+18 9.36672e-111 5.62966e-92 4.23806e-111 2.54719e-92 3.67027e-111 2.20593e-92 2.11903e-111 1.27360e-92 6.26236e-112 3.76385e-93 
6.66992e+18 1.46154e-125 9.74837e-107 6.61364e-126 4.41124e-107 5.72758e-126 3.82025e-107 3.30682e-126 2.20562e-107 9.76660e-127 6.51424e-108 
7.40196e+18 5.24457e-142 3.88201e-123 2.37345e-142 1.75682e-123 2.05547e-142 1.52145e-123 1.18673e-142 8.78409e-124 3.50314e-143 2.59301e-124 
8.21434e+18 2.86037e-160 2.34961e-141 1.29458e-160 1.06341e-141 1.12114e-160 9.20943e-142 6.47291e-161 5.31707e-142 1.90988e-161 1.56884e-142 
9.11589e+18 1.49758e-180 1.36517e-161 6.77841e-181 6.17912e-162 5.87027e-181 5.35128e-162 3.38920e-181 3.08956e-162 9.99610e-182 9.11233e-163 
1.01164e+19 4.51995e-203 4.57255e-184 2.04597e-203 2.06978e-184 1.77186e-203 1.79248e-184 1.02299e-203 1.03489e-184 3.01615e-204 3.05125e-185 
1.12267e+19 4.46536e-228 5.01311e-209 2.02137e-228 2.26933e-209 1.75056e-228 1.96529e-209 1.01068e-228 1.13466e-209 2.97901e-229 3.34444e-210 
1.24588e+19 7.70490e-256 9.59941e-237 3.48799e-256 4.34563e-237 3.02069e-256 3.76343e-237 1.74400e-256 2.17282e-237 5.13924e-257 6.40289e-238 
1.38262e+19 6.30519e-306 8.71770e-287 2.84974e-306 3.94012e-287 2.46795e-306 3.41224e-287 1.42492e-306 1.97013e-287 4.23588e-307 5.85662e-288 
1.53437e+19 0.00000e+00 0.00000e+00 0.00000e+00 0.00000e+00 0.00000e+00 0.00000e+00 0.00000e+00 0.00000e+00 0.00000e+00 0.00000e+00 
1.70277e+19 0.00000e+00 0.00000e+00 0.00000e+00 0.00000e+00 0.00000e+00 0.00000e+00 0.00000e+00 0.00000e+00 0.00000e+00 0.00000e+00 
1.88965e+19 0.00000e+00 0.00000e+00 0.00000e+00 0.00000e+00 0.00000e+00 0.00000e+00 0.00000e+00 0.00000e+00 0.00000e+00 0.00000e+00 
2.09705e+19 0.00000e+00 0.00000e+00 0.00000e+00 0.00000e+00 0.00000e+00 0.00000e+00 0.00000e+00 0.00000e+00 0.00000e+00 0.00000e+00 
2.32720e+19 0.00000e+00 0.00000e+00 0.00000e+00 0.00000e+00 0.00000e+00 0.00000e+00 0.00000e+00 0.00000e+00 0.00000e+00 0.00000e+00 
2.58262e+19 0.00000e+00 0.00000e+00 0.00000e+00 0.00000e+00 0.00000e+00 0.00000e+00 0.00000e+00 0.00000e+00 0.00000e+00 0.00000e+00 
2.86607e+19 0.00000e+00 0.00000e+00 0.00000e+00 0.00000e+00 0.00000e+00 0.00000e+00 0.00000e+00 0.00000e+00 0.00000e+00 0.00000e+00 
3.18063e+19 0.00000e+00 0.00000e+00 0.00000e+00 0.00000e+00 0.00000e+00 0.00000e+00 0.00000e+00 0.00000e+00 0.00000e+00 0.00000e+00 
3.52971e+19 0.00000e+00 0.00000e+00 0.00000e+00 0.00000e+00 0.00000e+00 0.00000e+00 0.00000e+00 0.00000e+00 0.00000e+00 0.00000e+00 
3.91710e+19 0.00000e+00 0.00000e+00 0.00000e+00 0.00000e+00 0.00000e+00 0.00000e+00 0.00000e+00 0.00000e+00 0.00000e+00 0.00000e+00 
4.34701e+19 0.00000e+00 0.00000e+00 0.00000e+00 0.00000e+00 0.00000e+00 0.00000e+00 0.00000e+00 0.00000e+00 0.00000e+00 0.00000e+00 
4.82411e+19 0.00000e+00 0.00000e+00 0.00000e+00 0.00000e+00 0.00000e+00 0.00000e+00 0.00000e+00 0.00000e+00 0.00000e+00 0.00000e+00 
5.35357e+19 0.00000e+00 0.00000e+00 0.00000e+00 0.00000e+00 0.00000e+00 0.00000e+00 0.00000e+00 0.00000e+00 0.00000e+00 0.00000e+00 
5.94113e+19 0.00000e+00 0.00000e+00 0.00000e+00 0.00000e+00 0.00000e+00 0.00000e+00 0.00000e+00 0.00000e+00 0.00000e+00 0.00000e+00 
6.59319e+19 0.00000e+00 0.00000e+00 0.00000e+00 0.00000e+00 0.00000e+00 0.00000e+00 0.00000e+00 0.00000e+00 0.00000e+00 0.00000e+00 
7.31681e+19 0.00000e+00 0.00000e+00 0.00000e+00 0.00000e+00 0.00000e+00 0.00000e+00 0.00000e+00 0.00000e+00 0.00000e+00 0.00000e+00 
8.11984e+19 0.00000e+00 0.00000e+00 0.00000e+00 0.00000e+00 0.00000e+00 0.00000e+00 0.00000e+00 0.00000e+00 0.00000e+00 0.00000e+00 
9.01102e+19 0.00000e+00 0.00000e+00 0.00000e+00 0.00000e+00 0.00000e+00 0.00000e+00 0.00000e+00 0.00000e+00 0.00000e+00 0.00000e+00 
1.00000e+20 0.00000e+00 0.00000e+00 0.00000e+00 0.00000e+00 0.00000e+00 0.00000e+00 0.00000e+00 0.00000e+00 0.00000e+00 0.00000e+00 
