1.00000e+11 1.44620e+21 1.44620e+32 3.48670e+20 3.48670e+31 3.67971e+20 3.67971e+31 3.77939e+20 3.77939e+31 3.76918e+20 3.76918e+31 
1.10975e+11 1.78106e+21 1.97654e+32 4.29403e+20 4.76531e+31 4.53173e+20 5.02910e+31 4.65448e+20 5.16532e+31 4.64191e+20 5.15137e+31 
1.23155e+11 2.19345e+21 2.70135e+32 5.28829e+20 6.51280e+31 5.58103e+20 6.87332e+31 5.73219e+20 7.05949e+31 5.71671e+20 7.04042e+31 
1.36672e+11 2.70133e+21 3.69196e+32 6.51277e+20 8.90110e+31 6.87328e+20 9.39382e+31 7.05944e+20 9.64825e+31 7.04037e+20 9.62219e+31 
1.51672e+11 3.32680e+21 5.04582e+32 8.02075e+20 1.21652e+32 8.46473e+20 1.28386e+32 8.69400e+20 1.31863e+32 8.67051e+20 1.31507e+32 
1.68318e+11 4.09710e+21 6.89615e+32 9.87790e+20 1.66263e+32 1.04247e+21 1.75466e+32 1.07070e+21 1.80218e+32 1.06781e+21 1.79731e+32 
1.86791e+11 5.04574e+21 9.42500e+32 1.21650e+21 2.27232e+32 1.28384e+21 2.39810e+32 1.31861e+21 2.46305e+32 1.31505e+21 2.45639e+32 
2.07292e+11 6.21402e+21 1.28812e+33 1.49817e+21 3.10560e+32 1.58110e+21 3.27750e+32 1.62392e+21 3.36626e+32 1.61953e+21 3.35716e+32 
2.30043e+11 7.65279e+21 1.76047e+33 1.84506e+21 4.24443e+32 1.94719e+21 4.47936e+32 1.99992e+21 4.60067e+32 1.99451e+21 4.58823e+32 
2.55291e+11 9.42469e+21 2.40604e+33 2.27226e+21 5.80088e+32 2.39803e+21 6.12195e+32 2.46297e+21 6.28773e+32 2.45631e+21 6.27073e+32 
2.83310e+11 1.16068e+22 3.28833e+33 2.79838e+21 7.92807e+32 2.95326e+21 8.36687e+32 3.03323e+21 8.59343e+32 3.02503e+21 8.57019e+32 
3.14404e+11 1.42942e+22 4.49414e+33 3.44630e+21 1.08353e+33 3.63704e+21 1.14350e+33 3.73552e+21 1.17446e+33 3.72541e+21 1.17128e+33 
3.48910e+11 1.76037e+22 6.14211e+33 4.24424e+21 1.48086e+33 4.47913e+21 1.56281e+33 4.60040e+21 1.60513e+33 4.58796e+21 1.60078e+33 
3.87204e+11 2.16795e+22 8.39438e+33 5.22691e+21 2.02388e+33 5.51619e+21 2.13589e+33 5.66552e+21 2.19371e+33 5.65019e+21 2.18778e+33 
4.29700e+11 2.66988e+22 1.14725e+34 6.43710e+21 2.76602e+33 6.79334e+21 2.91910e+33 6.97723e+21 2.99812e+33 6.95835e+21 2.99001e+33 
4.76861e+11 3.28802e+22 1.56793e+34 7.92747e+21 3.78030e+33 8.36616e+21 3.98950e+33 8.59262e+21 4.09749e+33 8.56935e+21 4.08639e+33 
5.29198e+11 4.04926e+22 2.14286e+34 9.76287e+21 5.16649e+33 1.03031e+22 5.45239e+33 1.05820e+22 5.59996e+33 1.05533e+22 5.58479e+33 
5.87279e+11 4.98673e+22 2.92860e+34 1.20232e+22 7.06097e+33 1.26885e+22 7.45168e+33 1.30319e+22 7.65334e+33 1.29966e+22 7.63260e+33 
6.51734e+11 6.14123e+22 4.00245e+34 1.48068e+22 9.65010e+33 1.56261e+22 1.01840e+34 1.60489e+22 1.04596e+34 1.60054e+22 1.04313e+34 
7.23263e+11 7.56297e+22 5.47002e+34 1.82348e+22 1.31886e+34 1.92437e+22 1.39183e+34 1.97644e+22 1.42948e+34 1.97107e+22 1.42561e+34 
8.02643e+11 9.31383e+22 7.47568e+34 2.24564e+22 1.80245e+34 2.36988e+22 1.90217e+34 2.43399e+22 1.95362e+34 2.42738e+22 1.94832e+34 
8.90735e+11 1.14700e+23 1.02167e+35 2.76552e+22 2.46335e+34 2.91851e+22 2.59962e+34 2.99745e+22 2.66993e+34 2.98931e+22 2.66268e+34 
9.88496e+11 1.41252e+23 1.39627e+35 3.40575e+22 3.36657e+34 3.59414e+22 3.55279e+34 3.69133e+22 3.64887e+34 3.68130e+22 3.63895e+34 
1.09699e+12 1.73950e+23 1.90820e+35 4.19417e+22 4.60095e+34 4.42616e+22 4.85543e+34 4.54582e+22 4.98670e+34 4.53346e+22 4.97315e+34 
1.21738e+12 2.14216e+23 2.60782e+35 5.16509e+22 6.28789e+34 5.45075e+22 6.63565e+34 5.59808e+22 6.81501e+34 5.58285e+22 6.79647e+34 
1.35099e+12 2.63801e+23 3.56393e+35 6.36074e+22 8.59331e+34 6.71248e+22 9.06852e+34 6.89388e+22 9.31358e+34 6.87510e+22 9.28822e+34 
1.49927e+12 3.24861e+23 4.87053e+35 7.83311e+22 1.17439e+35 8.26622e+22 1.23933e+35 8.48954e+22 1.27281e+35 8.46640e+22 1.26934e+35 
1.66382e+12 4.00051e+23 6.65611e+35 9.64625e+22 1.60496e+35 1.01795e+23 1.69369e+35 1.04545e+23 1.73943e+35 1.04259e+23 1.73468e+35 
1.84642e+12 4.92640e+23 9.09622e+35 1.18790e+23 2.19337e+35 1.25356e+23 2.31461e+35 1.28741e+23 2.37710e+35 1.28389e+23 2.37060e+35 
2.04907e+12 6.06652e+23 1.24308e+36 1.46284e+23 2.99747e+35 1.54369e+23 3.16313e+35 1.58535e+23 3.24850e+35 1.58101e+23 3.23961e+35 
2.27397e+12 7.47042e+23 1.69875e+36 1.80140e+23 4.09633e+35 1.90094e+23 4.32268e+35 1.95222e+23 4.43929e+35 1.94688e+23 4.42713e+35 
2.52354e+12 9.19911e+23 2.32143e+36 2.21830e+23 5.59797e+35 2.34085e+23 5.90723e+35 2.40397e+23 6.06652e+35 2.39737e+23 6.04987e+35 
2.80050e+12 1.13277e+24 3.17232e+36 2.73165e+23 7.65000e+35 2.88253e+23 8.07253e+35 2.96021e+23 8.29009e+35 2.95207e+23 8.26730e+35 
3.10787e+12 1.39485e+24 4.33502e+36 3.36376e+23 1.04541e+36 3.54950e+23 1.10314e+36 3.64511e+23 1.13285e+36 3.63506e+23 1.12973e+36 
3.44896e+12 1.71755e+24 5.92378e+36 4.14208e+23 1.42859e+36 4.37074e+23 1.50745e+36 4.48839e+23 1.54803e+36 4.47600e+23 1.54375e+36 
3.82749e+12 2.11487e+24 8.09466e+36 5.10042e+23 1.95218e+36 5.38189e+23 2.05992e+36 5.52666e+23 2.11533e+36 5.51136e+23 2.10947e+36 
4.24757e+12 2.60405e+24 1.10609e+37 6.28039e+23 2.66764e+36 6.62686e+23 2.81480e+36 6.80497e+23 2.89046e+36 6.78608e+23 2.88244e+36 
4.71375e+12 3.20630e+24 1.51137e+37 7.73320e+23 3.64524e+36 8.15965e+23 3.84626e+36 8.37876e+23 3.94954e+36 8.35544e+23 3.93855e+36 
5.23110e+12 3.94774e+24 2.06510e+37 9.52189e+23 4.98099e+36 1.00467e+24 5.25555e+36 1.03163e+24 5.39654e+36 1.02875e+24 5.38147e+36 
5.80523e+12 4.86051e+24 2.82164e+37 1.17240e+24 6.80606e+36 1.23700e+24 7.18104e+36 1.27015e+24 7.37348e+36 1.26659e+24 7.35281e+36 
6.44236e+12 5.98414e+24 3.85520e+37 1.44351e+24 9.29962e+36 1.52300e+24 9.81171e+36 1.56376e+24 1.00743e+37 1.55936e+24 1.00460e+37 
7.14943e+12 7.36728e+24 5.26718e+37 1.77726e+24 1.27064e+37 1.87507e+24 1.34057e+37 1.92519e+24 1.37640e+37 1.91975e+24 1.37251e+37 
7.93410e+12 9.06977e+24 7.19604e+37 2.18811e+24 1.73607e+37 2.30845e+24 1.83155e+37 2.37006e+24 1.88043e+37 2.36333e+24 1.87509e+37 
8.80488e+12 1.11652e+25 9.83085e+37 2.69384e+24 2.37190e+37 2.84189e+24 2.50225e+37 2.91762e+24 2.56893e+37 2.90928e+24 2.56159e+37 
9.77124e+12 1.37442e+25 1.34298e+38 3.31634e+24 3.24048e+37 3.49845e+24 3.41842e+37 3.59150e+24 3.50934e+37 3.58118e+24 3.49926e+37 
1.08437e+13 1.69180e+25 1.83453e+38 4.08252e+24 4.42694e+37 4.30650e+24 4.66982e+37 4.42081e+24 4.79377e+37 4.40801e+24 4.77990e+37 
1.20338e+13 2.08235e+25 2.50585e+38 5.02547e+24 6.04754e+37 5.30091e+24 6.37900e+37 5.44129e+24 6.54793e+37 5.42543e+24 6.52884e+37 
1.33545e+13 2.56289e+25 3.42262e+38 6.18590e+24 8.26096e+37 6.52457e+24 8.71324e+37 6.69692e+24 8.94341e+37 6.67723e+24 8.91712e+37 
1.48202e+13 3.15412e+25 4.67447e+38 7.61384e+24 1.12839e+38 8.03018e+24 1.19009e+38 8.24170e+24 1.22144e+38 8.21726e+24 1.21782e+38 
1.64468e+13 3.88143e+25 6.38370e+38 9.37082e+24 1.54120e+38 9.88253e+24 1.62536e+38 1.01420e+25 1.66804e+38 1.01117e+25 1.66304e+38 
1.82518e+13 4.77605e+25 8.71716e+38 1.15324e+25 2.10488e+38 1.21612e+25 2.21965e+38 1.24794e+25 2.27773e+38 1.24417e+25 2.27083e+38 
2.02550e+13 5.87630e+25 1.19025e+39 1.41915e+25 2.87450e+38 1.49640e+25 3.03096e+38 1.53541e+25 3.10997e+38 1.53070e+25 3.10044e+38 
2.24781e+13 7.22925e+25 1.62500e+39 1.74623e+25 3.92518e+38 1.84110e+25 4.13844e+38 1.88888e+25 4.24584e+38 1.88302e+25 4.23266e+38 
2.49451e+13 8.89267e+25 2.21828e+39 2.14847e+25 5.35938e+38 2.26496e+25 5.64996e+38 2.32346e+25 5.79588e+38 2.31614e+25 5.77763e+38 
2.76829e+13 1.09374e+26 3.02779e+39 2.64310e+25 7.31685e+38 2.78607e+25 7.71263e+38 2.85763e+25 7.91075e+38 2.84849e+25 7.88545e+38 
3.07211e+13 1.34503e+26 4.13210e+39 3.25120e+25 9.98806e+38 3.42661e+25 1.05269e+39 3.51411e+25 1.07957e+39 3.50267e+25 1.07606e+39 
3.40929e+13 1.65380e+26 5.63828e+39 3.99869e+25 1.36327e+39 4.21381e+25 1.43661e+39 4.32068e+25 1.47304e+39 4.30636e+25 1.46816e+39 
3.78346e+13 2.03308e+26 7.69210e+39 4.91731e+25 1.86045e+39 5.18101e+25 1.96022e+39 5.31142e+25 2.00956e+39 5.29345e+25 2.00276e+39 
4.19871e+13 2.49886e+26 1.04920e+40 6.04599e+25 2.53853e+39 6.36906e+25 2.67418e+39 6.52803e+25 2.74093e+39 6.50545e+25 2.73145e+39 
4.65953e+13 3.07066e+26 1.43078e+40 7.43238e+25 3.46314e+39 7.82796e+25 3.64746e+39 8.02150e+25 3.73764e+39 7.99308e+25 3.72440e+39 
5.17092e+13 3.77239e+26 1.95067e+40 9.13486e+25 4.72356e+39 9.61890e+25 4.97386e+39 9.85421e+25 5.09553e+39 9.81838e+25 5.07700e+39 
5.73844e+13 4.63323e+26 2.65875e+40 1.12248e+26 6.44128e+39 1.18167e+26 6.78092e+39 1.21023e+26 6.94483e+39 1.20570e+26 6.91886e+39 
6.36825e+13 5.68878e+26 3.62276e+40 1.37895e+26 8.78147e+39 1.45126e+26 9.24197e+39 1.48587e+26 9.46239e+39 1.48014e+26 9.42590e+39 
7.06718e+13 6.98248e+26 4.93465e+40 1.69354e+26 1.19686e+40 1.78181e+26 1.25924e+40 1.82367e+26 1.28882e+40 1.81640e+26 1.28368e+40 
7.84282e+13 8.56719e+26 6.71909e+40 2.07928e+26 1.63074e+40 2.18691e+26 1.71515e+40 2.23741e+26 1.75476e+40 2.22818e+26 1.74752e+40 
8.70359e+13 1.05072e+27 9.14504e+40 2.55201e+26 2.22116e+40 2.68310e+26 2.33526e+40 2.74387e+26 2.38815e+40 2.73211e+26 2.37791e+40 
9.65883e+13 1.28806e+27 1.24412e+41 3.13103e+26 3.02421e+40 3.29048e+26 3.17822e+40 3.36340e+26 3.24865e+40 3.34838e+26 3.23414e+40 
1.07189e+14 1.57821e+27 1.69166e+41 3.83980e+26 4.11585e+40 4.03348e+26 4.32346e+40 4.12066e+26 4.41690e+40 4.10144e+26 4.39630e+40 
1.18953e+14 1.93261e+27 2.29890e+41 4.70683e+26 5.59893e+40 4.94169e+26 5.87831e+40 5.04549e+26 6.00179e+40 5.02085e+26 5.97248e+40 
1.32009e+14 2.36510e+27 3.12214e+41 5.76663e+26 7.61247e+40 6.05092e+26 7.98775e+40 6.17392e+26 8.15013e+40 6.14226e+26 8.10832e+40 
1.46497e+14 2.89234e+27 4.23719e+41 7.06099e+26 1.03441e+41 7.40438e+26 1.08472e+41 7.54932e+26 1.10595e+41 7.50854e+26 1.09998e+41 
1.62576e+14 3.53434e+27 5.74598e+41 8.64032e+26 1.40470e+41 9.05412e+26 1.47198e+41 9.22378e+26 1.49956e+41 9.17112e+26 1.49100e+41 
1.80419e+14 4.31509e+27 7.78523e+41 1.05653e+27 1.90618e+41 1.10627e+27 1.99591e+41 1.12597e+27 2.03145e+41 1.11915e+27 2.01916e+41 
2.00220e+14 5.26320e+27 1.05380e+42 1.29090e+27 2.58463e+41 1.35049e+27 2.70394e+41 1.37313e+27 2.74929e+41 1.36430e+27 2.73160e+41 
2.22195e+14 6.41269e+27 1.42487e+42 1.57585e+27 3.50146e+41 1.64700e+27 3.65955e+41 1.67272e+27 3.71669e+41 1.66125e+27 3.69120e+41 
2.46581e+14 7.80385e+27 1.92428e+42 1.92181e+27 4.73883e+41 2.00643e+27 4.94747e+41 2.03518e+27 5.01836e+41 2.02024e+27 4.98154e+41 
2.73644e+14 9.48408e+27 2.59526e+42 2.34115e+27 6.40642e+41 2.44132e+27 6.68052e+41 2.47280e+27 6.76667e+41 2.45334e+27 6.71341e+41 
3.03677e+14 1.15089e+28 3.49498e+42 2.84851e+27 8.65026e+41 2.96645e+27 9.00843e+41 2.99997e+27 9.11021e+41 2.97456e+27 9.03305e+41 
3.37006e+14 1.39427e+28 4.69878e+42 3.46109e+27 1.16641e+42 3.59911e+27 1.21292e+42 3.63337e+27 1.22447e+42 3.60015e+27 1.21327e+42 
3.73994e+14 1.68599e+28 6.30551e+42 4.19902e+27 1.57041e+42 4.35936e+27 1.63037e+42 4.39220e+27 1.64266e+42 4.34873e+27 1.62640e+42 
4.15040e+14 2.03453e+28 8.44414e+42 5.08567e+27 2.11076e+42 5.27032e+27 2.18740e+42 5.29837e+27 2.19904e+42 5.24143e+27 2.17541e+42 
4.60592e+14 2.44947e+28 1.12821e+43 6.14791e+27 2.83168e+42 6.35837e+27 2.92862e+42 6.37653e+27 2.93698e+42 6.30190e+27 2.90260e+42 
5.11143e+14 2.94144e+28 1.50350e+43 7.41636e+27 3.79082e+42 7.65324e+27 3.91190e+42 7.65403e+27 3.91231e+42 7.55620e+27 3.86230e+42 
5.67243e+14 3.52210e+28 1.99789e+43 8.92550e+27 5.06292e+42 9.18799e+27 5.21182e+42 9.16072e+27 5.19635e+42 9.03249e+27 5.12361e+42 
6.29499e+14 4.20389e+28 2.64634e+43 1.07136e+28 6.74417e+42 1.09987e+28 6.92368e+42 1.09284e+28 6.87943e+42 1.07604e+28 6.77368e+42 
6.98588e+14 4.99976e+28 3.49277e+43 1.28222e+28 8.95741e+42 1.31241e+28 9.16832e+42 1.29901e+28 9.07472e+42 1.27702e+28 8.92109e+42 
7.75260e+14 5.92265e+28 4.59159e+43 1.52956e+28 1.18581e+43 1.56042e+28 1.20973e+43 1.53785e+28 1.19223e+43 1.50910e+28 1.16994e+43 
8.60346e+14 6.98481e+28 6.00935e+43 1.81797e+28 1.56408e+43 1.84792e+28 1.58985e+43 1.81243e+28 1.55932e+43 1.77492e+28 1.52705e+43 
9.54772e+14 8.19681e+28 7.82608e+43 2.15196e+28 2.05463e+43 2.17873e+28 2.08019e+43 2.12539e+28 2.02927e+43 2.07656e+28 1.98264e+43 
1.05956e+15 9.56631e+28 1.01361e+44 2.53573e+28 2.68676e+43 2.55615e+28 2.70840e+43 2.47858e+28 2.62620e+43 2.41519e+28 2.55903e+43 
1.17585e+15 1.10965e+29 1.30478e+44 2.97281e+28 3.49558e+43 2.98262e+28 3.50711e+43 2.87267e+28 3.37783e+43 2.79068e+28 3.28142e+43 
1.30490e+15 1.27843e+29 1.66822e+44 3.46553e+28 4.52218e+43 3.45922e+28 4.51395e+43 3.30673e+28 4.31495e+43 3.20114e+28 4.17718e+43 
1.44812e+15 1.46182e+29 2.11689e+44 4.01451e+28 5.81348e+43 3.98519e+28 5.77103e+43 3.77766e+28 5.47051e+43 3.64238e+28 5.27459e+43 
1.60705e+15 1.65763e+29 2.66389e+44 4.61790e+28 7.42120e+43 4.55726e+28 7.32376e+43 4.27974e+28 6.87777e+43 4.10741e+28 6.60082e+43 
1.78343e+15 1.86240e+29 3.32147e+44 5.27069e+28 9.39992e+43 5.16907e+28 9.21868e+43 4.80407e+28 8.56773e+43 4.58602e+28 8.17884e+43 
1.97917e+15 2.07129e+29 4.09944e+44 5.96395e+28 1.18037e+44 5.81059e+28 1.15001e+44 5.33826e+28 1.05653e+44 5.06445e+28 1.00234e+44 
2.19639e+15 2.27795e+29 5.00327e+44 6.68418e+28 1.46810e+44 6.46768e+28 1.42055e+44 5.86625e+28 1.28846e+44 5.52538e+28 1.21359e+44 
2.43744e+15 2.47461e+29 6.03172e+44 7.41293e+28 1.80686e+44 7.12198e+28 1.73594e+44 6.36852e+28 1.55229e+44 5.94818e+28 1.44983e+44 
2.70496e+15 2.65228e+29 7.17432e+44 8.12687e+28 2.19828e+44 7.75110e+28 2.09664e+44 6.82271e+28 1.84551e+44 6.30980e+28 1.70678e+44 
3.00184e+15 2.80131e+29 8.40906e+44 8.79853e+28 2.64117e+44 8.32958e+28 2.50040e+44 7.20484e+28 2.16277e+44 6.58617e+28 1.97706e+44 
3.33129e+15 2.91203e+29 9.70084e+44 9.39786e+28 3.13070e+44 8.83036e+28 2.94165e+44 7.49120e+28 2.49554e+44 6.75426e+28 2.25004e+44 
3.69691e+15 2.97589e+29 1.10016e+45 9.89468e+28 3.65798e+44 9.22717e+28 3.41120e+44 7.66083e+28 2.83214e+44 6.79484e+28 2.51199e+44 
4.10266e+15 2.98658e+29 1.22529e+45 1.02619e+29 4.21011e+44 9.49741e+28 3.89646e+44 7.69846e+28 3.15841e+44 6.69555e+28 2.74696e+44 
4.55294e+15 2.94130e+29 1.33916e+45 1.04792e+29 4.77112e+44 9.62535e+28 4.38236e+44 7.59740e+28 3.45905e+44 6.45396e+28 2.93844e+44 
5.05263e+15 2.84173e+29 1.43582e+45 1.05362e+29 5.32353e+44 9.60485e+28 4.85298e+44 7.36184e+28 3.71967e+44 6.07976e+28 3.07188e+44 
5.60717e+15 2.69440e+29 1.51079e+45 1.04342e+29 5.85063e+44 9.44095e+28 5.29370e+44 7.00771e+28 3.92934e+44 5.59546e+28 3.13747e+44 
6.22257e+15 2.51021e+29 1.56199e+45 1.01865e+29 6.33864e+44 9.14939e+28 5.69327e+44 6.56134e+28 4.08284e+44 5.03467e+28 3.13286e+44 
6.90551e+15 2.30293e+29 1.59029e+45 9.81537e+28 6.77802e+44 8.75388e+28 6.04501e+44 6.05581e+28 4.18185e+44 4.43780e+28 3.06453e+44 
7.66341e+15 2.08693e+29 1.59930e+45 9.34714e+28 7.16309e+44 8.28133e+28 6.34632e+44 5.52539e+28 4.23433e+44 3.84584e+28 2.94722e+44 
8.50449e+15 1.87458e+29 1.59423e+45 8.80664e+28 7.48959e+44 7.75630e+28 6.59634e+44 4.99934e+28 4.25168e+44 3.29341e+28 2.80087e+44 
9.43788e+15 1.67419e+29 1.58008e+45 8.21230e+28 7.75067e+44 7.19643e+28 6.79190e+44 4.49701e+28 4.24422e+44 2.80325e+28 2.64568e+44 
1.04737e+16 1.48911e+29 1.55966e+45 7.57417e+28 7.93296e+44 6.61056e+28 6.92371e+44 4.02576e+28 4.21647e+44 2.38377e+28 2.49669e+44 
1.16232e+16 1.31829e+29 1.53228e+45 6.89560e+28 8.01491e+44 6.00037e+28 6.97436e+44 3.58269e+28 4.16424e+44 2.03040e+28 2.35998e+44 
1.28989e+16 1.15809e+29 1.49380e+45 6.17804e+28 7.96899e+44 5.36496e+28 6.92021e+44 3.15922e+28 4.07505e+44 1.73026e+28 2.23185e+44 
1.43146e+16 1.00461e+29 1.43806e+45 5.42679e+28 7.76822e+44 4.70650e+28 6.73716e+44 2.74703e+28 3.93226e+44 1.46816e+28 2.10161e+44 
1.58857e+16 8.55667e+28 1.35928e+45 4.65535e+28 7.39532e+44 4.03445e+28 6.40899e+44 2.34268e+28 3.72150e+44 1.23173e+28 1.95668e+44 
1.76291e+16 7.11658e+28 1.25459e+45 3.88620e+28 6.85104e+44 3.36658e+28 5.93498e+44 1.94958e+28 3.43695e+44 1.01419e+28 1.78793e+44 
1.95640e+16 5.75329e+28 1.12557e+45 3.14777e+28 6.15829e+44 2.72638e+28 5.33388e+44 1.57685e+28 3.08495e+44 8.14418e+27 1.59333e+44 
2.17112e+16 4.50627e+28 9.78364e+44 2.46882e+28 5.36009e+44 2.13815e+28 4.64217e+44 1.23603e+28 2.68356e+44 6.34939e+27 1.37853e+44 
2.40940e+16 3.41303e+28 8.22336e+44 1.87256e+28 4.51176e+44 1.62171e+28 3.90735e+44 9.37366e+27 2.25849e+44 4.79329e+27 1.15490e+44 
2.67384e+16 2.49781e+28 6.67874e+44 1.37261e+28 3.67014e+44 1.18872e+28 3.17845e+44 6.87128e+27 1.83727e+44 3.50034e+27 9.35937e+43 
2.96730e+16 1.76630e+28 5.24116e+44 9.71810e+27 2.88365e+44 8.41613e+27 2.49732e+44 4.86557e+27 1.44376e+44 2.47258e+27 7.33690e+43 
3.29297e+16 1.20678e+28 3.97391e+44 6.63877e+27 2.18613e+44 5.74934e+27 1.89324e+44 3.32455e+27 1.09476e+44 1.68951e+27 5.56349e+43 
3.65438e+16 7.95587e+27 2.90738e+44 4.36592e+27 1.59547e+44 3.78100e+27 1.38172e+44 2.18700e+27 7.99212e+43 1.11522e+27 4.07543e+43 
4.05546e+16 5.04026e+27 2.04406e+44 2.75216e+27 1.11613e+44 2.38344e+27 9.66594e+43 1.37917e+27 5.59318e+43 7.07967e+26 2.87113e+43 
4.50056e+16 3.04110e+27 1.36866e+44 1.65110e+27 7.43089e+43 1.42990e+27 6.43534e+43 8.27879e+26 3.72592e+43 4.27978e+26 1.92614e+43 
4.99451e+16 1.71773e+27 8.57920e+43 9.32282e+26 4.65629e+43 8.07380e+26 4.03246e+43 4.67868e+26 2.33677e+43 2.41684e+26 1.20709e+43 
5.54266e+16 8.78009e+26 4.86651e+43 4.86840e+26 2.69839e+43 4.21616e+26 2.33687e+43 2.44703e+26 1.35631e+43 1.22654e+26 6.79832e+42 
6.15099e+16 3.74074e+26 2.30092e+43 2.28047e+26 1.40272e+43 1.97495e+26 1.21479e+43 1.14997e+26 7.07346e+42 5.06839e+25 3.11756e+42 
6.82607e+16 9.42778e+25 6.43547e+42 8.97150e+25 6.12401e+42 7.76955e+25 5.30355e+42 4.56240e+25 3.11433e+42 1.04775e+25 7.15202e+41 
7.57525e+16 -4.37391e+25 -3.31335e+42 2.38545e+25 1.80704e+42 2.06586e+25 1.56494e+42 1.25546e+25 9.51044e+41 -9.37064e+24 -7.09850e+41 
8.40665e+16 -9.82405e+25 -8.25874e+42 -2.15453e+24 -1.81124e+41 -1.86588e+24 -1.56858e+41 -5.52341e+23 -4.64334e+40 -1.70570e+25 -1.43392e+42 
9.32930e+16 -1.07938e+26 -1.00698e+43 -8.79625e+24 -8.20629e+41 -7.61778e+24 -7.10686e+41 -3.96088e+24 -3.69522e+41 -1.81261e+25 -1.69104e+42 
1.03532e+17 -9.66064e+25 -1.00019e+43 -7.72937e+24 -8.00239e+41 -6.69383e+24 -6.93027e+41 -3.51128e+24 -3.63530e+41 -1.60511e+25 -1.66181e+42 
1.14895e+17 -7.76126e+25 -8.91731e+42 -4.77048e+24 -5.48104e+41 -4.13135e+24 -4.74672e+41 -2.11354e+24 -2.42835e+41 -1.28298e+25 -1.47408e+42 
1.27505e+17 -5.77919e+25 -7.36876e+42 -2.26559e+24 -2.88875e+41 -1.96206e+24 -2.50173e+41 -9.37000e+23 -1.19472e+41 -9.51250e+24 -1.21289e+42 
1.41499e+17 -4.02778e+25 -5.69928e+42 -7.68376e+23 -1.08724e+41 -6.65433e+23 -9.41582e+40 -2.53414e+23 -3.58578e+40 -6.59621e+24 -9.33358e+41 
1.57029e+17 -2.62584e+25 -4.12333e+42 -9.46676e+22 -1.48656e+40 -8.19846e+22 -1.28740e+40 3.28326e+22 5.15568e+39 -4.27383e+24 -6.71115e+41 
1.74263e+17 -1.59151e+25 -2.77342e+42 1.06269e+23 1.85187e+40 9.20314e+22 1.60377e+40 9.78159e+22 1.70457e+40 -2.57224e+24 -4.48246e+41 
1.93389e+17 -8.88567e+24 -1.71839e+42 1.10016e+23 2.12758e+40 9.52762e+22 1.84254e+40 7.74326e+22 1.49746e+40 -1.42553e+24 -2.75683e+41 
2.14614e+17 -4.51994e+24 -9.70042e+41 6.61115e+22 1.41885e+40 5.72543e+22 1.22876e+40 4.30865e+22 9.24698e+39 -7.19848e+23 -1.54489e+41 
2.38169e+17 -2.06945e+24 -4.92878e+41 3.02174e+22 7.19684e+39 2.61691e+22 6.23265e+39 1.90636e+22 4.54035e+39 -3.27319e+23 -7.79571e+40 
2.64308e+17 -8.41734e+23 -2.22477e+41 1.12070e+22 2.96211e+39 9.70556e+21 2.56526e+39 6.96148e+21 1.83998e+39 -1.32304e+23 -3.49691e+40 
2.93317e+17 -2.99922e+23 -8.79720e+40 3.44784e+21 1.01131e+39 2.98592e+21 8.75819e+38 2.12467e+21 6.23201e+38 -4.68811e+22 -1.37510e+40 
3.25509e+17 -9.22184e+22 -3.00179e+40 8.85713e+20 2.88307e+38 7.67050e+20 2.49681e+38 5.43026e+20 1.76760e+38 -1.43449e+22 -4.66939e+39 
3.61234e+17 -2.40729e+22 -8.69597e+39 1.89667e+20 6.85141e+37 1.64256e+20 5.93350e+37 1.15697e+20 4.17936e+37 -3.72874e+21 -1.34695e+39 
4.00881e+17 -5.24111e+21 -2.10106e+39 3.35808e+19 1.34619e+37 2.90818e+19 1.16583e+37 2.03450e+19 8.15592e+36 -8.08776e+20 -3.24222e+38 
4.44878e+17 -9.33311e+20 -4.15210e+38 4.84517e+18 2.15551e+36 4.19604e+18 1.86673e+36 2.90761e+18 1.29353e+36 -1.43541e+20 -6.38583e+37 
4.93705e+17 -1.33043e+20 -6.56837e+37 5.58019e+17 2.75497e+35 4.83259e+17 2.38587e+35 3.30735e+17 1.63285e+35 -2.03996e+19 -1.00714e+37 
5.47890e+17 -1.48243e+19 -8.12210e+36 4.99582e+16 2.73716e+34 4.32650e+16 2.37045e+34 2.91693e+16 1.59816e+34 -2.26671e+18 -1.24191e+36 
6.08022e+17 -1.25753e+18 -7.64606e+35 3.36918e+15 2.04854e+33 2.91780e+15 1.77409e+33 1.93394e+15 1.17588e+33 -1.91788e+17 -1.16611e+35 
6.74754e+17 -7.88679e+16 -5.32164e+34 1.65176e+14 1.11454e+32 1.43047e+14 9.65216e+31 9.30578e+13 6.27912e+31 -1.19996e+16 -8.09676e+33 
7.48810e+17 -3.53995e+15 -2.65075e+33 5.66029e+12 4.23848e+30 4.90195e+12 3.67063e+30 3.12507e+12 2.34009e+30 -5.37407e+14 -4.02416e+32 
8.30994e+17 -1.09676e+14 -9.11399e+31 1.29905e+11 1.07950e+29 1.12501e+11 9.34874e+28 7.01542e+10 5.82977e+28 -1.66164e+13 -1.38082e+31 
9.22198e+17 -2.25313e+12 -2.07783e+30 1.90596e+09 1.75767e+27 1.65061e+09 1.52219e+27 1.00410e+09 9.25980e+26 -3.40736e+11 -3.14226e+29 
1.02341e+18 -2.93493e+10 -3.00364e+28 1.69946e+07 1.73925e+25 1.47177e+07 1.50623e+25 8.69731e+06 8.90093e+24 -4.43121e+09 -4.53495e+27 
1.13573e+18 -2.30634e+08 -2.61939e+26 8.71360e+04 9.89633e+22 7.54620e+04 8.57047e+22 4.30312e+04 4.88720e+22 -3.47722e+07 -3.94920e+25 
1.26038e+18 -1.03440e+06 -1.30374e+24 2.41804e+02 3.04765e+20 2.09408e+02 2.63935e+20 1.14002e+02 1.43686e+20 -1.55766e+05 -1.96325e+23 
1.39871e+18 -2.48933e+03 -3.48186e+21 3.39794e-01 4.75275e+17 2.94271e-01 4.11600e+17 1.50291e-01 2.10214e+17 -3.74489e+02 -5.23803e+20 
1.55223e+18 -3.00107e+00 -4.65834e+18 2.24731e-04 3.48833e+14 1.94623e-04 3.02099e+14 9.05225e-05 1.40511e+14 -4.51120e-01 -7.00240e+17 
1.72259e+18 -1.67916e-03 -2.89250e+15 6.45276e-08 1.11154e+11 5.58825e-08 9.62624e+10 2.24259e-08 3.86305e+10 -2.52259e-04 -4.34538e+14 
1.91164e+18 -4.00553e-07 -7.65715e+11 7.35735e-12 1.40646e+07 6.37165e-12 1.21803e+07 1.97199e-12 3.76974e+06 -6.01484e-08 -1.14982e+11 
2.12145e+18 -3.70716e-11 -7.86457e+07 3.01780e-16 6.40211e+02 2.61349e-16 5.54439e+02 4.55035e-17 9.65334e+01 -5.56509e-12 -1.18061e+07 
2.35429e+18 -1.19897e-15 -2.82273e+03 3.99061e-21 9.39504e-03 3.45597e-21 8.13634e-03 -1.04310e-22 -2.45577e-04 -1.79950e-16 -4.23654e+02 
2.61268e+18 -1.20664e-20 -3.15257e-02 1.50600e-26 3.93468e-08 1.30423e-26 3.40753e-08 -4.50812e-27 -1.17782e-08 -1.81078e-21 -4.73098e-03 
2.89942e+18 -3.32261e-26 -9.63366e-08 1.41604e-32 4.10571e-14 1.22633e-32 3.55565e-14 -1.03616e-32 -3.00426e-14 -4.98579e-27 -1.44559e-08 
3.21764e+18 -2.17050e-32 -6.98388e-14 2.85146e-39 9.17499e-21 2.46944e-39 7.94577e-21 -4.09190e-39 -1.31663e-20 -3.25683e-33 -1.04793e-14 
3.57079e+18 -2.87156e-39 -1.02537e-20 1.03878e-46 3.70928e-28 8.99614e-47 3.21233e-28 -2.71665e-46 -9.70056e-28 -4.30868e-40 -1.53854e-21 
3.96269e+18 -6.45589e-47 -2.55827e-28 5.67305e-55 2.24805e-36 4.91301e-55 1.94687e-36 -2.64821e-54 -1.04940e-35 -9.68677e-48 -3.83856e-29 
4.39760e+18 -2.03024e-55 -8.92820e-37 3.76778e-64 1.65692e-45 3.26299e-64 1.43494e-45 -3.16061e-63 -1.38991e-44 -3.04627e-56 -1.33963e-37 
4.88025e+18 -7.19631e-65 -3.51198e-46 2.41171e-74 1.17697e-55 2.08860e-74 1.01929e-55 -3.72707e-73 -1.81890e-54 -1.07977e-65 -5.26954e-47 
5.41587e+18 -2.26246e-75 -1.22532e-56 1.14909e-85 6.22331e-67 9.95139e-86 5.38954e-67 -3.40129e-84 -1.84209e-65 -3.39470e-76 -1.83852e-57 
6.01028e+18 -4.83599e-87 -2.90656e-68 3.05964e-98 1.83893e-79 2.64973e-98 1.59256e-79 -1.82512e-96 -1.09695e-77 -7.25613e-88 -4.36114e-69 
6.66992e+18 -5.23212e-100 -3.48978e-81 3.31263e-112 2.20950e-93 2.86882e-112 1.91348e-93 -4.23590e-110 -2.82531e-91 -7.85050e-101 -5.23622e-82 
7.40196e+18 -2.06514e-114 -1.52861e-95 1.02491e-127 7.58634e-109 8.87598e-128 6.56996e-109 -3.01968e-125 -2.23515e-106 -3.09862e-115 -2.29359e-96 
8.21434e+18 -2.06769e-130 -1.69847e-111 6.12818e-145 5.03390e-126 5.30716e-145 4.35948e-126 -4.51813e-142 -3.71135e-123 -3.10245e-131 -2.54846e-112 
9.11589e+18 -3.50871e-148 -3.19850e-129 4.58863e-164 4.18294e-145 3.97387e-164 3.62253e-145 -9.29256e-161 -8.47100e-142 -5.26463e-149 -4.79918e-130 
1.01164e+19 -6.45032e-168 -6.52539e-149 2.65896e-185 2.68990e-166 2.30272e-185 2.32952e-166 -1.64188e-181 -1.66099e-162 -9.67834e-169 -9.79098e-150 
1.12267e+19 -7.81800e-190 -8.77702e-171 6.99051e-209 7.84802e-190 6.05396e-209 6.79658e-190 -1.47885e-204 -1.66025e-185 -1.17305e-190 -1.31694e-171 
1.24588e+19 -3.60023e-214 -4.48547e-195 4.61060e-235 5.74427e-216 3.99289e-235 4.97468e-216 -3.80451e-230 -4.73997e-211 -5.40195e-215 -6.73019e-196 
1.38262e+19 -3.41706e-241 -4.72451e-222 3.95304e-264 5.46557e-245 3.42344e-264 4.73332e-245 -1.46977e-258 -2.03214e-239 -5.12711e-242 -7.08886e-223 
1.53437e+19 -3.39062e-271 -5.20245e-252 0.00000e+00 0.00000e+00 0.00000e+00 0.00000e+00 0.00000e+00 0.00000e+00 -5.08743e-272 -7.80599e-253 
1.70277e+19 0.00000e+00 0.00000e+00 0.00000e+00 0.00000e+00 0.00000e+00 0.00000e+00 0.00000e+00 0.00000e+00 0.00000e+00 0.00000e+00 
1.88965e+19 0.00000e+00 0.00000e+00 0.00000e+00 0.00000e+00 0.00000e+00 0.00000e+00 0.00000e+00 0.00000e+00 0.00000e+00 0.00000e+00 
2.09705e+19 0.00000e+00 0.00000e+00 0.00000e+00 0.00000e+00 0.00000e+00 0.00000e+00 0.00000e+00 0.00000e+00 0.00000e+00 0.00000e+00 
2.32720e+19 0.00000e+00 0.00000e+00 0.00000e+00 0.00000e+00 0.00000e+00 0.00000e+00 0.00000e+00 0.00000e+00 0.00000e+00 0.00000e+00 
2.58262e+19 0.00000e+00 0.00000e+00 0.00000e+00 0.00000e+00 0.00000e+00 0.00000e+00 0.00000e+00 0.00000e+00 0.00000e+00 0.00000e+00 
2.86607e+19 0.00000e+00 0.00000e+00 0.00000e+00 0.00000e+00 0.00000e+00 0.00000e+00 0.00000e+00 0.00000e+00 0.00000e+00 0.00000e+00 
3.18063e+19 0.00000e+00 0.00000e+00 0.00000e+00 0.00000e+00 0.00000e+00 0.00000e+00 0.00000e+00 0.00000e+00 0.00000e+00 0.00000e+00 
3.52971e+19 0.00000e+00 0.00000e+00 0.00000e+00 0.00000e+00 0.00000e+00 0.00000e+00 0.00000e+00 0.00000e+00 0.00000e+00 0.00000e+00 
3.91710e+19 0.00000e+00 0.00000e+00 0.00000e+00 0.00000e+00 0.00000e+00 0.00000e+00 0.00000e+00 0.00000e+00 0.00000e+00 0.00000e+00 
4.34701e+19 0.00000e+00 0.00000e+00 0.00000e+00 0.00000e+00 0.00000e+00 0.00000e+00 0.00000e+00 0.00000e+00 0.00000e+00 0.00000e+00 
4.82411e+19 0.00000e+00 0.00000e+00 0.00000e+00 0.00000e+00 0.00000e+00 0.00000e+00 0.00000e+00 0.00000e+00 0.00000e+00 0.00000e+00 
5.35357e+19 0.00000e+00 0.00000e+00 0.00000e+00 0.00000e+00 0.00000e+00 0.00000e+00 0.00000e+00 0.00000e+00 0.00000e+00 0.00000e+00 
5.94113e+19 0.00000e+00 0.00000e+00 0.00000e+00 0.00000e+00 0.00000e+00 0.00000e+00 0.00000e+00 0.00000e+00 0.00000e+00 0.00000e+00 
6.59319e+19 0.00000e+00 0.00000e+00 0.00000e+00 0.00000e+00 0.00000e+00 0.00000e+00 0.00000e+00 0.00000e+00 0.00000e+00 0.00000e+00 
7.31681e+19 0.00000e+00 0.00000e+00 0.00000e+00 0.00000e+00 0.00000e+00 0.00000e+00 0.00000e+00 0.00000e+00 0.00000e+00 0.00000e+00 
8.11984e+19 0.00000e+00 0.00000e+00 0.00000e+00 0.00000e+00 0.00000e+00 0.00000e+00 0.00000e+00 0.00000e+00 0.00000e+00 0.00000e+00 
9.01102e+19 0.00000e+00 0.00000e+00 0.00000e+00 0.00000e+00 0.00000e+00 0.00000e+00 0.00000e+00 0.00000e+00 0.00000e+00 0.00000e+00 
1.00000e+20 0.00000e+00 0.00000e+00 0.00000e+00 0.00000e+00 0.00000e+00 0.00000e+00 0.00000e+00 0.00000e+00 0.00000e+00 0.00000e+00 
