1.00000e+11 9.02981e+20 9.02981e+31 2.17138e+20 2.17138e+31 2.28086e+20 2.28086e+31 2.36227e+20 2.36227e+31 2.37892e+20 2.37892e+31 
1.10975e+11 1.11206e+21 1.23411e+32 2.67416e+20 2.96765e+31 2.80898e+20 3.11727e+31 2.90924e+20 3.22854e+31 2.92975e+20 3.25129e+31 
1.23155e+11 1.36955e+21 1.68667e+32 3.29335e+20 4.05592e+31 3.45938e+20 4.26041e+31 3.58286e+20 4.41248e+31 3.60811e+20 4.44357e+31 
1.36672e+11 1.68666e+21 2.30519e+32 4.05590e+20 5.54327e+31 4.26038e+20 5.82273e+31 4.41245e+20 6.03056e+31 4.44354e+20 6.07306e+31 
1.51672e+11 2.07719e+21 3.15052e+32 4.99502e+20 7.57603e+31 5.24684e+20 7.95797e+31 5.43412e+20 8.24202e+31 5.47241e+20 8.30009e+31 
1.68318e+11 2.55815e+21 4.30583e+32 6.15158e+20 1.03542e+32 6.46171e+20 1.08762e+32 6.69234e+20 1.12644e+32 6.73950e+20 1.13438e+32 
1.86791e+11 3.15047e+21 5.88480e+32 7.57592e+20 1.41512e+32 7.95786e+20 1.48646e+32 8.24188e+20 1.53951e+32 8.29996e+20 1.55036e+32 
2.07292e+11 3.87992e+21 8.04278e+32 9.33006e+20 1.93405e+32 9.80042e+20 2.03155e+32 1.01502e+21 2.10406e+32 1.02217e+21 2.11888e+32 
2.30043e+11 4.77827e+21 1.09921e+33 1.14903e+21 2.64327e+32 1.20696e+21 2.77653e+32 1.25004e+21 2.87562e+32 1.25884e+21 2.89588e+32 
2.55291e+11 5.88462e+21 1.50229e+33 1.41508e+21 3.61257e+32 1.48642e+21 3.79468e+32 1.53946e+21 3.93011e+32 1.55031e+21 3.95780e+32 
2.83310e+11 7.24711e+21 2.05318e+33 1.74272e+21 4.93730e+32 1.83057e+21 5.18619e+32 1.89590e+21 5.37128e+32 1.90926e+21 5.40912e+32 
3.14404e+11 8.92506e+21 2.80607e+33 2.14623e+21 6.74781e+32 2.25442e+21 7.08796e+32 2.33487e+21 7.34091e+32 2.35132e+21 7.39262e+32 
3.48910e+11 1.09915e+22 3.83504e+33 2.64315e+21 9.22222e+32 2.77639e+21 9.68709e+32 2.87546e+21 1.00328e+33 2.89572e+21 1.01035e+33 
3.87204e+11 1.35363e+22 5.24132e+33 3.25513e+21 1.26040e+33 3.41920e+21 1.32393e+33 3.54122e+21 1.37117e+33 3.56616e+21 1.38083e+33 
4.29700e+11 1.66704e+22 7.16326e+33 4.00879e+21 1.72258e+33 4.21085e+21 1.80940e+33 4.36110e+21 1.87397e+33 4.39182e+21 1.88717e+33 
4.76861e+11 2.05300e+22 9.78994e+33 4.93693e+21 2.35423e+33 5.18577e+21 2.47289e+33 5.37080e+21 2.56113e+33 5.40863e+21 2.57916e+33 
5.29198e+11 2.52831e+22 1.33798e+34 6.07996e+21 3.21750e+33 6.38639e+21 3.37967e+33 6.61426e+21 3.50025e+33 6.66083e+21 3.52490e+33 
5.87279e+11 3.11366e+22 1.82858e+34 7.48761e+21 4.39731e+33 7.86497e+21 4.61893e+33 8.14558e+21 4.78372e+33 8.20293e+21 4.81741e+33 
6.51734e+11 3.83451e+22 2.49908e+34 9.22114e+21 6.00973e+33 9.68585e+21 6.31260e+33 1.00314e+22 6.53780e+33 1.01020e+22 6.58383e+33 
7.23263e+11 4.72225e+22 3.41543e+34 1.13560e+22 8.21337e+33 1.19283e+22 8.62727e+33 1.23538e+22 8.93503e+33 1.24407e+22 8.99792e+33 
8.02643e+11 5.81547e+22 4.66775e+34 1.39850e+22 1.12250e+34 1.46898e+22 1.17906e+34 1.52137e+22 1.22112e+34 1.53208e+22 1.22972e+34 
8.90735e+11 7.16177e+22 6.37924e+34 1.72227e+22 1.53409e+34 1.80905e+22 1.61139e+34 1.87357e+22 1.66886e+34 1.88676e+22 1.68060e+34 
9.88496e+11 8.81969e+22 8.71822e+34 2.12098e+22 2.09658e+34 2.22784e+22 2.20222e+34 2.30730e+22 2.28075e+34 2.32353e+22 2.29680e+34 
1.09699e+12 1.08614e+23 1.19148e+35 2.61199e+22 2.86531e+34 2.74358e+22 3.00967e+34 2.84141e+22 3.11699e+34 2.86140e+22 3.13892e+34 
1.21738e+12 1.33756e+23 1.62832e+35 3.21664e+22 3.91589e+34 3.37868e+22 4.11315e+34 3.49915e+22 4.25981e+34 3.52376e+22 4.28976e+34 
1.35099e+12 1.64717e+23 2.22532e+35 3.96125e+22 5.35163e+34 4.16078e+22 5.62119e+34 4.30912e+22 5.82159e+34 4.33942e+22 5.86252e+34 
1.49927e+12 2.02844e+23 3.04117e+35 4.87820e+22 7.31374e+34 5.12389e+22 7.68209e+34 5.30654e+22 7.95592e+34 5.34384e+22 8.01185e+34 
1.66382e+12 2.49794e+23 4.15611e+35 6.00737e+22 9.99517e+34 6.30989e+22 1.04985e+35 6.53478e+22 1.08727e+35 6.58070e+22 1.09491e+35 
1.84642e+12 3.07608e+23 5.67975e+35 7.39786e+22 1.36596e+35 7.77035e+22 1.43474e+35 8.04724e+22 1.48586e+35 8.10377e+22 1.49630e+35 
2.04907e+12 3.78800e+23 7.76189e+35 9.11012e+22 1.86673e+35 9.56876e+22 1.96071e+35 9.90966e+22 2.03056e+35 9.97925e+22 2.04482e+35 
2.27397e+12 4.66464e+23 1.06072e+36 1.12186e+23 2.55107e+35 1.17833e+23 2.67948e+35 1.22030e+23 2.77492e+35 1.22887e+23 2.79440e+35 
2.52354e+12 5.74409e+23 1.44954e+36 1.38149e+23 3.48625e+35 1.45102e+23 3.66170e+35 1.50269e+23 3.79210e+35 1.51323e+23 3.81870e+35 
2.80050e+12 7.07324e+23 1.98086e+36 1.70120e+23 4.76421e+35 1.78679e+23 5.00392e+35 1.85040e+23 5.18206e+35 1.86338e+23 5.21840e+35 
3.10787e+12 8.70984e+23 2.70690e+36 2.09486e+23 6.51054e+35 2.20024e+23 6.83805e+35 2.27855e+23 7.08142e+35 2.29451e+23 7.13104e+35 
3.44896e+12 1.07250e+24 3.69900e+36 2.57958e+23 8.89689e+35 2.70932e+23 9.34433e+35 2.80571e+23 9.67678e+35 2.82536e+23 9.74455e+35 
3.82749e+12 1.32061e+24 5.05461e+36 3.17642e+23 1.21577e+36 3.33613e+23 1.27690e+36 3.45477e+23 1.32231e+36 3.47895e+23 1.33157e+36 
4.24757e+12 1.62608e+24 6.90690e+36 3.91129e+23 1.66135e+36 4.10788e+23 1.74485e+36 4.25391e+23 1.80688e+36 4.28366e+23 1.81952e+36 
4.71375e+12 2.00218e+24 9.43778e+36 4.81608e+23 2.27018e+36 5.05806e+23 2.38425e+36 5.23779e+23 2.46896e+36 5.27439e+23 2.48622e+36 
5.23110e+12 2.46521e+24 1.28957e+37 5.93006e+23 3.10207e+36 6.22789e+23 3.25787e+36 6.44908e+23 3.37358e+36 6.49410e+23 3.39713e+36 
5.80523e+12 3.03523e+24 1.76202e+37 7.30154e+23 4.23871e+36 7.66810e+23 4.45151e+36 7.94028e+23 4.60951e+36 7.99565e+23 4.64165e+36 
6.44236e+12 3.73696e+24 2.40749e+37 8.98999e+23 5.79168e+36 9.44111e+23 6.08231e+36 9.77601e+23 6.29806e+36 9.84410e+23 6.34193e+36 
7.14943e+12 4.60078e+24 3.28930e+37 1.10686e+24 7.91341e+36 1.16237e+24 8.31030e+36 1.20358e+24 8.60488e+36 1.21195e+24 8.66473e+36 
7.93410e+12 5.66408e+24 4.49393e+37 1.36274e+24 1.08121e+37 1.43104e+24 1.13540e+37 1.48173e+24 1.17562e+37 1.49202e+24 1.18379e+37 
8.80488e+12 6.97284e+24 6.13951e+37 1.67771e+24 1.47721e+37 1.76175e+24 1.55120e+37 1.82410e+24 1.60610e+37 1.83675e+24 1.61724e+37 
9.77124e+12 8.58364e+24 8.38728e+37 2.06542e+24 2.01817e+37 2.16880e+24 2.11919e+37 2.24548e+24 2.19411e+37 2.26102e+24 2.20930e+37 
1.08437e+13 1.05660e+25 1.14575e+38 2.54261e+24 2.75712e+37 2.66978e+24 2.89501e+37 2.76407e+24 2.99726e+37 2.78316e+24 3.01796e+37 
1.20338e+13 1.30056e+25 1.56506e+38 3.12990e+24 3.76646e+37 3.28631e+24 3.95467e+37 3.40224e+24 4.09417e+37 3.42568e+24 4.12239e+37 
1.33545e+13 1.60074e+25 2.13771e+38 3.85266e+24 5.14504e+37 4.04499e+24 5.40189e+37 4.18749e+24 5.59219e+37 4.21628e+24 5.63064e+37 
1.48202e+13 1.97008e+25 2.91970e+38 4.74204e+24 7.02781e+37 4.97852e+24 7.37826e+37 5.15365e+24 7.63782e+37 5.18898e+24 7.69018e+37 
1.64468e+13 2.42446e+25 3.98746e+38 5.83638e+24 9.59896e+37 6.12707e+24 1.00770e+38 6.34226e+24 1.04310e+38 6.38560e+24 1.05023e+38 
1.82518e+13 2.98340e+25 5.44525e+38 7.18276e+24 1.31099e+38 7.54002e+24 1.37619e+38 7.80436e+24 1.42444e+38 7.85751e+24 1.43414e+38 
2.02550e+13 3.67086e+25 7.43534e+38 8.83905e+24 1.79035e+38 9.27804e+24 1.87927e+38 9.60265e+24 1.94502e+38 9.66780e+24 1.95822e+38 
2.24781e+13 4.51629e+25 1.01517e+39 1.08763e+25 2.44479e+38 1.14156e+25 2.56601e+38 1.18141e+25 2.65558e+38 1.18939e+25 2.67352e+38 
2.49451e+13 5.55580e+25 1.38590e+39 1.33819e+25 3.33813e+38 1.40442e+25 3.50333e+38 1.45332e+25 3.62533e+38 1.46310e+25 3.64970e+38 
2.76829e+13 6.83372e+25 1.89177e+39 1.64630e+25 4.55743e+38 1.72760e+25 4.78250e+38 1.78760e+25 4.94858e+38 1.79955e+25 4.98168e+38 
3.07211e+13 8.40444e+25 2.58194e+39 2.02511e+25 6.22136e+38 2.12489e+25 6.52790e+38 2.19845e+25 6.75389e+38 2.21307e+25 6.79879e+38 
3.40929e+13 1.03346e+26 3.52337e+39 2.49075e+25 8.49169e+38 2.61316e+25 8.90902e+38 2.70332e+25 9.21639e+38 2.72117e+25 9.27725e+38 
3.78346e+13 1.27059e+26 4.80724e+39 3.06303e+25 1.15888e+39 3.21313e+25 1.21568e+39 3.32356e+25 1.25746e+39 3.34535e+25 1.26570e+39 
4.19871e+13 1.56184e+26 6.55771e+39 3.76618e+25 1.58131e+39 3.95016e+25 1.65856e+39 4.08534e+25 1.71531e+39 4.11189e+25 1.72646e+39 
4.65953e+13 1.91945e+26 8.94371e+39 4.62992e+25 2.15732e+39 4.85529e+25 2.26234e+39 5.02066e+25 2.33939e+39 5.05299e+25 2.35446e+39 
5.17092e+13 2.35839e+26 1.21950e+40 5.69063e+25 2.94258e+39 5.96654e+25 3.08525e+39 6.16868e+25 3.18978e+39 6.20799e+25 3.21010e+39 
5.73844e+13 2.89696e+26 1.66240e+40 6.99280e+25 4.01278e+39 7.33037e+25 4.20649e+39 7.57724e+25 4.34815e+39 7.62496e+25 4.37554e+39 
6.36825e+13 3.55750e+26 2.26550e+40 8.59084e+25 5.47086e+39 9.00353e+25 5.73367e+39 9.30474e+25 5.92549e+39 9.36257e+25 5.96232e+39 
7.06718e+13 4.36726e+26 3.08642e+40 1.05512e+26 7.45674e+39 1.10553e+26 7.81299e+39 1.14224e+26 8.07243e+39 1.14924e+26 8.12186e+39 
7.84282e+13 5.35944e+26 4.20331e+40 1.29550e+26 1.01604e+40 1.35702e+26 1.06429e+40 1.40171e+26 1.09933e+40 1.41015e+26 1.10595e+40 
8.70359e+13 6.57444e+26 5.72212e+40 1.59011e+26 1.38397e+40 1.66510e+26 1.44924e+40 1.71943e+26 1.49652e+40 1.72958e+26 1.50536e+40 
9.65883e+13 8.06136e+26 7.78634e+40 1.95099e+26 1.88443e+40 2.04230e+26 1.97262e+40 2.10824e+26 2.03631e+40 2.12042e+26 2.04808e+40 
1.07189e+14 9.87977e+26 1.05900e+41 2.39277e+26 2.56479e+40 2.50381e+26 2.68381e+40 2.58370e+26 2.76945e+40 2.59827e+26 2.78506e+40 
1.18953e+14 1.21018e+27 1.43955e+41 2.93324e+26 3.48919e+40 3.06806e+26 3.64956e+40 3.16467e+26 3.76448e+40 3.18201e+26 3.78511e+40 
1.32009e+14 1.48147e+27 1.95567e+41 3.59394e+26 4.74432e+40 3.75736e+26 4.96005e+40 3.87392e+26 5.11392e+40 3.89448e+26 5.14105e+40 
1.46497e+14 1.81235e+27 2.65505e+41 4.40094e+26 6.44725e+40 4.59866e+26 6.73690e+40 4.73892e+26 6.94238e+40 4.76315e+26 6.97787e+40 
1.62576e+14 2.21549e+27 3.60184e+41 5.38571e+26 8.75584e+40 5.62441e+26 9.14392e+40 5.79271e+26 9.41753e+40 5.82107e+26 9.46363e+40 
1.80419e+14 2.70605e+27 4.88222e+41 6.58616e+26 1.18827e+41 6.87365e+26 1.24013e+41 7.07490e+26 1.27644e+41 7.10783e+26 1.28239e+41 
2.00220e+14 3.30217e+27 6.61161e+41 8.04782e+26 1.61133e+41 8.39311e+26 1.68047e+41 8.63284e+26 1.72847e+41 8.67070e+26 1.73605e+41 
2.22195e+14 4.02546e+27 8.94435e+41 9.82520e+26 2.18311e+41 1.02386e+27 2.27497e+41 1.05229e+27 2.33813e+41 1.05659e+27 2.34769e+41 
2.46581e+14 4.90153e+27 1.20863e+42 1.19834e+27 2.95487e+41 1.24766e+27 3.07648e+41 1.28119e+27 3.15918e+41 1.28600e+27 3.17103e+41 
2.73644e+14 5.96062e+27 1.63109e+42 1.45995e+27 3.99508e+41 1.51855e+27 4.15543e+41 1.55787e+27 4.26301e+41 1.56313e+27 4.27742e+41 
3.03677e+14 7.23818e+27 2.19807e+42 1.77651e+27 5.39487e+41 1.84581e+27 5.60529e+41 1.89156e+27 5.74424e+41 1.89717e+27 5.76127e+41 
3.37006e+14 8.77555e+27 2.95742e+42 2.15876e+27 7.27517e+41 2.24025e+27 7.54979e+41 2.29304e+27 7.72769e+41 2.29877e+27 7.74701e+41 
3.73994e+14 1.06205e+28 3.97199e+42 2.61926e+27 9.79586e+41 2.71448e+27 1.01520e+42 2.77473e+27 1.03773e+42 2.78023e+27 1.03979e+42 
4.15040e+14 1.28277e+28 5.32401e+42 3.17257e+27 1.31674e+42 3.28300e+27 1.36258e+42 3.35086e+27 1.39074e+42 3.35556e+27 1.39269e+42 
4.60592e+14 1.54592e+28 7.12036e+42 3.83543e+27 1.76657e+42 3.96237e+27 1.82504e+42 4.03754e+27 1.85966e+42 4.04059e+27 1.86106e+42 
5.11143e+14 1.85841e+28 9.49912e+42 4.62690e+27 2.36501e+42 4.77125e+27 2.43879e+42 4.85271e+27 2.48043e+42 4.85286e+27 2.48051e+42 
5.67243e+14 2.22785e+28 1.26373e+43 5.56833e+27 3.15860e+42 5.73036e+27 3.25051e+42 5.81608e+27 3.29913e+42 5.81155e+27 3.29656e+42 
6.29499e+14 2.66241e+28 1.67599e+43 6.68336e+27 4.20717e+42 6.86232e+27 4.31982e+42 6.94878e+27 4.37425e+42 6.93706e+27 4.36687e+42 
6.98588e+14 3.17065e+28 2.21498e+43 7.99754e+27 5.58699e+42 8.19118e+27 5.72226e+42 8.27283e+27 5.77930e+42 8.25047e+27 5.76368e+42 
7.75260e+14 3.76116e+28 2.91588e+43 9.53783e+27 7.39429e+42 9.74179e+27 7.55242e+42 9.81031e+27 7.60554e+42 9.77262e+27 7.57632e+42 
8.60346e+14 4.44213e+28 3.82177e+43 1.13316e+28 9.74911e+42 1.15387e+28 9.92726e+42 1.15821e+28 9.96460e+42 1.15228e+28 9.91360e+42 
9.54772e+14 5.22067e+28 4.98455e+43 1.34053e+28 1.27990e+43 1.36045e+28 1.29892e+43 1.36061e+28 1.29907e+43 1.35170e+28 1.29056e+43 
1.05956e+15 6.10198e+28 6.46542e+43 1.57825e+28 1.67225e+43 1.59579e+28 1.69084e+43 1.58950e+28 1.68417e+43 1.57654e+28 1.67044e+43 
1.17585e+15 7.08821e+28 8.33467e+43 1.84808e+28 2.17307e+43 1.86109e+28 2.18836e+43 1.84534e+28 2.16984e+43 1.82698e+28 2.14825e+43 
1.30490e+15 8.17715e+28 1.06704e+44 2.15090e+28 2.80671e+43 2.15651e+28 2.81403e+43 2.12743e+28 2.77608e+43 2.10197e+28 2.74286e+43 
1.44812e+15 9.36071e+28 1.35554e+44 2.48621e+28 3.60032e+43 2.48077e+28 3.59245e+43 2.43349e+28 3.52398e+43 2.39887e+28 3.47384e+43 
1.60705e+15 1.06233e+29 1.70722e+44 2.85166e+28 4.58276e+43 2.83073e+28 4.54913e+43 2.75927e+28 4.43430e+43 2.71303e+28 4.35998e+43 
1.78343e+15 1.19403e+29 2.12947e+44 3.24251e+28 5.78279e+43 3.20086e+28 5.70851e+43 3.09815e+28 5.52533e+43 3.03741e+28 5.41701e+43 
1.97917e+15 1.32767e+29 2.62767e+44 3.65109e+28 7.22611e+43 3.58287e+28 7.09109e+43 3.44076e+28 6.80984e+43 3.36232e+28 6.65459e+43 
2.19639e+15 1.45865e+29 3.20376e+44 4.06638e+28 8.93135e+43 3.96541e+28 8.70957e+43 3.77493e+28 8.29120e+43 3.67529e+28 8.07235e+43 
2.43744e+15 1.58134e+29 3.85442e+44 4.47386e+28 1.09048e+44 4.33407e+28 1.05641e+44 4.08574e+28 9.95877e+43 3.96129e+28 9.65541e+43 
2.70496e+15 1.68923e+29 4.56931e+44 4.85568e+28 1.31344e+44 4.67171e+28 1.26368e+44 4.35613e+28 1.17832e+44 4.20331e+28 1.13698e+44 
3.00184e+15 1.77537e+29 5.32937e+44 5.19151e+28 1.55841e+44 4.95942e+28 1.48874e+44 4.56794e+28 1.37122e+44 4.38346e+28 1.31584e+44 
3.33129e+15 1.83292e+29 6.10601e+44 5.46007e+28 1.81891e+44 5.17800e+28 1.72494e+44 4.70350e+28 1.56687e+44 4.48463e+28 1.49396e+44 
3.69691e+15 1.85603e+29 6.86159e+44 5.64136e+28 2.08556e+44 5.31014e+28 1.96311e+44 4.74786e+28 1.75524e+44 4.49261e+28 1.66088e+44 
4.10266e+15 1.84074e+29 7.55192e+44 5.71963e+28 2.34657e+44 5.34305e+28 2.19207e+44 4.69127e+28 1.92467e+44 4.39854e+28 1.80457e+44 
4.55294e+15 1.78597e+29 8.13142e+44 5.68642e+28 2.58899e+44 5.27109e+28 2.39989e+44 4.53165e+28 2.06323e+44 4.20133e+28 1.91284e+44 
5.05263e+15 1.69427e+29 8.56050e+44 5.54313e+28 2.80074e+44 5.09798e+28 2.57582e+44 4.27647e+28 2.16074e+44 3.90944e+28 1.97530e+44 
5.60717e+15 1.57201e+29 8.81453e+44 5.30237e+28 2.97313e+44 4.83764e+28 2.71255e+44 3.94323e+28 2.21103e+44 3.54130e+28 1.98567e+44 
6.22257e+15 1.42901e+29 8.89209e+44 4.98709e+28 3.10325e+44 4.51319e+28 2.80836e+44 3.55817e+28 2.21410e+44 3.12398e+28 1.94392e+44 
6.90551e+15 1.27720e+29 8.81970e+44 4.62748e+28 3.19551e+44 4.15384e+28 2.86844e+44 3.15286e+28 2.17721e+44 2.68971e+28 1.85738e+44 
7.66341e+15 1.12881e+29 8.65050e+44 4.25593e+28 3.26150e+44 3.79017e+28 2.90456e+44 2.75919e+28 2.11448e+44 2.27089e+28 1.74028e+44 
8.50449e+15 9.94256e+28 8.45564e+44 3.90139e+28 3.31793e+44 3.44884e+28 2.93306e+44 2.40400e+28 2.04448e+44 1.89463e+28 1.61129e+44 
9.43788e+15 8.80512e+28 8.31017e+44 3.58465e+28 3.38315e+44 3.14843e+28 2.97145e+44 2.10487e+28 1.98655e+44 1.57844e+28 1.48972e+44 
1.04737e+16 7.90330e+28 8.27769e+44 3.31612e+28 3.47320e+44 2.89747e+28 3.03473e+44 1.86824e+28 1.95674e+44 1.32838e+28 1.39131e+44 
1.16232e+16 7.22623e+28 8.39921e+44 3.09640e+28 3.59902e+44 2.69528e+28 3.13278e+44 1.69054e+28 1.96496e+44 1.14020e+28 1.32528e+44 
1.28989e+16 6.73701e+28 8.69001e+44 2.91919e+28 3.76544e+44 2.53478e+28 3.26959e+44 1.56149e+28 2.01415e+44 1.00284e+28 1.29355e+44 
1.43146e+16 6.38823e+28 9.14449e+44 2.77492e+28 3.97218e+44 2.40608e+28 3.44421e+44 1.46812e+28 2.10156e+44 9.02735e+27 1.29223e+44 
1.58857e+16 6.13466e+28 9.74531e+44 2.65375e+28 4.21566e+44 2.29937e+28 3.65270e+44 1.39819e+28 2.22111e+44 8.27440e+27 1.31444e+44 
1.76291e+16 5.93966e+28 1.04711e+45 2.54725e+28 4.49059e+44 2.20638e+28 3.88966e+44 1.34190e+28 2.36565e+44 7.67485e+27 1.35301e+44 
1.95640e+16 5.77542e+28 1.12990e+45 2.44856e+28 4.79036e+44 2.12064e+28 4.14881e+44 1.29220e+28 2.52807e+44 7.16562e+27 1.40188e+44 
2.17112e+16 5.61974e+28 1.22011e+45 2.35192e+28 5.10630e+44 2.03686e+28 4.42225e+44 1.24411e+28 2.70111e+44 6.70679e+27 1.45612e+44 
2.40940e+16 5.45276e+28 1.31379e+45 2.25208e+28 5.42618e+44 1.95037e+28 4.69922e+44 1.19386e+28 2.87649e+44 6.27130e+27 1.51101e+44 
2.67384e+16 5.25550e+28 1.40524e+45 2.14401e+28 5.73273e+44 1.85676e+28 4.96469e+44 1.13833e+28 3.04370e+44 5.83802e+27 1.56099e+44 
2.96730e+16 5.01064e+28 1.48681e+45 2.02297e+28 6.00275e+44 1.75194e+28 5.19854e+44 1.07486e+28 3.18943e+44 5.38937e+27 1.59919e+44 
3.29297e+16 4.70483e+28 1.54929e+45 1.88503e+28 6.20734e+44 1.63248e+28 5.37571e+44 1.00141e+28 3.29761e+44 4.91227e+27 1.61760e+44 
3.65438e+16 4.33147e+28 1.58289e+45 1.72774e+28 6.31381e+44 1.49626e+28 5.46792e+44 9.16865e+27 3.35058e+44 4.40025e+27 1.60802e+44 
4.05546e+16 3.89284e+28 1.57872e+45 1.55097e+28 6.28992e+44 1.34318e+28 5.44723e+44 8.21457e+27 3.33139e+44 3.85521e+27 1.56346e+44 
4.50056e+16 3.40098e+28 1.53063e+45 1.35758e+28 6.10989e+44 1.17570e+28 5.29132e+44 7.17056e+27 3.22715e+44 3.28797e+27 1.47977e+44 
4.99451e+16 2.87682e+28 1.43683e+45 1.15357e+28 5.76151e+44 9.99021e+27 4.98962e+44 6.07204e+27 3.03268e+44 2.71710e+27 1.35706e+44 
5.54266e+16 2.34728e+28 1.30102e+45 9.47541e+27 5.25190e+44 8.20595e+27 4.54828e+44 4.96752e+27 2.75333e+44 2.16601e+27 1.20055e+44 
6.15099e+16 1.84101e+28 1.13240e+45 7.49417e+27 4.60966e+44 6.49014e+27 3.99208e+44 3.91123e+27 2.40579e+44 1.65881e+27 1.02033e+44 
6.82607e+16 1.38358e+28 9.44445e+44 5.68680e+27 3.88185e+44 4.92491e+27 3.36178e+44 2.95364e+27 2.01618e+44 1.21582e+27 8.29928e+43 
7.57525e+16 9.93432e+27 7.52549e+44 4.12677e+27 3.12613e+44 3.57389e+27 2.70731e+44 2.13261e+27 1.61551e+44 8.49937e+26 6.43848e+43 
8.40665e+16 6.79568e+27 5.71289e+44 2.85498e+27 2.40008e+44 2.47248e+27 2.07853e+44 1.46789e+27 1.23401e+44 5.64937e+26 4.74923e+43 
9.32930e+16 4.41615e+27 4.11996e+44 1.87703e+27 1.75114e+44 1.62556e+27 1.51653e+44 9.60291e+26 8.95884e+43 3.55998e+26 3.32122e+43 
1.03532e+17 2.71757e+27 2.81356e+44 1.16865e+27 1.20993e+44 1.01208e+27 1.04783e+44 5.95092e+26 6.16112e+43 2.12060e+26 2.19550e+43 
1.14895e+17 1.57746e+27 1.81243e+44 6.86147e+26 7.88349e+43 5.94220e+26 6.82730e+43 3.47919e+26 3.99741e+43 1.19015e+26 1.36743e+43 
1.27505e+17 8.59502e+26 1.09591e+44 3.77911e+26 4.81855e+43 3.27280e+26 4.17299e+43 1.90925e+26 2.43439e+43 6.26789e+25 7.99188e+42 
1.41499e+17 4.36847e+26 6.18135e+43 1.93984e+26 2.74486e+43 1.67995e+26 2.37712e+43 9.77083e+25 1.38256e+43 3.08123e+25 4.35992e+42 
1.57029e+17 2.05501e+26 3.22697e+43 9.20599e+25 1.44561e+43 7.97262e+25 1.25193e+43 4.62608e+25 7.26429e+42 1.40421e+25 2.20502e+42 
1.74263e+17 8.86321e+25 1.54453e+43 4.00088e+25 6.97207e+42 3.46486e+25 6.03799e+42 2.00696e+25 3.49739e+42 5.88112e+24 1.02486e+42 
1.93389e+17 3.46605e+25 6.70298e+42 1.57472e+25 3.04534e+42 1.36375e+25 2.63734e+42 7.88954e+24 1.52575e+42 2.23967e+24 4.33128e+41 
2.14614e+17 1.21350e+25 2.60435e+42 5.54307e+24 1.18962e+42 4.80044e+24 1.03024e+42 2.77487e+24 5.95525e+41 7.65888e+23 1.64370e+41 
2.38169e+17 3.75012e+24 8.93160e+41 1.72066e+24 4.09806e+41 1.49013e+24 3.54902e+41 8.60916e+23 2.05043e+41 2.31846e+23 5.52184e+40 
2.64308e+17 1.00702e+24 2.66163e+41 4.63756e+23 1.22574e+41 4.01624e+23 1.06153e+41 2.31964e+23 6.13101e+40 6.11461e+22 1.61614e+40 
2.93317e+17 2.30954e+23 6.77425e+40 1.06686e+23 3.12928e+40 9.23929e+22 2.71004e+40 5.33536e+22 1.56495e+40 1.38052e+22 4.04929e+39 
3.25509e+17 4.43897e+22 1.44492e+40 2.05578e+22 6.69176e+39 1.78036e+22 5.79523e+39 1.02799e+22 3.34621e+39 2.61724e+21 8.51935e+38 
3.61234e+17 7.00268e+21 2.52961e+39 3.25013e+21 1.17406e+39 2.81470e+21 1.01677e+39 1.62515e+21 5.87059e+38 4.07925e+20 1.47357e+38 
4.00881e+17 8.86196e+20 3.55259e+38 4.12075e+20 1.65193e+38 3.56868e+20 1.43061e+38 2.06042e+20 8.25984e+37 5.10691e+19 2.04726e+37 
4.44878e+17 8.77301e+19 3.90292e+37 4.08611e+19 1.81782e+37 3.53867e+19 1.57428e+37 2.04308e+19 9.08920e+36 5.00605e+18 2.22708e+36 
4.93705e+17 6.60863e+18 3.26271e+36 3.08265e+18 1.52192e+36 2.66965e+18 1.31802e+36 1.54133e+18 7.60963e+35 3.73622e+17 1.84459e+35 
5.47890e+17 3.67468e+17 2.01332e+35 1.71652e+17 9.40467e+34 1.48655e+17 8.14468e+34 8.58264e+16 4.70234e+34 2.05887e+16 1.12803e+34 
6.08022e+17 1.45863e+16 8.86881e+33 6.82311e+15 4.14861e+33 5.90899e+15 3.59280e+33 3.41156e+15 2.07430e+33 8.09884e+14 4.92428e+32 
6.74754e+17 3.98329e+14 2.68774e+32 1.86593e+14 1.25905e+32 1.61595e+14 1.09037e+32 9.32967e+13 6.29524e+31 2.19101e+13 1.47840e+31 
7.48810e+17 7.18292e+12 5.37865e+30 3.36980e+12 2.52334e+30 2.91834e+12 2.18528e+30 1.68490e+12 1.26167e+30 3.91169e+11 2.92912e+29 
8.30994e+17 8.17064e+10 6.78975e+28 3.83938e+10 3.19050e+28 3.32500e+10 2.76306e+28 1.91969e+10 1.59525e+28 4.40115e+09 3.65733e+27 
9.22198e+17 5.56934e+08 5.13603e+26 2.62177e+08 2.41779e+26 2.27052e+08 2.09387e+26 1.31088e+08 1.20889e+26 2.96298e+07 2.73246e+25 
1.02341e+18 2.14663e+06 2.19689e+24 1.01267e+06 1.03637e+24 8.76995e+05 8.97527e+23 5.06333e+05 5.18187e+23 1.12540e+05 1.15174e+23 
1.13573e+18 4.37988e+03 4.97437e+21 2.07162e+03 2.35281e+21 1.79408e+03 2.03759e+21 1.03581e+03 1.17640e+21 2.25412e+02 2.56008e+20 
1.26038e+18 4.38475e+00 5.52646e+18 2.08122e+00 2.62313e+18 1.80239e+00 2.27170e+18 1.04061e+00 1.31157e+18 2.20028e-01 2.77319e+17 
1.39871e+18 1.96976e-03 2.75513e+15 9.39796e-04 1.31450e+15 8.13887e-04 1.13839e+15 4.69898e-04 6.57252e+14 9.51040e-05 1.33023e+14 
1.55223e+18 3.55522e-07 5.51850e+11 1.71108e-07 2.65598e+11 1.48184e-07 2.30015e+11 8.55541e-08 1.32799e+11 1.60237e-08 2.48723e+10 
1.72259e+18 2.20649e-11 3.80087e+07 1.08135e-11 1.86273e+07 9.36480e-12 1.61317e+07 5.40677e-12 9.31363e+06 8.45477e-13 1.45641e+06 
1.91164e+18 3.40416e-16 6.50755e+02 1.77146e-16 3.38641e+02 1.53413e-16 2.93272e+02 8.85732e-17 1.69320e+02 5.12462e-18 9.79644e+00 
2.12145e+18 -7.53603e-22 -1.59873e-03 -1.45468e-22 -3.08604e-04 -1.25979e-22 -2.67259e-04 -7.27342e-23 -1.54302e-04 -2.00692e-22 -4.25759e-04 
2.35429e+18 -1.55055e-26 -3.65044e-08 -6.58220e-27 -1.54964e-08 -5.70035e-27 -1.34203e-08 -3.29110e-27 -7.74820e-09 -1.37439e-27 -3.23570e-09 
2.61268e+18 -2.08559e-32 -5.44896e-14 -9.22683e-33 -2.41067e-14 -7.99067e-33 -2.08770e-14 -4.61342e-33 -1.20534e-14 -1.56208e-33 -4.08121e-15 
2.89942e+18 -4.56302e-39 -1.32301e-20 -2.04793e-39 -5.93782e-21 -1.77356e-39 -5.14230e-21 -1.02397e-39 -2.96891e-21 -3.19369e-40 -9.25986e-22 
3.21764e+18 -1.55113e-46 -4.99097e-28 -7.01125e-47 -2.25597e-28 -6.07192e-47 -1.95373e-28 -3.50562e-47 -1.12798e-28 -1.04771e-47 -3.37117e-29 
3.57079e+18 -6.95253e-55 -2.48260e-36 -3.15619e-55 -1.12701e-36 -2.73334e-55 -9.76017e-37 -1.57809e-55 -5.63503e-37 -4.59358e-56 -1.64027e-37 
3.96269e+18 -3.21968e-64 -1.27586e-45 -1.46683e-64 -5.81259e-46 -1.27031e-64 -5.03385e-46 -7.33415e-65 -2.90629e-46 -2.08918e-65 -8.27875e-47 
4.39760e+18 -9.95009e-75 -4.37566e-56 -4.56366e-75 -2.00692e-56 -3.95225e-75 -1.73804e-56 -2.28183e-75 -1.00346e-56 -6.24546e-76 -2.74650e-57 
4.88025e+18 1.15736e-86 5.64823e-68 5.00276e-87 2.44147e-68 4.33252e-87 2.11438e-68 2.50138e-87 1.22074e-68 9.31485e-88 4.54588e-69 
5.41587e+18 2.21949e-98 1.20205e-79 9.99573e-99 5.41356e-80 8.65656e-99 4.68828e-80 4.99786e-99 2.70678e-80 1.51600e-99 8.21047e-81 
6.01028e+18 5.07044e-112 3.04747e-93 2.28825e-112 1.37530e-93 1.98169e-112 1.19105e-93 1.14413e-112 6.87652e-94 3.43216e-113 2.06282e-94 
6.66992e+18 2.49492e-127 1.66409e-108 1.12219e-127 7.48492e-109 9.71845e-128 6.48213e-109 5.61095e-128 3.74246e-109 1.71597e-128 1.14454e-109 
7.40196e+18 9.75721e-145 7.22225e-126 4.16934e-145 3.08613e-126 3.61075e-145 2.67266e-126 2.08467e-145 1.54306e-126 8.27931e-146 6.12831e-127 
8.21434e+18 -8.77138e-163 -7.20511e-144 -4.10460e-163 -3.37166e-144 -3.55469e-163 -2.91995e-144 -2.05230e-163 -1.68583e-144 -4.89444e-164 -4.02046e-145 
9.11589e+18 -6.50492e-183 -5.92981e-164 -3.01357e-183 -2.74714e-164 -2.60983e-183 -2.37909e-164 -1.50679e-183 -1.37357e-164 -3.84732e-184 -3.50717e-165 
1.01164e+19 -2.05110e-205 -2.07497e-186 -9.48750e-206 -9.59792e-187 -8.21642e-206 -8.31204e-187 -4.74375e-206 -4.79896e-187 -1.22365e-206 -1.23789e-187 
1.12267e+19 -1.98572e-230 -2.22930e-211 -9.18245e-231 -1.03088e-211 -7.95223e-231 -8.92771e-212 -4.59122e-231 -5.15442e-212 -1.18655e-231 -1.33210e-212 
1.24588e+19 -3.29565e-258 -4.10599e-239 -1.52391e-258 -1.89862e-239 -1.31975e-258 -1.64425e-239 -7.61956e-259 -9.49308e-240 -1.96980e-259 -2.45415e-240 
1.38262e+19 -4.34820e-309 -6.01191e-290 -0.00000e+00 -3.96904e-306 -0.00000e+00 -3.96904e-306 -0.00000e+00 -3.96904e-306 -6.52423e-310 -9.02054e-291 
1.53437e+19 0.00000e+00 0.00000e+00 0.00000e+00 0.00000e+00 0.00000e+00 0.00000e+00 0.00000e+00 0.00000e+00 0.00000e+00 0.00000e+00 
1.70277e+19 0.00000e+00 0.00000e+00 0.00000e+00 0.00000e+00 0.00000e+00 0.00000e+00 0.00000e+00 0.00000e+00 0.00000e+00 0.00000e+00 
1.88965e+19 0.00000e+00 0.00000e+00 0.00000e+00 0.00000e+00 0.00000e+00 0.00000e+00 0.00000e+00 0.00000e+00 0.00000e+00 0.00000e+00 
2.09705e+19 0.00000e+00 0.00000e+00 0.00000e+00 0.00000e+00 0.00000e+00 0.00000e+00 0.00000e+00 0.00000e+00 0.00000e+00 0.00000e+00 
2.32720e+19 0.00000e+00 0.00000e+00 0.00000e+00 0.00000e+00 0.00000e+00 0.00000e+00 0.00000e+00 0.00000e+00 0.00000e+00 0.00000e+00 
2.58262e+19 0.00000e+00 0.00000e+00 0.00000e+00 0.00000e+00 0.00000e+00 0.00000e+00 0.00000e+00 0.00000e+00 0.00000e+00 0.00000e+00 
2.86607e+19 0.00000e+00 0.00000e+00 0.00000e+00 0.00000e+00 0.00000e+00 0.00000e+00 0.00000e+00 0.00000e+00 0.00000e+00 0.00000e+00 
3.18063e+19 0.00000e+00 0.00000e+00 0.00000e+00 0.00000e+00 0.00000e+00 0.00000e+00 0.00000e+00 0.00000e+00 0.00000e+00 0.00000e+00 
3.52971e+19 0.00000e+00 0.00000e+00 0.00000e+00 0.00000e+00 0.00000e+00 0.00000e+00 0.00000e+00 0.00000e+00 0.00000e+00 0.00000e+00 
3.91710e+19 0.00000e+00 0.00000e+00 0.00000e+00 0.00000e+00 0.00000e+00 0.00000e+00 0.00000e+00 0.00000e+00 0.00000e+00 0.00000e+00 
4.34701e+19 0.00000e+00 0.00000e+00 0.00000e+00 0.00000e+00 0.00000e+00 0.00000e+00 0.00000e+00 0.00000e+00 0.00000e+00 0.00000e+00 
4.82411e+19 0.00000e+00 0.00000e+00 0.00000e+00 0.00000e+00 0.00000e+00 0.00000e+00 0.00000e+00 0.00000e+00 0.00000e+00 0.00000e+00 
5.35357e+19 0.00000e+00 0.00000e+00 0.00000e+00 0.00000e+00 0.00000e+00 0.00000e+00 0.00000e+00 0.00000e+00 0.00000e+00 0.00000e+00 
5.94113e+19 0.00000e+00 0.00000e+00 0.00000e+00 0.00000e+00 0.00000e+00 0.00000e+00 0.00000e+00 0.00000e+00 0.00000e+00 0.00000e+00 
6.59319e+19 0.00000e+00 0.00000e+00 0.00000e+00 0.00000e+00 0.00000e+00 0.00000e+00 0.00000e+00 0.00000e+00 0.00000e+00 0.00000e+00 
7.31681e+19 0.00000e+00 0.00000e+00 0.00000e+00 0.00000e+00 0.00000e+00 0.00000e+00 0.00000e+00 0.00000e+00 0.00000e+00 0.00000e+00 
8.11984e+19 0.00000e+00 0.00000e+00 0.00000e+00 0.00000e+00 0.00000e+00 0.00000e+00 0.00000e+00 0.00000e+00 0.00000e+00 0.00000e+00 
9.01102e+19 0.00000e+00 0.00000e+00 0.00000e+00 0.00000e+00 0.00000e+00 0.00000e+00 0.00000e+00 0.00000e+00 0.00000e+00 0.00000e+00 
1.00000e+20 0.00000e+00 0.00000e+00 0.00000e+00 0.00000e+00 0.00000e+00 0.00000e+00 0.00000e+00 0.00000e+00 0.00000e+00 0.00000e+00 
