1.00000e+11 6.17325e+20 6.17325e+31 7.96292e+19 7.96292e+30 1.06967e+20 1.06967e+31 1.47482e+20 1.47482e+31 1.73589e+20 1.73589e+31 
1.10975e+11 7.60263e+20 8.43703e+31 9.80670e+19 1.08830e+31 1.31735e+20 1.46193e+31 1.81631e+20 2.01565e+31 2.13782e+20 2.37246e+31 
1.23155e+11 9.36297e+20 1.15310e+32 1.20774e+20 1.48739e+31 1.62237e+20 1.99803e+31 2.23686e+20 2.75481e+31 2.63282e+20 3.24246e+31 
1.36672e+11 1.15309e+21 1.57595e+32 1.48739e+20 2.03283e+31 1.99802e+20 2.73073e+31 2.75479e+20 3.76502e+31 3.24243e+20 4.43149e+31 
1.51672e+11 1.42008e+21 2.15386e+32 1.83178e+20 2.77829e+31 2.46065e+20 3.73211e+31 3.39264e+20 5.14567e+31 3.99319e+20 6.05654e+31 
1.68318e+11 1.74888e+21 2.94369e+32 2.25592e+20 3.79712e+31 3.03039e+20 5.10069e+31 4.17817e+20 7.03262e+31 4.91778e+20 8.27751e+31 
1.86791e+11 2.15382e+21 4.02315e+32 2.77826e+20 5.18955e+31 3.73205e+20 6.97114e+31 5.14559e+20 9.61151e+31 6.05644e+20 1.13129e+32 
2.07292e+11 2.65252e+21 5.49846e+32 3.42154e+20 7.09259e+31 4.59617e+20 9.52749e+31 6.33699e+20 1.31361e+32 7.45874e+20 1.54614e+32 
2.30043e+11 3.26667e+21 7.51475e+32 4.21377e+20 9.69349e+31 5.66035e+20 1.30212e+32 7.80423e+20 1.79531e+32 9.18572e+20 2.11311e+32 
2.55291e+11 4.02303e+21 1.02704e+33 5.18943e+20 1.32481e+32 6.97094e+20 1.77962e+32 9.61119e+20 2.45365e+32 1.13125e+21 2.88799e+32 
2.83310e+11 4.95450e+21 1.40366e+33 6.39098e+20 1.81063e+32 8.58496e+20 2.43220e+32 1.18365e+21 3.35340e+32 1.39318e+21 3.94701e+32 
3.14404e+11 6.10162e+21 1.91837e+33 7.87074e+20 2.47459e+32 1.05727e+21 3.32408e+32 1.45770e+21 4.58308e+32 1.71574e+21 5.39436e+32 
3.48910e+11 7.51434e+21 2.62183e+33 9.69310e+20 3.38202e+32 1.30206e+21 4.54301e+32 1.79521e+21 6.26366e+32 2.11299e+21 7.37243e+32 
3.87204e+11 9.25412e+21 3.58323e+33 1.19374e+21 4.62220e+32 1.60352e+21 6.20890e+32 2.21085e+21 8.56049e+32 2.60221e+21 1.00758e+33 
4.29700e+11 1.13967e+22 4.89717e+33 1.47013e+21 6.31715e+32 1.97478e+21 8.48565e+32 2.72272e+21 1.16995e+33 3.20468e+21 1.37705e+33 
4.76861e+11 1.40353e+22 6.69289e+33 1.81051e+21 8.63361e+32 2.43199e+21 1.15972e+33 3.35309e+21 1.59896e+33 3.94664e+21 1.88200e+33 
5.29198e+11 1.72848e+22 9.14706e+33 2.22969e+21 1.17995e+33 2.99506e+21 1.58498e+33 4.12939e+21 2.18527e+33 4.86036e+21 2.57209e+33 
5.87279e+11 2.12865e+22 1.25011e+34 2.74592e+21 1.61262e+33 3.68847e+21 2.16616e+33 5.08541e+21 2.98656e+33 5.98562e+21 3.51522e+33 
6.51734e+11 2.62146e+22 1.70850e+34 3.38167e+21 2.20395e+33 4.54241e+21 2.96044e+33 6.26275e+21 4.08165e+33 7.37136e+21 4.80417e+33 
7.23263e+11 3.22836e+22 2.33495e+34 4.16460e+21 3.01210e+33 5.59403e+21 4.04596e+33 7.71263e+21 5.57826e+33 9.07789e+21 6.56571e+33 
8.02643e+11 3.97574e+22 3.19110e+34 5.12878e+21 4.11658e+33 6.88909e+21 5.52949e+33 9.49813e+21 7.62361e+33 1.11795e+22 8.97312e+33 
8.90735e+11 4.89612e+22 4.36115e+34 6.31616e+21 5.62603e+33 8.48394e+21 7.55695e+33 1.16969e+22 1.04189e+34 1.37675e+22 1.22632e+34 
9.88496e+11 6.02955e+22 5.96019e+34 7.77841e+21 7.68893e+33 1.04480e+22 1.03278e+34 1.44047e+22 1.42390e+34 1.69546e+22 1.67595e+34 
1.09699e+12 7.42532e+22 8.14547e+34 9.57915e+21 1.05082e+34 1.28666e+22 1.41145e+34 1.77392e+22 1.94596e+34 2.08793e+22 2.29043e+34 
1.21738e+12 9.14415e+22 1.11319e+35 1.17967e+22 1.43611e+34 1.58450e+22 1.92894e+34 2.18455e+22 2.65943e+34 2.57124e+22 3.13019e+34 
1.35099e+12 1.12608e+23 1.52133e+35 1.45276e+22 1.96267e+34 1.95128e+22 2.63617e+34 2.69021e+22 3.63445e+34 3.16641e+22 4.27780e+34 
1.49927e+12 1.38673e+23 2.07908e+35 1.78906e+22 2.68228e+34 2.40294e+22 3.60266e+34 3.31289e+22 4.96691e+34 3.89932e+22 5.84613e+34 
1.66382e+12 1.70770e+23 2.84129e+35 2.20319e+22 3.66571e+34 2.95913e+22 4.92346e+34 4.07967e+22 6.78782e+34 4.80183e+22 7.98937e+34 
1.84642e+12 2.10294e+23 3.88291e+35 2.71317e+22 5.00967e+34 3.64403e+22 6.72843e+34 5.02388e+22 9.27621e+34 5.91318e+22 1.09182e+35 
2.04907e+12 2.58963e+23 5.30635e+35 3.34118e+22 6.84633e+34 4.48741e+22 9.19504e+34 6.18656e+22 1.26767e+35 7.28167e+22 1.49207e+35 
2.27397e+12 3.18893e+23 7.25151e+35 4.11452e+22 9.35628e+34 5.52593e+22 1.25658e+35 7.61824e+22 1.73236e+35 8.96677e+22 2.03901e+35 
2.52354e+12 3.92687e+23 9.90962e+35 5.06681e+22 1.27863e+35 6.80472e+22 1.71720e+35 9.38113e+22 2.36736e+35 1.10417e+23 2.78642e+35 
2.80050e+12 4.83552e+23 1.35419e+36 6.23944e+22 1.74736e+35 8.37935e+22 2.34664e+35 1.15518e+23 3.23509e+35 1.35966e+23 3.80774e+35 
3.10787e+12 5.95435e+23 1.85053e+36 7.68339e+22 2.38789e+35 1.03182e+23 3.20676e+35 1.42245e+23 4.42079e+35 1.67424e+23 5.20333e+35 
3.44896e+12 7.33192e+23 2.52875e+36 9.46138e+22 3.26320e+35 1.27055e+23 4.38208e+35 1.75154e+23 6.04098e+35 2.06158e+23 7.11031e+35 
3.82749e+12 9.02805e+23 3.45548e+36 1.16507e+23 4.45929e+35 1.56449e+23 5.98807e+35 2.15671e+23 8.25481e+35 2.53848e+23 9.71601e+35 
4.24757e+12 1.11163e+24 4.72175e+36 1.43463e+23 6.09371e+35 1.92639e+23 8.18249e+35 2.65557e+23 1.12797e+36 3.12563e+23 1.32763e+36 
4.71375e+12 1.36874e+24 6.45190e+36 1.76654e+23 8.32706e+35 2.37197e+23 1.11809e+36 3.26973e+23 1.54127e+36 3.84851e+23 1.81409e+36 
5.23110e+12 1.68527e+24 8.81580e+36 2.17521e+23 1.13787e+36 2.92054e+23 1.52776e+36 4.02584e+23 2.10596e+36 4.73846e+23 2.47873e+36 
5.80523e+12 2.07494e+24 1.20455e+37 2.67835e+23 1.55485e+36 3.59589e+23 2.08749e+36 4.95667e+23 2.87746e+36 5.83404e+23 3.38679e+36 
6.44236e+12 2.55464e+24 1.64579e+37 3.29781e+23 2.12457e+36 4.42728e+23 2.85222e+36 6.10252e+23 3.93147e+36 7.18271e+23 4.62736e+36 
7.14943e+12 3.14514e+24 2.24860e+37 4.06045e+23 2.90299e+36 5.45074e+23 3.89697e+36 7.51302e+23 5.37138e+36 8.84287e+23 6.32215e+36 
7.93410e+12 3.87199e+24 3.07208e+37 4.99931e+23 3.96650e+36 6.71056e+23 5.32422e+36 9.24918e+23 7.33839e+36 1.08863e+24 8.63732e+36 
8.80488e+12 4.76664e+24 4.19697e+37 6.15509e+23 5.41948e+36 8.26125e+23 7.27393e+36 1.13861e+24 1.00253e+37 1.34015e+24 1.17998e+37 
9.77124e+12 5.86773e+24 5.73350e+37 7.57781e+23 7.40446e+36 1.01699e+24 9.93721e+36 1.40160e+24 1.36954e+37 1.64969e+24 1.61195e+37 
1.08437e+13 7.22282e+24 7.83218e+37 9.32905e+23 1.01161e+37 1.25188e+24 1.35750e+37 1.72526e+24 1.87081e+37 2.03063e+24 2.20194e+37 
1.20338e+13 8.89037e+24 1.06985e+38 1.14845e+24 1.38203e+37 1.54095e+24 1.85435e+37 2.12353e+24 2.55541e+37 2.49939e+24 3.00771e+37 
1.33545e+13 1.09422e+25 1.46128e+38 1.41375e+24 1.88799e+37 1.89667e+24 2.53291e+37 2.61358e+24 3.49030e+37 3.07617e+24 4.10808e+37 
1.48202e+13 1.34668e+25 1.99581e+38 1.74023e+24 2.57906e+37 2.33435e+24 3.45955e+37 3.21649e+24 4.76690e+37 3.78579e+24 5.61062e+37 
1.64468e+13 1.65725e+25 2.72565e+38 2.14200e+24 3.52289e+37 2.87282e+24 4.72486e+37 3.95818e+24 6.50992e+37 4.65874e+24 7.66212e+37 
1.82518e+13 2.03929e+25 3.72207e+38 2.63636e+24 4.81183e+37 3.53523e+24 6.45245e+37 4.87047e+24 8.88951e+37 5.73250e+24 1.04629e+38 
2.02550e+13 2.50916e+25 5.08230e+38 3.24459e+24 6.57193e+37 4.35001e+24 8.81094e+37 5.99247e+24 1.21378e+38 7.05305e+24 1.42860e+38 
2.24781e+13 3.08697e+25 6.93891e+38 3.99286e+24 8.97517e+37 5.35204e+24 1.20304e+38 7.37216e+24 1.65712e+38 8.67690e+24 1.95040e+38 
2.49451e+13 3.79742e+25 9.47269e+38 4.91328e+24 1.22562e+38 6.58420e+24 1.64244e+38 9.06843e+24 2.26213e+38 1.06734e+25 2.66248e+38 
2.76829e+13 4.67078e+25 1.29301e+39 6.04531e+24 1.67352e+38 8.09907e+24 2.24206e+38 1.11536e+25 3.08762e+38 1.31275e+25 3.63405e+38 
3.07211e+13 5.74421e+25 1.76469e+39 7.43741e+24 2.28486e+38 9.96116e+24 3.06018e+38 1.37161e+25 4.21375e+38 1.61435e+25 4.95946e+38 
3.40929e+13 7.06323e+25 2.40806e+39 9.14903e+24 3.11917e+38 1.22496e+25 4.17623e+38 1.68648e+25 5.74968e+38 1.98492e+25 6.76716e+38 
3.78346e+13 8.68364e+25 3.28542e+39 1.12531e+25 4.25758e+38 1.50613e+25 5.69838e+38 2.07325e+25 7.84405e+38 2.44013e+25 9.23212e+38 
4.19871e+13 1.06738e+26 4.48160e+39 1.38392e+25 5.81068e+38 1.85150e+25 7.77392e+38 2.54821e+25 1.06992e+39 2.99913e+25 1.25924e+39 
4.65953e+13 1.31172e+26 6.11199e+39 1.70169e+25 7.92908e+38 2.27562e+25 1.06033e+39 3.13130e+25 1.45904e+39 3.68537e+25 1.71721e+39 
5.17092e+13 1.61162e+26 8.33354e+39 2.09207e+25 1.08179e+39 2.79627e+25 1.44593e+39 3.84688e+25 1.98919e+39 4.52753e+25 2.34115e+39 
5.73844e+13 1.97956e+26 1.13596e+40 2.57150e+25 1.47564e+39 3.43519e+25 1.97126e+39 4.72470e+25 2.71124e+39 5.56062e+25 3.19093e+39 
6.36825e+13 2.43080e+26 1.54800e+40 3.16014e+25 2.01245e+39 4.21894e+25 2.68673e+39 5.80108e+25 3.69427e+39 6.82738e+25 4.34785e+39 
7.06718e+13 2.98394e+26 2.10881e+40 3.88259e+25 2.74390e+39 5.17993e+25 3.66075e+39 7.12029e+25 5.03204e+39 8.37990e+25 5.92223e+39 
7.84282e+13 3.66164e+26 2.87176e+40 4.76895e+25 3.74020e+39 6.35767e+25 4.98621e+39 8.73625e+25 6.85169e+39 1.02816e+26 8.06369e+39 
8.70359e+13 4.49146e+26 3.90918e+40 5.85594e+25 5.09677e+39 7.80025e+25 6.78902e+39 1.07145e+26 9.32549e+39 1.26097e+26 1.09749e+40 
9.65883e+13 5.50689e+26 5.31901e+40 7.18836e+25 6.94312e+39 9.56617e+25 9.23980e+39 1.31347e+26 1.26866e+40 1.54578e+26 1.49304e+40 
1.07189e+14 6.74857e+26 7.23374e+40 8.82076e+25 9.45490e+39 1.17264e+26 1.25695e+40 1.60934e+26 1.72504e+40 1.89394e+26 2.03010e+40 
1.18953e+14 8.26570e+26 9.83233e+40 1.08195e+26 1.28702e+40 1.43671e+26 1.70902e+40 1.97074e+26 2.34426e+40 2.31920e+26 2.75877e+40 
1.32009e+14 1.01177e+27 1.33563e+41 1.32653e+26 1.75113e+40 1.75925e+26 2.32236e+40 2.41176e+26 3.18374e+40 2.83816e+26 3.74662e+40 
1.46497e+14 1.23764e+27 1.81310e+41 1.62558e+26 2.38143e+40 2.15281e+26 3.15381e+40 2.94942e+26 4.32082e+40 3.47079e+26 5.08461e+40 
1.62576e+14 1.51278e+27 2.45942e+41 1.99096e+26 3.23681e+40 2.63256e+26 4.27991e+40 3.60413e+26 5.85943e+40 4.24111e+26 6.89502e+40 
1.80419e+14 1.84755e+27 3.33333e+41 2.43697e+26 4.39674e+40 3.21670e+26 5.80353e+40 4.40034e+26 7.93904e+40 5.17790e+26 9.34190e+40 
2.00220e+14 2.25431e+27 4.51358e+41 2.98085e+26 5.96826e+40 3.92702e+26 7.86269e+40 5.36728e+26 1.07464e+41 6.31549e+26 1.26449e+41 
2.22195e+14 2.74777e+27 6.10540e+41 3.64336e+26 8.09535e+40 4.78955e+26 1.06421e+41 6.53968e+26 1.45308e+41 7.69470e+26 1.70972e+41 
2.46581e+14 3.34540e+27 8.24913e+41 4.44935e+26 1.09713e+41 5.83522e+26 1.43886e+41 7.95866e+26 1.96245e+41 9.36389e+26 2.30896e+41 
2.73644e+14 4.06780e+27 1.11313e+42 5.42855e+26 1.48549e+41 7.10067e+26 1.94306e+41 9.67267e+26 2.64687e+41 1.13800e+27 3.11406e+41 
3.03677e+14 4.93915e+27 1.49991e+42 6.61632e+26 2.00922e+41 8.62903e+26 2.62044e+41 1.17385e+27 3.56470e+41 1.38096e+27 4.19365e+41 
3.37006e+14 5.98765e+27 2.01788e+42 8.05459e+26 2.71445e+41 1.04708e+27 3.52874e+41 1.42221e+27 4.79292e+41 1.67302e+27 5.63819e+41 
3.73994e+14 7.24594e+27 2.70994e+42 9.79281e+26 3.66245e+41 1.26848e+27 4.74405e+41 1.71996e+27 6.43255e+41 2.02313e+27 7.56637e+41 
4.15040e+14 8.75145e+27 3.63221e+42 1.18890e+27 4.93440e+41 1.53389e+27 6.36626e+41 2.07582e+27 8.61551e+41 2.44149e+27 1.01332e+42 
4.60592e+14 1.05467e+28 4.85773e+42 1.44106e+27 6.63740e+41 1.85105e+27 8.52581e+41 2.49965e+27 1.15132e+42 2.93966e+27 1.35398e+42 
5.11143e+14 1.26794e+28 6.48099e+42 1.74357e+27 8.91214e+41 2.22876e+27 1.13921e+42 3.00243e+27 1.53467e+42 3.53050e+27 1.80459e+42 
5.67243e+14 1.52022e+28 8.62333e+42 2.10537e+27 1.19426e+42 2.67680e+27 1.51840e+42 3.59625e+27 2.03995e+42 4.22813e+27 2.39837e+42 
6.29499e+14 1.81723e+28 1.14394e+43 2.53658e+27 1.59677e+42 3.20597e+27 2.01816e+42 4.29413e+27 2.70315e+42 5.04773e+27 3.17754e+42 
6.98588e+14 2.16502e+28 1.51246e+43 3.04850e+27 2.12965e+42 3.82791e+27 2.67414e+42 5.10973e+27 3.56960e+42 6.00519e+27 4.19515e+42 
7.75260e+14 2.56983e+28 1.99228e+43 3.65357e+27 2.83246e+42 4.55489e+27 3.53122e+42 6.05694e+27 4.69570e+42 7.11660e+27 5.51721e+42 
8.60346e+14 3.03780e+28 2.61356e+43 4.36516e+27 3.75555e+42 5.39941e+27 4.64537e+42 7.14922e+27 6.15081e+42 8.39745e+27 7.22471e+42 
9.54772e+14 3.57464e+28 3.41297e+43 5.19730e+27 4.96223e+42 6.37374e+27 6.08546e+42 8.39878e+27 8.01891e+42 9.86159e+27 9.41556e+42 
1.05956e+15 4.18517e+28 4.43444e+43 6.16413e+27 6.53127e+42 7.48909e+27 7.93514e+42 9.81536e+27 1.04000e+43 1.15199e+28 1.22060e+43 
1.17585e+15 4.87266e+28 5.72952e+43 7.27920e+27 8.55924e+42 8.75471e+27 1.02942e+43 1.14049e+28 1.34104e+43 1.33784e+28 1.57310e+43 
1.30490e+15 5.63817e+28 7.35726e+43 8.55437e+27 1.11626e+43 1.01766e+28 1.32795e+43 1.31677e+28 1.71826e+43 1.54365e+28 2.01431e+43 
1.44812e+15 6.47965e+28 9.38329e+43 9.99846e+27 1.44790e+43 1.17562e+28 1.70244e+43 1.50967e+28 2.18618e+43 1.76843e+28 2.56090e+43 
1.60705e+15 7.39098e+28 1.18777e+44 1.16154e+28 1.86665e+43 1.34883e+28 2.16764e+43 1.71750e+28 2.76011e+43 2.01003e+28 3.23023e+43 
1.78343e+15 8.36101e+28 1.49113e+44 1.34018e+28 2.39012e+43 1.53594e+28 2.73924e+43 1.93739e+28 3.45520e+43 2.26487e+28 4.03924e+43 
1.97917e+15 9.37258e+28 1.85499e+44 1.53449e+28 3.03701e+43 1.73454e+28 3.43295e+43 2.16506e+28 4.28502e+43 2.52769e+28 5.00272e+43 
2.19639e+15 1.04017e+29 2.28461e+44 1.74188e+28 3.82585e+43 1.94098e+28 4.26315e+43 2.39470e+28 5.25968e+43 2.79140e+28 6.13100e+43 
2.43744e+15 1.14171e+29 2.78285e+44 1.95826e+28 4.77316e+43 2.15019e+28 5.24096e+43 2.61881e+28 6.38321e+43 3.04698e+28 7.42685e+43 
2.70496e+15 1.23803e+29 3.34881e+44 2.17774e+28 5.89071e+43 2.35555e+28 6.37166e+43 2.82831e+28 7.65047e+43 3.28356e+28 8.88189e+43 
3.00184e+15 1.32464e+29 3.97634e+44 2.39255e+28 7.18203e+43 2.54897e+28 7.65159e+43 3.01273e+28 9.04373e+43 3.48873e+28 1.04726e+44 
3.33129e+15 1.39662e+29 4.65254e+44 2.59311e+28 8.63841e+43 2.72108e+28 9.06472e+43 3.16071e+28 1.05292e+44 3.64919e+28 1.21565e+44 
3.69691e+15 1.44894e+29 5.35660e+44 2.76848e+28 1.02348e+44 2.86172e+28 1.05795e+44 3.26076e+28 1.20547e+44 3.75166e+28 1.38696e+44 
4.10266e+15 1.47693e+29 6.05932e+44 2.90710e+28 1.19268e+44 2.96073e+28 1.21468e+44 3.30242e+28 1.35487e+44 3.78423e+28 1.55254e+44 
4.55294e+15 1.47687e+29 6.72410e+44 2.99804e+28 1.36499e+44 3.00910e+28 1.37002e+44 3.27764e+28 1.49229e+44 3.73802e+28 1.70189e+44 
5.05263e+15 1.44669e+29 7.30958e+44 3.03254e+28 1.53223e+44 3.00038e+28 1.51598e+44 3.18236e+28 1.60793e+44 3.60886e+28 1.82342e+44 
5.60717e+15 1.38653e+29 7.77451e+44 3.00569e+28 1.68534e+44 2.93207e+28 1.64406e+44 3.01798e+28 1.69223e+44 3.39896e+28 1.90586e+44 
6.22257e+15 1.29922e+29 8.08451e+44 2.91801e+28 1.81575e+44 2.80691e+28 1.74662e+44 2.79230e+28 1.73753e+44 3.11782e+28 1.94009e+44 
6.90551e+15 1.19032e+29 8.21974e+44 2.77623e+28 1.91713e+44 2.63345e+28 1.81854e+44 2.51965e+28 1.73995e+44 2.78217e+28 1.92123e+44 
7.66341e+15 1.06763e+29 8.18168e+44 2.59322e+28 1.98729e+44 2.42564e+28 1.85887e+44 2.21967e+28 1.70103e+44 2.41447e+28 1.85030e+44 
8.50449e+15 9.40293e+28 7.99671e+44 2.38650e+28 2.02959e+44 2.20131e+28 1.87210e+44 1.91496e+28 1.62858e+44 2.04010e+28 1.73500e+44 
9.43788e+15 8.17423e+28 7.71474e+44 2.17577e+28 2.05346e+44 1.97964e+28 1.86836e+44 1.62770e+28 1.53620e+44 1.68358e+28 1.58894e+44 
1.04737e+16 7.06735e+28 7.40214e+44 1.97984e+28 2.07363e+44 1.77823e+28 1.86247e+44 1.37621e+28 1.44140e+44 1.36484e+28 1.42950e+44 
1.16232e+16 6.13483e+28 7.13064e+44 1.81377e+28 2.10818e+44 1.61046e+28 1.87187e+44 1.17232e+28 1.36262e+44 1.09647e+28 1.27445e+44 
1.28989e+16 5.39980e+28 6.96515e+44 1.68686e+28 2.17586e+44 1.48381e+28 1.91396e+44 1.02027e+28 1.31604e+44 8.82797e+27 1.13871e+44 
1.43146e+16 4.85803e+28 6.95407e+44 1.60201e+28 2.29321e+44 1.39960e+28 2.00346e+44 9.17342e+27 1.31314e+44 7.20905e+27 1.03195e+44 
1.58857e+16 4.48482e+28 7.12443e+44 1.55628e+28 2.47224e+44 1.35370e+28 2.15044e+44 8.55777e+27 1.35946e+44 6.02995e+27 9.57896e+43 
1.76291e+16 4.24375e+28 7.48136e+44 1.54212e+28 2.71862e+44 1.33811e+28 2.35897e+44 8.25196e+27 1.45475e+44 5.19145e+27 9.15208e+43 
1.95640e+16 4.09436e+28 8.01020e+44 1.54900e+28 3.03046e+44 1.34249e+28 2.62645e+44 8.14664e+27 1.59381e+44 4.59571e+27 8.99105e+43 
2.17112e+16 3.99724e+28 8.67849e+44 1.56486e+28 3.39749e+44 1.35556e+28 2.94308e+44 8.14024e+27 1.76734e+44 4.15921e+27 9.03013e+43 
2.40940e+16 3.91669e+28 9.43688e+44 1.57738e+28 3.80054e+44 1.36616e+28 3.29162e+44 8.14525e+27 1.96252e+44 3.81681e+27 9.19623e+43 
2.67384e+16 3.82206e+28 1.02196e+45 1.57513e+28 4.21165e+44 1.36413e+28 3.64747e+44 8.09024e+27 2.16320e+44 3.52057e+27 9.41346e+43 
2.96730e+16 3.68894e+28 1.09462e+45 1.54862e+28 4.59521e+44 1.34115e+28 3.97959e+44 7.92083e+27 2.35035e+44 3.23698e+27 9.60510e+43 
3.29297e+16 3.50031e+28 1.15264e+45 1.49123e+28 4.91057e+44 1.29144e+28 4.25268e+44 7.60116e+27 2.50304e+44 2.94451e+27 9.69619e+43 
3.65438e+16 3.24792e+28 1.18691e+45 1.40006e+28 5.11635e+44 1.21249e+28 4.43089e+44 7.11583e+27 2.60040e+44 2.63212e+27 9.61879e+43 
4.05546e+16 2.93306e+28 1.18949e+45 1.27641e+28 5.17644e+44 1.10541e+28 4.48293e+44 6.47130e+27 2.62441e+44 2.29812e+27 9.31992e+43 
4.50056e+16 2.56660e+28 1.15511e+45 1.12580e+28 5.06672e+44 9.74970e+27 4.38791e+44 5.69540e+27 2.56325e+44 1.94884e+27 8.77088e+43 
4.99451e+16 2.16752e+28 1.08257e+45 9.57309e+27 4.78129e+44 8.29054e+27 4.14072e+44 4.83386e+27 2.41428e+44 1.59685e+27 7.97550e+43 
5.54266e+16 1.76003e+28 9.75525e+44 7.82287e+27 4.33596e+44 6.77481e+27 3.75505e+44 3.94349e+27 2.18575e+44 1.25822e+27 6.97388e+43 
6.15099e+16 1.36949e+28 8.42371e+44 6.12499e+27 3.76747e+44 5.30440e+27 3.26273e+44 3.08300e+27 1.89635e+44 9.49219e+26 5.83863e+43 
6.82607e+16 1.01803e+28 6.94917e+44 4.58218e+27 3.12783e+44 3.96828e+27 2.70878e+44 2.30337e+27 1.57230e+44 6.83034e+26 4.66244e+43 
7.57525e+16 7.21028e+27 5.46197e+44 3.26700e+27 2.47483e+44 2.82930e+27 2.14327e+44 1.64033e+27 1.24259e+44 4.67289e+26 3.53983e+43 
8.40665e+16 4.85340e+27 4.08008e+44 2.21438e+27 1.86155e+44 1.91771e+27 1.61215e+44 1.11068e+27 9.33712e+43 3.03143e+26 2.54842e+43 
9.32930e+16 3.09715e+27 2.88943e+44 1.42312e+27 1.32767e+44 1.23245e+27 1.14979e+44 7.13184e+26 6.65351e+43 1.86070e+26 1.73590e+43 
1.03532e+17 1.86843e+27 1.93443e+44 8.64547e+26 8.95084e+43 7.48719e+26 7.75166e+43 4.32954e+26 4.48247e+43 1.07841e+26 1.11651e+43 
1.14895e+17 1.06177e+27 1.21992e+44 4.94561e+26 5.68227e+43 4.28303e+26 4.92099e+43 2.47534e+26 2.84404e+43 5.88760e+25 6.76457e+42 
1.27505e+17 5.65635e+26 7.21213e+43 2.65057e+26 3.37961e+43 2.29546e+26 2.92683e+43 1.32610e+26 1.69085e+43 3.01761e+25 3.84761e+42 
1.41499e+17 2.80680e+26 3.97159e+43 1.32217e+26 1.87086e+43 1.14503e+26 1.62021e+43 6.61313e+25 9.35753e+42 1.44466e+25 2.04418e+42 
1.57029e+17 1.28672e+26 2.02052e+43 6.08785e+25 9.55969e+42 5.27223e+25 8.27894e+42 3.04445e+25 4.78068e+42 6.41375e+24 1.00714e+42 
1.74263e+17 5.39468e+25 9.40095e+42 2.56149e+25 4.46374e+42 2.21832e+25 3.86572e+42 1.28084e+25 2.23204e+42 2.61547e+24 4.55781e+41 
1.93389e+17 2.04400e+25 3.95287e+42 9.73274e+24 1.88221e+42 8.42880e+24 1.63004e+42 4.86650e+24 9.41129e+41 9.68128e+23 1.87226e+41 
2.14614e+17 6.90379e+24 1.48165e+42 3.29458e+24 7.07062e+41 2.85319e+24 6.12334e+41 1.64730e+24 3.53533e+41 3.20783e+23 6.88446e+40 
2.38169e+17 2.04690e+24 4.87506e+41 9.78467e+23 2.33040e+41 8.47378e+23 2.01819e+41 4.89233e+23 1.16520e+41 9.36506e+22 2.23046e+40 
2.64308e+17 5.23675e+23 1.38411e+41 2.50654e+23 6.62500e+40 2.17073e+23 5.73742e+40 1.25327e+23 3.31249e+40 2.36682e+22 6.25570e+39 
2.93317e+17 1.13440e+23 3.32737e+40 5.43505e+22 1.59419e+40 4.70689e+22 1.38061e+40 2.71752e+22 7.97093e+39 5.07841e+21 1.48958e+39 
3.25509e+17 2.03791e+22 6.63357e+39 9.77108e+21 3.18057e+39 8.46201e+21 2.75446e+39 4.88553e+21 1.59028e+39 9.05634e+20 2.94792e+38 
3.61234e+17 2.96801e+21 1.07215e+39 1.42385e+21 5.14342e+38 1.23309e+21 4.45434e+38 7.11923e+20 2.57171e+38 1.31151e+20 4.73761e+37 
4.00881e+17 3.41876e+20 1.37052e+38 1.64077e+20 6.57755e+37 1.42095e+20 5.69632e+37 8.20387e+19 3.28877e+37 1.50400e+19 6.02924e+36 
4.44878e+17 3.03178e+19 1.34877e+37 1.45553e+19 6.47532e+36 1.26052e+19 5.60779e+36 7.27764e+18 3.23766e+36 1.32900e+18 5.91242e+35 
4.93705e+17 2.00998e+18 9.92339e+35 9.65231e+17 4.76539e+35 8.35915e+17 4.12695e+35 4.82616e+17 2.38270e+35 8.78432e+16 4.33686e+34 
5.47890e+17 9.64706e+16 5.28553e+34 4.63377e+16 2.53880e+34 4.01296e+16 2.19866e+34 2.31689e+16 1.26940e+34 4.20477e+15 2.30375e+33 
6.08022e+17 3.23581e+15 1.96745e+33 1.55459e+15 9.45223e+32 1.34631e+15 8.18587e+32 7.77294e+14 4.72612e+32 1.40682e+14 8.55378e+31 
6.74754e+17 7.29598e+13 4.92300e+31 3.50592e+13 2.36564e+31 3.03622e+13 2.04870e+31 1.75296e+13 1.18282e+31 3.16432e+12 2.13514e+30 
7.48810e+17 1.05939e+12 7.93285e+29 5.09166e+11 3.81269e+29 4.40951e+11 3.30189e+29 2.54583e+11 1.90635e+29 4.58362e+10 3.43226e+28 
8.30994e+17 9.44645e+09 7.84995e+27 4.54099e+09 3.77354e+27 3.93261e+09 3.26798e+27 2.27050e+09 1.88677e+27 4.07752e+08 3.38840e+26 
9.22198e+17 4.90740e+07 4.52559e+25 2.35940e+07 2.17584e+25 2.04330e+07 1.88433e+25 1.17970e+07 1.08792e+25 2.11358e+06 1.94914e+24 
1.02341e+18 1.40114e+05 1.43395e+23 6.73718e+04 6.89491e+22 5.83457e+04 5.97117e+22 3.36860e+04 3.44746e+22 6.02385e+03 6.16487e+21 
1.13573e+18 2.06180e+02 2.34166e+20 9.91352e+01 1.12591e+20 8.58536e+01 9.75068e+19 4.95678e+01 5.62958e+19 8.85837e+00 1.00607e+19 
1.26038e+18 1.45813e-01 1.83781e+17 7.00818e-02 8.83299e+16 6.06926e-02 7.64959e+16 3.50411e-02 4.41652e+16 6.27978e-03 7.91493e+15 
1.39871e+18 4.60790e-05 6.44513e+13 2.21156e-05 3.09334e+13 1.91527e-05 2.67891e+13 1.10579e-05 1.54669e+13 2.00631e-06 2.80625e+12 
1.55223e+18 6.09495e-09 9.46074e+09 2.91265e-09 4.52108e+09 2.52243e-09 3.91537e+09 1.45634e-09 2.26057e+09 2.74821e-10 4.26585e+08 
1.72259e+18 3.29153e-13 5.66994e+05 1.55394e-13 2.67679e+05 1.34575e-13 2.31817e+05 7.76987e-14 1.33843e+05 1.62977e-14 2.80741e+04 
1.91164e+18 7.80826e-18 1.49266e+01 3.59288e-18 6.86831e+00 3.11153e-18 5.94813e+00 1.79649e-18 3.43426e+00 4.58940e-19 8.77330e-01 
2.12145e+18 8.89921e-23 1.88793e-04 3.98147e-23 8.44649e-05 3.44805e-23 7.31487e-05 1.99078e-23 4.22335e-05 6.11453e-24 1.29717e-05 
2.35429e+18 4.10029e-28 9.65326e-10 1.81014e-28 4.26159e-10 1.56763e-28 3.69064e-10 9.05083e-29 2.13082e-10 3.00838e-29 7.08258e-11 
2.61268e+18 5.54712e-34 1.44928e-15 2.44076e-34 6.37691e-16 2.11376e-34 5.52256e-16 1.22039e-34 3.18848e-16 4.13496e-35 1.08033e-16 
2.89942e+18 1.72453e-40 5.00014e-22 7.58439e-41 2.19904e-22 6.56827e-41 1.90442e-22 3.79221e-41 1.09952e-22 1.28870e-41 3.73648e-23 
3.21764e+18 1.01541e-47 3.26724e-29 4.46586e-48 1.43695e-29 3.86755e-48 1.24444e-29 2.23293e-48 7.18478e-30 7.58827e-49 2.44163e-30 
3.57079e+18 9.35669e-56 3.34107e-37 4.11541e-56 1.46952e-37 3.56405e-56 1.27264e-37 2.05770e-56 7.34762e-38 6.99089e-57 2.49630e-38 
3.96269e+18 1.09776e-64 4.35008e-46 4.82856e-65 1.91341e-46 4.18165e-65 1.65706e-46 2.41428e-65 9.56704e-47 8.20073e-66 3.24969e-47 
4.39760e+18 1.30597e-74 5.74313e-56 5.74452e-75 2.52621e-56 4.97490e-75 2.18776e-56 2.87226e-75 1.26311e-56 9.75527e-76 4.28998e-57 
4.88025e+18 1.22434e-85 5.97509e-67 5.38555e-86 2.62829e-67 4.66403e-86 2.27616e-67 2.69278e-86 1.31414e-67 9.14510e-87 4.46304e-68 
5.41587e+18 6.83985e-98 3.70437e-79 3.00869e-98 1.62947e-79 2.60560e-98 1.41116e-79 1.50435e-98 8.14734e-80 5.10882e-99 2.76687e-80 
6.01028e+18 1.67021e-111 1.00384e-92 7.34689e-112 4.41568e-93 6.36259e-112 3.82409e-93 3.67344e-112 2.20784e-93 1.24749e-112 7.49779e-94 
6.66992e+18 1.26409e-126 8.43140e-108 5.56049e-127 3.70880e-108 4.81553e-127 3.21192e-108 2.78024e-127 1.85440e-108 9.44156e-128 6.29744e-109 
7.40196e+18 2.02505e-143 1.49893e-124 8.90779e-144 6.59351e-125 7.71437e-144 5.71015e-125 4.45389e-144 3.29675e-125 1.51251e-144 1.11955e-125 
8.21434e+18 4.49729e-162 3.69423e-143 1.97827e-162 1.62502e-143 1.71323e-162 1.40731e-143 9.89136e-163 8.12511e-144 3.35901e-163 2.75921e-144 
9.11589e+18 8.65732e-183 7.89192e-164 3.80820e-183 3.47151e-164 3.29799e-183 3.00642e-164 1.90410e-183 1.73575e-164 6.46610e-184 5.89442e-165 
1.01164e+19 8.57857e-206 8.67841e-187 3.77356e-206 3.81748e-187 3.26800e-206 3.30603e-187 1.88678e-206 1.90874e-187 6.40726e-207 6.48183e-188 
1.12267e+19 2.45410e-231 2.75513e-212 1.07951e-231 1.21194e-212 9.34886e-232 1.04957e-212 5.39757e-232 6.05968e-213 1.83294e-232 2.05778e-213 
1.24588e+19 1.06683e-259 1.32915e-240 4.69282e-260 5.84670e-241 4.06410e-260 5.06339e-241 2.34641e-260 2.92335e-241 7.96803e-261 9.92723e-242 
1.38262e+19 0.00000e+00 3.39870e-305 0.00000e+00 1.69935e-305 0.00000e+00 1.13290e-305 0.00000e+00 5.66450e-306 0.00000e+00 0.00000e+00 
1.53437e+19 0.00000e+00 0.00000e+00 0.00000e+00 0.00000e+00 0.00000e+00 0.00000e+00 0.00000e+00 0.00000e+00 0.00000e+00 0.00000e+00 
1.70277e+19 0.00000e+00 0.00000e+00 0.00000e+00 0.00000e+00 0.00000e+00 0.00000e+00 0.00000e+00 0.00000e+00 0.00000e+00 0.00000e+00 
1.88965e+19 0.00000e+00 0.00000e+00 0.00000e+00 0.00000e+00 0.00000e+00 0.00000e+00 0.00000e+00 0.00000e+00 0.00000e+00 0.00000e+00 
2.09705e+19 0.00000e+00 0.00000e+00 0.00000e+00 0.00000e+00 0.00000e+00 0.00000e+00 0.00000e+00 0.00000e+00 0.00000e+00 0.00000e+00 
2.32720e+19 0.00000e+00 0.00000e+00 0.00000e+00 0.00000e+00 0.00000e+00 0.00000e+00 0.00000e+00 0.00000e+00 0.00000e+00 0.00000e+00 
2.58262e+19 0.00000e+00 0.00000e+00 0.00000e+00 0.00000e+00 0.00000e+00 0.00000e+00 0.00000e+00 0.00000e+00 0.00000e+00 0.00000e+00 
2.86607e+19 0.00000e+00 0.00000e+00 0.00000e+00 0.00000e+00 0.00000e+00 0.00000e+00 0.00000e+00 0.00000e+00 0.00000e+00 0.00000e+00 
3.18063e+19 0.00000e+00 0.00000e+00 0.00000e+00 0.00000e+00 0.00000e+00 0.00000e+00 0.00000e+00 0.00000e+00 0.00000e+00 0.00000e+00 
3.52971e+19 0.00000e+00 0.00000e+00 0.00000e+00 0.00000e+00 0.00000e+00 0.00000e+00 0.00000e+00 0.00000e+00 0.00000e+00 0.00000e+00 
3.91710e+19 0.00000e+00 0.00000e+00 0.00000e+00 0.00000e+00 0.00000e+00 0.00000e+00 0.00000e+00 0.00000e+00 0.00000e+00 0.00000e+00 
4.34701e+19 0.00000e+00 0.00000e+00 0.00000e+00 0.00000e+00 0.00000e+00 0.00000e+00 0.00000e+00 0.00000e+00 0.00000e+00 0.00000e+00 
4.82411e+19 0.00000e+00 0.00000e+00 0.00000e+00 0.00000e+00 0.00000e+00 0.00000e+00 0.00000e+00 0.00000e+00 0.00000e+00 0.00000e+00 
5.35357e+19 0.00000e+00 0.00000e+00 0.00000e+00 0.00000e+00 0.00000e+00 0.00000e+00 0.00000e+00 0.00000e+00 0.00000e+00 0.00000e+00 
5.94113e+19 0.00000e+00 0.00000e+00 0.00000e+00 0.00000e+00 0.00000e+00 0.00000e+00 0.00000e+00 0.00000e+00 0.00000e+00 0.00000e+00 
6.59319e+19 0.00000e+00 0.00000e+00 0.00000e+00 0.00000e+00 0.00000e+00 0.00000e+00 0.00000e+00 0.00000e+00 0.00000e+00 0.00000e+00 
7.31681e+19 0.00000e+00 0.00000e+00 0.00000e+00 0.00000e+00 0.00000e+00 0.00000e+00 0.00000e+00 0.00000e+00 0.00000e+00 0.00000e+00 
8.11984e+19 0.00000e+00 0.00000e+00 0.00000e+00 0.00000e+00 0.00000e+00 0.00000e+00 0.00000e+00 0.00000e+00 0.00000e+00 0.00000e+00 
9.01102e+19 0.00000e+00 0.00000e+00 0.00000e+00 0.00000e+00 0.00000e+00 0.00000e+00 0.00000e+00 0.00000e+00 0.00000e+00 0.00000e+00 
1.00000e+20 0.00000e+00 0.00000e+00 0.00000e+00 0.00000e+00 0.00000e+00 0.00000e+00 0.00000e+00 0.00000e+00 0.00000e+00 0.00000e+00 
