1.00000e+11 7.18132e+20 7.18132e+31 1.46481e+20 1.46481e+31 1.60670e+20 1.60670e+31 1.86199e+20 1.86199e+31 1.96151e+20 1.96151e+31 
1.10975e+11 8.84411e+20 9.81478e+31 1.80398e+20 2.00197e+31 1.97872e+20 2.19589e+31 2.29312e+20 2.54480e+31 2.41568e+20 2.68081e+31 
1.23155e+11 1.08919e+21 1.34139e+32 2.22168e+20 2.73611e+31 2.43688e+20 3.00115e+31 2.82408e+20 3.47799e+31 2.97502e+20 3.66388e+31 
1.36672e+11 1.34138e+21 1.83329e+32 2.73609e+20 3.73946e+31 3.00113e+20 4.10169e+31 3.47797e+20 4.75340e+31 3.66386e+20 5.00745e+31 
1.51672e+11 1.65197e+21 2.50557e+32 3.36961e+20 5.11074e+31 3.69601e+20 5.60580e+31 4.28326e+20 6.49649e+31 4.51219e+20 6.84371e+31 
1.68318e+11 2.03446e+21 3.42437e+32 4.14981e+20 6.98488e+31 4.55179e+20 7.66148e+31 5.27500e+20 8.87878e+31 5.55693e+20 9.35332e+31 
1.86791e+11 2.50552e+21 4.68009e+32 5.11066e+20 9.54628e+31 5.60570e+20 1.04710e+32 6.49636e+20 1.21346e+32 6.84357e+20 1.27832e+32 
2.07292e+11 3.08564e+21 6.39629e+32 6.29398e+20 1.30469e+32 6.90364e+20 1.43107e+32 8.00051e+20 1.65844e+32 8.42811e+20 1.74708e+32 
2.30043e+11 3.80007e+21 8.74180e+32 7.75128e+20 1.78313e+32 8.50208e+20 1.95584e+32 9.85291e+20 2.26659e+32 1.03795e+21 2.38773e+32 
2.55291e+11 4.67992e+21 1.19474e+33 9.54598e+20 2.43700e+32 1.04706e+21 2.67305e+32 1.21342e+21 3.09775e+32 1.27827e+21 3.26331e+32 
2.83310e+11 5.76347e+21 1.63285e+33 1.17562e+21 3.33065e+32 1.28949e+21 3.65325e+32 1.49436e+21 4.23368e+32 1.57423e+21 4.45994e+32 
3.14404e+11 7.09788e+21 2.23160e+33 1.44782e+21 4.55199e+32 1.58805e+21 4.99288e+32 1.84035e+21 5.78613e+32 1.93871e+21 6.09537e+32 
3.48910e+11 8.74124e+21 3.04991e+33 1.78303e+21 6.22118e+32 1.95573e+21 6.82374e+32 2.26644e+21 7.90785e+32 2.38757e+21 8.33048e+32 
3.87204e+11 1.07651e+22 4.16827e+33 2.19586e+21 8.50244e+32 2.40853e+21 9.32593e+32 2.79118e+21 1.08076e+33 2.94035e+21 1.13852e+33 
4.29700e+11 1.32574e+22 5.69671e+33 2.70426e+21 1.16202e+33 2.96617e+21 1.27456e+33 3.43740e+21 1.47705e+33 3.62110e+21 1.55599e+33 
4.76861e+11 1.63267e+22 7.78559e+33 3.33036e+21 1.58812e+33 3.65290e+21 1.74193e+33 4.23322e+21 2.01866e+33 4.45945e+21 2.12654e+33 
5.29198e+11 2.01066e+22 1.06404e+34 4.10141e+21 2.17046e+33 4.49861e+21 2.38066e+33 5.21328e+21 2.75886e+33 5.49188e+21 2.90629e+33 
5.87279e+11 2.47616e+22 1.45419e+34 5.05096e+21 2.96632e+33 5.54011e+21 3.25359e+33 6.42021e+21 3.77045e+33 6.76330e+21 3.97194e+33 
6.51734e+11 3.04940e+22 1.98740e+34 6.22033e+21 4.05400e+33 6.82271e+21 4.44659e+33 7.90653e+21 5.15296e+33 8.32905e+21 5.42832e+33 
7.23263e+11 3.75535e+22 2.71611e+34 7.66040e+21 5.54049e+33 8.40221e+21 6.07701e+33 9.73691e+21 7.04235e+33 1.02572e+22 7.41868e+33 
8.02643e+11 4.62470e+22 3.71199e+34 9.43384e+21 7.57201e+33 1.03473e+22 8.30522e+33 1.19910e+22 9.62448e+33 1.26317e+22 1.01388e+34 
8.90735e+11 5.69528e+22 5.07299e+34 1.16178e+22 1.03484e+34 1.27427e+22 1.13504e+34 1.47668e+22 1.31533e+34 1.55558e+22 1.38561e+34 
9.88496e+11 7.01365e+22 6.93297e+34 1.43073e+22 1.41427e+34 1.56925e+22 1.55120e+34 1.81851e+22 1.79758e+34 1.91567e+22 1.89363e+34 
1.09699e+12 8.63716e+22 9.47484e+34 1.76193e+22 1.93281e+34 1.93251e+22 2.11994e+34 2.23945e+22 2.45664e+34 2.35910e+22 2.58790e+34 
1.21738e+12 1.06364e+23 1.29486e+35 2.16978e+22 2.64146e+34 2.37984e+22 2.89718e+34 2.75781e+22 3.35731e+34 2.90516e+22 3.53669e+34 
1.35099e+12 1.30983e+23 1.76957e+35 2.67204e+22 3.60990e+34 2.93070e+22 3.95936e+34 3.39613e+22 4.58815e+34 3.57757e+22 4.83328e+34 
1.49927e+12 1.61299e+23 2.41831e+35 3.29053e+22 4.93339e+34 3.60904e+22 5.41092e+34 4.18217e+22 6.27019e+34 4.40559e+22 6.60517e+34 
1.66382e+12 1.98631e+23 3.30485e+35 4.05215e+22 6.74204e+34 4.44435e+22 7.39459e+34 5.15008e+22 8.56879e+34 5.42520e+22 9.02655e+34 
1.84642e+12 2.44599e+23 4.51634e+35 4.99002e+22 9.21370e+34 5.47295e+22 1.01054e+35 6.34195e+22 1.17099e+35 6.68072e+22 1.23354e+35 
2.04907e+12 3.01203e+23 6.17188e+35 6.14490e+22 1.25914e+35 6.73953e+22 1.38098e+35 7.80956e+22 1.60024e+35 8.22670e+22 1.68571e+35 
2.27397e+12 3.70901e+23 8.43417e+35 7.56699e+22 1.72071e+35 8.29915e+22 1.88720e+35 9.61667e+22 2.18680e+35 1.01303e+23 2.30360e+35 
2.52354e+12 4.56722e+23 1.15256e+36 9.31809e+22 2.35146e+35 1.02195e+23 2.57894e+35 1.18418e+23 2.98832e+35 1.24742e+23 3.14792e+35 
2.80050e+12 5.62391e+23 1.57498e+36 1.14743e+23 3.21337e+35 1.25842e+23 3.52420e+35 1.45815e+23 4.08356e+35 1.53602e+23 4.30163e+35 
3.10787e+12 6.92497e+23 2.15219e+36 1.41292e+23 4.39116e+35 1.54957e+23 4.81584e+35 1.79549e+23 5.58013e+35 1.89136e+23 5.87808e+35 
3.44896e+12 8.52687e+23 2.94089e+36 1.73981e+23 6.00055e+35 1.90804e+23 6.58077e+35 2.21081e+23 7.62502e+35 2.32885e+23 8.03212e+35 
3.82749e+12 1.04991e+24 4.01853e+36 2.14230e+23 8.19965e+35 2.34941e+23 8.99236e+35 2.72216e+23 1.04191e+36 2.86748e+23 1.09753e+36 
4.24757e+12 1.29272e+24 5.49093e+36 2.63785e+23 1.12045e+36 2.89281e+23 1.22874e+36 3.35170e+23 1.42366e+36 3.53060e+23 1.49965e+36 
4.71375e+12 1.59165e+24 7.50264e+36 3.24797e+23 1.53101e+36 3.56182e+23 1.67895e+36 4.12673e+23 1.94524e+36 4.34697e+23 2.04905e+36 
5.23110e+12 1.95964e+24 1.02511e+37 3.99911e+23 2.09197e+36 4.38543e+23 2.29406e+36 5.08083e+23 2.65783e+36 5.35194e+23 2.79965e+36 
5.80523e+12 2.41265e+24 1.40060e+37 4.92383e+23 2.85839e+36 5.39934e+23 3.13444e+36 6.25531e+23 3.63135e+36 6.58903e+23 3.82508e+36 
6.44236e+12 2.97027e+24 1.91355e+37 6.06220e+23 3.90549e+36 6.64745e+23 4.28253e+36 7.70103e+23 4.96128e+36 8.11179e+23 5.22591e+36 
7.14943e+12 3.65662e+24 2.61428e+37 7.46353e+23 5.33600e+36 8.18379e+23 5.85094e+36 9.48051e+23 6.77802e+36 9.98606e+23 7.13946e+36 
7.93410e+12 4.50139e+24 3.57145e+37 9.18846e+23 7.29022e+36 1.00748e+24 7.99346e+36 1.16707e+24 9.25962e+36 1.22929e+24 9.75327e+36 
8.80488e+12 5.54106e+24 4.87884e+37 1.13116e+24 9.95975e+36 1.24023e+24 1.09201e+37 1.43661e+24 1.26492e+37 1.51318e+24 1.33234e+37 
9.77124e+12 6.82051e+24 6.66448e+37 1.39248e+24 1.36062e+37 1.52667e+24 1.49174e+37 1.76832e+24 1.72786e+37 1.86253e+24 1.81992e+37 
1.08437e+13 8.39489e+24 9.10313e+37 1.71408e+24 1.85869e+37 1.87916e+24 2.03770e+37 2.17648e+24 2.36010e+37 2.29240e+24 2.48580e+37 
1.20338e+13 1.03320e+25 1.24333e+38 2.10984e+24 2.53893e+37 2.31291e+24 2.78331e+37 2.67869e+24 3.22347e+37 2.82130e+24 3.39509e+37 
1.33545e+13 1.27153e+25 1.69806e+38 2.59683e+24 3.46794e+37 2.84660e+24 3.80149e+37 3.29653e+24 4.40236e+37 3.47197e+24 4.63664e+37 
1.48202e+13 1.56470e+25 2.31891e+38 3.19601e+24 4.73655e+37 3.50317e+24 5.19177e+37 4.05656e+24 6.01190e+37 4.27234e+24 6.33169e+37 
1.64468e+13 1.92529e+25 3.16649e+38 3.93316e+24 6.46878e+37 4.31083e+24 7.08993e+37 4.99137e+24 8.20919e+37 5.25673e+24 8.64562e+37 
1.82518e+13 2.36876e+25 4.32343e+38 4.83995e+24 8.83379e+37 5.30424e+24 9.68120e+37 6.14099e+24 1.12084e+38 6.46728e+24 1.18040e+38 
2.02550e+13 2.91407e+25 5.90244e+38 5.95525e+24 1.20624e+38 6.52591e+24 1.32183e+38 7.55457e+24 1.53018e+38 7.95570e+24 1.61143e+38 
2.24781e+13 3.58447e+25 8.05718e+38 7.32684e+24 1.64693e+38 8.02809e+24 1.80456e+38 9.29241e+24 2.08875e+38 9.78545e+24 2.19958e+38 
2.49451e+13 4.40851e+25 1.09971e+39 9.01333e+24 2.24838e+38 9.87484e+24 2.46329e+38 1.14285e+25 2.85084e+38 1.20343e+25 3.00198e+38 
2.76829e+13 5.42119e+25 1.50074e+39 1.10867e+25 3.06911e+38 1.21448e+25 3.36202e+38 1.40534e+25 3.89039e+38 1.47978e+25 4.09645e+38 
3.07211e+13 6.66539e+25 2.04768e+39 1.36351e+25 4.18884e+38 1.49342e+25 4.58796e+38 1.72784e+25 5.30812e+38 1.81927e+25 5.58900e+38 
3.40929e+13 8.19365e+25 2.79345e+39 1.67667e+25 5.71625e+38 1.83613e+25 6.25990e+38 2.12395e+25 7.24116e+38 2.23621e+25 7.62389e+38 
3.78346e+13 1.00703e+26 3.81004e+39 2.06141e+25 7.79929e+38 2.25707e+25 8.53952e+38 2.61034e+25 9.87612e+38 2.74813e+25 1.03975e+39 
4.19871e+13 1.23739e+26 5.19543e+39 2.53397e+25 1.06394e+39 2.77393e+25 1.16469e+39 3.20737e+25 1.34668e+39 3.37645e+25 1.41767e+39 
4.65953e+13 1.52006e+26 7.08278e+39 3.11422e+25 1.45108e+39 3.40837e+25 1.58814e+39 3.93995e+25 1.83583e+39 4.14732e+25 1.93246e+39 
5.17092e+13 1.86680e+26 9.65305e+39 3.82645e+25 1.97863e+39 4.18686e+25 2.16499e+39 4.83849e+25 2.50195e+39 5.09272e+25 2.63340e+39 
5.73844e+13 2.29191e+26 1.31520e+40 4.70037e+25 2.69728e+39 5.14170e+25 2.95053e+39 5.94009e+25 3.40868e+39 6.25159e+25 3.58744e+39 
6.36825e+13 2.81286e+26 1.79130e+40 5.77224e+25 3.67591e+39 6.31231e+25 4.01984e+39 7.28994e+25 4.64241e+39 7.67141e+25 4.88535e+39 
7.06718e+13 3.45090e+26 2.43881e+40 7.08632e+25 5.00803e+39 7.74674e+25 5.47476e+39 8.94307e+25 6.32023e+39 9.40992e+25 6.65016e+39 
7.84282e+13 4.23187e+26 3.31898e+40 8.69649e+25 6.82050e+39 9.50345e+25 7.45339e+39 1.09663e+26 8.60070e+39 1.15373e+26 9.04849e+39 
8.70359e+13 5.18712e+26 4.51465e+40 1.06684e+26 9.28532e+39 1.16535e+26 1.01427e+40 1.34409e+26 1.16984e+40 1.41386e+26 1.23057e+40 
9.65883e+13 6.35464e+26 6.13784e+40 1.30817e+26 1.26354e+40 1.42831e+26 1.37958e+40 1.64651e+26 1.59033e+40 1.73169e+26 1.67261e+40 
1.07189e+14 7.78039e+26 8.33973e+40 1.60332e+26 1.71859e+40 1.74968e+26 1.87546e+40 2.01577e+26 2.16068e+40 2.11966e+26 2.27205e+40 
1.18953e+14 9.51982e+26 1.13241e+41 1.96402e+26 2.33627e+40 2.14208e+26 2.54808e+40 2.46621e+26 2.93365e+40 2.59279e+26 3.08421e+40 
1.32009e+14 1.16397e+27 1.53654e+41 2.40443e+26 3.17406e+40 2.62076e+26 3.45964e+40 3.01510e+26 3.98020e+40 3.16912e+26 4.18352e+40 
1.46497e+14 1.42201e+27 2.08320e+41 2.94164e+26 4.30942e+40 3.20406e+26 4.69385e+40 3.68312e+26 5.39567e+40 3.87027e+26 5.66984e+40 
1.62576e+14 1.73569e+27 2.82180e+41 3.59623e+26 5.84659e+40 3.91397e+26 6.36317e+40 4.49505e+26 7.30786e+40 4.72210e+26 7.67699e+40 
1.80419e+14 2.11644e+27 3.81844e+41 4.39287e+26 7.92555e+40 4.77684e+26 8.61831e+40 5.48040e+26 9.88766e+40 5.75536e+26 1.03837e+41 
2.00220e+14 2.57782e+27 5.16132e+41 5.36108e+26 1.07340e+41 5.82404e+26 1.16609e+41 6.67416e+26 1.33630e+41 7.00649e+26 1.40284e+41 
2.22195e+14 3.13588e+27 6.96776e+41 6.53604e+26 1.45227e+41 7.09280e+26 1.57598e+41 8.11770e+26 1.80371e+41 8.51846e+26 1.89276e+41 
2.46581e+14 3.80945e+27 9.39338e+41 7.95948e+26 1.96266e+41 8.62711e+26 2.12728e+41 9.85955e+26 2.43118e+41 1.03416e+27 2.55004e+41 
2.73644e+14 4.62051e+27 1.26438e+42 9.68069e+26 2.64906e+41 1.04786e+27 2.86741e+41 1.19563e+27 3.27178e+41 1.25345e+27 3.42998e+41 
3.03677e+14 5.59455e+27 1.69894e+42 1.17575e+27 3.57049e+41 1.27077e+27 3.85902e+41 1.44736e+27 4.39529e+41 1.51647e+27 4.60516e+41 
3.37006e+14 6.76083e+27 2.27844e+42 1.42575e+27 4.80488e+41 1.53840e+27 5.18452e+41 1.74864e+27 5.89304e+41 1.83095e+27 6.17041e+41 
3.73994e+14 8.15257e+27 3.04901e+42 1.72589e+27 6.45470e+41 1.85879e+27 6.95177e+41 2.10802e+27 7.88387e+41 2.20562e+27 8.24887e+41 
4.15040e+14 9.80706e+27 4.07032e+42 2.08512e+27 8.65410e+41 2.24104e+27 9.30124e+41 2.53504e+27 1.05214e+42 2.65019e+27 1.09994e+42 
4.60592e+14 1.17654e+28 5.41907e+42 2.51365e+27 1.15777e+42 2.69537e+27 1.24147e+42 3.04022e+27 1.40030e+42 3.17531e+27 1.46252e+42 
5.11143e+14 1.40722e+28 7.19292e+42 3.02287e+27 1.54512e+42 3.23307e+27 1.65256e+42 3.63490e+27 1.85795e+42 3.79233e+27 1.93843e+42 
5.67243e+14 1.67744e+28 9.51513e+42 3.62541e+27 2.05649e+42 3.86636e+27 2.19317e+42 4.33102e+27 2.45674e+42 4.51306e+27 2.56000e+42 
6.29499e+14 1.99197e+28 1.25394e+43 4.33488e+27 2.72880e+42 4.60818e+27 2.90084e+42 5.14067e+27 3.23605e+42 5.34923e+27 3.36734e+42 
6.98588e+14 2.35546e+28 1.64549e+43 5.16567e+27 3.60867e+42 5.47174e+27 3.82249e+42 6.07551e+27 4.24428e+42 6.31183e+27 4.40937e+42 
7.75260e+14 2.77207e+28 2.14907e+43 6.13247e+27 4.75425e+42 6.47000e+27 5.01593e+42 7.14590e+27 5.53993e+42 7.41013e+27 5.74477e+42 
8.60346e+14 3.24506e+28 2.79188e+43 7.24958e+27 6.23715e+42 7.61475e+27 6.55132e+42 8.35976e+27 7.19229e+42 8.65037e+27 7.44232e+42 
9.54772e+14 3.77623e+28 3.60543e+43 8.53000e+27 8.14420e+42 8.91560e+27 8.51237e+42 9.72114e+27 9.28147e+42 1.00342e+28 9.58040e+42 
1.05956e+15 4.36522e+28 4.62522e+43 9.98411e+27 1.05788e+43 1.03785e+28 1.09967e+43 1.12285e+28 1.18973e+43 1.15569e+28 1.22452e+43 
1.17585e+15 5.00880e+28 5.88959e+43 1.16182e+28 1.36612e+43 1.20043e+28 1.41152e+43 1.28728e+28 1.51364e+43 1.32049e+28 1.55269e+43 
1.30490e+15 5.69996e+28 7.43789e+43 1.34324e+28 1.75279e+43 1.37863e+28 1.79898e+43 1.46351e+28 1.90974e+43 1.49539e+28 1.95134e+43 
1.44812e+15 6.42721e+28 9.30736e+43 1.54187e+28 2.23281e+43 1.57092e+28 2.27488e+43 1.64853e+28 2.38727e+43 1.67669e+28 2.42804e+43 
1.60705e+15 7.17393e+28 1.15289e+44 1.75588e+28 2.82179e+43 1.77465e+28 2.85195e+43 1.83800e+28 2.95376e+43 1.85923e+28 2.98789e+43 
1.78343e+15 7.91810e+28 1.41214e+44 1.98217e+28 3.53507e+43 1.98592e+28 3.54175e+43 2.02621e+28 3.61361e+43 2.03644e+28 3.63185e+43 
1.97917e+15 8.63260e+28 1.70854e+44 2.21626e+28 4.38635e+43 2.19958e+28 4.35333e+43 2.20620e+28 4.36643e+43 2.20039e+28 4.35493e+43 
2.19639e+15 9.28628e+28 2.03962e+44 2.45221e+28 5.38600e+43 2.40925e+28 5.29164e+43 2.36999e+28 5.20540e+43 2.34220e+28 5.14438e+43 
2.43744e+15 9.84591e+28 2.39989e+44 2.68277e+28 6.53909e+43 2.60761e+28 6.35589e+43 2.50914e+28 6.11589e+43 2.45269e+28 5.97829e+43 
2.70496e+15 1.02792e+29 2.78049e+44 2.89970e+28 7.84357e+43 2.78686e+28 7.53834e+43 2.61553e+28 7.07491e+43 2.52323e+28 6.82523e+43 
3.00184e+15 1.05589e+29 3.16959e+44 3.09441e+28 9.28890e+43 2.93944e+28 8.82373e+43 2.68230e+28 8.05182e+43 2.54691e+28 7.64539e+43 
3.33129e+15 1.06665e+29 3.55331e+44 3.25884e+28 1.08561e+44 3.05893e+28 1.01902e+44 2.70498e+28 9.01108e+43 2.51971e+28 8.39391e+43 
3.69691e+15 1.05971e+29 3.91765e+44 3.38658e+28 1.25199e+44 3.14104e+28 1.16121e+44 2.68252e+28 9.91705e+43 2.44163e+28 9.02651e+43 
4.10266e+15 1.03620e+29 4.25116e+44 3.47405e+28 1.42529e+44 3.18455e+28 1.30651e+44 2.61803e+28 1.07409e+44 2.31732e+28 9.50718e+43 
4.55294e+15 9.98936e+28 4.54809e+44 3.52148e+28 1.60331e+44 3.19196e+28 1.45328e+44 2.51895e+28 1.14686e+44 2.15612e+28 9.81668e+43 
5.05263e+15 9.52242e+28 4.81133e+44 3.53338e+28 1.78528e+44 3.16958e+28 1.60147e+44 2.39647e+28 1.21085e+44 1.97124e+28 9.95997e+43 
5.60717e+15 9.01400e+28 5.05430e+44 3.51823e+28 1.97273e+44 3.12692e+28 1.75332e+44 2.26420e+28 1.26958e+44 1.77810e+28 9.97012e+43 
6.22257e+15 8.51902e+28 5.30102e+44 3.48731e+28 2.17000e+44 3.07526e+28 1.91360e+44 2.13611e+28 1.32921e+44 1.59207e+28 9.90675e+43 
6.90551e+15 8.08594e+28 5.58376e+44 3.45257e+28 2.38418e+44 3.02573e+28 2.08942e+44 2.02430e+28 1.39788e+44 1.42614e+28 9.84820e+43 
7.66341e+15 7.74935e+28 5.93865e+44 3.42430e+28 2.62418e+44 2.98716e+28 2.28918e+44 1.93707e+28 1.48446e+44 1.28908e+28 9.87873e+43 
8.50449e+15 7.52544e+28 6.40000e+44 3.40889e+28 2.89909e+44 2.96440e+28 2.52107e+44 1.87776e+28 1.59694e+44 1.18451e+28 1.00737e+44 
9.43788e+15 7.41129e+28 6.99468e+44 3.40748e+28 3.21594e+44 2.95740e+28 2.79116e+44 1.84464e+28 1.74095e+44 1.11112e+28 1.04866e+44 
1.04737e+16 7.38785e+28 7.73782e+44 3.41586e+28 3.57767e+44 2.96138e+28 3.10166e+44 1.83186e+28 1.91864e+44 1.06377e+28 1.11417e+44 
1.16232e+16 7.42521e+28 8.63048e+44 3.42553e+28 3.98158e+44 2.96806e+28 3.44984e+44 1.83097e+28 2.12818e+44 1.03518e+28 1.20321e+44 
1.28989e+16 7.48868e+28 9.65957e+44 3.42578e+28 4.41888e+44 2.96745e+28 3.82769e+44 1.83274e+28 2.36403e+44 1.01748e+28 1.31243e+44 
1.43146e+16 7.54413e+28 1.07991e+45 3.40583e+28 4.87531e+44 2.94980e+28 4.22252e+44 1.82860e+28 2.61757e+44 1.00353e+28 1.43651e+44 
1.58857e+16 7.56174e+28 1.20123e+45 3.35683e+28 5.33254e+44 2.90720e+28 4.61828e+44 1.81174e+28 2.87807e+44 9.87597e+27 1.56886e+44 
1.76291e+16 7.51801e+28 1.32536e+45 3.27297e+28 5.76997e+44 2.83452e+28 4.99701e+44 1.77750e+28 3.13357e+44 9.65600e+27 1.70227e+44 
1.95640e+16 7.39633e+28 1.44702e+45 3.15192e+28 6.16641e+44 2.72966e+28 5.34030e+44 1.72337e+28 3.37160e+44 9.35014e+27 1.82926e+44 
2.17112e+16 7.18674e+28 1.56033e+45 2.99451e+28 6.50144e+44 2.59333e+28 5.63042e+44 1.64876e+28 3.57966e+44 8.94614e+27 1.94231e+44 
2.40940e+16 6.88524e+28 1.65893e+45 2.80416e+28 6.75635e+44 2.42847e+28 5.85117e+44 1.55459e+28 3.74563e+44 8.44186e+27 2.03399e+44 
2.67384e+16 6.49328e+28 1.73620e+45 2.58611e+28 6.91485e+44 2.23964e+28 5.98843e+44 1.44294e+28 3.85818e+44 7.84286e+27 2.09706e+44 
2.96730e+16 6.01731e+28 1.78552e+45 2.34679e+28 6.96365e+44 2.03238e+28 6.03069e+44 1.31676e+28 3.90723e+44 7.16068e+27 2.12479e+44 
3.29297e+16 5.46867e+28 1.80082e+45 2.09324e+28 6.89299e+44 1.81280e+28 5.96950e+44 1.17969e+28 3.88469e+44 6.41191e+27 2.11142e+44 
3.65438e+16 4.86331e+28 1.77724e+45 1.83265e+28 6.69722e+44 1.58713e+28 5.79996e+44 1.03581e+28 3.78526e+44 5.61752e+27 2.05286e+44 
4.05546e+16 4.22149e+28 1.71201e+45 1.57209e+28 6.37554e+44 1.36147e+28 5.52138e+44 8.89504e+27 3.60735e+44 4.80232e+27 1.94756e+44 
4.50056e+16 3.56677e+28 1.60524e+45 1.31830e+28 5.93307e+44 1.14168e+28 5.13819e+44 7.45255e+27 3.35406e+44 3.99389e+27 1.79747e+44 
4.99451e+16 2.92446e+28 1.46062e+45 1.07762e+28 5.38216e+44 9.33243e+27 4.66109e+44 6.07457e+27 3.03395e+44 3.22069e+27 1.60857e+44 
5.54266e+16 2.31937e+28 1.28555e+45 8.55813e+27 4.74348e+44 7.41156e+27 4.10798e+44 4.80146e+27 2.66129e+44 2.50948e+27 1.39092e+44 
6.15099e+16 1.77315e+28 1.09066e+45 6.57811e+27 4.04619e+44 5.69681e+27 3.50410e+44 3.66699e+27 2.25556e+44 1.88230e+27 1.15780e+44 
6.82607e+16 1.30193e+28 8.88707e+44 4.87319e+27 3.32647e+44 4.22030e+27 2.88081e+44 2.69540e+27 1.83990e+44 1.35386e+27 9.24158e+43 
7.57525e+16 9.14640e+27 6.92863e+44 3.46410e+27 2.62415e+44 3.00000e+27 2.27258e+44 1.89895e+27 1.43850e+44 9.30016e+26 7.04511e+43 
8.40665e+16 6.12424e+27 5.14844e+44 2.35220e+27 1.97741e+44 2.03706e+27 1.71249e+44 1.27685e+27 1.07341e+44 6.07638e+26 5.10820e+43 
9.32930e+16 3.89345e+27 3.63231e+44 1.51894e+27 1.41706e+44 1.31544e+27 1.22721e+44 8.16017e+26 7.61287e+43 3.76075e+26 3.50852e+43 
1.03532e+17 2.34157e+27 2.42428e+44 9.28874e+26 9.61683e+43 8.04428e+26 8.32842e+43 4.93708e+26 5.11147e+43 2.19649e+26 2.27407e+43 
1.14895e+17 1.32760e+27 1.52535e+44 5.35766e+26 6.15569e+43 4.63987e+26 5.33098e+43 2.81732e+26 3.23697e+43 1.20654e+26 1.38625e+43 
1.27505e+17 7.07161e+26 9.01666e+43 2.90291e+26 3.70136e+43 2.51399e+26 3.20547e+43 1.51075e+26 1.92628e+43 6.21479e+25 7.92418e+42 
1.41499e+17 3.52498e+26 4.98782e+43 1.47075e+26 2.08109e+43 1.27370e+26 1.80228e+43 7.58097e+25 1.07270e+43 2.99322e+25 4.23537e+42 
1.57029e+17 1.63590e+26 2.56884e+43 6.92734e+25 1.08779e+43 5.99925e+25 9.42057e+42 3.54073e+25 5.55997e+42 1.34311e+25 2.10907e+42 
1.74263e+17 7.01787e+25 1.22296e+43 3.00997e+25 5.24527e+42 2.60671e+25 4.54254e+42 1.52783e+25 2.66245e+42 5.58438e+24 9.73152e+41 
1.93389e+17 2.75575e+25 5.32933e+42 1.19437e+25 2.30978e+42 1.03435e+25 2.00033e+42 6.03035e+24 1.16620e+42 2.13344e+24 4.12585e+41 
2.14614e+17 9.78161e+24 2.09927e+42 4.27425e+24 9.17315e+41 3.70161e+24 7.94418e+41 2.14992e+24 4.61403e+41 7.40087e+23 1.58833e+41 
2.38169e+17 3.09199e+24 7.36415e+41 1.35952e+24 3.23794e+41 1.17738e+24 2.80414e+41 6.82123e+23 1.62460e+41 2.29643e+23 5.46937e+40 
2.64308e+17 8.56003e+23 2.26249e+41 3.78145e+23 9.99468e+40 3.27483e+23 8.65565e+40 1.89439e+23 5.00703e+40 6.26382e+22 1.65558e+40 
2.93317e+17 2.03855e+23 5.97940e+40 9.03805e+22 2.65101e+40 7.82718e+22 2.29584e+40 4.52376e+22 1.32689e+40 1.47380e+22 4.32291e+39 
3.25509e+17 4.09728e+22 1.33370e+40 1.82185e+22 5.93028e+39 1.57777e+22 5.13578e+39 9.11434e+21 2.96680e+39 2.93231e+21 9.54491e+38 
3.61234e+17 6.81062e+21 2.46023e+39 3.03574e+21 1.09661e+39 2.62903e+21 9.49696e+38 1.51832e+21 5.48470e+38 4.83136e+20 1.74525e+38 
4.00881e+17 9.15967e+20 3.67194e+38 4.09149e+20 1.64020e+38 3.54333e+20 1.42045e+38 2.04607e+20 8.20230e+37 6.44683e+19 2.58441e+37 
4.44878e+17 9.73094e+19 4.32908e+37 4.35484e+19 1.93738e+37 3.77140e+19 1.67782e+37 2.17761e+19 9.68770e+36 6.80045e+18 3.02537e+36 
4.93705e+17 7.95191e+18 3.92589e+36 3.56463e+18 1.75988e+36 3.08706e+18 1.52410e+36 1.78240e+18 8.79977e+35 5.52165e+17 2.72607e+35 
5.47890e+17 4.85272e+17 2.65875e+35 2.17857e+17 1.19362e+35 1.88670e+17 1.03370e+35 1.08931e+17 5.96822e+34 3.35024e+16 1.83557e+34 
6.08022e+17 2.13985e+16 1.30108e+34 9.61918e+15 5.84868e+33 8.33045e+15 5.06510e+33 4.80964e+15 2.92437e+33 1.46971e+15 8.93614e+32 
6.74754e+17 6.57269e+14 4.43495e+32 2.95800e+14 1.99592e+32 2.56170e+14 1.72852e+32 1.47901e+14 9.97965e+31 4.49349e+13 3.03200e+31 
7.48810e+17 1.35014e+13 1.01100e+31 6.08239e+12 4.55456e+30 5.26750e+12 3.94436e+30 3.04120e+12 2.27728e+30 9.19233e+11 6.88331e+29 
8.30994e+17 1.77292e+11 1.47328e+29 7.99417e+10 6.64311e+28 6.92315e+10 5.75310e+28 3.99709e+10 3.32156e+28 1.20261e+10 9.99359e+27 
9.22198e+17 1.41567e+09 1.30553e+27 6.38843e+08 5.89140e+26 5.53255e+08 5.10210e+26 3.19422e+08 2.94570e+26 9.57068e+07 8.82606e+25 
1.02341e+18 6.50393e+06 6.65619e+24 2.93711e+06 3.00587e+24 2.54361e+06 2.60316e+24 1.46855e+06 1.50293e+24 4.38362e+05 4.48625e+23 
1.13573e+18 1.61711e+04 1.83660e+22 7.30743e+03 8.29929e+21 6.32842e+03 7.18740e+21 3.65372e+03 4.14965e+21 1.08689e+03 1.23442e+21 
1.26038e+18 2.03336e+01 2.56282e+19 9.19386e+00 1.15878e+19 7.96211e+00 1.00353e+19 4.59693e+00 5.79389e+18 1.36317e+00 1.71811e+18 
1.39871e+18 1.19951e-02 1.67777e+16 5.42652e-03 7.59014e+15 4.69950e-03 6.57325e+15 2.71326e-03 3.79507e+15 8.02254e-04 1.12212e+15 
1.55223e+18 3.05479e-06 4.74172e+12 1.38265e-06 2.14619e+12 1.19741e-06 1.85865e+12 6.91326e-07 1.07309e+12 2.03865e-07 3.16444e+11 
1.72259e+18 3.06266e-10 5.27570e+08 1.38684e-10 2.38895e+08 1.20104e-10 2.06889e+08 6.93421e-11 1.19448e+08 2.03980e-11 3.51373e+07 
1.91164e+18 1.09129e-14 2.08615e+04 4.94362e-15 9.45044e+03 4.28130e-15 8.18432e+03 2.47181e-15 4.72522e+03 7.25486e-16 1.38687e+03 
2.12145e+18 1.23371e-19 2.61726e-01 5.59089e-20 1.18608e-01 4.84186e-20 1.02718e-01 2.79545e-20 5.93041e-02 8.18801e-21 1.73705e-02 
2.35429e+18 3.90135e-25 9.18489e-07 1.76859e-25 4.16376e-07 1.53164e-25 3.60592e-07 8.84294e-26 2.08188e-07 2.58540e-26 6.08678e-08 
2.61268e+18 3.00055e-31 7.83946e-13 1.36063e-31 3.55488e-13 1.17834e-31 3.07862e-13 6.80315e-32 1.77744e-13 1.98581e-32 5.18827e-14 
2.89942e+18 4.80531e-38 1.39326e-19 2.17957e-38 6.31949e-20 1.88756e-38 5.47284e-20 1.08979e-38 3.15975e-20 3.17656e-39 9.21018e-21 
3.21764e+18 1.34858e-45 4.33924e-27 6.11812e-46 1.96859e-27 5.29844e-46 1.70485e-27 3.05907e-46 9.84298e-28 8.90602e-47 2.86564e-28 
3.57079e+18 5.47636e-54 1.95549e-35 2.48490e-54 8.87306e-36 2.15199e-54 7.68429e-36 1.24246e-54 4.43655e-36 3.61369e-55 1.29037e-36 
3.96269e+18 2.60161e-63 1.03094e-44 1.18063e-63 4.67848e-45 1.02246e-63 4.05168e-45 5.90322e-64 2.33926e-45 1.71568e-64 6.79870e-46 
4.39760e+18 1.14203e-73 5.02221e-55 5.18298e-74 2.27927e-55 4.48859e-74 1.97391e-55 2.59155e-74 1.13966e-55 7.52878e-75 3.31086e-56 
4.88025e+18 3.56674e-85 1.74066e-66 1.61863e-85 7.89932e-67 1.40177e-85 6.84101e-67 8.09357e-86 3.94987e-67 2.35169e-86 1.14768e-67 
5.41587e+18 5.93811e-98 3.21601e-79 2.69380e-98 1.45893e-79 2.33290e-98 1.26347e-79 1.34709e-98 7.29567e-80 3.92055e-99 2.12332e-80 
6.01028e+18 3.84612e-112 2.31163e-93 1.74247e-112 1.04727e-93 1.50902e-112 9.06964e-94 8.71594e-113 5.23852e-94 2.55220e-113 1.53395e-94 
6.66992e+18 6.98116e-128 4.65638e-109 3.14818e-128 2.09981e-109 2.72641e-128 1.81849e-109 1.57620e-128 1.05131e-109 4.71437e-129 3.14445e-110 
7.40196e+18 2.70202e-145 2.00003e-126 1.19927e-145 8.87692e-127 1.03859e-145 7.68763e-127 6.02409e-146 4.45901e-127 1.93232e-146 1.43029e-127 
8.21434e+18 2.37868e-164 1.95393e-145 1.01318e-164 8.32263e-146 8.77442e-165 7.20761e-146 5.13992e-165 4.22210e-146 1.93666e-165 1.59084e-146 
9.11589e+18 8.14417e-185 7.42413e-166 3.35398e-185 3.05745e-166 2.90463e-185 2.64783e-166 1.72012e-185 1.56805e-166 7.24679e-186 6.60609e-167 
1.01164e+19 4.55329e-207 4.60628e-188 1.86556e-207 1.88727e-188 1.61562e-207 1.63442e-188 9.59065e-208 9.70227e-189 4.09985e-208 4.14757e-189 
1.12267e+19 1.10117e-231 1.23625e-212 4.50956e-232 5.06274e-213 3.90539e-232 4.38446e-213 2.31893e-232 2.60338e-213 9.92523e-233 1.11427e-213 
1.24588e+19 5.27465e-259 6.57160e-240 2.15997e-259 2.69107e-240 1.87059e-259 2.33053e-240 1.11075e-259 1.38386e-240 4.75487e-260 5.92401e-241 
1.38262e+19 2.37082e-289 3.27795e-270 9.70796e-290 1.34224e-270 8.40729e-290 1.16241e-270 4.99240e-290 6.90260e-271 2.13741e-290 2.95524e-271 
1.53437e+19 0.00000e+00 0.00000e+00 0.00000e+00 0.00000e+00 0.00000e+00 0.00000e+00 0.00000e+00 0.00000e+00 0.00000e+00 0.00000e+00 
1.70277e+19 0.00000e+00 0.00000e+00 0.00000e+00 0.00000e+00 0.00000e+00 0.00000e+00 0.00000e+00 0.00000e+00 0.00000e+00 0.00000e+00 
1.88965e+19 0.00000e+00 0.00000e+00 0.00000e+00 0.00000e+00 0.00000e+00 0.00000e+00 0.00000e+00 0.00000e+00 0.00000e+00 0.00000e+00 
2.09705e+19 0.00000e+00 0.00000e+00 0.00000e+00 0.00000e+00 0.00000e+00 0.00000e+00 0.00000e+00 0.00000e+00 0.00000e+00 0.00000e+00 
2.32720e+19 0.00000e+00 0.00000e+00 0.00000e+00 0.00000e+00 0.00000e+00 0.00000e+00 0.00000e+00 0.00000e+00 0.00000e+00 0.00000e+00 
2.58262e+19 0.00000e+00 0.00000e+00 0.00000e+00 0.00000e+00 0.00000e+00 0.00000e+00 0.00000e+00 0.00000e+00 0.00000e+00 0.00000e+00 
2.86607e+19 0.00000e+00 0.00000e+00 0.00000e+00 0.00000e+00 0.00000e+00 0.00000e+00 0.00000e+00 0.00000e+00 0.00000e+00 0.00000e+00 
3.18063e+19 0.00000e+00 0.00000e+00 0.00000e+00 0.00000e+00 0.00000e+00 0.00000e+00 0.00000e+00 0.00000e+00 0.00000e+00 0.00000e+00 
3.52971e+19 0.00000e+00 0.00000e+00 0.00000e+00 0.00000e+00 0.00000e+00 0.00000e+00 0.00000e+00 0.00000e+00 0.00000e+00 0.00000e+00 
3.91710e+19 0.00000e+00 0.00000e+00 0.00000e+00 0.00000e+00 0.00000e+00 0.00000e+00 0.00000e+00 0.00000e+00 0.00000e+00 0.00000e+00 
4.34701e+19 0.00000e+00 0.00000e+00 0.00000e+00 0.00000e+00 0.00000e+00 0.00000e+00 0.00000e+00 0.00000e+00 0.00000e+00 0.00000e+00 
4.82411e+19 0.00000e+00 0.00000e+00 0.00000e+00 0.00000e+00 0.00000e+00 0.00000e+00 0.00000e+00 0.00000e+00 0.00000e+00 0.00000e+00 
5.35357e+19 0.00000e+00 0.00000e+00 0.00000e+00 0.00000e+00 0.00000e+00 0.00000e+00 0.00000e+00 0.00000e+00 0.00000e+00 0.00000e+00 
5.94113e+19 0.00000e+00 0.00000e+00 0.00000e+00 0.00000e+00 0.00000e+00 0.00000e+00 0.00000e+00 0.00000e+00 0.00000e+00 0.00000e+00 
6.59319e+19 0.00000e+00 0.00000e+00 0.00000e+00 0.00000e+00 0.00000e+00 0.00000e+00 0.00000e+00 0.00000e+00 0.00000e+00 0.00000e+00 
7.31681e+19 0.00000e+00 0.00000e+00 0.00000e+00 0.00000e+00 0.00000e+00 0.00000e+00 0.00000e+00 0.00000e+00 0.00000e+00 0.00000e+00 
8.11984e+19 0.00000e+00 0.00000e+00 0.00000e+00 0.00000e+00 0.00000e+00 0.00000e+00 0.00000e+00 0.00000e+00 0.00000e+00 0.00000e+00 
9.01102e+19 0.00000e+00 0.00000e+00 0.00000e+00 0.00000e+00 0.00000e+00 0.00000e+00 0.00000e+00 0.00000e+00 0.00000e+00 0.00000e+00 
1.00000e+20 0.00000e+00 0.00000e+00 0.00000e+00 0.00000e+00 0.00000e+00 0.00000e+00 0.00000e+00 0.00000e+00 0.00000e+00 0.00000e+00 
