1.00000e+11 1.43201e+21 1.43201e+32 3.76761e+20 3.76761e+31 3.81470e+20 3.81470e+31 3.80537e+20 3.80537e+31 3.72956e+20 3.72956e+31 
1.10975e+11 1.76358e+21 1.95714e+32 4.63998e+20 5.14923e+31 4.69798e+20 5.21359e+31 4.68648e+20 5.20084e+31 4.59311e+20 5.09722e+31 
1.23155e+11 2.17192e+21 2.67483e+32 5.71434e+20 7.03749e+31 5.78576e+20 7.12546e+31 5.77161e+20 7.10803e+31 5.65662e+20 6.96641e+31 
1.36672e+11 2.67482e+21 3.65572e+32 7.03745e+20 9.61820e+31 7.12542e+20 9.73843e+31 7.10798e+20 9.71460e+31 6.96637e+20 9.52105e+31 
1.51672e+11 3.29415e+21 4.99629e+32 8.66692e+20 1.31453e+32 8.77525e+20 1.33096e+32 8.75378e+20 1.32770e+32 8.57937e+20 1.30125e+32 
1.68318e+11 4.05688e+21 6.82846e+32 1.06737e+21 1.79657e+32 1.08071e+21 1.81903e+32 1.07806e+21 1.81458e+32 1.05658e+21 1.77842e+32 
1.86791e+11 4.99621e+21 9.33249e+32 1.31451e+21 2.45539e+32 1.33094e+21 2.48607e+32 1.32768e+21 2.47999e+32 1.30123e+21 2.43058e+32 
2.07292e+11 6.15303e+21 1.27547e+33 1.61887e+21 3.35579e+32 1.63910e+21 3.39773e+32 1.63509e+21 3.38941e+32 1.60251e+21 3.32188e+32 
2.30043e+11 7.57769e+21 1.74319e+33 1.99370e+21 4.58636e+32 2.01861e+21 4.64368e+32 2.01367e+21 4.63231e+32 1.97355e+21 4.54002e+32 
2.55291e+11 9.33219e+21 2.38242e+33 2.45531e+21 6.26819e+32 2.48600e+21 6.34652e+32 2.47991e+21 6.33097e+32 2.43050e+21 6.20484e+32 
2.83310e+11 1.14929e+22 3.25605e+33 3.02381e+21 8.56674e+32 3.06159e+21 8.67378e+32 3.05409e+21 8.65253e+32 2.99324e+21 8.48014e+32 
3.14404e+11 1.41539e+22 4.45004e+33 3.72392e+21 1.17081e+33 3.77045e+21 1.18544e+33 3.76121e+21 1.18254e+33 3.68627e+21 1.15898e+33 
3.48910e+11 1.74310e+22 6.08184e+33 4.58613e+21 1.60015e+33 4.64343e+21 1.62014e+33 4.63204e+21 1.61617e+33 4.53976e+21 1.58397e+33 
3.87204e+11 2.14668e+22 8.31201e+33 5.64796e+21 2.18691e+33 5.71852e+21 2.21423e+33 5.70449e+21 2.20880e+33 5.59084e+21 2.16479e+33 
4.29700e+11 2.64369e+22 1.13599e+34 6.95562e+21 2.98883e+33 7.04251e+21 3.02617e+33 7.02523e+21 3.01874e+33 6.88526e+21 2.95860e+33 
4.76861e+11 3.25576e+22 1.55255e+34 8.56603e+21 4.08481e+33 8.67302e+21 4.13583e+33 8.65173e+21 4.12567e+33 8.47935e+21 4.04347e+33 
5.29198e+11 4.00954e+22 2.12184e+34 1.05493e+22 5.58265e+33 1.06810e+22 5.65237e+33 1.06548e+22 5.63848e+33 1.04425e+22 5.52614e+33 
5.87279e+11 4.93782e+22 2.89988e+34 1.29916e+22 7.62970e+33 1.31539e+22 7.72498e+33 1.31215e+22 7.70600e+33 1.28601e+22 7.55246e+33 
6.51734e+11 6.08099e+22 3.96319e+34 1.59994e+22 1.04274e+34 1.61992e+22 1.05576e+34 1.61593e+22 1.05316e+34 1.58374e+22 1.03218e+34 
7.23263e+11 7.48880e+22 5.41638e+34 1.97035e+22 1.42508e+34 1.99495e+22 1.44287e+34 1.99004e+22 1.43932e+34 1.95039e+22 1.41064e+34 
8.02643e+11 9.22250e+22 7.40238e+34 2.42650e+22 1.94761e+34 2.45679e+22 1.97192e+34 2.45074e+22 1.96707e+34 2.40191e+22 1.92787e+34 
8.90735e+11 1.13575e+23 1.01165e+35 2.98824e+22 2.66173e+34 3.02554e+22 2.69495e+34 3.01808e+22 2.68831e+34 2.95795e+22 2.63475e+34 
9.88496e+11 1.39867e+23 1.38258e+35 3.68002e+22 3.63768e+34 3.72594e+22 3.68307e+34 3.71674e+22 3.67399e+34 3.64269e+22 3.60078e+34 
1.09699e+12 1.72245e+23 1.88950e+35 4.53192e+22 4.97145e+34 4.58846e+22 5.03347e+34 4.57712e+22 5.02104e+34 4.48592e+22 4.92099e+34 
1.21738e+12 2.12117e+23 2.58227e+35 5.58100e+22 6.79421e+34 5.65061e+22 6.87895e+34 5.63663e+22 6.86194e+34 5.52432e+22 6.72521e+34 
1.35099e+12 2.61216e+23 3.52901e+35 6.87289e+22 9.28523e+34 6.95859e+22 9.40101e+34 6.94135e+22 9.37772e+34 6.80305e+22 9.19087e+34 
1.49927e+12 3.21679e+23 4.82283e+35 8.46378e+22 1.26895e+35 8.56928e+22 1.28476e+35 8.54802e+22 1.28158e+35 8.37770e+22 1.25604e+35 
1.66382e+12 3.96134e+23 6.59094e+35 1.04228e+23 1.73417e+35 1.05527e+23 1.75578e+35 1.05265e+23 1.75142e+35 1.03167e+23 1.71652e+35 
1.84642e+12 4.87817e+23 9.00718e+35 1.28352e+23 2.36993e+35 1.29951e+23 2.39945e+35 1.29628e+23 2.39348e+35 1.27045e+23 2.34579e+35 
2.04907e+12 6.00715e+23 1.23091e+36 1.58059e+23 3.23874e+35 1.60027e+23 3.27907e+35 1.59628e+23 3.27089e+35 1.56447e+23 3.20571e+35 
2.27397e+12 7.39734e+23 1.68213e+36 1.94639e+23 4.42602e+35 1.97061e+23 4.48110e+35 1.96568e+23 4.46990e+35 1.92652e+23 4.38083e+35 
2.52354e+12 9.10915e+23 2.29873e+36 2.39682e+23 6.04846e+35 2.42663e+23 6.12370e+35 2.42055e+23 6.10835e+35 2.37232e+23 5.98664e+35 
2.80050e+12 1.12169e+24 3.14131e+36 2.95145e+23 8.26556e+35 2.98814e+23 8.36831e+35 2.98064e+23 8.34728e+35 2.92124e+23 8.18095e+35 
3.10787e+12 1.38123e+24 4.29267e+36 3.63439e+23 1.12952e+36 3.67954e+23 1.14355e+36 3.67026e+23 1.14067e+36 3.59713e+23 1.11794e+36 
3.44896e+12 1.70078e+24 5.86594e+36 4.47528e+23 1.54351e+36 4.53084e+23 1.56267e+36 4.51938e+23 1.55872e+36 4.42932e+23 1.52766e+36 
3.82749e+12 2.09423e+24 8.01567e+36 5.51064e+23 2.10919e+36 5.57900e+23 2.13536e+36 5.56484e+23 2.12994e+36 5.45394e+23 2.08749e+36 
4.24757e+12 2.57865e+24 1.09530e+37 6.78541e+23 2.88215e+36 6.86951e+23 2.91787e+36 6.85200e+23 2.91044e+36 6.71545e+23 2.85243e+36 
4.71375e+12 3.17506e+24 1.49664e+37 8.35490e+23 3.93829e+36 8.45836e+23 3.98706e+36 8.43671e+23 3.97685e+36 8.26857e+23 3.89760e+36 
5.23110e+12 3.90931e+24 2.04500e+37 1.02872e+24 5.38134e+36 1.04145e+24 5.44791e+36 1.03877e+24 5.43389e+36 1.01806e+24 5.32559e+36 
5.80523e+12 4.81323e+24 2.79419e+37 1.26661e+24 7.35296e+36 1.28226e+24 7.44381e+36 1.27894e+24 7.42454e+36 1.25345e+24 7.27657e+36 
6.44236e+12 5.92599e+24 3.81774e+37 1.55947e+24 1.00467e+37 1.57871e+24 1.01706e+37 1.57460e+24 1.01442e+37 1.54322e+24 9.94196e+36 
7.14943e+12 7.29577e+24 5.21606e+37 1.91998e+24 1.37268e+37 1.94364e+24 1.38959e+37 1.93855e+24 1.38595e+37 1.89990e+24 1.35832e+37 
7.93410e+12 8.98185e+24 7.12628e+37 2.36376e+24 1.87543e+37 2.39284e+24 1.89850e+37 2.38652e+24 1.89349e+37 2.33895e+24 1.85574e+37 
8.80488e+12 1.10571e+25 9.73568e+37 2.91001e+24 2.56223e+37 2.94574e+24 2.59369e+37 2.93790e+24 2.58678e+37 2.87933e+24 2.53522e+37 
9.77124e+12 1.36113e+25 1.33000e+38 3.58234e+24 3.50039e+37 3.62624e+24 3.54328e+37 3.61650e+24 3.53376e+37 3.54440e+24 3.46331e+37 
1.08437e+13 1.67547e+25 1.81683e+38 4.40980e+24 4.78184e+37 4.46372e+24 4.84031e+37 4.45161e+24 4.82718e+37 4.36286e+24 4.73093e+37 
1.20338e+13 2.06229e+25 2.48172e+38 5.42812e+24 6.53208e+37 5.49433e+24 6.61176e+37 5.47926e+24 6.59362e+37 5.37001e+24 6.46215e+37 
1.33545e+13 2.53826e+25 3.38973e+38 6.68122e+24 8.92245e+37 6.76249e+24 9.03098e+37 6.74372e+24 9.00591e+37 6.60925e+24 8.82633e+37 
1.48202e+13 3.12388e+25 4.62965e+38 8.22310e+24 1.21868e+38 8.32281e+24 1.23346e+38 8.29941e+24 1.22999e+38 8.13389e+24 1.20546e+38 
1.64468e+13 3.84432e+25 6.32266e+38 1.01201e+25 1.66443e+38 1.02424e+25 1.68454e+38 1.02132e+25 1.67974e+38 1.00095e+25 1.64623e+38 
1.82518e+13 4.73051e+25 8.63405e+38 1.24538e+25 2.27304e+38 1.26037e+25 2.30041e+38 1.25672e+25 2.29374e+38 1.23165e+25 2.24799e+38 
2.02550e+13 5.82046e+25 1.17894e+39 1.53243e+25 3.10393e+38 1.55080e+25 3.14114e+38 1.54623e+25 3.13188e+38 1.51538e+25 3.06940e+38 
2.24781e+13 7.16081e+25 1.60961e+39 1.88546e+25 4.23815e+38 1.90796e+25 4.28872e+38 1.90223e+25 4.27584e+38 1.86427e+25 4.19052e+38 
2.49451e+13 8.80881e+25 2.19736e+39 2.31958e+25 5.78622e+38 2.34711e+25 5.85489e+38 2.33992e+25 5.83695e+38 2.29322e+25 5.72047e+38 
2.76829e+13 1.08347e+26 2.99936e+39 2.85333e+25 7.89882e+38 2.88699e+25 7.99202e+38 2.87795e+25 7.96699e+38 2.82050e+25 7.80796e+38 
3.07211e+13 1.33247e+26 4.09350e+39 3.50943e+25 1.07814e+39 3.55057e+25 1.09077e+39 3.53918e+25 1.08727e+39 3.46852e+25 1.06557e+39 
3.40929e+13 1.63844e+26 5.58590e+39 4.31578e+25 1.47137e+39 4.36600e+25 1.48849e+39 4.35162e+25 1.48359e+39 4.26473e+25 1.45397e+39 
3.78346e+13 2.01432e+26 7.62109e+39 5.30656e+25 2.00772e+39 5.36780e+25 2.03089e+39 5.34962e+25 2.02401e+39 5.24277e+25 1.98358e+39 
4.19871e+13 2.47595e+26 1.03958e+40 6.52363e+25 2.73908e+39 6.59823e+25 2.77040e+39 6.57520e+25 2.76073e+39 6.44383e+25 2.70558e+39 
4.65953e+13 3.04273e+26 1.41777e+40 8.01826e+25 3.73613e+39 8.10900e+25 3.77841e+39 8.07977e+25 3.76479e+39 7.91829e+25 3.68955e+39 
5.17092e+13 3.73837e+26 1.93308e+40 9.85316e+25 5.09499e+39 9.96339e+25 5.15199e+39 9.92619e+25 5.13275e+39 9.72775e+25 5.03014e+39 
5.73844e+13 4.59184e+26 2.63500e+40 1.21050e+26 6.94639e+39 1.22387e+26 7.02309e+39 1.21912e+26 6.99587e+39 1.19474e+26 6.85597e+39 
6.36825e+13 5.63852e+26 3.59075e+40 1.48675e+26 9.46799e+39 1.50293e+26 9.57101e+39 1.49686e+26 9.53240e+39 1.46692e+26 9.34169e+39 
7.06718e+13 6.92152e+26 4.89157e+40 1.82549e+26 1.29011e+40 1.84503e+26 1.30391e+40 1.83726e+26 1.29842e+40 1.80049e+26 1.27244e+40 
7.84282e+13 8.49340e+26 6.66122e+40 2.24066e+26 1.75731e+40 2.26419e+26 1.77577e+40 2.25422e+26 1.76795e+40 2.20908e+26 1.73254e+40 
8.70359e+13 1.04181e+27 9.06746e+40 2.74923e+26 2.39281e+40 2.77750e+26 2.41742e+40 2.76466e+26 2.40625e+40 2.70927e+26 2.35804e+40 
9.65883e+13 1.27732e+27 1.23374e+41 3.37183e+26 3.25679e+40 3.40568e+26 3.28949e+40 3.38912e+26 3.27349e+40 3.32118e+26 3.20787e+40 
1.07189e+14 1.56529e+27 1.67782e+41 4.13353e+26 4.43069e+40 4.17391e+26 4.47397e+40 4.15249e+26 4.45102e+40 4.06919e+26 4.36173e+40 
1.18953e+14 1.91713e+27 2.28049e+41 5.06470e+26 6.02464e+40 5.11265e+26 6.08167e+40 5.08489e+26 6.04865e+40 4.98282e+26 5.92723e+40 
1.32009e+14 2.34661e+27 3.09773e+41 6.20211e+26 8.18733e+40 6.25875e+26 8.26210e+40 6.22270e+26 8.21451e+40 6.09768e+26 8.04948e+40 
1.46497e+14 2.87034e+27 4.20496e+41 7.59013e+26 1.11193e+41 7.65662e+26 1.12167e+41 7.60970e+26 1.11480e+41 7.45669e+26 1.09238e+41 
1.62576e+14 3.50828e+27 5.70361e+41 9.28223e+26 1.50906e+41 9.35971e+26 1.52166e+41 9.29851e+26 1.51171e+41 9.11138e+26 1.48129e+41 
1.80419e+14 4.28437e+27 7.72981e+41 1.13426e+27 2.04642e+41 1.14321e+27 2.06256e+41 1.13521e+27 2.04813e+41 1.11234e+27 2.00688e+41 
2.00220e+14 5.22720e+27 1.04659e+42 1.38482e+27 2.77268e+41 1.39504e+27 2.79314e+41 1.38457e+27 2.77219e+41 1.35665e+27 2.71629e+41 
2.22195e+14 6.37079e+27 1.41556e+42 1.68907e+27 3.75302e+41 1.70058e+27 3.77859e+41 1.68686e+27 3.74811e+41 1.65280e+27 3.67244e+41 
2.46581e+14 7.75546e+27 1.91235e+42 2.05792e+27 5.07443e+41 2.07064e+27 5.10581e+41 2.05263e+27 5.06141e+41 2.01115e+27 4.95911e+41 
2.73644e+14 9.42870e+27 2.58011e+42 2.50425e+27 6.85274e+41 2.51799e+27 6.89033e+41 2.49433e+27 6.82558e+41 2.44385e+27 6.68746e+41 
3.03677e+14 1.14462e+28 3.47594e+42 3.04325e+27 9.24165e+41 3.05758e+27 9.28518e+41 3.02647e+27 9.19069e+41 2.96514e+27 9.00446e+41 
3.37006e+14 1.38727e+28 4.67517e+42 3.69263e+27 1.24444e+42 3.70685e+27 1.24923e+42 3.66590e+27 1.23543e+42 3.59152e+27 1.21036e+42 
3.73994e+14 1.67829e+28 6.27668e+42 4.47296e+27 1.67286e+42 4.48590e+27 1.67770e+42 4.43201e+27 1.65754e+42 4.34196e+27 1.62387e+42 
4.15040e+14 2.02622e+28 8.40962e+42 5.40788e+27 2.24449e+42 5.41780e+27 2.24860e+42 5.34685e+27 2.21916e+42 5.23808e+27 2.17401e+42 
4.60592e+14 2.44070e+28 1.12417e+43 6.52428e+27 3.00503e+42 6.52857e+27 3.00701e+42 6.43523e+27 2.96401e+42 6.30415e+27 2.90364e+42 
5.11143e+14 2.93247e+28 1.49891e+43 7.85235e+27 4.01368e+42 7.84727e+27 4.01108e+42 7.72455e+27 3.94835e+42 7.56705e+27 3.86785e+42 
5.67243e+14 3.51327e+28 1.99287e+43 9.42545e+27 5.34652e+42 9.40574e+27 5.33534e+42 9.24458e+27 5.24392e+42 9.05594e+27 5.13691e+42 
6.29499e+14 4.19563e+28 2.64114e+43 1.12797e+28 7.10054e+42 1.12381e+28 7.07434e+42 1.10268e+28 6.94134e+42 1.08017e+28 6.79964e+42 
6.98588e+14 4.99257e+28 3.48775e+43 1.34530e+28 9.39814e+42 1.33797e+28 9.34687e+42 1.31033e+28 9.15379e+42 1.28358e+28 8.96696e+42 
7.75260e+14 5.91701e+28 4.58722e+43 1.59842e+28 1.23919e+43 1.58659e+28 1.23002e+43 1.55053e+28 1.20207e+43 1.51892e+28 1.17756e+43 
8.60346e+14 6.98103e+28 6.00610e+43 1.89104e+28 1.62695e+43 1.87299e+28 1.61142e+43 1.82611e+28 1.57109e+43 1.78896e+28 1.53913e+43 
9.54772e+14 8.19476e+28 7.82412e+43 2.22646e+28 2.12576e+43 2.19995e+28 2.10045e+43 2.13925e+28 2.04250e+43 2.09591e+28 2.00111e+43 
1.05956e+15 9.56497e+28 1.01347e+44 2.60713e+28 2.76241e+43 2.56936e+28 2.72239e+43 2.49116e+28 2.63953e+43 2.44099e+28 2.58638e+43 
1.17585e+15 1.10933e+29 1.30440e+44 3.03418e+28 3.56774e+43 2.98169e+28 3.50602e+43 2.88152e+28 3.38823e+43 2.82402e+28 3.32063e+43 
1.30490e+15 1.27740e+29 1.66688e+44 3.50678e+28 4.57601e+43 3.43539e+28 4.48284e+43 3.30795e+28 4.31655e+43 3.24283e+28 4.23157e+43 
1.44812e+15 1.45916e+29 2.11304e+44 4.02136e+28 5.82340e+43 3.92620e+28 5.68561e+43 3.76536e+28 5.45268e+43 3.69263e+28 5.34736e+43 
1.60705e+15 1.65184e+29 2.65460e+44 4.57082e+28 7.34555e+43 4.44645e+28 7.14567e+43 4.24528e+28 6.82238e+43 4.16544e+28 6.69408e+43 
1.78343e+15 1.85120e+29 3.30148e+44 5.14372e+28 9.17346e+43 4.98429e+28 8.88914e+43 4.73531e+28 8.44510e+43 4.64950e+28 8.29206e+43 
1.97917e+15 2.05131e+29 4.05989e+44 5.72357e+28 1.13279e+44 5.52327e+28 1.09315e+44 5.21872e+28 1.03287e+44 5.12888e+28 1.01509e+44 
2.19639e+15 2.24455e+29 4.92989e+44 6.28850e+28 1.38120e+44 6.04203e+28 1.32706e+44 5.67443e+28 1.24632e+44 5.58343e+28 1.22634e+44 
2.43744e+15 2.42164e+29 5.90262e+44 6.81143e+28 1.66025e+44 6.51475e+28 1.58793e+44 6.07752e+28 1.48136e+44 5.98923e+28 1.45984e+44 
2.70496e+15 2.57206e+29 6.95733e+44 7.26115e+28 1.96411e+44 6.91223e+28 1.86973e+44 6.40050e+28 1.73131e+44 6.31968e+28 1.70945e+44 
3.00184e+15 2.68471e+29 8.05906e+44 7.60441e+28 2.28272e+44 7.20404e+28 2.16253e+44 6.61545e+28 1.98585e+44 6.54738e+28 1.96542e+44 
3.33129e+15 2.74893e+29 9.15749e+44 7.80926e+28 2.60149e+44 7.36163e+28 2.45237e+44 6.69704e+28 2.23098e+44 6.64693e+28 2.21429e+44 
3.69691e+15 2.75587e+29 1.01882e+45 7.84949e+28 2.90189e+44 7.36238e+28 2.72181e+44 6.62630e+28 2.44968e+44 6.59838e+28 2.43936e+44 
4.10266e+15 2.70002e+29 1.10773e+45 7.70961e+28 3.16299e+44 7.19408e+28 2.95148e+44 6.39463e+28 2.62350e+44 6.39107e+28 2.62204e+44 
4.55294e+15 2.58073e+29 1.17499e+45 7.38944e+28 3.36436e+44 6.85884e+28 3.12279e+44 6.00731e+28 2.73509e+44 6.02710e+28 2.74410e+44 
5.05263e+15 2.40322e+29 1.21426e+45 6.90706e+28 3.48989e+44 6.37560e+28 3.22136e+44 5.48543e+28 2.77159e+44 5.52366e+28 2.79090e+44 
5.60717e+15 2.17885e+29 1.22172e+45 6.29877e+28 3.53183e+44 5.77974e+28 3.24080e+44 4.86525e+28 2.72803e+44 4.91306e+28 2.75483e+44 
6.22257e+15 1.92421e+29 1.19735e+45 5.61514e+28 3.49406e+44 5.11933e+28 3.18554e+44 4.19442e+28 2.61001e+44 4.23983e+28 2.63827e+44 
6.90551e+15 1.65895e+29 1.14559e+45 4.91358e+28 3.39308e+44 4.44812e+28 3.07166e+44 3.52515e+28 2.43430e+44 3.55487e+28 2.45482e+44 
7.66341e+15 1.40276e+29 1.07499e+45 4.24857e+28 3.25585e+44 3.81663e+28 2.92484e+44 2.90576e+28 2.22680e+44 2.90743e+28 2.22808e+44 
8.50449e+15 1.17208e+29 9.96796e+44 3.66240e+28 3.11468e+44 3.26360e+28 2.77552e+44 2.37264e+28 2.01781e+44 2.33700e+28 1.98750e+44 
9.43788e+15 9.77539e+28 9.22590e+44 3.17889e+28 3.00020e+44 2.81039e+28 2.65242e+44 1.94500e+28 1.83566e+44 1.86728e+28 1.76231e+44 
1.04737e+16 8.22810e+28 8.61787e+44 2.80203e+28 2.93476e+44 2.45983e+28 2.57635e+44 1.62395e+28 1.70088e+44 1.50403e+28 1.57528e+44 
1.16232e+16 7.05235e+28 8.19711e+44 2.51943e+28 2.92839e+44 2.19951e+28 2.55654e+44 1.39594e+28 1.62254e+44 1.23732e+28 1.43817e+44 
1.28989e+16 6.17816e+28 7.96914e+44 2.30892e+28 2.97825e+44 2.00808e+28 2.59020e+44 1.23898e+28 1.59815e+44 1.04712e+28 1.35067e+44 
1.43146e+16 5.51803e+28 7.89883e+44 2.14568e+28 3.07145e+44 1.86190e+28 2.66523e+44 1.12923e+28 1.61644e+44 9.09979e+27 1.30260e+44 
1.58857e+16 4.98998e+28 7.92691e+44 2.00774e+28 3.18942e+44 1.74017e+28 2.76438e+44 1.04603e+28 1.66169e+44 8.04721e+27 1.27835e+44 
1.76291e+16 4.53186e+28 7.98927e+44 1.87877e+28 3.31211e+44 1.62754e+28 2.86922e+44 9.74379e+27 1.71775e+44 7.15661e+27 1.26165e+44 
1.95640e+16 4.10574e+28 8.03246e+44 1.74868e+28 3.42112e+44 1.51454e+28 2.96305e+44 9.05084e+27 1.77071e+44 6.33372e+27 1.23913e+44 
2.17112e+16 3.69521e+28 8.02273e+44 1.61287e+28 3.50173e+44 1.39682e+28 3.03267e+44 8.33780e+27 1.81023e+44 5.53738e+27 1.20223e+44 
2.40940e+16 3.29913e+28 7.94893e+44 1.47115e+28 3.54458e+44 1.27406e+28 3.06972e+44 7.59563e+27 1.83009e+44 4.76315e+27 1.14764e+44 
2.67384e+16 2.92485e+28 7.82059e+44 1.32656e+28 3.54700e+44 1.14883e+28 3.07180e+44 6.83802e+27 1.82838e+44 4.02714e+27 1.07679e+44 
2.96730e+16 2.58236e+28 7.66265e+44 1.18413e+28 3.51366e+44 1.02548e+28 3.04292e+44 6.09119e+27 1.80744e+44 3.35286e+27 9.94894e+43 
3.29297e+16 2.27962e+28 7.50673e+44 1.04935e+28 3.45548e+44 9.08765e+27 2.99254e+44 5.38443e+27 1.77308e+44 2.76151e+27 9.09359e+43 
3.65438e+16 2.01947e+28 7.37991e+44 9.26592e+27 3.38612e+44 8.02452e+27 2.93247e+44 4.74113e+27 1.73259e+44 2.26544e+27 8.27877e+43 
4.05546e+16 1.79837e+28 7.29320e+44 8.17833e+27 3.31669e+44 7.08264e+27 2.87234e+44 4.17218e+27 1.69201e+44 1.86500e+27 7.56345e+43 
4.50056e+16 1.60721e+28 7.23333e+44 7.22218e+27 3.25038e+44 6.25459e+27 2.81492e+44 3.67356e+27 1.65331e+44 1.54921e+27 6.97229e+43 
4.99451e+16 1.43390e+28 7.16162e+44 6.36583e+27 3.17942e+44 5.51297e+27 2.75346e+44 3.22915e+27 1.61280e+44 1.29936e+27 6.48967e+43 
5.54266e+16 1.26681e+28 7.02150e+44 5.56763e+27 3.08595e+44 4.82171e+27 2.67251e+44 2.81748e+27 1.56164e+44 1.09453e+27 6.06661e+43 
6.15099e+16 1.09793e+28 6.75337e+44 4.79155e+27 2.94727e+44 4.14960e+27 2.55241e+44 2.41984e+27 1.48844e+44 9.16669e+26 5.63842e+43 
6.82607e+16 9.24750e+27 6.31241e+44 4.01943e+27 2.74369e+44 3.48093e+27 2.37610e+44 2.02649e+27 1.38330e+44 7.53988e+26 5.14678e+43 
7.57525e+16 7.50320e+27 5.68386e+44 3.25576e+27 2.46632e+44 2.81957e+27 2.13589e+44 1.63920e+27 1.24174e+44 6.01771e+26 4.55857e+43 
8.40665e+16 5.81777e+27 4.89080e+44 2.52418e+27 2.12199e+44 2.18600e+27 1.83770e+44 1.26942e+27 1.06715e+44 4.61018e+26 3.87561e+43 
9.32930e+16 4.27860e+27 3.99164e+44 1.85796e+27 1.73335e+44 1.60904e+27 1.50112e+44 9.33485e+26 8.70876e+43 3.35834e+26 3.13310e+43 
1.03532e+17 2.96295e+27 3.06761e+44 1.28840e+27 1.33391e+44 1.11579e+27 1.15520e+44 6.46812e+26 6.69659e+43 2.30658e+26 2.38805e+43 
1.14895e+17 1.91794e+27 2.20362e+44 8.35353e+26 9.59779e+43 7.23437e+26 8.31193e+43 4.19093e+26 4.81517e+43 1.48168e+26 1.70238e+43 
1.27505e+17 1.15164e+27 1.46840e+44 5.02492e+26 6.40703e+43 4.35171e+26 5.54865e+43 2.51960e+26 3.21261e+43 8.83046e+25 1.12593e+43 
1.41499e+17 6.36295e+26 9.00352e+43 2.78167e+26 3.93604e+43 2.40900e+26 3.40871e+43 1.39415e+26 1.97270e+43 4.84206e+25 6.85147e+42 
1.57029e+17 3.20707e+26 5.03603e+43 1.40493e+26 2.20614e+43 1.21670e+26 1.91058e+43 7.03866e+25 1.10527e+43 2.42135e+25 3.80222e+42 
1.74263e+17 1.46099e+26 2.54598e+43 6.41458e+25 1.11783e+43 5.55519e+25 9.68065e+42 3.21265e+25 5.59847e+42 1.09389e+25 1.90625e+42 
1.93389e+17 5.95617e+25 1.15186e+43 2.62148e+25 5.06966e+42 2.27027e+25 4.39045e+42 1.31257e+25 2.53837e+42 4.41975e+24 8.54732e+41 
2.14614e+17 2.14997e+25 4.61414e+42 9.48779e+24 2.03621e+42 8.21666e+24 1.76341e+42 4.74938e+24 1.01928e+42 1.57996e+24 3.39083e+41 
2.38169e+17 6.79291e+24 1.61786e+42 3.00631e+24 7.16009e+41 2.60354e+24 6.20082e+41 1.50458e+24 3.58343e+41 4.93966e+23 1.17647e+41 
2.64308e+17 1.85539e+24 4.90396e+41 8.23653e+23 2.17698e+41 7.13304e+23 1.88532e+41 4.12139e+23 1.08932e+41 1.33395e+23 3.52573e+40 
2.93317e+17 4.32187e+23 1.26768e+41 1.92476e+23 5.64563e+40 1.66689e+23 4.88926e+40 9.62950e+22 2.82449e+40 3.06975e+22 9.00409e+39 
3.25509e+17 8.45757e+22 2.75301e+40 3.77906e+22 1.23012e+40 3.27276e+22 1.06531e+40 1.89038e+22 6.15335e+39 5.93123e+21 1.93067e+39 
3.61234e+17 1.36731e+22 4.93918e+39 6.12974e+21 2.21427e+39 5.30851e+21 1.91761e+39 3.06587e+21 1.10750e+39 9.46423e+20 3.41881e+38 
4.00881e+17 1.79177e+21 7.18286e+38 8.05863e+20 3.23055e+38 6.97898e+20 2.79774e+38 4.03022e+20 1.61564e+38 1.22409e+20 4.90713e+37 
4.44878e+17 1.86249e+20 8.28582e+37 8.40245e+19 3.73807e+37 7.27673e+19 3.23726e+37 4.20185e+19 1.86931e+37 1.25623e+19 5.58867e+36 
4.93705e+17 1.49820e+19 7.39671e+36 6.77827e+18 3.34646e+36 5.87015e+18 2.89812e+36 3.38944e+18 1.67338e+36 9.98259e+17 4.92845e+35 
5.47890e+17 9.06785e+17 4.96818e+35 4.11316e+17 2.25356e+35 3.56210e+17 1.95164e+35 2.05669e+17 1.12684e+35 5.97335e+16 3.27274e+34 
6.08022e+17 4.00027e+16 2.43226e+34 1.81874e+16 1.10583e+34 1.57507e+16 9.57679e+33 9.09394e+15 5.52932e+33 2.60755e+15 1.58545e+33 
6.74754e+17 1.24114e+15 8.37468e+32 5.65457e+14 3.81545e+32 4.89701e+14 3.30428e+32 2.82733e+14 1.90775e+32 8.01296e+13 5.40678e+31 
7.48810e+17 2.60241e+13 1.94871e+31 1.18781e+13 8.89447e+30 1.02868e+13 7.70284e+30 5.93911e+12 4.44726e+30 1.66559e+12 1.24721e+30 
8.30994e+17 3.52739e+11 2.93124e+29 1.61260e+11 1.34006e+29 1.39655e+11 1.16052e+29 8.06300e+10 6.70030e+28 2.23998e+10 1.86141e+28 
9.22198e+17 2.94166e+09 2.71279e+27 1.34673e+09 1.24195e+27 1.16630e+09 1.07556e+27 6.73364e+08 6.20975e+26 1.85502e+08 1.71070e+26 
1.02341e+18 1.42874e+07 1.46219e+25 6.54902e+06 6.70234e+24 5.67162e+06 5.80440e+24 3.27451e+06 3.35117e+24 8.95419e+05 9.16382e+23 
1.13573e+18 3.80257e+04 4.31870e+22 1.74487e+04 1.98170e+22 1.51110e+04 1.71620e+22 8.72433e+03 9.90851e+21 2.37024e+03 2.69196e+21 
1.26038e+18 5.18343e+01 6.53311e+19 2.38068e+01 3.00057e+19 2.06173e+01 2.59857e+19 1.19034e+01 1.50029e+19 3.21574e+00 4.05306e+18 
1.39871e+18 3.35789e-02 4.69673e+16 1.54345e-02 2.15884e+16 1.33667e-02 1.86961e+16 7.71725e-03 1.07942e+16 2.07468e-03 2.90188e+15 
1.55223e+18 9.51529e-06 1.47699e+13 4.37663e-06 6.79352e+12 3.79027e-06 5.88336e+12 2.18832e-06 3.39676e+12 5.85823e-07 9.09329e+11 
1.72259e+18 1.07599e-09 1.85349e+09 4.95196e-10 8.53017e+08 4.28852e-10 7.38735e+08 2.47598e-10 4.26509e+08 6.60429e-11 1.13764e+08 
1.91164e+18 4.38581e-14 8.38410e+04 2.01944e-14 3.86045e+04 1.74888e-14 3.34325e+04 1.00972e-14 1.93022e+04 2.68488e-15 5.13254e+03 
2.12145e+18 5.75663e-19 1.22124e+00 2.65173e-19 5.62552e-01 2.29647e-19 4.87185e-01 1.32587e-19 2.81276e-01 3.51616e-20 7.45936e-02 
2.35429e+18 2.14705e-24 5.05477e-06 9.89364e-25 2.32925e-06 8.56815e-25 2.01719e-06 4.94682e-25 1.16462e-06 1.30892e-25 3.08158e-07 
2.61268e+18 1.98061e-30 5.17468e-12 9.12934e-31 2.38520e-12 7.90624e-31 2.06564e-12 4.56467e-31 1.19260e-12 1.20552e-31 3.14963e-13 
2.89942e+18 3.87389e-37 1.12320e-18 1.78605e-37 5.17852e-19 1.54677e-37 4.48473e-19 8.93026e-38 2.58926e-19 2.35474e-38 6.82739e-20 
3.21764e+18 1.35412e-44 4.35707e-26 6.24440e-45 2.00922e-26 5.40781e-45 1.74004e-26 3.12220e-45 1.00461e-26 8.22198e-46 2.64554e-27 
3.57079e+18 6.99763e-53 2.49870e-34 3.22741e-53 1.15244e-34 2.79502e-53 9.98042e-35 1.61371e-53 5.76220e-35 4.24505e-54 1.51582e-35 
3.96269e+18 4.33139e-62 1.71640e-43 1.99796e-62 7.91728e-44 1.73028e-62 6.85656e-44 9.98978e-63 3.95864e-44 2.62574e-63 1.04050e-44 
4.39760e+18 2.54292e-72 1.11828e-53 1.17310e-72 5.15881e-54 1.01593e-72 4.46766e-54 5.86548e-73 2.57940e-54 1.54072e-73 6.77549e-55 
4.88025e+18 1.09374e-83 5.33770e-65 5.04591e-84 2.46253e-65 4.36989e-84 2.13262e-65 2.52296e-84 1.23127e-65 6.62448e-85 3.23291e-66 
5.41587e+18 2.59586e-96 1.40589e-77 1.19760e-96 6.48605e-78 1.03715e-96 5.61708e-78 5.98800e-97 3.24302e-78 1.57221e-97 8.51486e-79 
6.01028e+18 2.51965e-110 1.51438e-91 1.16224e-110 6.98539e-92 1.00653e-110 6.04952e-92 5.81120e-111 3.49269e-92 1.52752e-111 9.18079e-93 
6.66992e+18 7.70355e-126 5.13821e-107 3.55049e-126 2.36815e-107 3.07481e-126 2.05088e-107 1.77524e-126 1.18407e-107 4.69223e-127 3.12968e-108 
7.40196e+18 6.93248e-143 5.13140e-124 3.21862e-143 2.38241e-124 2.78741e-143 2.06323e-124 1.60931e-143 1.19121e-124 4.21917e-144 3.12301e-125 
8.21434e+18 -5.01043e-161 -4.11574e-142 8.22817e-162 6.75890e-143 7.12581e-162 5.85338e-143 4.11409e-162 3.37945e-143 -9.08847e-162 -7.46558e-143 
9.11589e+18 -1.15396e-178 -1.05194e-159 2.88287e-182 2.62799e-163 2.49664e-182 2.27591e-163 1.44144e-182 1.31400e-163 -1.73200e-179 -1.57888e-160 
1.01164e+19 -2.12256e-198 -2.14727e-179 6.12523e-205 6.19652e-186 5.30461e-205 5.36634e-186 3.06262e-205 3.09826e-186 -3.18479e-199 -3.22186e-180 
1.12267e+19 -2.57262e-220 -2.88820e-201 4.02889e-230 4.52310e-211 3.48912e-230 3.91712e-211 2.01439e-230 2.26150e-211 -3.86007e-221 -4.33358e-202 
1.24588e+19 -1.18471e-244 -1.47600e-225 1.72682e-258 2.15142e-239 1.49547e-258 1.86318e-239 8.50891e-259 1.06011e-239 -1.77758e-245 -2.21466e-226 
1.38262e+19 -1.12443e-271 -1.55466e-252 -7.31037e-288 -1.01075e-268 -6.33097e-288 -8.75333e-269 -4.13884e-288 -5.72245e-269 -1.68715e-272 -2.33269e-253 
1.53437e+19 -1.11573e-301 -1.71194e-282 0.00000e+00 0.00000e+00 0.00000e+00 0.00000e+00 0.00000e+00 0.00000e+00 -1.67409e-302 -2.56867e-283 
1.70277e+19 0.00000e+00 0.00000e+00 0.00000e+00 0.00000e+00 0.00000e+00 0.00000e+00 0.00000e+00 0.00000e+00 0.00000e+00 0.00000e+00 
1.88965e+19 0.00000e+00 0.00000e+00 0.00000e+00 0.00000e+00 0.00000e+00 0.00000e+00 0.00000e+00 0.00000e+00 0.00000e+00 0.00000e+00 
2.09705e+19 0.00000e+00 0.00000e+00 0.00000e+00 0.00000e+00 0.00000e+00 0.00000e+00 0.00000e+00 0.00000e+00 0.00000e+00 0.00000e+00 
2.32720e+19 0.00000e+00 0.00000e+00 0.00000e+00 0.00000e+00 0.00000e+00 0.00000e+00 0.00000e+00 0.00000e+00 0.00000e+00 0.00000e+00 
2.58262e+19 0.00000e+00 0.00000e+00 0.00000e+00 0.00000e+00 0.00000e+00 0.00000e+00 0.00000e+00 0.00000e+00 0.00000e+00 0.00000e+00 
2.86607e+19 0.00000e+00 0.00000e+00 0.00000e+00 0.00000e+00 0.00000e+00 0.00000e+00 0.00000e+00 0.00000e+00 0.00000e+00 0.00000e+00 
3.18063e+19 0.00000e+00 0.00000e+00 0.00000e+00 0.00000e+00 0.00000e+00 0.00000e+00 0.00000e+00 0.00000e+00 0.00000e+00 0.00000e+00 
3.52971e+19 0.00000e+00 0.00000e+00 0.00000e+00 0.00000e+00 0.00000e+00 0.00000e+00 0.00000e+00 0.00000e+00 0.00000e+00 0.00000e+00 
3.91710e+19 0.00000e+00 0.00000e+00 0.00000e+00 0.00000e+00 0.00000e+00 0.00000e+00 0.00000e+00 0.00000e+00 0.00000e+00 0.00000e+00 
4.34701e+19 0.00000e+00 0.00000e+00 0.00000e+00 0.00000e+00 0.00000e+00 0.00000e+00 0.00000e+00 0.00000e+00 0.00000e+00 0.00000e+00 
4.82411e+19 0.00000e+00 0.00000e+00 0.00000e+00 0.00000e+00 0.00000e+00 0.00000e+00 0.00000e+00 0.00000e+00 0.00000e+00 0.00000e+00 
5.35357e+19 0.00000e+00 0.00000e+00 0.00000e+00 0.00000e+00 0.00000e+00 0.00000e+00 0.00000e+00 0.00000e+00 0.00000e+00 0.00000e+00 
5.94113e+19 0.00000e+00 0.00000e+00 0.00000e+00 0.00000e+00 0.00000e+00 0.00000e+00 0.00000e+00 0.00000e+00 0.00000e+00 0.00000e+00 
6.59319e+19 0.00000e+00 0.00000e+00 0.00000e+00 0.00000e+00 0.00000e+00 0.00000e+00 0.00000e+00 0.00000e+00 0.00000e+00 0.00000e+00 
7.31681e+19 0.00000e+00 0.00000e+00 0.00000e+00 0.00000e+00 0.00000e+00 0.00000e+00 0.00000e+00 0.00000e+00 0.00000e+00 0.00000e+00 
8.11984e+19 0.00000e+00 0.00000e+00 0.00000e+00 0.00000e+00 0.00000e+00 0.00000e+00 0.00000e+00 0.00000e+00 0.00000e+00 0.00000e+00 
9.01102e+19 0.00000e+00 0.00000e+00 0.00000e+00 0.00000e+00 0.00000e+00 0.00000e+00 0.00000e+00 0.00000e+00 0.00000e+00 0.00000e+00 
1.00000e+20 0.00000e+00 0.00000e+00 0.00000e+00 0.00000e+00 0.00000e+00 0.00000e+00 0.00000e+00 0.00000e+00 0.00000e+00 0.00000e+00 
