1.00000e+11 1.33129e+20 1.33129e+31 4.64066e+18 4.64066e+29 1.95285e+19 1.95285e+30 3.46068e+19 3.46068e+30 4.07206e+19 4.07206e+30 
1.10975e+11 1.63953e+20 1.81948e+31 5.71519e+18 6.34244e+29 2.40502e+19 2.66897e+30 4.26196e+19 4.72972e+30 5.01490e+19 5.56529e+30 
1.23155e+11 2.01915e+20 2.48668e+31 7.03851e+18 8.66829e+29 2.96187e+19 3.64769e+30 5.24876e+19 6.46412e+30 6.17603e+19 7.60610e+30 
1.36672e+11 2.48665e+20 3.39855e+31 8.66825e+18 1.18470e+30 3.64765e+19 4.98530e+30 6.46404e+19 8.83451e+30 7.60601e+19 1.03953e+31 
1.51672e+11 3.06240e+20 4.64479e+31 1.06753e+19 1.61915e+30 4.49221e+19 6.81341e+30 7.96069e+19 1.20741e+31 9.36706e+19 1.42072e+31 
1.68318e+11 3.77145e+20 6.34803e+31 1.31471e+19 2.21290e+30 5.53231e+19 9.31187e+30 9.80385e+19 1.65016e+31 1.15358e+20 1.94169e+31 
1.86791e+11 4.64465e+20 8.67581e+31 1.61913e+19 3.02439e+30 6.81321e+19 1.27265e+31 1.20737e+20 2.25527e+31 1.42067e+20 2.65370e+31 
2.07292e+11 5.72002e+20 1.18572e+32 1.99402e+19 4.13345e+30 8.39067e+19 1.73932e+31 1.48692e+20 3.08226e+31 1.74960e+20 3.62678e+31 
2.30043e+11 7.04436e+20 1.62051e+32 2.45572e+19 5.64921e+30 1.03333e+20 2.37711e+31 1.83118e+20 4.21250e+31 2.15468e+20 4.95669e+31 
2.55291e+11 8.67530e+20 2.21472e+32 3.02432e+19 7.72080e+30 1.27258e+20 3.24877e+31 2.25514e+20 5.75716e+31 2.65354e+20 6.77423e+31 
2.83310e+11 1.06838e+21 3.02683e+32 3.72456e+19 1.05520e+31 1.56721e+20 4.44005e+31 2.77725e+20 7.86822e+31 3.26788e+20 9.25823e+31 
3.14404e+11 1.31573e+21 4.13670e+32 4.58694e+19 1.44215e+31 1.93005e+20 6.06813e+31 3.42023e+20 1.07533e+32 4.02446e+20 1.26530e+32 
3.48910e+11 1.62034e+21 5.65353e+32 5.64898e+19 1.97099e+31 2.37688e+20 8.29318e+31 4.21206e+20 1.46963e+32 4.95617e+20 1.72926e+32 
3.87204e+11 1.99547e+21 7.72652e+32 6.95691e+19 2.69374e+31 2.92716e+20 1.13341e+32 5.18720e+20 2.00850e+32 6.10357e+20 2.36333e+32 
4.29700e+11 2.45743e+21 1.05596e+33 8.56766e+19 3.68153e+31 3.60482e+20 1.54899e+32 6.38806e+20 2.74495e+32 7.51657e+20 3.22988e+32 
4.76861e+11 3.02632e+21 1.44314e+33 1.05513e+20 5.03152e+31 4.43934e+20 2.11695e+32 7.86690e+20 3.75142e+32 9.25666e+20 4.41414e+32 
5.29198e+11 3.72690e+21 1.97227e+33 1.29943e+20 6.87654e+31 5.46703e+20 2.89314e+32 9.68805e+20 5.12690e+32 1.13995e+21 6.03260e+32 
5.87279e+11 4.58964e+21 2.69540e+33 1.60028e+20 9.39809e+31 6.73261e+20 3.95392e+32 1.19307e+21 7.00666e+32 1.40384e+21 8.24444e+32 
6.51734e+11 5.65206e+21 3.68364e+33 1.97078e+20 1.28442e+32 8.29111e+20 5.40360e+32 1.46925e+21 9.57559e+32 1.72880e+21 1.12672e+33 
7.23263e+11 6.96036e+21 5.03418e+33 2.42706e+20 1.75540e+32 1.02103e+21 7.38475e+32 1.80934e+21 1.30863e+33 2.12897e+21 1.53981e+33 
8.02643e+11 8.57145e+21 6.87982e+33 2.98896e+20 2.39907e+32 1.25737e+21 1.00922e+33 2.22814e+21 1.78840e+33 2.62175e+21 2.10433e+33 
8.90735e+11 1.05554e+22 9.40205e+33 3.68094e+20 3.27875e+32 1.54840e+21 1.37922e+33 2.74386e+21 2.44406e+33 3.22857e+21 2.87580e+33 
9.88496e+11 1.29984e+22 1.28489e+34 4.53311e+20 4.48097e+32 1.90678e+21 1.88485e+33 3.37892e+21 3.34005e+33 3.97581e+21 3.93007e+33 
1.09699e+12 1.60067e+22 1.75591e+34 5.58255e+20 6.12398e+32 2.34809e+21 2.57582e+33 4.16092e+21 4.56447e+33 4.89594e+21 5.37078e+33 
1.21738e+12 1.97110e+22 2.39958e+34 6.87491e+20 8.36940e+32 2.89150e+21 3.52006e+33 5.12385e+21 6.23769e+33 6.02896e+21 7.33956e+33 
1.35099e+12 2.42723e+22 3.27917e+34 8.46641e+20 1.14381e+33 3.56064e+21 4.81040e+33 6.30956e+21 8.52417e+33 7.42411e+21 1.00299e+34 
1.49927e+12 2.98887e+22 4.48112e+34 1.04263e+21 1.56318e+33 4.38457e+21 6.57364e+33 7.76955e+21 1.16486e+34 9.14197e+21 1.37063e+34 
1.66382e+12 3.68043e+22 6.12356e+34 1.28398e+21 2.13630e+33 5.39908e+21 8.98309e+33 9.56723e+21 1.59181e+34 1.12572e+22 1.87299e+34 
1.84642e+12 4.53192e+22 8.36785e+34 1.58118e+21 2.91953e+33 6.64824e+21 1.22755e+34 1.17807e+22 2.17521e+34 1.38616e+22 2.55943e+34 
2.04907e+12 5.58031e+22 1.14345e+35 1.94717e+21 3.98990e+33 8.18628e+21 1.67743e+34 1.45060e+22 2.97238e+34 1.70682e+22 3.49740e+34 
2.27397e+12 6.87110e+22 1.56247e+35 2.39785e+21 5.45263e+33 1.00799e+22 2.29214e+34 1.78614e+22 4.06161e+34 2.10162e+22 4.77901e+34 
2.52354e+12 8.46029e+22 2.13499e+35 2.95282e+21 7.45156e+33 1.24114e+22 3.13207e+34 2.19924e+22 5.54988e+34 2.58768e+22 6.53012e+34 
2.80050e+12 1.04168e+23 2.91723e+35 3.63620e+21 1.01832e+34 1.52818e+22 4.27967e+34 2.70783e+22 7.58330e+34 3.18609e+22 8.92266e+34 
3.10787e+12 1.28254e+23 3.98597e+35 4.47769e+21 1.39161e+34 1.88155e+22 5.84761e+34 3.33395e+22 1.03615e+35 3.92278e+22 1.21915e+35 
3.44896e+12 1.57905e+23 5.44608e+35 5.51386e+21 1.90171e+34 2.31657e+22 7.98977e+34 4.10472e+22 1.41570e+35 4.82965e+22 1.66573e+35 
3.82749e+12 1.94405e+23 7.44082e+35 6.78971e+21 2.59876e+34 2.85209e+22 1.09163e+35 5.05352e+22 1.93423e+35 5.94599e+22 2.27582e+35 
4.24757e+12 2.39332e+23 1.01658e+36 8.36066e+21 3.55125e+34 3.51127e+22 1.49144e+35 6.22141e+22 2.64259e+35 7.32009e+22 3.10926e+35 
4.71375e+12 2.94632e+23 1.38882e+36 1.02949e+22 4.85277e+34 4.32264e+22 2.03759e+35 7.65890e+22 3.61022e+35 9.01137e+22 4.24774e+35 
5.23110e+12 3.62692e+23 1.89728e+36 1.26765e+22 6.63118e+34 5.32128e+22 2.78361e+35 9.42812e+22 4.93194e+35 1.10929e+23 5.80282e+35 
5.80523e+12 4.46452e+23 2.59176e+36 1.56086e+22 9.06115e+34 6.55032e+22 3.80261e+35 1.16055e+23 6.73723e+35 1.36546e+23 7.92682e+35 
6.44236e+12 5.49527e+23 3.54025e+36 1.92186e+22 1.23813e+35 8.06281e+22 5.19435e+35 1.42849e+23 9.20282e+35 1.68070e+23 1.08277e+36 
7.14943e+12 6.76358e+23 4.83557e+36 2.36629e+22 1.69176e+35 9.92396e+22 7.09507e+35 1.75818e+23 1.25700e+36 2.06858e+23 1.47892e+36 
7.93410e+12 8.32406e+23 6.60439e+36 2.91341e+22 2.31153e+35 1.22139e+23 9.69066e+35 2.16382e+23 1.71680e+36 2.54581e+23 2.01987e+36 
8.80488e+12 1.02438e+24 9.01955e+36 3.58694e+22 3.15826e+35 1.50313e+23 1.32349e+36 2.66285e+23 2.34461e+36 3.13290e+23 2.75848e+36 
9.77124e+12 1.26053e+24 1.23169e+37 4.41602e+22 4.31500e+35 1.84970e+23 1.80739e+36 3.27671e+23 3.20175e+36 3.85506e+23 3.76687e+36 
1.08437e+13 1.55097e+24 1.68182e+37 5.43655e+22 5.89521e+35 2.27599e+23 2.46800e+36 4.03170e+23 4.37183e+36 4.74323e+23 5.14340e+36 
1.20338e+13 1.90814e+24 2.29621e+37 6.69263e+22 8.05377e+35 2.80024e+23 3.36975e+36 4.96014e+23 5.96893e+36 5.83544e+23 7.02224e+36 
1.33545e+13 2.34729e+24 3.13469e+37 8.23856e+22 1.10022e+36 3.44488e+23 4.60047e+36 6.10171e+23 8.14853e+36 7.17831e+23 9.58629e+36 
1.48202e+13 2.88716e+24 4.27882e+37 1.01411e+23 1.50293e+36 4.23741e+23 6.27993e+36 7.50506e+23 1.11227e+37 8.82910e+23 1.30849e+37 
1.64468e+13 3.55069e+24 5.83974e+37 1.24822e+23 2.05292e+36 5.21158e+23 8.57136e+36 9.22990e+23 1.51802e+37 1.08580e+24 1.78578e+37 
1.82518e+13 4.36606e+24 7.96885e+37 1.53629e+23 2.80402e+36 6.40876e+23 1.16972e+37 1.13494e+24 2.07147e+37 1.33510e+24 2.43680e+37 
2.02550e+13 5.36774e+24 1.08724e+38 1.89072e+23 3.82965e+36 7.87967e+23 1.59603e+37 1.39532e+24 2.82622e+37 1.64135e+24 3.32456e+37 
2.24781e+13 6.59797e+24 1.48310e+38 2.32672e+23 5.23003e+36 9.68641e+23 2.17732e+37 1.71511e+24 3.85524e+37 2.01747e+24 4.53488e+37 
2.49451e+13 8.10846e+24 2.02266e+38 2.86304e+23 7.14187e+36 1.19050e+24 2.96972e+37 2.10775e+24 5.25780e+37 2.47924e+24 6.18448e+37 
2.76829e+13 9.96241e+24 2.75788e+38 3.52264e+23 9.75169e+36 1.46285e+24 4.04959e+37 2.58967e+24 7.16895e+37 3.04598e+24 8.43214e+37 
3.07211e+13 1.22371e+25 3.75937e+38 4.33376e+23 1.33138e+37 1.79706e+24 5.52077e+37 3.18095e+24 9.77224e+37 3.74128e+24 1.14936e+38 
3.40929e+13 1.50268e+25 5.12306e+38 5.33103e+23 1.81750e+37 2.20701e+24 7.52433e+37 3.90611e+24 1.33170e+38 4.59395e+24 1.56621e+38 
3.78346e+13 1.84466e+25 6.97919e+38 6.55694e+23 2.48079e+37 2.70966e+24 1.02519e+38 4.79504e+24 1.81419e+38 5.63911e+24 2.13354e+38 
4.19871e+13 2.26366e+25 9.50443e+38 8.06361e+23 3.38567e+37 3.32565e+24 1.39634e+38 5.88418e+24 2.47060e+38 6.91955e+24 2.90532e+38 
4.65953e+13 2.77673e+25 1.29383e+39 9.91491e+23 4.61988e+37 4.08014e+24 1.90115e+38 7.21786e+24 3.36318e+38 8.48733e+24 3.95470e+38 
5.17092e+13 3.40461e+25 1.76050e+39 1.21891e+24 6.30289e+37 5.00370e+24 2.58737e+38 8.84994e+24 4.57623e+38 1.04057e+25 5.38070e+38 
5.73844e+13 4.17244e+25 2.39433e+39 1.49820e+24 8.59734e+37 6.13347e+24 3.51966e+38 1.08458e+25 6.22380e+38 1.27513e+25 7.31728e+38 
6.36825e+13 5.11068e+25 3.25461e+39 1.84109e+24 1.17245e+38 7.51446e+24 4.78540e+38 1.32846e+25 8.45995e+38 1.56172e+25 9.94540e+38 
7.06718e+13 6.25615e+25 4.42134e+39 2.26190e+24 1.59853e+38 9.20112e+24 6.50260e+38 1.62620e+25 1.14927e+39 1.91154e+25 1.35092e+39 
7.84282e+13 7.65328e+25 6.00233e+39 2.77815e+24 2.17885e+38 1.12592e+25 8.83041e+38 1.98935e+25 1.56021e+39 2.33814e+25 1.83376e+39 
8.70359e+13 9.35550e+25 8.14265e+39 3.41121e+24 2.96898e+38 1.37680e+25 1.19831e+39 2.43181e+25 2.11654e+39 2.85780e+25 2.48731e+39 
9.65883e+13 1.14270e+26 1.10371e+40 4.18715e+24 4.04430e+38 1.68226e+25 1.62487e+39 2.97023e+25 2.86890e+39 3.49005e+25 3.37098e+39 
1.07189e+14 1.39445e+26 1.49469e+40 5.13768e+24 5.50704e+38 2.05372e+25 2.20137e+39 3.62458e+25 3.88515e+39 4.25823e+25 4.56436e+39 
1.18953e+14 1.69994e+26 2.02214e+40 6.30142e+24 7.49576e+38 2.50479e+25 2.97954e+39 4.41862e+25 5.25610e+39 5.19015e+25 6.17386e+39 
1.32009e+14 2.07006e+26 2.73266e+40 7.72524e+24 1.01980e+39 3.05169e+25 4.02851e+39 5.38059e+25 7.10286e+39 6.31884e+25 8.34142e+39 
1.46497e+14 2.51763e+26 3.68826e+40 9.46596e+24 1.38674e+39 3.71363e+25 5.44036e+39 6.54389e+25 9.58661e+39 7.68326e+25 1.12558e+40 
1.62576e+14 3.05778e+26 4.97121e+40 1.15924e+25 1.88464e+39 4.51325e+25 7.33744e+39 7.94778e+25 1.29211e+40 9.32925e+25 1.51671e+40 
1.80419e+14 3.70819e+26 6.69026e+40 1.41875e+25 2.55970e+39 5.47713e+25 9.88177e+39 9.63819e+25 1.73891e+40 1.13103e+26 2.04059e+40 
2.00220e+14 4.48938e+26 8.98864e+40 1.73515e+25 3.47413e+39 6.63628e+25 1.32872e+40 1.16685e+26 2.33627e+40 1.36885e+26 2.74072e+40 
2.22195e+14 5.42505e+26 1.20542e+41 2.12046e+25 4.71155e+39 8.02658e+25 1.78346e+40 1.41002e+26 3.13300e+40 1.65354e+26 3.67408e+40 
2.46581e+14 6.54231e+26 1.61321e+41 2.58908e+25 6.38418e+39 9.68930e+25 2.38920e+40 1.70038e+26 4.19282e+40 1.99325e+26 4.91499e+40 
2.73644e+14 7.87183e+26 2.15408e+41 3.15820e+25 8.64222e+39 1.16715e+26 3.19382e+40 2.04590e+26 5.59848e+40 2.39721e+26 6.55983e+40 
3.03677e+14 9.44800e+26 2.86914e+41 3.84826e+25 1.16863e+40 1.40261e+26 4.25940e+40 2.45550e+26 7.45680e+40 2.87571e+26 8.73287e+40 
3.37006e+14 1.13088e+27 3.81115e+41 4.68344e+25 1.57835e+40 1.68123e+26 5.66587e+40 2.93907e+26 9.90486e+40 3.44008e+26 1.15933e+41 
3.73994e+14 1.34957e+27 5.04732e+41 5.69221e+25 2.12885e+40 2.00954e+26 7.51555e+40 3.50736e+26 1.31173e+41 4.10264e+26 1.53436e+41 
4.15040e+14 1.60531e+27 6.66268e+41 6.90786e+25 2.86704e+40 2.39460e+26 9.93855e+40 4.17190e+26 1.73151e+41 4.87647e+26 2.02393e+41 
4.60592e+14 1.90276e+27 8.76394e+41 8.36903e+25 3.85471e+40 2.84397e+26 1.30991e+41 4.94480e+26 2.27754e+41 5.77525e+26 2.66004e+41 
5.11143e+14 2.24670e+27 1.14839e+42 1.01202e+26 5.17288e+40 3.36557e+26 1.72029e+41 5.83851e+26 2.98431e+41 6.81287e+26 3.48235e+41 
5.67243e+14 2.64194e+27 1.49862e+42 1.22121e+26 6.92720e+40 3.96757e+26 2.25057e+41 6.86548e+26 3.89439e+41 8.00305e+26 4.53967e+41 
6.29499e+14 3.09313e+27 1.94712e+42 1.47016e+26 9.25462e+40 4.65815e+26 2.93230e+41 8.03781e+26 5.05979e+41 9.35892e+26 5.89143e+41 
6.98588e+14 3.60465e+27 2.51816e+42 1.76518e+26 1.23313e+41 5.44536e+26 3.80406e+41 9.36686e+26 6.54357e+41 1.08924e+27 7.60933e+41 
7.75260e+14 4.18041e+27 3.24091e+42 2.11312e+26 1.63822e+41 6.33690e+26 4.91274e+41 1.08628e+27 8.42152e+41 1.26140e+27 9.77914e+41 
8.60346e+14 4.82377e+27 4.15011e+42 2.52122e+26 2.16912e+41 7.33988e+26 6.31484e+41 1.25344e+27 1.07840e+42 1.45320e+27 1.25025e+42 
9.54772e+14 5.53732e+27 5.28687e+42 2.99689e+26 2.86134e+41 8.46059e+26 8.07793e+41 1.43884e+27 1.37377e+42 1.66522e+27 1.58991e+42 
1.05956e+15 6.32276e+27 6.69934e+42 3.54731e+26 3.75859e+41 9.70415e+26 1.02821e+42 1.64292e+27 1.74078e+42 1.89776e+27 2.01079e+42 
1.17585e+15 7.18058e+27 8.44328e+42 4.17895e+26 4.91381e+41 1.10740e+27 1.30213e+42 1.86581e+27 2.19391e+42 2.15070e+27 2.52890e+42 
1.30490e+15 8.10953e+27 1.05821e+43 4.89682e+26 6.38987e+41 1.25708e+27 1.64037e+42 2.10716e+27 2.74964e+42 2.42342e+27 3.16232e+42 
1.44812e+15 9.10578e+27 1.31862e+43 5.70356e+26 8.25943e+41 1.41914e+27 2.05508e+42 2.36596e+27 3.42620e+42 2.71448e+27 3.93088e+42 
1.60705e+15 1.01616e+28 1.63302e+43 6.59827e+26 1.06038e+42 1.59258e+27 2.55935e+42 2.64015e+27 4.24286e+42 3.02126e+27 4.85532e+42 
1.78343e+15 1.12633e+28 2.00873e+43 7.57511e+26 1.35097e+42 1.77547e+27 3.16643e+42 2.92612e+27 5.21853e+42 3.33939e+27 5.95558e+42 
1.97917e+15 1.23894e+28 2.45207e+43 8.62186e+26 1.70641e+42 1.96459e+27 3.88825e+42 3.21815e+27 6.36925e+42 3.66212e+27 7.24794e+42 
2.19639e+15 1.35082e+28 2.96692e+43 9.71830e+26 2.13451e+42 2.15503e+27 4.73327e+42 3.50783e+27 7.70454e+42 3.97962e+27 8.74079e+42 
2.43744e+15 1.45762e+28 3.55287e+43 1.08349e+27 2.64095e+42 2.33994e+27 5.70347e+42 3.78366e+27 9.22246e+42 4.27865e+27 1.04290e+43 
2.70496e+15 1.55382e+28 4.20301e+43 1.19322e+27 3.22760e+42 2.51049e+27 6.79079e+42 4.03100e+27 1.09037e+43 4.54243e+27 1.22871e+43 
3.00184e+15 1.63287e+28 4.90161e+43 1.29603e+27 3.89048e+42 2.65609e+27 7.97316e+42 4.23259e+27 1.27055e+43 4.75139e+27 1.42629e+43 
3.33129e+15 1.68769e+28 5.62218e+43 1.38614e+27 4.61764e+42 2.76504e+27 9.21117e+42 4.36973e+27 1.45569e+43 4.88453e+27 1.62718e+43 
3.69691e+15 1.71133e+28 6.32662e+43 1.45719e+27 5.38710e+42 2.82561e+27 1.04460e+43 4.42419e+27 1.63558e+43 4.92169e+27 1.81950e+43 
4.10266e+15 1.69793e+28 6.96603e+43 1.50283e+27 6.16560e+42 2.82749e+27 1.16002e+43 4.38072e+27 1.79726e+43 4.84649e+27 1.98835e+43 
4.55294e+15 1.64378e+28 7.48401e+43 1.51739e+27 6.90856e+42 2.76345e+27 1.25818e+43 4.22989e+27 1.92584e+43 4.64958e+27 2.11692e+43 
5.05263e+15 1.54827e+28 7.82282e+43 1.49664e+27 7.56197e+42 2.63097e+27 1.32933e+43 3.97069e+27 2.00624e+43 4.33158e+27 2.18859e+43 
5.60717e+15 1.41459e+28 7.93186e+43 1.43858e+27 8.06636e+42 2.43339e+27 1.36444e+43 3.61234e+27 2.02550e+43 3.90508e+27 2.18964e+43 
6.22257e+15 1.24988e+28 7.77748e+43 1.34391e+27 8.36259e+42 2.18028e+27 1.35670e+43 3.17460e+27 1.97542e+43 3.39475e+27 2.11241e+43 
6.90551e+15 1.06459e+28 7.35155e+43 1.21624e+27 8.39877e+42 1.88669e+27 1.30285e+43 2.68600e+27 1.85482e+43 2.83521e+27 1.95786e+43 
7.66341e+15 8.71197e+27 6.67634e+43 1.06176e+27 8.13669e+42 1.57120e+27 1.20407e+43 2.18023e+27 1.67080e+43 2.26644e+27 1.73687e+43 
8.50449e+15 6.82359e+27 5.80312e+43 8.88574e+26 7.55687e+42 1.25332e+27 1.06588e+43 1.69099e+27 1.43810e+43 1.72775e+27 1.46936e+43 
9.43788e+15 5.09023e+27 4.80410e+43 7.05811e+26 6.66136e+42 9.50615e+26 8.97179e+42 1.24685e+27 1.17676e+43 1.25148e+27 1.18113e+43 
1.04737e+16 3.58940e+27 3.75944e+43 5.22738e+26 5.47500e+42 6.76607e+26 7.08659e+42 8.67259e+26 9.08342e+42 8.58329e+26 8.98989e+42 
1.16232e+16 2.36009e+27 2.74319e+43 3.48107e+26 4.04613e+42 4.39796e+26 5.11184e+42 5.60967e+26 6.52024e+42 5.55447e+26 6.45608e+42 
1.28989e+16 1.40535e+27 1.81274e+43 1.89719e+26 2.44717e+42 2.44006e+26 3.14741e+42 3.26993e+26 4.21785e+42 3.37777e+26 4.35695e+42 
1.43146e+16 7.01832e+26 1.00464e+43 5.41132e+25 7.74608e+41 8.95677e+25 1.28212e+42 1.57550e+26 2.25527e+42 1.91850e+26 2.74626e+42 
1.58857e+16 2.12025e+26 3.36815e+42 -5.37906e+25 -8.54498e+41 -2.53365e+25 -4.02487e+41 4.15756e+25 6.60455e+41 1.00521e+26 1.59684e+42 
1.76291e+16 -1.05268e+26 -1.85578e+42 -1.31136e+26 -2.31181e+42 -1.03735e+26 -1.82876e+42 -3.23313e+25 -5.69974e+41 4.70948e+25 8.30241e+41 
1.95640e+16 -2.88499e+26 -5.64419e+42 -1.77563e+26 -3.47385e+42 -1.49520e+26 -2.92521e+42 -7.42452e+25 -1.45253e+42 1.78836e+25 3.49875e+41 
2.17112e+16 -3.71076e+26 -8.05650e+42 -1.95412e+26 -4.24263e+42 -1.67496e+26 -3.63653e+42 -9.24793e+25 -2.00784e+42 3.05068e+24 6.62339e+40 
2.40940e+16 -3.81584e+26 -9.19390e+42 -1.89494e+26 -4.56568e+42 -1.63436e+26 -3.93784e+42 -9.38664e+25 -2.26162e+42 -3.75532e+24 -9.04807e+40 
2.67384e+16 -3.44685e+26 -9.21634e+42 -1.66410e+26 -4.44954e+42 -1.43880e+26 -3.84712e+42 -8.41885e+25 -2.25107e+42 -6.30107e+24 -1.68481e+41 
2.96730e+16 -2.81553e+26 -8.35454e+42 -1.33524e+26 -3.96205e+42 -1.15575e+26 -3.42947e+42 -6.84108e+25 -2.02995e+42 -6.68691e+24 -1.98421e+41 
3.29297e+16 -2.09585e+26 -6.90156e+42 -9.78166e+25 -3.22107e+42 -8.47235e+25 -2.78992e+42 -5.06531e+25 -1.66799e+42 -6.04332e+24 -1.99005e+41 
3.65438e+16 -1.41738e+26 -5.17965e+42 -6.48826e+25 -2.37106e+42 -5.62281e+25 -2.05479e+42 -3.40156e+25 -1.24306e+42 -4.97466e+24 -1.81793e+41 
4.05546e+16 -8.60484e+25 -3.48966e+42 -3.82779e+25 -1.55235e+42 -3.31930e+25 -1.34613e+42 -2.04296e+25 -8.28515e+41 -3.80965e+24 -1.54499e+41 
4.50056e+16 -4.57581e+25 -2.05937e+42 -1.93711e+25 -8.71806e+41 -1.68142e+25 -7.56735e+41 -1.06637e+25 -4.79928e+41 -2.72925e+24 -1.22831e+41 
4.99451e+16 -2.02165e+25 -1.00972e+42 -7.69323e+24 -3.84239e+41 -6.69211e+24 -3.34238e+41 -4.53401e+24 -2.26452e+41 -1.82705e+24 -9.12520e+40 
5.54266e+16 -6.35319e+24 -3.52136e+41 -1.63571e+24 -9.06617e+40 -1.43695e+24 -7.96455e+40 -1.26439e+24 -7.00808e+40 -1.13779e+24 -6.30641e+40 
6.15099e+16 -2.69036e+23 -1.65484e+40 7.70151e+23 4.73719e+40 6.54262e+23 4.02436e+40 1.18472e+23 7.28720e+39 -6.54859e+23 -4.02803e+40 
6.82607e+16 1.52314e+24 1.03970e+41 1.24615e+24 8.50632e+40 1.07204e+24 7.31779e+40 4.77878e+23 3.26203e+40 -3.45514e+23 -2.35850e+40 
7.57525e+16 1.47121e+24 1.11448e+41 9.70131e+23 7.34898e+40 8.36522e+23 6.33686e+40 4.13576e+23 3.13294e+40 -1.65516e+23 -1.25383e+40 
8.40665e+16 9.33506e+23 7.84766e+40 5.68199e+23 4.77665e+40 4.90426e+23 4.12284e+40 2.52606e+23 2.12357e+40 -7.11965e+22 -5.98525e+39 
9.32930e+16 4.67796e+23 4.36421e+40 2.72645e+23 2.54359e+40 2.35456e+23 2.19664e+40 1.24053e+23 1.15733e+40 -2.71558e+22 -2.53345e+39 
1.03532e+17 1.94237e+23 2.01098e+40 1.10011e+23 1.13897e+40 9.50406e+22 9.83976e+39 5.08338e+22 5.26294e+39 -9.05599e+21 -9.37587e+38 
1.14895e+17 6.77572e+22 7.78497e+39 3.75603e+22 4.31549e+39 3.24582e+22 3.72928e+39 1.75601e+22 2.01756e+39 -2.59936e+21 -2.98654e+38 
1.27505e+17 1.98567e+22 2.53183e+39 1.08158e+22 1.37906e+39 9.34883e+21 1.19202e+39 5.10594e+21 6.51033e+38 -6.31086e+20 -8.04667e+37 
1.41499e+17 4.85117e+21 6.86436e+38 2.60283e+21 3.68299e+38 2.25032e+21 3.18418e+38 1.23932e+21 1.75363e+38 -1.27113e+20 -1.79864e+37 
1.57029e+17 9.75362e+20 1.53160e+38 5.16423e+20 8.10934e+37 4.46576e+20 7.01253e+37 2.47809e+20 3.89133e+37 -2.07868e+19 -3.26413e+36 
1.74263e+17 1.58658e+20 2.76483e+37 8.30276e+19 1.44687e+37 7.18128e+19 1.25143e+37 4.01260e+19 6.99248e+36 -2.69355e+18 -4.69387e+35 
1.93389e+17 2.04538e+19 3.95554e+36 1.05952e+19 2.04899e+36 9.16590e+18 1.77258e+36 5.15371e+18 9.96672e+35 -2.69033e+17 -5.20281e+34 
2.14614e+17 2.04031e+18 4.37879e+35 1.04775e+18 2.24861e+35 9.06579e+17 1.94565e+35 5.12598e+17 1.10011e+35 -2.00596e+16 -4.30508e+33 
2.38169e+17 1.53254e+17 3.65003e+34 7.81350e+16 1.86093e+34 6.76193e+16 1.61048e+34 3.84195e+16 9.15032e+33 -1.07451e+15 -2.55914e+32 
2.64308e+17 8.40755e+15 2.22218e+33 4.26183e+15 1.12644e+33 3.68884e+15 9.74991e+32 2.10452e+15 5.56242e+32 -3.93714e+13 -1.04062e+31 
2.93317e+17 3.25606e+14 9.55056e+31 1.64319e+14 4.81974e+31 1.42246e+14 4.17231e+31 8.14252e+13 2.38834e+31 -9.18950e+11 -2.69543e+29 
3.25509e+17 8.57159e+12 2.79013e+30 4.31151e+12 1.40343e+30 3.73277e+12 1.21505e+30 2.14238e+12 6.97363e+29 -1.19080e+10 -3.87615e+27 
3.61234e+17 1.47081e+11 5.31306e+28 7.38105e+10 2.66629e+28 6.39087e+10 2.30860e+28 3.67528e+10 1.32764e+28 -4.84559e+07 -1.75039e+25 
4.00881e+17 1.57031e+09 6.29507e+26 7.86819e+08 3.15421e+26 6.81314e+08 2.73126e+26 3.92378e+08 1.57297e+26 6.63214e+05 2.65870e+23 
4.44878e+17 9.91174e+06 4.40952e+24 4.96147e+06 2.20725e+24 4.29640e+06 1.91137e+24 2.47681e+06 1.10188e+24 9.37070e+03 4.16882e+21 
4.93705e+17 3.50503e+04 1.73045e+22 1.75337e+04 8.65649e+21 1.51839e+04 7.49637e+21 8.75898e+03 4.32435e+21 4.83495e+01 2.38704e+19 
5.47890e+17 6.67595e+01 3.65769e+19 3.33736e+01 1.82851e+19 2.89016e+01 1.58349e+19 1.66789e+01 9.13822e+18 1.51091e-01 8.27815e+16 
6.08022e+17 7.54469e-02 4.58734e+16 3.76354e-02 2.28832e+16 3.25929e-02 1.98172e+16 1.88138e-02 1.14392e+16 4.80439e-04 2.92118e+14 
6.74754e+17 9.05648e-05 6.11090e+13 4.49549e-05 3.03335e+13 3.89320e-05 2.62695e+13 2.24759e-05 1.51657e+13 1.48499e-06 1.00200e+12 
7.48810e+17 1.38895e-07 1.04006e+11 6.88141e-08 5.15287e+10 5.95947e-08 4.46252e+10 3.44061e-08 2.57636e+10 2.85984e-09 2.14148e+09 
8.30994e+17 1.38060e-10 1.14727e+08 6.84133e-11 5.68511e+07 5.92477e-11 4.92345e+07 3.42063e-11 2.84252e+07 2.84361e-12 2.36302e+06 
9.22198e+17 6.82939e-14 6.29805e+04 3.38607e-14 3.12263e+04 2.93242e-14 2.70427e+04 1.69303e-14 1.56131e+04 1.36150e-15 1.25558e+03 
1.02341e+18 1.57559e-17 1.61248e+01 7.81727e-18 8.00028e+00 6.76996e-18 6.92845e+00 3.90863e-18 4.00014e+00 3.00562e-19 3.07598e-01 
1.13573e+18 1.61803e-21 1.83765e-03 8.03323e-22 9.12360e-04 6.95698e-22 7.90127e-04 4.01661e-22 4.56180e-04 2.94683e-23 3.34681e-05 
1.26038e+18 6.87397e-26 8.66384e-08 3.41438e-26 4.30342e-08 2.95694e-26 3.72687e-08 1.70719e-26 2.15171e-08 1.21003e-27 1.52511e-09 
1.39871e+18 1.07414e-30 1.50241e-12 5.33611e-31 7.46369e-13 4.62121e-31 6.46374e-13 2.66806e-31 3.73184e-13 1.86826e-32 2.61316e-14 
1.55223e+18 5.32999e-36 8.27335e-18 2.64737e-36 4.10931e-18 2.29269e-36 3.55877e-18 1.32368e-36 2.05466e-18 9.36718e-38 1.45400e-19 
1.72259e+18 7.25904e-42 1.25043e-23 3.60353e-42 6.20739e-24 3.12075e-42 5.37576e-24 1.80177e-42 3.10370e-24 1.32066e-43 2.27495e-25 
1.91164e+18 2.43512e-48 4.65508e-30 1.20729e-48 2.30791e-30 1.04554e-48 1.99870e-30 6.03644e-49 1.15395e-30 4.77993e-50 9.13752e-32 
2.12145e+18 1.99837e-55 4.23945e-37 9.88126e-56 2.09626e-37 8.55742e-56 1.81542e-37 4.94063e-56 1.04813e-37 4.50482e-57 9.55676e-39 
2.35429e+18 4.29501e-63 1.01117e-44 2.11696e-63 4.98394e-45 1.83335e-63 4.31622e-45 1.05848e-63 2.49197e-45 1.11637e-64 2.62825e-46 
2.61268e+18 2.01461e-71 5.26353e-53 9.91349e-72 2.59007e-53 8.58533e-72 2.24307e-53 4.95675e-72 1.29504e-53 5.58961e-73 1.46038e-54 
2.89942e+18 1.35764e-80 3.93639e-62 6.67761e-81 1.93612e-62 5.78298e-81 1.67673e-62 3.33880e-81 9.68061e-63 3.83126e-82 1.11084e-63 
3.21764e+18 9.25079e-91 2.97657e-72 4.54919e-91 1.46377e-72 3.93972e-91 1.26766e-72 2.27460e-91 7.31884e-73 2.62542e-92 8.44766e-74 
3.57079e+18 4.81940e-102 1.72090e-83 2.36935e-102 8.46043e-84 2.05192e-102 7.32695e-84 1.18467e-102 4.23022e-84 1.37806e-103 4.92075e-85 
3.96269e+18 1.48182e-114 5.87198e-96 7.28054e-115 2.88505e-96 6.30513e-115 2.49853e-96 3.64027e-115 1.44253e-96 4.30716e-116 1.70679e-97 
4.39760e+18 2.12129e-128 9.32859e-110 1.04091e-128 4.57752e-110 9.01456e-129 3.96425e-110 5.20456e-129 2.28876e-110 6.37354e-130 2.80283e-111 
4.88025e+18 1.16695e-143 5.69501e-125 5.71488e-144 2.78901e-125 4.94923e-144 2.41535e-125 2.85744e-144 1.39450e-125 3.68076e-145 1.79630e-126 
5.41587e+18 3.70691e-160 2.00762e-141 1.81643e-160 9.83753e-142 1.57307e-160 8.51955e-142 9.08209e-161 4.91874e-142 1.14149e-161 6.18216e-143 
6.01028e+18 3.87297e-177 2.32776e-158 1.90706e-177 1.14619e-158 1.65156e-177 9.92632e-159 9.53526e-178 5.73096e-159 1.04327e-178 6.27032e-160 
6.66992e+18 1.24145e-195 8.28036e-177 6.11918e-196 4.08145e-177 5.29937e-196 3.53464e-177 3.05959e-196 2.04072e-177 3.25554e-197 2.17142e-178 
7.40196e+18 4.66308e-216 3.45159e-197 2.29576e-216 1.69931e-197 1.98819e-216 1.47165e-197 1.14788e-216 8.49656e-198 1.27001e-217 9.40057e-199 
8.21434e+18 1.95417e-238 1.60522e-219 9.58801e-239 7.87592e-220 8.30346e-239 6.82075e-220 4.79400e-239 3.93796e-220 5.87531e-240 4.82618e-221 
9.11589e+18 6.38856e-263 5.82374e-244 3.12877e-263 2.85215e-244 2.70959e-263 2.47003e-244 1.56438e-263 1.42608e-244 2.01732e-264 1.83897e-245 
1.01164e+19 5.53847e-290 5.60293e-271 2.71180e-290 2.74336e-271 2.34849e-290 2.37582e-271 1.35590e-290 1.37168e-271 1.76013e-291 1.78061e-272 
1.12267e+19 5.20004e-320 5.83785e-301 2.54592e-320 2.85845e-301 2.20501e-320 2.47551e-301 1.27321e-320 1.42923e-301 1.65018e-321 1.85316e-302 
1.24588e+19 0.00000e+00 0.00000e+00 0.00000e+00 0.00000e+00 0.00000e+00 0.00000e+00 0.00000e+00 0.00000e+00 0.00000e+00 0.00000e+00 
1.38262e+19 0.00000e+00 0.00000e+00 0.00000e+00 0.00000e+00 0.00000e+00 0.00000e+00 0.00000e+00 0.00000e+00 0.00000e+00 0.00000e+00 
1.53437e+19 0.00000e+00 0.00000e+00 0.00000e+00 0.00000e+00 0.00000e+00 0.00000e+00 0.00000e+00 0.00000e+00 0.00000e+00 0.00000e+00 
1.70277e+19 0.00000e+00 0.00000e+00 0.00000e+00 0.00000e+00 0.00000e+00 0.00000e+00 0.00000e+00 0.00000e+00 0.00000e+00 0.00000e+00 
1.88965e+19 0.00000e+00 0.00000e+00 0.00000e+00 0.00000e+00 0.00000e+00 0.00000e+00 0.00000e+00 0.00000e+00 0.00000e+00 0.00000e+00 
2.09705e+19 0.00000e+00 0.00000e+00 0.00000e+00 0.00000e+00 0.00000e+00 0.00000e+00 0.00000e+00 0.00000e+00 0.00000e+00 0.00000e+00 
2.32720e+19 0.00000e+00 0.00000e+00 0.00000e+00 0.00000e+00 0.00000e+00 0.00000e+00 0.00000e+00 0.00000e+00 0.00000e+00 0.00000e+00 
2.58262e+19 0.00000e+00 0.00000e+00 0.00000e+00 0.00000e+00 0.00000e+00 0.00000e+00 0.00000e+00 0.00000e+00 0.00000e+00 0.00000e+00 
2.86607e+19 0.00000e+00 0.00000e+00 0.00000e+00 0.00000e+00 0.00000e+00 0.00000e+00 0.00000e+00 0.00000e+00 0.00000e+00 0.00000e+00 
3.18063e+19 0.00000e+00 0.00000e+00 0.00000e+00 0.00000e+00 0.00000e+00 0.00000e+00 0.00000e+00 0.00000e+00 0.00000e+00 0.00000e+00 
3.52971e+19 0.00000e+00 0.00000e+00 0.00000e+00 0.00000e+00 0.00000e+00 0.00000e+00 0.00000e+00 0.00000e+00 0.00000e+00 0.00000e+00 
3.91710e+19 0.00000e+00 0.00000e+00 0.00000e+00 0.00000e+00 0.00000e+00 0.00000e+00 0.00000e+00 0.00000e+00 0.00000e+00 0.00000e+00 
4.34701e+19 0.00000e+00 0.00000e+00 0.00000e+00 0.00000e+00 0.00000e+00 0.00000e+00 0.00000e+00 0.00000e+00 0.00000e+00 0.00000e+00 
4.82411e+19 0.00000e+00 0.00000e+00 0.00000e+00 0.00000e+00 0.00000e+00 0.00000e+00 0.00000e+00 0.00000e+00 0.00000e+00 0.00000e+00 
5.35357e+19 0.00000e+00 0.00000e+00 0.00000e+00 0.00000e+00 0.00000e+00 0.00000e+00 0.00000e+00 0.00000e+00 0.00000e+00 0.00000e+00 
5.94113e+19 0.00000e+00 0.00000e+00 0.00000e+00 0.00000e+00 0.00000e+00 0.00000e+00 0.00000e+00 0.00000e+00 0.00000e+00 0.00000e+00 
6.59319e+19 0.00000e+00 0.00000e+00 0.00000e+00 0.00000e+00 0.00000e+00 0.00000e+00 0.00000e+00 0.00000e+00 0.00000e+00 0.00000e+00 
7.31681e+19 0.00000e+00 0.00000e+00 0.00000e+00 0.00000e+00 0.00000e+00 0.00000e+00 0.00000e+00 0.00000e+00 0.00000e+00 0.00000e+00 
8.11984e+19 0.00000e+00 0.00000e+00 0.00000e+00 0.00000e+00 0.00000e+00 0.00000e+00 0.00000e+00 0.00000e+00 0.00000e+00 0.00000e+00 
9.01102e+19 0.00000e+00 0.00000e+00 0.00000e+00 0.00000e+00 0.00000e+00 0.00000e+00 0.00000e+00 0.00000e+00 0.00000e+00 0.00000e+00 
1.00000e+20 0.00000e+00 0.00000e+00 0.00000e+00 0.00000e+00 0.00000e+00 0.00000e+00 0.00000e+00 0.00000e+00 0.00000e+00 0.00000e+00 
