1.00000e+11 7.99028e+20 7.99028e+31 1.83183e+20 1.83183e+31 1.93566e+20 1.93566e+31 2.03671e+20 2.03671e+31 2.09704e+20 2.09704e+31 
1.10975e+11 9.84039e+20 1.09204e+32 2.25598e+20 2.50358e+31 2.38385e+20 2.64548e+31 2.50830e+20 2.78360e+31 2.58260e+20 2.86605e+31 
1.23155e+11 1.21189e+21 1.49250e+32 2.77834e+20 3.42167e+31 2.93582e+20 3.61561e+31 3.08908e+20 3.80436e+31 3.18058e+20 3.91705e+31 
1.36672e+11 1.49249e+21 2.03981e+32 3.42165e+20 4.67643e+31 3.61558e+20 4.94148e+31 3.80434e+20 5.19945e+31 3.91702e+20 5.35346e+31 
1.51672e+11 1.83806e+21 2.78782e+32 4.21391e+20 6.39131e+31 4.45275e+20 6.75356e+31 4.68520e+20 7.10612e+31 4.82397e+20 7.31660e+31 
1.68318e+11 2.26365e+21 3.81013e+32 5.18961e+20 8.73505e+31 5.48374e+20 9.23013e+31 5.77001e+20 9.71197e+31 5.94092e+20 9.99963e+31 
1.86791e+11 2.78777e+21 5.20732e+32 6.39122e+20 1.19383e+32 6.75345e+20 1.26149e+32 7.10600e+20 1.32734e+32 7.31647e+20 1.36665e+32 
2.07292e+11 3.43325e+21 7.11686e+32 7.87105e+20 1.63161e+32 8.31714e+20 1.72408e+32 8.75131e+20 1.81408e+32 9.01051e+20 1.86781e+32 
2.30043e+11 4.22817e+21 9.72662e+32 9.69351e+20 2.22992e+32 1.02429e+21 2.35630e+32 1.07776e+21 2.47930e+32 1.10968e+21 2.55273e+32 
2.55291e+11 5.20715e+21 1.32934e+33 1.19379e+21 3.04764e+32 1.26145e+21 3.22036e+32 1.32729e+21 3.38846e+32 1.36661e+21 3.48882e+32 
2.83310e+11 6.41277e+21 1.81680e+33 1.47020e+21 4.16522e+32 1.55352e+21 4.40126e+32 1.63461e+21 4.63100e+32 1.68302e+21 4.76816e+32 
3.14404e+11 7.89754e+21 2.48301e+33 1.81060e+21 5.69260e+32 1.91321e+21 6.01520e+32 2.01307e+21 6.32917e+32 2.07269e+21 6.51662e+32 
3.48910e+11 9.72605e+21 3.39352e+33 2.22982e+21 7.78006e+32 2.35618e+21 8.22094e+32 2.47916e+21 8.65003e+32 2.55258e+21 8.90621e+32 
3.87204e+11 1.19779e+22 4.63789e+33 2.74609e+21 1.06330e+33 2.90170e+21 1.12355e+33 3.05315e+21 1.18219e+33 3.14357e+21 1.21720e+33 
4.29700e+11 1.47511e+22 6.33855e+33 3.38189e+21 1.45320e+33 3.57353e+21 1.53555e+33 3.76003e+21 1.61569e+33 3.87138e+21 1.66353e+33 
4.76861e+11 1.81663e+22 8.66280e+33 4.16489e+21 1.98608e+33 4.40089e+21 2.09861e+33 4.63056e+21 2.20813e+33 4.76769e+21 2.27352e+33 
5.29198e+11 2.23721e+22 1.18393e+34 5.12917e+21 2.71435e+33 5.41979e+21 2.86814e+33 5.70262e+21 3.01782e+33 5.87149e+21 3.10718e+33 
5.87279e+11 2.75516e+22 1.61805e+34 6.31669e+21 3.70965e+33 6.67457e+21 3.91983e+33 7.02287e+21 4.12438e+33 7.23082e+21 4.24651e+33 
6.51734e+11 3.39302e+22 2.21134e+34 7.77912e+21 5.06992e+33 8.21984e+21 5.35715e+33 8.64875e+21 5.63668e+33 8.90483e+21 5.80358e+33 
7.23263e+11 4.17853e+22 3.02218e+34 9.58010e+21 6.92894e+33 1.01228e+22 7.32147e+33 1.06510e+22 7.70347e+33 1.09664e+22 7.93156e+33 
8.02643e+11 5.14587e+22 4.13030e+34 1.17980e+22 9.46959e+33 1.24663e+22 1.00060e+34 1.31167e+22 1.05281e+34 1.35051e+22 1.08398e+34 
8.90735e+11 6.33712e+22 5.64470e+34 1.45293e+22 1.29418e+34 1.53523e+22 1.36749e+34 1.61532e+22 1.43882e+34 1.66314e+22 1.48142e+34 
9.88496e+11 7.80412e+22 7.71434e+34 1.78929e+22 1.76871e+34 1.89063e+22 1.86888e+34 1.98925e+22 1.96637e+34 2.04814e+22 2.02458e+34 
1.09699e+12 9.61065e+22 1.05428e+35 2.20351e+22 2.41721e+34 2.32830e+22 2.55411e+34 2.44974e+22 2.68733e+34 2.52225e+22 2.76687e+34 
1.21738e+12 1.18353e+23 1.44081e+35 2.71360e+22 3.30349e+34 2.86727e+22 3.49056e+34 3.01680e+22 3.67260e+34 3.10609e+22 3.78130e+34 
1.35099e+12 1.45748e+23 1.96905e+35 3.34176e+22 4.51469e+34 3.53098e+22 4.77032e+34 3.71509e+22 5.01907e+34 3.82505e+22 5.16761e+34 
1.49927e+12 1.79483e+23 2.69094e+35 4.11530e+22 6.16993e+34 4.34829e+22 6.51925e+34 4.57499e+22 6.85914e+34 4.71038e+22 7.06213e+34 
1.66382e+12 2.21025e+23 3.67746e+35 5.06786e+22 8.43199e+34 5.35475e+22 8.90932e+34 5.63388e+22 9.37374e+34 5.80059e+22 9.65111e+34 
1.84642e+12 2.72180e+23 5.02559e+35 6.24087e+22 1.15233e+35 6.59411e+22 1.21755e+35 6.93779e+22 1.28101e+35 7.14305e+22 1.31891e+35 
2.04907e+12 3.35170e+23 6.86788e+35 7.68533e+22 1.57478e+35 8.12025e+22 1.66390e+35 8.54338e+22 1.75060e+35 8.79612e+22 1.80239e+35 
2.27397e+12 4.12733e+23 9.38541e+35 9.46402e+22 2.15209e+35 9.99950e+22 2.27385e+35 1.05204e+23 2.39231e+35 1.08316e+23 2.46307e+35 
2.52354e+12 5.08240e+23 1.28256e+36 1.16543e+23 2.94100e+35 1.23135e+23 3.10737e+35 1.29549e+23 3.26921e+35 1.33380e+23 3.36589e+35 
2.80050e+12 6.25839e+23 1.75266e+36 1.43512e+23 4.01906e+35 1.51629e+23 4.24637e+35 1.59524e+23 4.46748e+35 1.64241e+23 4.59957e+35 
3.10787e+12 7.70636e+23 2.39503e+36 1.76721e+23 5.49224e+35 1.86713e+23 5.80279e+35 1.96432e+23 6.10486e+35 2.02239e+23 6.28533e+35 
3.44896e+12 9.48920e+23 3.27279e+36 2.17611e+23 7.50531e+35 2.29912e+23 7.92957e+35 2.41876e+23 8.34221e+35 2.49025e+23 8.58876e+35 
3.82749e+12 1.16843e+24 4.47215e+36 2.67958e+23 1.02561e+36 2.83101e+23 1.08357e+36 2.97827e+23 1.13993e+36 3.06627e+23 1.17361e+36 
4.24757e+12 1.43868e+24 6.11090e+36 3.29948e+23 1.40148e+36 3.48588e+23 1.48065e+36 3.66713e+23 1.55764e+36 3.77546e+23 1.60365e+36 
4.71375e+12 1.77141e+24 8.34997e+36 4.06272e+23 1.91507e+36 4.29215e+23 2.02321e+36 4.51523e+23 2.12837e+36 4.64856e+23 2.19122e+36 
5.23110e+12 2.18103e+24 1.14092e+37 5.00241e+23 2.61681e+36 5.28479e+23 2.76452e+36 5.55932e+23 2.90813e+36 5.72343e+23 2.99398e+36 
5.80523e+12 2.68529e+24 1.55887e+37 6.15931e+23 3.57562e+36 6.50683e+23 3.77736e+36 6.84465e+23 3.97347e+36 7.04663e+23 4.09073e+36 
6.44236e+12 3.30604e+24 2.12987e+37 7.58356e+23 4.88561e+36 8.01122e+23 5.16112e+36 8.42689e+23 5.42891e+36 8.67546e+23 5.58905e+36 
7.14943e+12 4.07015e+24 2.90993e+37 9.33690e+23 6.67535e+36 9.86313e+23 7.05158e+36 1.03745e+24 7.41720e+36 1.06804e+24 7.63588e+36 
7.93410e+12 5.01068e+24 3.97552e+37 1.14952e+24 9.12044e+36 1.21427e+24 9.63415e+36 1.27718e+24 1.01333e+37 1.31482e+24 1.04319e+37 
8.80488e+12 6.16828e+24 5.43110e+37 1.41520e+24 1.24607e+37 1.49486e+24 1.31621e+37 1.57224e+24 1.38434e+37 1.61855e+24 1.42511e+37 
9.77124e+12 7.59297e+24 7.41927e+37 1.74222e+24 1.70237e+37 1.84021e+24 1.79811e+37 1.93538e+24 1.89110e+37 1.99234e+24 1.94676e+37 
1.08437e+13 9.34622e+24 1.01347e+38 2.14471e+24 2.32565e+37 2.26523e+24 2.45634e+37 2.38226e+24 2.58324e+37 2.45232e+24 2.65922e+37 
1.20338e+13 1.15037e+25 1.38432e+38 2.64006e+24 3.17699e+37 2.78828e+24 3.35535e+37 2.93216e+24 3.52849e+37 3.01833e+24 3.63219e+37 
1.33545e+13 1.41582e+25 1.89076e+38 3.24965e+24 4.33975e+37 3.43189e+24 4.58313e+37 3.60875e+24 4.81932e+37 3.71471e+24 4.96082e+37 
1.48202e+13 1.74241e+25 2.58228e+38 3.99976e+24 5.92773e+37 4.22380e+24 6.25976e+37 4.44116e+24 6.58189e+37 4.57143e+24 6.77496e+37 
1.64468e+13 2.14416e+25 3.52644e+38 4.92270e+24 8.09624e+37 5.19807e+24 8.54915e+37 5.46514e+24 8.98838e+37 5.62528e+24 9.25176e+37 
1.82518e+13 2.63831e+25 4.81539e+38 6.05816e+24 1.10573e+38 6.39656e+24 1.16749e+38 6.72462e+24 1.22737e+38 6.92142e+24 1.26329e+38 
2.02550e+13 3.24603e+25 6.57483e+38 7.45494e+24 1.51000e+38 7.87069e+24 1.59421e+38 8.27355e+24 1.67581e+38 8.51536e+24 1.72479e+38 
2.24781e+13 3.99330e+25 8.97617e+38 9.17296e+24 2.06190e+38 9.68360e+24 2.17668e+38 1.01781e+25 2.28785e+38 1.04752e+25 2.35462e+38 
2.49451e+13 4.91202e+25 1.22531e+39 1.12858e+25 2.81525e+38 1.19128e+25 2.97165e+38 1.25197e+25 3.12305e+38 1.28845e+25 3.21404e+38 
2.76829e+13 6.04131e+25 1.67241e+39 1.38838e+25 3.84342e+38 1.46534e+25 4.05647e+38 1.53978e+25 4.26256e+38 1.58456e+25 4.38653e+38 
3.07211e+13 7.42912e+25 2.28231e+39 1.70777e+25 5.24647e+38 1.80220e+25 5.53657e+38 1.89349e+25 5.81700e+38 1.94844e+25 5.98582e+38 
3.40929e+13 9.13424e+25 3.11412e+39 2.10036e+25 7.16074e+38 2.21618e+25 7.55559e+38 2.32805e+25 7.93699e+38 2.39546e+25 8.16681e+38 
3.78346e+13 1.12287e+26 4.24833e+39 2.58282e+25 9.77200e+38 2.72480e+25 1.03092e+39 2.86183e+25 1.08276e+39 2.94448e+25 1.11403e+39 
4.19871e+13 1.38006e+26 5.79445e+39 3.17557e+25 1.33333e+39 3.34954e+25 1.40638e+39 3.51727e+25 1.47680e+39 3.61857e+25 1.51933e+39 
4.65953e+13 1.69577e+26 7.90150e+39 3.90364e+25 1.81891e+39 4.11668e+25 1.91818e+39 4.32186e+25 2.01378e+39 4.44594e+25 2.07160e+39 
5.17092e+13 2.08320e+26 1.07721e+40 4.79765e+25 2.48083e+39 5.05838e+25 2.61565e+39 5.30917e+25 2.74533e+39 5.46105e+25 2.82387e+39 
5.73844e+13 2.55843e+26 1.46814e+40 5.89508e+25 3.38286e+39 6.21393e+25 3.56583e+39 6.52020e+25 3.74158e+39 6.70599e+25 3.84820e+39 
6.36825e+13 3.14110e+26 2.00033e+40 7.24171e+25 4.61170e+39 7.63132e+25 4.85982e+39 8.00499e+25 5.09778e+39 8.23209e+25 5.24240e+39 
7.06718e+13 3.85515e+26 2.72451e+40 8.89346e+25 6.28517e+39 9.36912e+25 6.62133e+39 9.82452e+25 6.94317e+39 1.01019e+26 7.13918e+39 
7.84282e+13 4.72973e+26 3.70945e+40 1.09186e+26 8.56323e+39 1.14987e+26 9.01822e+39 1.20530e+26 9.45297e+39 1.23914e+26 9.71836e+39 
8.70359e+13 5.80027e+26 5.04832e+40 1.34001e+26 1.16629e+40 1.41069e+26 1.22781e+40 1.47807e+26 1.28645e+40 1.51931e+26 1.32235e+40 
9.65883e+13 7.10977e+26 6.86721e+40 1.64394e+26 1.58786e+40 1.72994e+26 1.67092e+40 1.81172e+26 1.74991e+40 1.86192e+26 1.79840e+40 
1.07189e+14 8.71036e+26 9.33656e+40 2.01595e+26 2.16088e+40 2.12043e+26 2.27287e+40 2.21950e+26 2.37907e+40 2.28053e+26 2.44448e+40 
1.18953e+14 1.06651e+27 1.26865e+41 2.47095e+26 2.93928e+40 2.59770e+26 3.09006e+40 2.71749e+26 3.23255e+40 2.79157e+26 3.32066e+40 
1.32009e+14 1.30500e+27 1.72272e+41 3.02706e+26 3.99599e+40 3.18054e+26 4.19859e+40 3.32505e+26 4.38936e+40 3.41480e+26 4.50784e+40 
1.46497e+14 1.59568e+27 2.33763e+41 3.70614e+26 5.42939e+40 3.89162e+26 5.70111e+40 4.06551e+26 5.95585e+40 4.17403e+26 6.11484e+40 
1.62576e+14 1.94955e+27 3.16949e+41 4.53460e+26 7.37215e+40 4.75823e+26 7.73572e+40 4.96685e+26 8.07488e+40 5.09779e+26 8.28776e+40 
1.80419e+14 2.37977e+27 4.29354e+41 5.54422e+26 1.00028e+41 5.81314e+26 1.04880e+41 6.06259e+26 1.09380e+41 6.22017e+26 1.12224e+41 
2.00220e+14 2.90205e+27 5.81048e+41 6.77314e+26 1.35612e+41 7.09559e+26 1.42068e+41 7.39269e+26 1.48017e+41 7.58179e+26 1.51803e+41 
2.22195e+14 3.53504e+27 7.85466e+41 8.26701e+26 1.83689e+41 8.65232e+26 1.92250e+41 9.00461e+26 2.00078e+41 9.23077e+26 2.05103e+41 
2.46581e+14 4.30080e+27 1.06050e+42 1.00802e+27 2.48560e+41 1.05389e+27 2.59870e+41 1.09544e+27 2.70115e+41 1.12239e+27 2.76760e+41 
2.73644e+14 5.22526e+27 1.42986e+42 1.22774e+27 3.35964e+41 1.28210e+27 3.50839e+41 1.33081e+27 3.64168e+41 1.36277e+27 3.72914e+41 
3.03677e+14 6.33874e+27 1.92493e+42 1.49349e+27 4.53539e+41 1.55758e+27 4.73002e+41 1.61427e+27 4.90216e+41 1.65199e+27 5.01671e+41 
3.37006e+14 7.67639e+27 2.58699e+42 1.81424e+27 6.11410e+41 1.88936e+27 6.36726e+41 1.95475e+27 6.58763e+41 1.99900e+27 6.73675e+41 
3.73994e+14 9.27865e+27 3.47016e+42 2.20046e+27 8.22958e+41 2.28789e+27 8.55658e+41 2.36253e+27 8.83572e+41 2.41407e+27 9.02848e+41 
4.15040e+14 1.11916e+28 4.64495e+42 2.66429e+27 1.10579e+42 2.76523e+27 1.14768e+42 2.84931e+27 1.18258e+42 2.90884e+27 1.20729e+42 
4.60592e+14 1.34669e+28 6.20275e+42 3.21968e+27 1.48296e+42 3.33506e+27 1.53610e+42 3.42823e+27 1.57902e+42 3.49630e+27 1.61037e+42 
5.11143e+14 1.61620e+28 8.26112e+42 3.88247e+27 1.98450e+42 4.01282e+27 2.05113e+42 4.11387e+27 2.10278e+42 4.19072e+27 2.14206e+42 
5.67243e+14 1.93394e+28 1.09701e+43 4.67047e+27 2.64929e+42 4.81560e+27 2.73161e+42 4.92206e+27 2.79200e+42 5.00750e+27 2.84047e+42 
6.29499e+14 2.30652e+28 1.45195e+43 5.60333e+27 3.52729e+42 5.76200e+27 3.62717e+42 5.86964e+27 3.69493e+42 5.96275e+27 3.75354e+42 
6.98588e+14 2.74078e+28 1.91468e+43 6.70237e+27 4.68219e+42 6.87184e+27 4.80058e+42 6.97395e+27 4.87192e+42 7.07276e+27 4.94094e+42 
7.75260e+14 3.24345e+28 2.51452e+43 7.99013e+27 6.19443e+42 8.16554e+27 6.33042e+42 8.25212e+27 6.39754e+42 8.35318e+27 6.47588e+42 
8.60346e+14 3.82075e+28 3.28717e+43 9.48967e+27 8.16440e+42 9.66338e+27 8.31385e+42 9.72001e+27 8.36258e+42 9.81784e+27 8.44674e+42 
9.54772e+14 4.47785e+28 4.27532e+43 1.12235e+28 1.07159e+43 1.13842e+28 1.08693e+43 1.13909e+28 1.08757e+43 1.14772e+28 1.09581e+43 
1.05956e+15 5.21811e+28 5.52890e+43 1.32120e+28 1.39989e+43 1.33439e+28 1.41387e+43 1.32735e+28 1.40640e+43 1.33366e+28 1.41310e+43 
1.17585e+15 6.04226e+28 7.10479e+43 1.54715e+28 1.81922e+43 1.55533e+28 1.82884e+43 1.53700e+28 1.80728e+43 1.53936e+28 1.81006e+43 
1.30490e+15 6.94728e+28 9.06552e+43 1.80116e+28 2.35033e+43 1.80157e+28 2.35087e+43 1.76735e+28 2.30622e+43 1.76357e+28 2.30128e+43 
1.44812e+15 7.92533e+28 1.14768e+44 2.08317e+28 3.01668e+43 2.07236e+28 3.00102e+43 2.01648e+28 2.92010e+43 2.00370e+28 2.90160e+43 
1.60705e+15 8.96252e+28 1.44032e+44 2.39178e+28 3.84372e+43 2.36557e+28 3.80159e+43 2.28100e+28 3.66569e+43 2.25561e+28 3.62488e+43 
1.78343e+15 1.00379e+29 1.79019e+44 2.72377e+28 4.85766e+43 2.67733e+28 4.77483e+43 2.55574e+28 4.55798e+43 2.51328e+28 4.48226e+43 
1.97917e+15 1.11226e+29 2.20134e+44 3.07372e+28 6.08341e+43 3.00170e+28 5.94087e+43 2.83357e+28 5.60811e+43 2.76874e+28 5.47980e+43 
2.19639e+15 1.21797e+29 2.67512e+44 3.43368e+28 7.54168e+43 3.33048e+28 7.31501e+43 3.10532e+28 6.82049e+43 3.01204e+28 6.61561e+43 
2.43744e+15 1.31646e+29 3.20881e+44 3.79292e+28 9.24503e+43 3.65306e+28 8.90413e+43 3.35991e+28 8.18959e+43 3.23150e+28 7.87660e+43 
2.70496e+15 1.40273e+29 3.79434e+44 4.13804e+28 1.11932e+44 3.95667e+28 1.07026e+44 3.58472e+28 9.69652e+43 3.41421e+28 9.23530e+43 
3.00184e+15 1.47148e+29 4.41715e+44 4.45343e+28 1.33685e+44 4.22690e+28 1.26885e+44 3.76635e+28 1.13060e+44 3.54698e+28 1.06474e+44 
3.33129e+15 1.51763e+29 5.05568e+44 4.72221e+28 1.57311e+44 4.44862e+28 1.48197e+44 3.89174e+28 1.29645e+44 3.61752e+28 1.20510e+44 
3.69691e+15 1.53690e+29 5.68177e+44 4.92783e+28 1.82177e+44 4.60752e+28 1.70336e+44 3.94965e+28 1.46015e+44 3.61608e+28 1.33683e+44 
4.10266e+15 1.52648e+29 6.26262e+44 5.05609e+28 2.07434e+44 4.69189e+28 1.92492e+44 3.93240e+28 1.61333e+44 3.53709e+28 1.45115e+44 
4.55294e+15 1.48573e+29 6.76443e+44 5.09754e+28 2.32088e+44 4.69474e+28 2.13749e+44 3.83762e+28 1.74724e+44 3.38081e+28 1.53926e+44 
5.05263e+15 1.41663e+29 7.15772e+44 5.04972e+28 2.55144e+44 4.61566e+28 2.33212e+44 3.66964e+28 1.85413e+44 3.15435e+28 1.59377e+44 
5.60717e+15 1.32394e+29 7.42356e+44 4.91864e+28 2.75796e+44 4.46198e+28 2.50191e+44 3.44003e+28 1.92889e+44 2.87186e+28 1.61030e+44 
6.22257e+15 1.21485e+29 7.55950e+44 4.71897e+28 2.93641e+44 4.24879e+28 2.64384e+44 3.16698e+28 1.97068e+44 2.55344e+28 1.58890e+44 
6.90551e+15 1.09813e+29 7.58317e+44 4.47237e+28 3.08840e+44 3.99716e+28 2.76025e+44 2.87313e+28 1.98404e+44 2.22269e+28 1.53488e+44 
7.66341e+15 9.82810e+28 7.53167e+44 4.20408e+28 3.22176e+44 3.73094e+28 2.85917e+44 2.58223e+28 1.97887e+44 1.90327e+28 1.45856e+44 
8.50449e+15 8.76712e+28 7.45599e+44 3.93828e+28 3.34931e+44 3.47246e+28 2.95315e+44 2.31516e+28 1.96892e+44 1.61516e+28 1.37361e+44 
9.43788e+15 7.85226e+28 7.41086e+44 3.69349e+28 3.48587e+44 3.23841e+28 3.05638e+44 2.08632e+28 1.96904e+44 1.37158e+28 1.29448e+44 
1.04737e+16 7.10636e+28 7.44299e+44 3.47939e+28 3.64421e+44 3.03704e+28 3.18091e+44 1.90163e+28 1.99171e+44 1.17747e+28 1.23325e+44 
1.16232e+16 6.52263e+28 7.58140e+44 3.29614e+28 3.83117e+44 2.86768e+28 3.33317e+44 1.75861e+28 2.04407e+44 1.03005e+28 1.19725e+44 
1.28989e+16 6.07295e+28 7.83343e+44 3.13629e+28 4.04547e+44 2.72275e+28 3.51205e+44 1.64854e+28 2.12644e+44 9.21085e+27 1.18810e+44 
1.43146e+16 5.71988e+28 8.18777e+44 2.98868e+28 4.27818e+44 2.59131e+28 3.70936e+44 1.55990e+28 2.23293e+44 8.40022e+27 1.20246e+44 
1.58857e+16 5.42782e+28 8.62245e+44 2.84250e+28 4.51549e+44 2.46292e+28 3.91251e+44 1.48176e+28 2.35387e+44 7.76906e+27 1.23417e+44 
1.76291e+16 5.16988e+28 9.11406e+44 2.69032e+28 4.74281e+44 2.33034e+28 4.10819e+44 1.40609e+28 2.47881e+44 7.24151e+27 1.27662e+44 
1.95640e+16 4.92930e+28 9.64368e+44 2.52920e+28 4.94812e+44 2.19049e+28 4.28548e+44 1.32846e+28 2.59900e+44 6.76973e+27 1.32443e+44 
2.17112e+16 4.69692e+28 1.01976e+45 2.35987e+28 5.12356e+44 2.04375e+28 4.43722e+44 1.24749e+28 2.70845e+44 6.32828e+27 1.37394e+44 
2.40940e+16 4.46713e+28 1.07631e+45 2.18506e+28 5.26469e+44 1.89232e+28 4.55937e+44 1.16352e+28 2.80340e+44 5.90453e+27 1.42264e+44 
2.67384e+16 4.23459e+28 1.13226e+45 2.00768e+28 5.36822e+44 1.73870e+28 4.64902e+44 1.07743e+28 2.88088e+44 5.49061e+27 1.46810e+44 
2.96730e+16 3.99299e+28 1.18484e+45 1.82982e+28 5.42962e+44 1.58467e+28 4.70219e+44 9.89871e+27 2.93725e+44 5.07914e+27 1.50713e+44 
3.29297e+16 3.73548e+28 1.23008e+45 1.65255e+28 5.44181e+44 1.43115e+28 4.71274e+44 9.01120e+27 2.96736e+44 4.66276e+27 1.53543e+44 
3.65438e+16 3.45631e+28 1.26307e+45 1.47649e+28 5.39565e+44 1.27868e+28 4.67277e+44 8.11307e+27 2.96483e+44 4.23567e+27 1.54788e+44 
4.05546e+16 3.15248e+28 1.27848e+45 1.30239e+28 5.28181e+44 1.12791e+28 4.57418e+44 7.20756e+27 2.92300e+44 3.79550e+27 1.53925e+44 
4.50056e+16 2.82478e+28 1.27131e+45 1.13160e+28 5.09282e+44 9.79993e+27 4.41051e+44 6.30209e+27 2.83629e+44 3.34428e+27 1.50511e+44 
4.99451e+16 2.47797e+28 1.23763e+45 9.65992e+27 4.82465e+44 8.36574e+27 4.17827e+44 5.40834e+27 2.70120e+44 2.88819e+27 1.44251e+44 
5.54266e+16 2.12025e+28 1.17519e+45 8.07785e+27 4.47728e+44 6.99562e+27 3.87744e+44 4.54101e+27 2.51693e+44 2.43649e+27 1.35046e+44 
6.15099e+16 1.76238e+28 1.08404e+45 6.59272e+27 4.05517e+44 5.70946e+27 3.51188e+44 3.71629e+27 2.28589e+44 2.00018e+27 1.23031e+44 
6.82607e+16 1.41658e+28 9.66968e+44 5.22735e+27 3.56823e+44 4.52702e+27 3.09018e+44 2.95088e+27 2.01429e+44 1.59085e+27 1.08593e+44 
7.57525e+16 1.09539e+28 8.29786e+44 4.00416e+27 3.03325e+44 3.46770e+27 2.62687e+44 2.26107e+27 1.71281e+44 1.21965e+27 9.23918e+43 
8.40665e+16 8.10165e+27 6.81077e+44 2.94384e+27 2.47479e+44 2.54944e+27 2.14323e+44 1.66143e+27 1.39671e+44 8.96150e+26 7.53362e+43 
9.32930e+16 5.69507e+27 5.31311e+44 2.06217e+27 1.92386e+44 1.78589e+27 1.66611e+44 1.16265e+27 1.08468e+44 6.27041e+26 5.84986e+43 
1.03532e+17 3.77884e+27 3.91232e+44 1.36560e+27 1.41384e+44 1.18265e+27 1.22442e+44 7.69071e+26 7.96236e+43 4.14948e+26 4.29605e+43 
1.14895e+17 2.34924e+27 2.69916e+44 8.47775e+26 9.74052e+43 7.34195e+26 8.43554e+43 4.77050e+26 5.48107e+43 2.57799e+26 2.96199e+43 
1.27505e+17 1.35748e+27 1.73086e+44 4.89053e+26 6.23568e+43 4.23533e+26 5.40026e+43 2.75144e+26 3.50822e+43 1.49197e+26 1.90234e+43 
1.41499e+17 7.22833e+26 1.02280e+44 2.59708e+26 3.67485e+43 2.24914e+26 3.18251e+43 1.46229e+26 2.06913e+43 7.97642e+25 1.12866e+43 
1.57029e+17 3.51416e+26 5.51824e+43 1.25705e+26 1.97393e+43 1.08863e+26 1.70947e+43 7.09279e+25 1.11377e+43 3.90468e+25 6.13149e+42 
1.74263e+17 1.54459e+26 2.69165e+43 5.48764e+25 9.56295e+42 4.75244e+25 8.28175e+42 3.10813e+25 5.41633e+42 1.73404e+25 3.02179e+42 
1.93389e+17 6.07536e+25 1.17491e+43 2.13709e+25 4.13290e+42 1.85078e+25 3.57920e+42 1.21759e+25 2.35468e+42 6.91952e+24 1.33816e+42 
2.14614e+17 2.11670e+25 4.54274e+42 7.34277e+24 1.57586e+42 6.35903e+24 1.36474e+42 4.21927e+24 9.05515e+41 2.45770e+24 5.27457e+41 
2.38169e+17 6.47091e+24 1.54117e+42 2.20294e+24 5.24671e+41 1.90780e+24 4.54378e+41 1.28072e+24 3.05027e+41 7.70164e+23 1.83429e+41 
2.64308e+17 1.72274e+24 4.55334e+41 5.72427e+23 1.51297e+41 4.95736e+23 1.31027e+41 3.37896e+23 8.93087e+40 2.11345e+23 5.58602e+40 
2.93317e+17 3.97786e+23 1.16677e+41 1.28375e+23 3.76544e+40 1.11176e+23 3.26097e+40 7.71850e+22 2.26396e+40 5.05069e+22 1.48145e+40 
3.25509e+17 7.96938e+22 2.59410e+40 2.49379e+22 8.11751e+39 2.15969e+22 7.02997e+39 1.52879e+22 4.97634e+39 1.04716e+22 3.40861e+39 
3.61234e+17 1.38975e+22 5.02025e+39 4.24045e+21 1.53180e+39 3.67234e+21 1.32657e+39 2.64039e+21 9.53798e+38 1.87589e+21 6.77634e+38 
4.00881e+17 2.10814e+21 8.45113e+38 6.36637e+20 2.55215e+38 5.51344e+20 2.21023e+38 3.98616e+20 1.59797e+38 2.87826e+20 1.15384e+38 
4.44878e+17 2.74199e+20 1.21985e+38 8.35850e+19 3.71851e+37 7.23867e+19 3.22033e+37 5.19423e+19 2.31080e+37 3.71379e+19 1.65219e+37 
4.93705e+17 2.95881e+19 1.46078e+37 9.24740e+18 4.56549e+36 8.00848e+18 3.95383e+36 5.64677e+18 2.78784e+36 3.91079e+18 1.93078e+36 
5.47890e+17 2.52885e+18 1.38553e+36 8.15793e+17 4.46965e+35 7.06498e+17 3.87083e+35 4.87599e+17 2.67151e+35 3.23248e+17 1.77105e+35 
6.08022e+17 1.62780e+17 9.89739e+34 5.41770e+16 3.29408e+34 4.69186e+16 2.85276e+34 3.17219e+16 1.92876e+34 2.00803e+16 1.22093e+34 
6.74754e+17 7.51585e+15 5.07135e+33 2.57087e+15 1.73471e+33 2.22644e+15 1.50230e+33 1.47887e+15 9.97876e+32 8.96650e+14 6.05018e+32 
7.48810e+17 2.37620e+14 1.77932e+32 8.31550e+13 6.22673e+31 7.20143e+13 5.39251e+31 4.71435e+13 3.53015e+31 2.75210e+13 2.06080e+31 
8.30994e+17 4.91351e+12 4.08310e+30 1.75187e+12 1.45579e+30 1.51716e+12 1.26075e+30 9.81568e+11 8.15678e+29 5.54730e+11 4.60977e+29 
9.22198e+17 6.33715e+10 5.84411e+28 2.29416e+10 2.11567e+28 1.98680e+10 1.83222e+28 1.27320e+10 1.17414e+28 7.00013e+09 6.45550e+27 
1.02341e+18 4.84510e+08 4.95853e+26 1.77608e+08 1.81766e+26 1.53813e+08 1.57414e+26 9.78013e+07 1.00091e+26 5.25319e+07 5.37618e+25 
1.13573e+18 2.07704e+06 2.35897e+24 7.69263e+05 8.73678e+23 6.66202e+05 7.56627e+23 4.20886e+05 4.78015e+23 2.21642e+05 2.51726e+23 
1.26038e+18 4.69450e+03 5.91687e+21 1.75343e+03 2.21000e+21 1.51852e+03 1.91391e+21 9.54265e+02 1.20274e+21 4.94184e+02 6.22861e+20 
1.39871e+18 5.22435e+00 7.30737e+18 1.96472e+00 2.74808e+18 1.70150e+00 2.37991e+18 1.06457e+00 1.48902e+18 5.43622e-01 7.60372e+17 
1.55223e+18 2.65288e-03 4.11787e+15 1.00299e-03 1.55686e+15 8.68611e-04 1.34828e+15 5.41511e-04 8.40547e+14 2.73346e-04 4.24294e+14 
1.72259e+18 5.64731e-07 9.72798e+11 2.14307e-07 3.69162e+11 1.85595e-07 3.19703e+11 1.15372e-07 1.98739e+11 5.77067e-08 9.94048e+10 
1.91164e+18 4.58571e-11 8.76624e+07 1.74328e-11 3.33254e+07 1.50973e-11 2.88606e+07 9.36455e-12 1.79017e+07 4.65287e-12 8.89462e+06 
2.12145e+18 1.27841e-15 2.71209e+03 4.85419e-16 1.02979e+03 4.20385e-16 8.91827e+02 2.60382e-16 5.52388e+02 1.28906e-16 2.73467e+02 
2.35429e+18 1.08739e-20 2.56002e-02 4.10119e-21 9.65537e-03 3.55173e-21 8.36180e-03 2.19888e-21 5.17678e-03 1.08965e-21 2.56534e-03 
2.61268e+18 2.46851e-26 6.44943e-08 9.13214e-27 2.38593e-08 7.90867e-27 2.06628e-08 4.90243e-27 1.28085e-08 2.45394e-27 6.41134e-09 
2.89942e+18 1.27865e-32 3.70736e-14 4.48086e-33 1.29919e-14 3.88054e-33 1.12513e-14 2.41905e-33 7.01385e-15 1.25237e-33 3.63116e-15 
3.21764e+18 1.23353e-39 3.96907e-21 3.58713e-40 1.15421e-21 3.10655e-40 9.99575e-22 1.98286e-40 6.38012e-22 1.16032e-40 3.73349e-22 
3.57079e+18 1.52088e-47 5.43072e-29 2.56163e-49 9.14704e-31 2.21844e-49 7.92157e-31 4.63333e-49 1.65446e-30 1.16992e-48 4.17755e-30 
3.96269e+18 -1.50314e-56 -5.95646e-38 -4.66879e-56 -1.85010e-37 -4.04329e-56 -1.60223e-37 -2.25288e-56 -8.92747e-38 -4.04161e-57 -1.60157e-38 
4.39760e+18 -5.35443e-65 -2.35467e-46 -5.74695e-65 -2.52728e-46 -4.97701e-65 -2.18869e-46 -2.85160e-65 -1.25402e-46 -7.62976e-66 -3.35526e-47 
4.88025e+18 -5.84524e-75 -2.85262e-56 -5.51014e-75 -2.68909e-56 -4.77192e-75 -2.32882e-56 -2.74999e-75 -1.34206e-56 -7.85365e-76 -3.83278e-57 
5.41587e+18 -4.14183e-86 -2.24316e-67 -3.78959e-86 -2.05239e-67 -3.28188e-86 -1.77742e-67 -1.89401e-86 -1.02577e-67 -5.49339e-87 -2.97515e-68 
6.01028e+18 -1.61992e-98 -9.73615e-80 -1.47209e-98 -8.84767e-80 -1.27487e-98 -7.66230e-80 -7.35986e-99 -4.42348e-80 -2.14225e-99 -1.28755e-80 
6.66992e+18 -2.63309e-112 -1.75625e-93 -2.38952e-112 -1.59379e-93 -2.06939e-112 -1.38026e-93 -1.19475e-112 -7.96886e-94 -3.48007e-113 -2.32118e-94 
7.40196e+18 -1.26530e-127 -9.36567e-109 -1.14799e-127 -8.49735e-109 -9.94185e-128 -7.35892e-109 -5.73992e-128 -4.24866e-109 -1.67213e-128 -1.23771e-109 
8.21434e+18 -1.22360e-144 -1.00510e-125 -1.11012e-144 -9.11887e-126 -9.61388e-145 -7.89717e-126 -5.55058e-145 -4.55943e-126 -1.61700e-145 -1.32826e-126 
9.11589e+18 -1.55159e-163 -1.41442e-144 -1.40769e-163 -1.28323e-144 -1.21909e-163 -1.11131e-144 -7.03845e-164 -6.41617e-145 -2.05046e-164 -1.86917e-145 
1.01164e+19 -1.60342e-184 -1.62208e-165 -1.45471e-184 -1.47164e-165 -1.25981e-184 -1.27448e-165 -7.27354e-185 -7.35819e-166 -2.11894e-185 -2.14360e-166 
1.12267e+19 -7.96505e-208 -8.94210e-189 -7.22631e-208 -8.11275e-189 -6.25817e-208 -7.02585e-189 -3.61316e-208 -4.05637e-189 -1.05259e-208 -1.18171e-189 
1.24588e+19 -1.05872e-233 -1.31904e-214 -9.60529e-234 -1.19671e-214 -8.31842e-234 -1.03638e-214 -4.80264e-234 -5.98353e-215 -1.39912e-234 -1.74314e-215 
1.38262e+19 -1.96555e-262 -2.71761e-243 -1.78325e-262 -2.46556e-243 -1.54434e-262 -2.13524e-243 -8.91626e-263 -1.23278e-243 -2.59750e-263 -3.59136e-244 
1.53437e+19 0.00000e+00 0.00000e+00 0.00000e+00 0.00000e+00 0.00000e+00 0.00000e+00 0.00000e+00 0.00000e+00 0.00000e+00 0.00000e+00 
1.70277e+19 0.00000e+00 0.00000e+00 0.00000e+00 0.00000e+00 0.00000e+00 0.00000e+00 0.00000e+00 0.00000e+00 0.00000e+00 0.00000e+00 
1.88965e+19 0.00000e+00 0.00000e+00 0.00000e+00 0.00000e+00 0.00000e+00 0.00000e+00 0.00000e+00 0.00000e+00 0.00000e+00 0.00000e+00 
2.09705e+19 0.00000e+00 0.00000e+00 0.00000e+00 0.00000e+00 0.00000e+00 0.00000e+00 0.00000e+00 0.00000e+00 0.00000e+00 0.00000e+00 
2.32720e+19 0.00000e+00 0.00000e+00 0.00000e+00 0.00000e+00 0.00000e+00 0.00000e+00 0.00000e+00 0.00000e+00 0.00000e+00 0.00000e+00 
2.58262e+19 0.00000e+00 0.00000e+00 0.00000e+00 0.00000e+00 0.00000e+00 0.00000e+00 0.00000e+00 0.00000e+00 0.00000e+00 0.00000e+00 
2.86607e+19 0.00000e+00 0.00000e+00 0.00000e+00 0.00000e+00 0.00000e+00 0.00000e+00 0.00000e+00 0.00000e+00 0.00000e+00 0.00000e+00 
3.18063e+19 0.00000e+00 0.00000e+00 0.00000e+00 0.00000e+00 0.00000e+00 0.00000e+00 0.00000e+00 0.00000e+00 0.00000e+00 0.00000e+00 
3.52971e+19 0.00000e+00 0.00000e+00 0.00000e+00 0.00000e+00 0.00000e+00 0.00000e+00 0.00000e+00 0.00000e+00 0.00000e+00 0.00000e+00 
3.91710e+19 0.00000e+00 0.00000e+00 0.00000e+00 0.00000e+00 0.00000e+00 0.00000e+00 0.00000e+00 0.00000e+00 0.00000e+00 0.00000e+00 
4.34701e+19 0.00000e+00 0.00000e+00 0.00000e+00 0.00000e+00 0.00000e+00 0.00000e+00 0.00000e+00 0.00000e+00 0.00000e+00 0.00000e+00 
4.82411e+19 0.00000e+00 0.00000e+00 0.00000e+00 0.00000e+00 0.00000e+00 0.00000e+00 0.00000e+00 0.00000e+00 0.00000e+00 0.00000e+00 
5.35357e+19 0.00000e+00 0.00000e+00 0.00000e+00 0.00000e+00 0.00000e+00 0.00000e+00 0.00000e+00 0.00000e+00 0.00000e+00 0.00000e+00 
5.94113e+19 0.00000e+00 0.00000e+00 0.00000e+00 0.00000e+00 0.00000e+00 0.00000e+00 0.00000e+00 0.00000e+00 0.00000e+00 0.00000e+00 
6.59319e+19 0.00000e+00 0.00000e+00 0.00000e+00 0.00000e+00 0.00000e+00 0.00000e+00 0.00000e+00 0.00000e+00 0.00000e+00 0.00000e+00 
7.31681e+19 0.00000e+00 0.00000e+00 0.00000e+00 0.00000e+00 0.00000e+00 0.00000e+00 0.00000e+00 0.00000e+00 0.00000e+00 0.00000e+00 
8.11984e+19 0.00000e+00 0.00000e+00 0.00000e+00 0.00000e+00 0.00000e+00 0.00000e+00 0.00000e+00 0.00000e+00 0.00000e+00 0.00000e+00 
9.01102e+19 0.00000e+00 0.00000e+00 0.00000e+00 0.00000e+00 0.00000e+00 0.00000e+00 0.00000e+00 0.00000e+00 0.00000e+00 0.00000e+00 
1.00000e+20 0.00000e+00 0.00000e+00 0.00000e+00 0.00000e+00 0.00000e+00 0.00000e+00 0.00000e+00 0.00000e+00 0.00000e+00 0.00000e+00 
