1.00000e+11 2.92186e+21 2.92186e+32 7.23310e+20 7.23310e+31 7.41231e+20 7.41231e+31 7.55279e+20 7.55279e+31 7.58678e+20 7.58678e+31 
1.10975e+11 3.59839e+21 3.99333e+32 8.90788e+20 9.88554e+31 9.12858e+20 1.01305e+32 9.30159e+20 1.03225e+32 9.34345e+20 1.03689e+32 
1.23155e+11 4.43157e+21 5.45771e+32 1.09704e+21 1.35106e+32 1.12422e+21 1.38454e+32 1.14553e+21 1.41078e+32 1.15068e+21 1.41713e+32 
1.36672e+11 5.45767e+21 7.45908e+32 1.35106e+21 1.84651e+32 1.38453e+21 1.89226e+32 1.41077e+21 1.92812e+32 1.41711e+21 1.93679e+32 
1.51672e+11 6.72133e+21 1.01944e+33 1.66388e+21 2.52364e+32 1.70510e+21 2.58616e+32 1.73741e+21 2.63517e+32 1.74523e+21 2.64702e+32 
1.68318e+11 8.27758e+21 1.39327e+33 2.04914e+21 3.44906e+32 2.09990e+21 3.53451e+32 2.13969e+21 3.60149e+32 2.14932e+21 3.61769e+32 
1.86791e+11 1.01942e+22 1.90418e+33 2.52359e+21 4.71385e+32 2.58611e+21 4.83063e+32 2.63511e+21 4.92216e+32 2.64697e+21 4.94430e+32 
2.07292e+11 1.25545e+22 2.60244e+33 3.10790e+21 6.44243e+32 3.18489e+21 6.60202e+32 3.24523e+21 6.72711e+32 3.25983e+21 6.75738e+32 
2.30043e+11 1.54613e+22 3.55675e+33 3.82749e+21 8.80487e+32 3.92230e+21 9.02298e+32 3.99661e+21 9.19393e+32 4.01459e+21 9.23529e+32 
2.55291e+11 1.90410e+22 4.86100e+33 4.71369e+21 1.20336e+33 4.83044e+21 1.23317e+33 4.92196e+21 1.25653e+33 4.94410e+21 1.26218e+33 
2.83310e+11 2.34496e+22 6.64351e+33 5.80506e+21 1.64463e+33 5.94885e+21 1.68537e+33 6.06154e+21 1.71729e+33 6.08881e+21 1.72502e+33 
3.14404e+11 2.88789e+22 9.07962e+33 7.14911e+21 2.24771e+33 7.32618e+21 2.30338e+33 7.46496e+21 2.34701e+33 7.49853e+21 2.35757e+33 
3.48910e+11 3.55651e+22 1.24090e+34 8.80434e+21 3.07192e+33 9.02239e+21 3.14800e+33 9.19329e+21 3.20763e+33 9.23463e+21 3.22206e+33 
3.87204e+11 4.37993e+22 1.69592e+34 1.08428e+22 4.19837e+33 1.11113e+22 4.30234e+33 1.13217e+22 4.38382e+33 1.13727e+22 4.40353e+33 
4.29700e+11 5.39397e+22 2.31779e+34 1.33531e+22 5.73785e+33 1.36838e+22 5.87994e+33 1.39429e+22 5.99129e+33 1.40056e+22 6.01823e+33 
4.76861e+11 6.64276e+22 3.16768e+34 1.64447e+22 7.84183e+33 1.68519e+22 8.03600e+33 1.71710e+22 8.18816e+33 1.72482e+22 8.22498e+33 
5.29198e+11 8.18065e+22 4.32918e+34 2.02519e+22 1.07173e+34 2.07533e+22 1.09826e+34 2.11463e+22 1.11906e+34 2.12413e+22 1.12409e+34 
5.87279e+11 1.00746e+23 5.91657e+34 2.49405e+22 1.46470e+34 2.55580e+22 1.50097e+34 2.60418e+22 1.52938e+34 2.61588e+22 1.53625e+34 
6.51734e+11 1.24069e+23 8.08597e+34 3.07145e+22 2.00177e+34 3.14748e+22 2.05132e+34 3.20706e+22 2.09015e+34 3.22147e+22 2.09954e+34 
7.23263e+11 1.52790e+23 1.10508e+35 3.78251e+22 2.73575e+34 3.87613e+22 2.80347e+34 3.94948e+22 2.85652e+34 3.96723e+22 2.86935e+34 
8.02643e+11 1.88161e+23 1.51026e+35 4.65817e+22 3.73885e+34 4.77345e+22 3.83138e+34 4.86376e+22 3.90387e+34 4.88561e+22 3.92140e+34 
8.90735e+11 2.31717e+23 2.06399e+35 5.73652e+22 5.10972e+34 5.87846e+22 5.23615e+34 5.98965e+22 5.33520e+34 6.01655e+22 5.35916e+34 
9.88496e+11 2.85356e+23 2.82073e+35 7.06446e+22 6.98319e+34 7.23923e+22 7.15595e+34 7.37614e+22 7.29128e+34 7.40925e+22 7.32401e+34 
1.09699e+12 3.51408e+23 3.85489e+35 8.69976e+22 9.54351e+34 8.91496e+22 9.77958e+34 9.08350e+22 9.96447e+34 9.12427e+22 1.00092e+35 
1.21738e+12 4.32747e+23 5.26818e+35 1.07135e+23 1.30425e+35 1.09785e+23 1.33650e+35 1.11860e+23 1.36176e+35 1.12362e+23 1.36787e+35 
1.35099e+12 5.32908e+23 7.19956e+35 1.31934e+23 1.78242e+35 1.35196e+23 1.82649e+35 1.37750e+23 1.86100e+35 1.38368e+23 1.86934e+35 
1.49927e+12 6.56247e+23 9.83891e+35 1.62471e+23 2.43588e+35 1.66487e+23 2.49609e+35 1.69632e+23 2.54323e+35 1.70392e+23 2.55463e+35 
1.66382e+12 8.08125e+23 1.34457e+36 2.00075e+23 3.32887e+35 2.05019e+23 3.41114e+35 2.08890e+23 3.47554e+35 2.09825e+23 3.49111e+35 
1.84642e+12 9.95142e+23 1.83746e+36 2.46379e+23 4.54921e+35 2.52466e+23 4.66159e+35 2.57230e+23 4.74956e+35 2.58382e+23 4.77083e+35 
2.04907e+12 1.22542e+24 2.51099e+36 3.03397e+23 6.21684e+35 3.10890e+23 6.37037e+35 3.16754e+23 6.49053e+35 3.18172e+23 6.51958e+35 
2.27397e+12 1.50898e+24 3.43136e+36 3.73607e+23 8.49569e+35 3.82830e+23 8.70542e+35 3.90047e+23 8.86953e+35 3.91791e+23 8.90920e+35 
2.52354e+12 1.85811e+24 4.68902e+36 4.60057e+23 1.16097e+36 4.71410e+23 1.18962e+36 4.80291e+23 1.21203e+36 4.82438e+23 1.21745e+36 
2.80050e+12 2.28799e+24 6.40754e+36 5.66504e+23 1.58650e+36 5.80478e+23 1.62563e+36 5.91406e+23 1.65623e+36 5.94047e+23 1.66363e+36 
3.10787e+12 2.81728e+24 8.75574e+36 6.97570e+23 2.16796e+36 7.14768e+23 2.22140e+36 7.28214e+23 2.26319e+36 7.31463e+23 2.27329e+36 
3.44896e+12 3.46894e+24 1.19643e+37 8.58945e+23 2.96247e+36 8.80108e+23 3.03546e+36 8.96651e+23 3.09252e+36 9.00649e+23 3.10630e+36 
3.82749e+12 4.27124e+24 1.63482e+37 1.05763e+24 4.04808e+36 1.08367e+24 4.14776e+36 1.10402e+24 4.22564e+36 1.10894e+24 4.24446e+36 
4.24757e+12 5.25898e+24 2.23379e+37 1.30225e+24 5.53140e+36 1.33429e+24 5.66750e+36 1.35932e+24 5.77382e+36 1.36537e+24 5.79950e+36 
4.71375e+12 6.47496e+24 3.05213e+37 1.60341e+24 7.55807e+36 1.64283e+24 7.74390e+36 1.67361e+24 7.88900e+36 1.68105e+24 7.92404e+36 
5.23110e+12 7.97186e+24 4.17016e+37 1.97416e+24 1.03270e+37 2.02266e+24 1.05807e+37 2.06051e+24 1.07787e+37 2.06965e+24 1.08265e+37 
5.80523e+12 9.81449e+24 5.69753e+37 2.43057e+24 1.41100e+37 2.49022e+24 1.44563e+37 2.53676e+24 1.47264e+37 2.54799e+24 1.47917e+37 
6.44236e+12 1.20826e+25 7.78405e+37 2.99241e+24 1.92782e+37 3.06577e+24 1.97508e+37 3.12296e+24 2.01193e+37 3.13677e+24 2.02082e+37 
7.14943e+12 1.48743e+25 1.06342e+38 3.68398e+24 2.63384e+37 3.77419e+24 2.69833e+37 3.84448e+24 2.74858e+37 3.86144e+24 2.76071e+37 
7.93410e+12 1.83101e+25 1.45274e+38 4.53521e+24 3.59828e+37 4.64611e+24 3.68627e+37 4.73247e+24 3.75479e+37 4.75330e+24 3.77131e+37 
8.80488e+12 2.25385e+25 1.98449e+38 5.58288e+24 4.91566e+37 5.71920e+24 5.03569e+37 5.82527e+24 5.12908e+37 5.85085e+24 5.15160e+37 
9.77124e+12 2.77418e+25 2.71072e+38 6.87223e+24 6.71502e+37 7.03977e+24 6.87873e+37 7.17001e+24 7.00599e+37 7.20140e+24 7.03666e+37 
1.08437e+13 3.41443e+25 3.70249e+38 8.45890e+24 9.17255e+37 8.66475e+24 9.39576e+37 8.82461e+24 9.56911e+37 8.86313e+24 9.61088e+37 
1.20338e+13 4.20215e+25 5.05677e+38 1.04113e+25 1.25287e+38 1.06641e+25 1.28330e+38 1.08603e+25 1.30690e+38 1.09075e+25 1.31259e+38 
1.33545e+13 5.17121e+25 6.90590e+38 1.28135e+25 1.71117e+38 1.31239e+25 1.75264e+38 1.33645e+25 1.78477e+38 1.34224e+25 1.79250e+38 
1.48202e+13 6.36322e+25 9.43042e+38 1.57687e+25 2.33695e+38 1.61498e+25 2.39344e+38 1.64448e+25 2.43715e+38 1.65158e+25 2.44767e+38 
1.64468e+13 7.82926e+25 1.28766e+39 1.94039e+25 3.19132e+38 1.98716e+25 3.26824e+38 2.02331e+25 3.32769e+38 2.03200e+25 3.34197e+38 
1.82518e+13 9.63207e+25 1.75803e+39 2.38751e+25 4.35764e+38 2.44488e+25 4.46235e+38 2.48914e+25 4.54313e+38 2.49977e+25 4.56254e+38 
2.02550e+13 1.18486e+26 2.39995e+39 2.93735e+25 5.94961e+38 3.00769e+25 6.09208e+38 3.06186e+25 6.20180e+38 3.07486e+25 6.22813e+38 
2.24781e+13 1.45735e+26 3.27583e+39 3.61342e+25 8.12226e+38 3.69962e+25 8.31602e+38 3.76586e+25 8.46492e+38 3.78174e+25 8.50062e+38 
2.49451e+13 1.79223e+26 4.47074e+39 4.44454e+25 1.10869e+39 4.55011e+25 1.13503e+39 4.63106e+25 1.15522e+39 4.65044e+25 1.16006e+39 
2.76829e+13 2.20373e+26 6.10056e+39 5.46607e+25 1.51317e+39 5.59530e+25 1.54894e+39 5.69411e+25 1.57629e+39 5.71775e+25 1.58284e+39 
3.07211e+13 2.70924e+26 8.32308e+39 6.72137e+25 2.06488e+39 6.87943e+25 2.11344e+39 6.99994e+25 2.15046e+39 7.02873e+25 2.15930e+39 
3.40929e+13 3.33005e+26 1.13531e+40 8.26353e+25 2.81727e+39 8.45671e+25 2.88313e+39 8.60351e+25 2.93318e+39 8.63853e+25 2.94512e+39 
3.78346e+13 4.09224e+26 1.54828e+40 1.01576e+26 3.84310e+39 1.03935e+26 3.93235e+39 1.05721e+26 3.99992e+39 1.06146e+26 4.01600e+39 
4.19871e+13 5.02768e+26 2.11098e+40 1.24832e+26 5.24135e+39 1.27710e+26 5.36217e+39 1.29879e+26 5.45326e+39 1.30395e+26 5.47490e+39 
4.65953e+13 6.17531e+26 2.87740e+40 1.53377e+26 7.14666e+39 1.56884e+26 7.31004e+39 1.59515e+26 7.43263e+39 1.60138e+26 7.46169e+39 
5.17092e+13 7.58266e+26 3.92093e+40 1.88401e+26 9.74205e+39 1.92668e+26 9.96272e+39 1.95853e+26 1.01274e+40 1.96606e+26 1.01663e+40 
5.73844e+13 9.30768e+26 5.34116e+40 2.31355e+26 1.32762e+40 2.36541e+26 1.35738e+40 2.40388e+26 1.37945e+40 2.41294e+26 1.38465e+40 
6.36825e+13 1.14210e+27 7.27316e+40 2.84012e+26 1.80866e+40 2.90305e+26 1.84873e+40 2.94939e+26 1.87824e+40 2.96027e+26 1.88517e+40 
7.06718e+13 1.40084e+27 9.89999e+40 3.48529e+26 2.46312e+40 3.56152e+26 2.51699e+40 3.61718e+26 2.55633e+40 3.63021e+26 2.56553e+40 
7.84282e+13 1.71743e+27 1.34695e+41 4.27534e+26 3.35307e+40 4.36748e+26 3.42534e+40 4.43413e+26 3.47761e+40 4.44965e+26 3.48978e+40 
8.70359e+13 2.10451e+27 1.83168e+41 5.24217e+26 4.56257e+40 5.35329e+26 4.65928e+40 5.43279e+26 4.72848e+40 5.45119e+26 4.74449e+40 
9.65883e+13 2.57739e+27 2.48946e+41 6.42450e+26 6.20532e+40 6.55815e+26 6.33440e+40 6.65256e+26 6.42560e+40 6.67426e+26 6.44656e+40 
1.07189e+14 3.15457e+27 3.38136e+41 7.86922e+26 8.43495e+40 8.02948e+26 8.60673e+40 8.14101e+26 8.72627e+40 8.16643e+26 8.75352e+40 
1.18953e+14 3.85835e+27 4.58964e+41 9.63298e+26 1.14588e+41 9.82450e+26 1.16866e+41 9.95542e+26 1.18423e+41 9.98497e+26 1.18775e+41 
1.32009e+14 4.71551e+27 6.22489e+41 1.17841e+27 1.55561e+41 1.20121e+27 1.58570e+41 1.21646e+27 1.60584e+41 1.21986e+27 1.61033e+41 
1.46497e+14 5.75818e+27 8.43557e+41 1.44049e+27 2.11027e+41 1.46749e+27 2.14983e+41 1.48510e+27 2.17563e+41 1.48897e+27 2.18129e+41 
1.62576e+14 7.02470e+27 1.14204e+42 1.75937e+27 2.86031e+41 1.79119e+27 2.91204e+41 1.81130e+27 2.94472e+41 1.81562e+27 2.95175e+41 
1.80419e+14 8.56072e+27 1.54451e+42 2.14685e+27 3.87333e+41 2.18411e+27 3.94053e+41 2.20673e+27 3.98136e+41 2.21147e+27 3.98990e+41 
2.00220e+14 1.04203e+28 2.08635e+42 2.61696e+27 5.23968e+41 2.66024e+27 5.32634e+41 2.68524e+27 5.37639e+41 2.69028e+27 5.38648e+41 
2.22195e+14 1.26671e+28 2.81456e+42 3.18633e+27 7.07986e+41 3.23615e+27 7.19056e+41 3.26309e+27 7.25041e+41 3.26823e+27 7.26183e+41 
2.46581e+14 1.53758e+28 3.79138e+42 3.87458e+27 9.55398e+41 3.93129e+27 9.69382e+41 3.95932e+27 9.76292e+41 3.96422e+27 9.77501e+41 
2.73644e+14 1.86332e+28 5.09887e+42 4.70473e+27 1.28742e+42 4.76838e+27 1.30484e+42 4.79602e+27 1.31240e+42 4.80015e+27 1.31353e+42 
3.03677e+14 2.25395e+28 6.84474e+42 5.70358e+27 1.73205e+42 5.77376e+27 1.75336e+42 5.79865e+27 1.76092e+42 5.80119e+27 1.76169e+42 
3.37006e+14 2.72093e+28 9.16971e+42 6.90212e+27 2.32606e+42 6.97771e+27 2.35153e+42 6.99623e+27 2.35778e+42 6.99596e+27 2.35768e+42 
3.73994e+14 3.27720e+28 1.22565e+43 8.33583e+27 3.11755e+42 8.41464e+27 3.14702e+42 8.42144e+27 3.14957e+42 8.41660e+27 3.14776e+42 
4.15040e+14 3.93718e+28 1.63409e+43 1.00449e+28 4.16902e+42 1.01232e+28 4.20155e+42 1.01106e+28 4.19629e+42 1.00987e+28 4.19135e+42 
4.60592e+14 4.71669e+28 2.17247e+43 1.20741e+28 5.56122e+42 1.21463e+28 5.59448e+42 1.21032e+28 5.57462e+42 1.20807e+28 5.56428e+42 
5.11143e+14 5.63267e+28 2.87910e+43 1.44726e+28 7.39759e+42 1.45302e+28 7.42702e+42 1.44414e+28 7.38161e+42 1.44035e+28 7.36227e+42 
5.67243e+14 6.70279e+28 3.80211e+43 1.72935e+28 9.80961e+42 1.73243e+28 9.82706e+42 1.71688e+28 9.73887e+42 1.71089e+28 9.70492e+42 
6.29499e+14 7.94478e+28 5.00123e+43 2.05919e+28 1.29626e+43 2.05789e+28 1.29544e+43 2.03286e+28 1.27968e+43 2.02378e+28 1.27397e+43 
6.98588e+14 9.37546e+28 6.54959e+43 2.44235e+28 1.70619e+43 2.43437e+28 1.70062e+43 2.39611e+28 1.67389e+43 2.38275e+28 1.66456e+43 
7.75260e+14 1.10094e+29 8.53517e+43 2.88410e+28 2.23593e+43 2.86642e+28 2.22222e+43 2.81001e+28 2.17849e+43 2.79079e+28 2.16359e+43 
8.60346e+14 1.28573e+29 1.10617e+44 3.38905e+28 2.91575e+43 3.35774e+28 2.88882e+43 3.27685e+28 2.81922e+43 3.24972e+28 2.79589e+43 
9.54772e+14 1.49236e+29 1.42486e+44 3.96053e+28 3.78140e+43 3.91068e+28 3.73381e+43 3.79726e+28 3.62552e+43 3.75959e+28 3.58955e+43 
1.05956e+15 1.72040e+29 1.82287e+44 4.59997e+28 4.87394e+43 4.52553e+28 4.79507e+43 4.36957e+28 4.62982e+43 4.31801e+28 4.57519e+43 
1.17585e+15 1.96826e+29 2.31438e+44 5.30598e+28 6.23904e+43 5.19978e+28 6.11416e+43 4.98904e+28 5.86636e+43 4.91938e+28 5.78445e+43 
1.30490e+15 2.23285e+29 2.91365e+44 6.07349e+28 7.92532e+43 5.92728e+28 7.73452e+43 5.64713e+28 7.36894e+43 5.55418e+28 7.24766e+43 
1.44812e+15 2.50930e+29 3.63377e+44 6.89274e+28 9.98150e+43 6.69740e+28 9.69862e+43 6.33076e+28 9.16769e+43 6.20823e+28 8.99025e+43 
1.60705e+15 2.79074e+29 4.48487e+44 7.74840e+28 1.24521e+44 7.49430e+28 1.20437e+44 7.02184e+28 1.12845e+44 6.86220e+28 1.10279e+44 
1.78343e+15 3.06812e+29 5.47178e+44 8.61897e+28 1.53713e+44 8.29655e+28 1.47963e+44 7.69702e+28 1.37271e+44 7.49144e+28 1.33605e+44 
1.97917e+15 3.33036e+29 6.59134e+44 9.47669e+28 1.87559e+44 9.07714e+28 1.79652e+44 8.32809e+28 1.64827e+44 8.06643e+28 1.59648e+44 
2.19639e+15 3.56468e+29 7.82940e+44 1.02882e+29 2.25968e+44 9.80427e+28 2.15340e+44 8.88304e+28 1.95106e+44 8.55389e+28 1.87876e+44 
2.43744e+15 3.75735e+29 9.15834e+44 1.10163e+29 2.68516e+44 1.04431e+29 2.54546e+44 9.32813e+28 2.27368e+44 8.91899e+28 2.17395e+44 
2.70496e+15 3.89491e+29 1.05356e+45 1.16229e+29 3.14395e+44 1.09587e+29 2.96428e+44 9.63096e+28 2.60514e+44 9.12850e+28 2.46922e+44 
3.00184e+15 3.96565e+29 1.19042e+45 1.20733e+29 3.62420e+44 1.13196e+29 3.39796e+44 9.76451e+28 2.93115e+44 9.15503e+28 2.74819e+44 
3.33129e+15 3.96156e+29 1.31971e+45 1.23410e+29 4.11115e+44 1.15029e+29 3.83196e+44 9.71171e+28 3.23526e+44 8.98179e+28 2.99210e+44 
3.69691e+15 3.88004e+29 1.43442e+45 1.24129e+29 4.58895e+44 1.14985e+29 4.25089e+44 9.46985e+28 3.50092e+44 8.60714e+28 3.18198e+44 
4.10266e+15 3.72526e+29 1.52835e+45 1.22930e+29 5.04341e+44 1.13126e+29 4.64115e+44 9.05360e+28 3.71438e+44 8.04777e+28 3.30173e+44 
4.55294e+15 3.50855e+29 1.59742e+45 1.20037e+29 5.46519e+44 1.09688e+29 4.99402e+44 8.49543e+28 3.86791e+44 7.33928e+28 3.34153e+44 
5.05263e+15 3.24739e+29 1.64079e+45 1.15832e+29 5.85255e+44 1.05059e+29 5.30824e+44 7.84255e+28 3.96255e+44 6.53302e+28 3.30089e+44 
5.60717e+15 2.96298e+29 1.66139e+45 1.10798e+29 6.21260e+44 9.97170e+28 5.59130e+44 7.15022e+28 4.00925e+44 5.68936e+28 3.19012e+44 
6.22257e+15 2.67682e+29 1.66567e+45 1.05423e+29 6.56001e+44 9.41448e+28 5.85823e+44 6.47251e+28 4.02757e+44 4.86826e+28 3.02931e+44 
6.90551e+15 2.40703e+29 1.66218e+45 1.00106e+29 6.91286e+44 8.87362e+28 6.12769e+44 5.85275e+28 4.04162e+44 4.11950e+28 2.84473e+44 
7.66341e+15 2.16547e+29 1.65949e+45 9.50786e+28 7.28626e+44 8.37220e+28 6.41596e+44 5.31625e+28 4.07406e+44 3.47518e+28 2.66317e+44 
8.50449e+15 1.95645e+29 1.66386e+45 9.03674e+28 7.68529e+44 7.91370e+28 6.73020e+44 4.86752e+28 4.13958e+44 2.94671e+28 2.50603e+44 
9.43788e+15 1.77731e+29 1.67740e+45 8.58182e+28 8.09942e+44 7.48385e+28 7.06317e+44 4.49266e+28 4.24012e+44 2.52675e+28 2.38472e+44 
1.04737e+16 1.62057e+29 1.69734e+45 8.11586e+28 8.50031e+44 7.05681e+28 7.39110e+44 4.16581e+28 4.36315e+44 2.19511e+28 2.29909e+44 
1.16232e+16 1.47673e+29 1.71643e+45 7.60891e+28 8.84401e+44 6.60365e+28 7.67557e+44 3.85754e+28 4.48370e+44 1.92616e+28 2.23882e+44 
1.28989e+16 1.33692e+29 1.72448e+45 7.03718e+28 9.07718e+44 6.10079e+28 7.86935e+44 3.54249e+28 4.56943e+44 1.69559e+28 2.18712e+44 
1.43146e+16 1.19485e+29 1.71038e+45 6.38959e+28 9.14644e+44 5.53616e+28 7.92479e+44 3.20461e+28 4.58727e+44 1.48471e+28 2.12531e+44 
1.58857e+16 1.04776e+29 1.66444e+45 5.67103e+28 9.00880e+44 4.91220e+28 7.80335e+44 2.83918e+28 4.51022e+44 1.28233e+28 2.03707e+44 
1.76291e+16 8.96511e+28 1.58047e+45 4.90182e+28 8.64149e+44 4.24540e+28 7.48427e+44 2.45217e+28 4.32296e+44 1.08439e+28 1.91169e+44 
1.95640e+16 7.44968e+28 1.45745e+45 4.11409e+28 8.04879e+44 3.56298e+28 6.97062e+44 2.05746e+28 4.02520e+44 8.92454e+27 1.74600e+44 
2.17112e+16 5.98899e+28 1.30028e+45 3.34580e+28 7.26414e+44 2.89757e+28 6.29097e+44 1.67305e+28 3.63239e+44 7.11539e+27 1.54483e+44 
2.40940e+16 4.64544e+28 1.11927e+45 2.63376e+28 6.34579e+44 2.28091e+28 5.49563e+44 1.31696e+28 3.17308e+44 5.47856e+27 1.32001e+44 
2.67384e+16 3.47194e+28 9.28341e+44 2.00707e+28 5.36660e+44 1.73818e+28 4.64761e+44 1.00360e+28 2.68346e+44 4.06773e+27 1.08765e+44 
2.96730e+16 2.50103e+28 7.42132e+44 1.48282e+28 4.39997e+44 1.28416e+28 3.81048e+44 7.41466e+27 2.20015e+44 2.91374e+27 8.64594e+43 
3.29297e+16 1.74023e+28 5.73054e+44 1.06479e+28 3.50632e+44 9.22134e+27 3.03656e+44 5.32452e+27 1.75335e+44 2.01870e+27 6.64753e+43 
3.65438e+16 1.17414e+28 4.29076e+44 7.45452e+27 2.72417e+44 6.45581e+27 2.35920e+44 3.72783e+27 1.36229e+44 1.35885e+27 4.96576e+43 
4.05546e+16 7.71838e+27 3.13016e+44 5.10004e+27 2.06830e+44 4.41676e+27 1.79120e+44 2.55056e+27 1.03437e+44 8.93605e+26 3.62398e+43 
4.50056e+16 4.96251e+27 2.23341e+44 3.40960e+27 1.53451e+44 2.95280e+27 1.32892e+44 1.70531e+27 7.67483e+43 5.76761e+26 2.59575e+43 
4.99451e+16 3.12202e+27 1.55929e+44 2.21831e+27 1.10794e+44 1.92112e+27 9.59503e+43 1.10961e+27 5.54196e+43 3.65788e+26 1.82693e+43 
5.54266e+16 1.91176e+27 1.05963e+44 1.39140e+27 7.71208e+43 1.20499e+27 6.67886e+43 6.96095e+26 3.85822e+43 2.26987e+26 1.25811e+43 
6.15099e+16 1.12568e+27 6.92404e+43 8.28403e+26 5.09549e+43 7.17418e+26 4.41283e+43 4.14528e+26 2.54976e+43 1.36471e+26 8.39432e+42 
6.82607e+16 6.25083e+26 4.26686e+43 4.57208e+26 3.12093e+43 3.95954e+26 2.70281e+43 2.28863e+26 1.56223e+43 7.84030e+25 5.35184e+42 
7.57525e+16 3.17984e+26 2.40881e+43 2.24916e+26 1.70379e+43 1.94783e+26 1.47553e+43 1.12653e+26 8.53373e+42 4.23674e+25 3.20944e+42 
8.40665e+16 1.40919e+26 1.18466e+43 9.05082e+25 7.60871e+42 7.83824e+25 6.58934e+42 4.53933e+25 3.81606e+42 2.11848e+25 1.78094e+42 
9.32930e+16 4.78798e+25 4.46686e+42 2.11668e+25 1.97472e+42 1.83310e+25 1.71016e+42 1.06770e+25 9.96094e+41 9.63318e+24 8.98709e+41 
1.03532e+17 5.31762e+24 5.50545e+41 -8.63863e+24 -8.94377e+41 -7.48128e+24 -7.74553e+41 -4.26033e+24 -4.41082e+41 3.89836e+24 4.03606e+41 
1.14895e+17 -9.94520e+24 -1.14266e+42 -1.72020e+25 -1.97643e+42 -1.48974e+25 -1.71163e+42 -8.56639e+24 -9.84236e+41 1.35271e+24 1.55419e+41 
1.27505e+17 -1.24199e+25 -1.58360e+42 -1.61832e+25 -2.06345e+42 -1.40151e+25 -1.78700e+42 -8.07283e+24 -1.02933e+42 3.63769e+23 4.63824e+40 
1.41499e+17 -1.01160e+25 -1.43140e+42 -1.20392e+25 -1.70354e+42 -1.04263e+25 -1.47531e+42 -6.01025e+24 -8.50445e+41 4.08093e+22 5.77448e+39 
1.57029e+17 -6.83891e+24 -1.07391e+42 -7.78388e+24 -1.22230e+42 -6.74104e+24 -1.05854e+42 -3.88769e+24 -6.10480e+41 -3.67459e+22 -5.77017e+39 
1.74263e+17 -4.06450e+24 -7.08293e+41 -4.49794e+24 -7.83826e+41 -3.89533e+24 -6.78813e+41 -2.24723e+24 -3.91609e+41 -3.93745e+22 -6.86153e+39 
1.93389e+17 -2.15497e+24 -4.16747e+41 -2.33548e+24 -4.51657e+41 -2.02259e+24 -3.91146e+41 -1.16710e+24 -2.25705e+41 -2.61336e+22 -5.05395e+39 
2.14614e+17 -1.01785e+24 -2.18445e+41 -1.08452e+24 -2.32754e+41 -9.39223e+23 -2.01570e+41 -5.42053e+23 -1.16332e+41 -1.40704e+22 -3.01970e+39 
2.38169e+17 -4.24673e+23 -1.01144e+41 -4.46072e+23 -1.06240e+41 -3.86310e+23 -9.20068e+40 -2.22977e+23 -5.31061e+40 -6.43965e+21 -1.53372e+39 
2.64308e+17 -1.54658e+23 -4.08774e+40 -1.60517e+23 -4.24259e+40 -1.39012e+23 -3.67419e+40 -8.02439e+22 -2.12091e+40 -2.51550e+21 -6.64867e+38 
2.93317e+17 -4.84809e+22 -1.42202e+40 -4.98239e+22 -1.46142e+40 -4.31488e+22 -1.26563e+40 -2.49089e+22 -7.30619e+39 -8.31945e+20 -2.44023e+38 
3.25509e+17 -1.28784e+22 -4.19204e+39 -1.31309e+22 -4.27423e+39 -1.13717e+22 -3.70159e+39 -6.56491e+21 -2.13694e+39 -2.30095e+20 -7.48978e+37 
3.61234e+17 -2.84918e+21 -1.02922e+39 -2.88717e+21 -1.04294e+39 -2.50036e+21 -9.03215e+38 -1.44350e+21 -5.21442e+38 -5.24358e+19 -1.89416e+37 
4.00881e+17 -5.14968e+20 -2.06441e+38 -5.19397e+20 -2.08216e+38 -4.49811e+20 -1.80320e+38 -2.59689e+20 -1.04104e+38 -9.67958e+18 -3.88036e+36 
4.44878e+17 -7.44278e+19 -3.31113e+37 -7.48096e+19 -3.32812e+37 -6.47870e+19 -2.88223e+37 -3.74039e+19 -1.66402e+37 -1.41945e+18 -6.31484e+35 
4.93705e+17 -8.39876e+18 -4.14651e+36 -8.42105e+18 -4.15751e+36 -7.29284e+18 -3.60051e+36 -4.21046e+18 -2.07872e+36 -1.61720e+17 -7.98417e+34 
5.47890e+17 -7.20547e+17 -3.94780e+35 -7.21226e+17 -3.95152e+35 -6.24600e+17 -3.42212e+35 -3.60609e+17 -1.97574e+35 -1.39575e+16 -7.64718e+33 
6.08022e+17 -4.56252e+16 -2.77411e+34 -4.56159e+16 -2.77355e+34 -3.95045e+16 -2.40196e+34 -2.28078e+16 -1.38677e+34 -8.86849e+14 -5.39224e+32 
6.74754e+17 -2.06309e+15 -1.39208e+33 -2.06115e+15 -1.39077e+33 -1.78501e+15 -1.20444e+33 -1.03057e+15 -6.95381e+32 -4.01721e+13 -2.71063e+31 
7.48810e+17 -6.42206e+13 -4.80891e+31 -6.41309e+13 -4.80219e+31 -5.55390e+13 -4.15882e+31 -3.20654e+13 -2.40109e+31 -1.25135e+12 -9.37020e+29 
8.30994e+17 -1.32122e+12 -1.09793e+30 -1.31902e+12 -1.09610e+30 -1.14231e+12 -9.49251e+29 -6.59511e+11 -5.48050e+29 -2.57462e+10 -2.13949e+28 
9.22198e+17 -1.71700e+10 -1.58342e+28 -1.71389e+10 -1.58054e+28 -1.48427e+10 -1.36879e+28 -8.56943e+09 -7.90271e+27 -3.34525e+08 -3.08498e+26 
1.02341e+18 -1.34043e+08 -1.37181e+26 -1.33789e+08 -1.36922e+26 -1.15865e+08 -1.18578e+26 -6.68946e+07 -6.84607e+25 -2.61105e+06 -2.67217e+24 
1.13573e+18 -5.94548e+05 -6.75248e+23 -5.93402e+05 -6.73946e+23 -5.13901e+05 -5.83654e+23 -2.96701e+05 -3.36973e+23 -1.15809e+04 -1.31528e+22 
1.26038e+18 -1.40846e+03 -1.77520e+21 -1.40572e+03 -1.77174e+21 -1.21739e+03 -1.53438e+21 -7.02860e+02 -8.85872e+20 -2.74418e+01 -3.45871e+19 
1.39871e+18 -1.66388e+00 -2.32730e+18 -1.66063e+00 -2.32275e+18 -1.43815e+00 -2.01156e+18 -8.30316e-01 -1.16137e+18 -3.24395e-02 -4.53736e+16 
1.55223e+18 -9.08399e-04 -1.41004e+15 -9.06617e-04 -1.40727e+15 -7.85154e-04 -1.21874e+15 -4.53309e-04 -7.03637e+14 -1.77304e-05 -2.75216e+13 
1.72259e+18 -2.10647e-07 -3.62858e+11 -2.10233e-07 -3.62144e+11 -1.82067e-07 -3.13626e+11 -1.05116e-07 -1.81072e+11 -4.11838e-09 -7.09427e+09 
1.91164e+18 -1.88938e-11 -3.61181e+07 -1.88564e-11 -3.60468e+07 -1.63301e-11 -3.12174e+07 -9.42821e-12 -1.80234e+07 -3.70241e-13 -7.07769e+05 
2.12145e+18 -5.90888e-16 -1.25354e+03 -5.89714e-16 -1.25105e+03 -5.10708e-16 -1.08344e+03 -2.94857e-16 -6.25525e+02 -1.16133e-17 -2.46371e+01 
2.35429e+18 -5.74334e-21 -1.35215e-02 -5.73185e-21 -1.34944e-02 -4.96393e-21 -1.16865e-02 -2.86593e-21 -6.74721e-03 -1.13295e-22 -2.66730e-04 
2.61268e+18 -1.52732e-26 -3.99039e-08 -1.52424e-26 -3.98234e-08 -1.32003e-26 -3.44881e-08 -7.62120e-27 -1.99117e-08 -3.02624e-28 -7.90659e-10 
2.89942e+18 -9.64810e-33 -2.79739e-14 -9.62846e-33 -2.79170e-14 -8.33849e-33 -2.41768e-14 -4.81423e-33 -1.39585e-14 -1.92168e-34 -5.57177e-16 
3.21764e+18 -1.23794e-39 -3.98324e-21 -1.23539e-39 -3.97504e-21 -1.06988e-39 -3.44248e-21 -6.17694e-40 -1.98752e-21 -2.48053e-41 -7.98144e-23 
3.57079e+18 -2.71227e-47 -9.68493e-29 -2.70661e-47 -9.66473e-29 -2.34400e-47 -8.36990e-29 -1.35331e-47 -4.83237e-29 -5.47149e-49 -1.95375e-30 
3.96269e+18 -8.37121e-56 -3.31725e-37 -8.35351e-56 -3.31024e-37 -7.23435e-56 -2.86675e-37 -4.17676e-56 -1.65512e-37 -1.70127e-57 -6.74161e-39 
4.39760e+18 -2.94032e-65 -1.29304e-46 -2.93401e-65 -1.29026e-46 -2.54093e-65 -1.11740e-46 -1.46701e-65 -6.45131e-47 -6.02294e-67 -2.64865e-48 
4.88025e+18 -9.27484e-76 -4.52636e-57 -9.25463e-76 -4.51649e-57 -8.01474e-76 -3.91140e-57 -4.62731e-76 -2.25825e-57 -1.91543e-77 -9.34777e-59 
5.41587e+18 -2.01978e-87 -1.09389e-68 -2.01531e-87 -1.09147e-68 -1.74531e-87 -9.45239e-69 -1.00766e-87 -5.45734e-69 -4.20531e-89 -2.27754e-70 
6.01028e+18 -2.26699e-100 -1.36252e-81 -2.26190e-100 -1.35947e-81 -1.95887e-100 -1.17733e-81 -1.13095e-100 -6.79733e-82 -4.75687e-102 -2.85901e-83 
6.66992e+18 -9.47535e-115 -6.31998e-96 -9.45380e-115 -6.30561e-96 -8.18723e-115 -5.46082e-96 -4.72690e-115 -3.15281e-96 -2.00239e-116 -1.33558e-97 
7.40196e+18 -1.02746e-130 -7.60519e-112 -1.02509e-130 -7.58770e-112 -8.87757e-131 -6.57114e-112 -5.12547e-131 -3.79385e-112 -2.18469e-132 -1.61710e-113 
8.21434e+18 -1.93377e-148 -1.58847e-129 -1.92928e-148 -1.58478e-129 -1.67081e-148 -1.37246e-129 -9.64641e-149 -7.92390e-130 -4.13265e-150 -3.39470e-131 
9.11589e+18 -4.04136e-168 -3.68406e-149 -4.03191e-168 -3.67544e-149 -3.49173e-168 -3.18303e-149 -2.01595e-168 -1.83772e-149 -8.67080e-170 -7.90420e-151 
1.01164e+19 -5.71037e-190 -5.77682e-171 -5.69694e-190 -5.76324e-171 -4.93369e-190 -4.99111e-171 -2.84847e-190 -2.88162e-171 -1.22872e-191 -1.24302e-172 
1.12267e+19 -3.14517e-214 -3.53098e-195 -3.13774e-214 -3.52264e-195 -2.71737e-214 -3.05070e-195 -1.56887e-214 -1.76132e-195 -6.78119e-216 -7.61302e-197 
1.24588e+19 6.34200e-240 7.90139e-221 1.29492e-241 1.61332e-222 4.45735e-241 5.55334e-222 8.59170e-241 1.07043e-221 1.03448e-240 1.28884e-221 
1.38262e+19 3.59142e-249 4.96557e-230 2.65027e-250 3.66432e-231 4.08129e-250 5.64288e-231 5.57822e-250 7.71257e-231 5.58048e-250 7.71569e-231 
1.53437e+19 1.79071e-259 2.74761e-240 1.32124e-260 2.02727e-241 2.03487e-260 3.12224e-241 2.78130e-260 4.26754e-241 2.78249e-260 4.26936e-241 
1.70277e+19 6.40312e-271 1.09030e-251 4.72390e-272 8.04371e-253 7.27593e-272 1.23892e-252 9.94509e-272 1.69342e-252 9.94947e-272 1.69417e-252 
1.88965e+19 1.22868e-283 2.32178e-264 9.06400e-285 1.71278e-265 1.39614e-284 2.63821e-265 1.90833e-284 3.60608e-265 1.90919e-284 3.60770e-265 
2.09705e+19 9.17234e-298 1.92348e-278 6.76620e-299 1.41890e-279 1.04223e-298 2.18561e-279 1.42460e-298 2.98745e-279 1.42525e-298 2.98881e-279 
2.32720e+19 1.86446e-313 4.33898e-294 1.37534e-314 3.20069e-295 2.11853e-314 4.93024e-295 2.89577e-314 6.73905e-295 2.89710e-314 6.74213e-295 
2.58262e+19 0.00000e+00 0.00000e+00 0.00000e+00 0.00000e+00 0.00000e+00 0.00000e+00 0.00000e+00 0.00000e+00 0.00000e+00 0.00000e+00 
2.86607e+19 0.00000e+00 0.00000e+00 0.00000e+00 0.00000e+00 0.00000e+00 0.00000e+00 0.00000e+00 0.00000e+00 0.00000e+00 0.00000e+00 
3.18063e+19 0.00000e+00 0.00000e+00 0.00000e+00 0.00000e+00 0.00000e+00 0.00000e+00 0.00000e+00 0.00000e+00 0.00000e+00 0.00000e+00 
3.52971e+19 0.00000e+00 0.00000e+00 0.00000e+00 0.00000e+00 0.00000e+00 0.00000e+00 0.00000e+00 0.00000e+00 0.00000e+00 0.00000e+00 
3.91710e+19 0.00000e+00 0.00000e+00 0.00000e+00 0.00000e+00 0.00000e+00 0.00000e+00 0.00000e+00 0.00000e+00 0.00000e+00 0.00000e+00 
4.34701e+19 0.00000e+00 0.00000e+00 0.00000e+00 0.00000e+00 0.00000e+00 0.00000e+00 0.00000e+00 0.00000e+00 0.00000e+00 0.00000e+00 
4.82411e+19 0.00000e+00 0.00000e+00 0.00000e+00 0.00000e+00 0.00000e+00 0.00000e+00 0.00000e+00 0.00000e+00 0.00000e+00 0.00000e+00 
5.35357e+19 0.00000e+00 0.00000e+00 0.00000e+00 0.00000e+00 0.00000e+00 0.00000e+00 0.00000e+00 0.00000e+00 0.00000e+00 0.00000e+00 
5.94113e+19 0.00000e+00 0.00000e+00 0.00000e+00 0.00000e+00 0.00000e+00 0.00000e+00 0.00000e+00 0.00000e+00 0.00000e+00 0.00000e+00 
6.59319e+19 0.00000e+00 0.00000e+00 0.00000e+00 0.00000e+00 0.00000e+00 0.00000e+00 0.00000e+00 0.00000e+00 0.00000e+00 0.00000e+00 
7.31681e+19 0.00000e+00 0.00000e+00 0.00000e+00 0.00000e+00 0.00000e+00 0.00000e+00 0.00000e+00 0.00000e+00 0.00000e+00 0.00000e+00 
8.11984e+19 0.00000e+00 0.00000e+00 0.00000e+00 0.00000e+00 0.00000e+00 0.00000e+00 0.00000e+00 0.00000e+00 0.00000e+00 0.00000e+00 
9.01102e+19 0.00000e+00 0.00000e+00 0.00000e+00 0.00000e+00 0.00000e+00 0.00000e+00 0.00000e+00 0.00000e+00 0.00000e+00 0.00000e+00 
1.00000e+20 0.00000e+00 0.00000e+00 0.00000e+00 0.00000e+00 0.00000e+00 0.00000e+00 0.00000e+00 0.00000e+00 0.00000e+00 0.00000e+00 
