radius_rg T_0deg chi2_0deg T_15deg chi2_15deg T_30deg chi2_30deg T_45deg chi2_45deg nuLnusavg_last
 2.00000e-01  1.36144e+06  1.20935e+45  1.31613e+06  9.53975e+44  1.18907e+06  4.11701e+44  1.00397e+06  1.02408e+44  1.31564e-05
 2.06537e-01  1.36144e+06  1.16203e+45  1.31613e+06  9.15841e+44  1.14951e+06  3.94809e+44  9.70565e+05  9.70349e+43  1.31564e-05
 2.13287e-01  1.31613e+06  1.11415e+45  1.27234e+06  8.77793e+44  1.14951e+06  3.74581e+44  9.70565e+05  9.10853e+43  1.31564e-05
 2.20257e-01  1.31613e+06  1.06658e+45  1.27234e+06  8.38864e+44  1.14951e+06  3.61341e+44  9.70565e+05  8.78538e+43  1.31564e-05
 2.27456e-01  1.27234e+06  1.02635e+45  1.23000e+06  8.07922e+44  1.11126e+06  3.41068e+44  9.38269e+05  8.17789e+43  1.31564e-05
 2.34890e-01  1.27234e+06  9.77945e+44  1.23000e+06  7.67704e+44  1.11126e+06  3.25916e+44  9.38269e+05  7.69876e+43  1.31564e-05
 2.42567e-01  1.27234e+06  9.44077e+44  1.23000e+06  7.39744e+44  1.07428e+06  3.11406e+44  9.07048e+05  7.47639e+43  1.31564e-05
 2.50494e-01  1.23000e+06  8.96158e+44  1.18907e+06  7.02476e+44  1.07428e+06  2.94066e+44  9.07048e+05  6.82826e+43  1.31564e-05
 2.58681e-01  1.23000e+06  8.60542e+44  1.18907e+06  6.72465e+44  1.07428e+06  2.83381e+44  9.07048e+05  6.44250e+43  1.31564e-05
 2.67136e-01  1.18907e+06  8.21354e+44  1.14951e+06  6.43391e+44  1.03853e+06  2.66096e+44  8.76865e+05  6.20586e+43  1.31564e-05
 2.75866e-01  1.18907e+06  7.83444e+44  1.14951e+06  6.10861e+44  1.03853e+06  2.52820e+44  8.76865e+05  5.63418e+43  1.31564e-05
 2.84882e-01  1.14951e+06  7.53775e+44  1.14951e+06  5.89938e+44  1.00397e+06  2.42392e+44  8.76865e+05  5.31992e+43  1.31564e-05
 2.94193e-01  1.14951e+06  7.13023e+44  1.11126e+06  5.55234e+44  1.00397e+06  2.26245e+44  8.47687e+05  5.09771e+43  1.31564e-05
 3.03808e-01  1.14951e+06  6.85707e+44  1.11126e+06  5.31087e+44  1.00397e+06  2.16472e+44  8.47687e+05  4.58038e+43  1.31564e-05
 3.13737e-01  1.11126e+06  6.49631e+44  1.07428e+06  5.05996e+44  9.70565e+05  2.04114e+44  8.47687e+05  4.31613e+43  1.31564e-05
 3.23991e-01  1.11126e+06  6.18656e+44  1.07428e+06  4.78164e+44  9.70565e+05  1.91079e+44  8.19480e+05  4.14192e+43  1.31564e-05
 3.34580e-01  1.07428e+06  5.93747e+44  1.07428e+06  4.61393e+44  9.70565e+05  1.84273e+44  8.19480e+05  3.65707e+43  1.31564e-05
 3.45515e-01  1.07428e+06  5.58574e+44  1.03853e+06  4.31688e+44  9.38269e+05  1.70396e+44  8.19480e+05  3.42147e+43  1.31564e-05
 3.56807e-01  1.07428e+06  5.36199e+44  1.03853e+06  4.10564e+44  9.38269e+05  1.59941e+44  7.92211e+05  3.33461e+43  1.31564e-05
 3.68468e-01  1.03853e+06  5.06063e+44  1.00397e+06  3.92308e+44  9.07048e+05  1.55082e+44  7.92211e+05  2.86030e+43  1.31564e-05
 3.80511e-01  1.03853e+06  4.78716e+44  1.00397e+06  3.66362e+44  9.07048e+05  1.40673e+44  7.92211e+05  2.63194e+43  1.31564e-05
 3.92947e-01  1.00397e+06  4.61878e+44  1.00397e+06  3.51013e+44  9.07048e+05  1.32285e+44  7.92211e+05  2.64858e+43  1.31564e-05
 4.05790e-01  1.00397e+06  4.29010e+44  9.70565e+05  3.29563e+44  8.76865e+05  1.27239e+44  7.65850e+05  2.19262e+43  1.31564e-05
 4.19052e-01  1.00397e+06  4.08403e+44  9.70565e+05  3.08743e+44  8.76865e+05  1.14502e+44  7.65850e+05  1.94976e+43  1.31564e-05
 4.32748e-01  9.70565e+05  3.87985e+44  9.70565e+05  2.98281e+44  8.76865e+05  1.07677e+44  7.65850e+05  1.94909e+43  1.31564e-05
 4.46891e-01  9.70565e+05  3.61104e+44  9.38269e+05  2.74324e+44  8.47687e+05  1.03132e+44  7.40366e+05  1.66403e+43  1.31564e-05
 4.61496e-01  9.70565e+05  3.46204e+44  9.38269e+05  2.57748e+44  8.47687e+05  9.15587e+43  7.40366e+05  1.38434e+43  1.31564e-05
 4.76579e-01  9.38269e+05  3.23005e+44  9.07048e+05  2.48868e+44  8.47687e+05  8.58020e+43  7.40366e+05  1.34451e+43  1.31564e-05
 4.92155e-01  9.38269e+05  3.01085e+44  9.07048e+05  2.25667e+44  8.19480e+05  8.25663e+43  7.15730e+05  1.29331e+43  1.31564e-05
 5.08240e-01  9.38269e+05  2.90897e+44  9.07048e+05  2.12480e+44  8.19480e+05  7.16494e+43  7.15730e+05  9.53521e+42  1.31564e-05
 5.24851e-01  9.07048e+05  2.65862e+44  8.76865e+05  2.03333e+44  8.19480e+05  6.64669e+43  7.15730e+05  8.51788e+42  1.31564e-05
 5.42004e-01  9.07048e+05  2.47910e+44  8.76865e+05  1.82864e+44  7.92211e+05  6.54909e+43  7.15730e+05  9.87694e+42  1.31564e-05
 5.59718e-01  9.07048e+05  2.41469e+44  8.76865e+05  1.72232e+44  7.92211e+05  5.47203e+43  6.91914e+05  6.85373e+42  1.31564e-05
 5.78011e-01  8.76865e+05  2.15710e+44  8.47687e+05  1.63975e+44  7.92211e+05  4.96142e+43  6.91914e+05  4.97709e+42  1.31564e-05
 5.96902e-01  8.76865e+05  2.00756e+44  8.47687e+05  1.45391e+44  7.92211e+05  5.01513e+43  6.91914e+05  5.46220e+42  1.31564e-05
 6.16411e-01  8.47687e+05  1.96055e+44  8.47687e+05  1.36490e+44  7.65850e+05  4.08758e+43  6.68890e+05  6.20895e+42  1.31564e-05
 6.36557e-01  8.47687e+05  1.71943e+44  8.19480e+05  1.30484e+44  7.65850e+05  3.53379e+43  6.68890e+05  3.21375e+42  1.31564e-05
 6.57361e-01  8.47687e+05  1.59028e+44  8.19480e+05  1.12942e+44  7.65850e+05  3.53842e+43  6.68890e+05  2.57299e+42  1.31564e-05
 6.78845e-01  8.19480e+05  1.57076e+44  8.19480e+05  1.04948e+44  7.40366e+05  3.04035e+43  6.68890e+05  4.28403e+42  1.31564e-05
 7.01032e-01  8.19480e+05  1.34204e+44  7.92211e+05  1.02796e+44  7.40366e+05  2.39084e+43  6.46632e+05  3.77941e+42  1.31564e-05
 7.23943e-01  8.19480e+05  1.22373e+44  7.92211e+05  8.54436e+43  7.40366e+05  2.29502e+43  6.46632e+05  1.73596e+42  1.31564e-05
 7.47603e-01  8.19480e+05  1.21534e+44  7.92211e+05  7.75263e+43  7.15730e+05  2.38110e+43  6.46632e+05  2.04084e+42  1.31564e-05
 7.72037e-01  7.92211e+05  1.02411e+44  7.92211e+05  7.90106e+43  7.15730e+05  1.58066e+43  6.46632e+05  4.69530e+42  1.31564e-05
 7.97269e-01  7.92211e+05  9.06997e+43  7.65850e+05  6.30911e+43  7.15730e+05  1.33056e+43  6.25115e+05  3.68440e+42  1.31564e-05
 8.23326e-01  7.92211e+05  8.98491e+43  7.65850e+05  5.44011e+43  7.15730e+05  1.62977e+43  6.25115e+05  2.28161e+42  1.31564e-05
 8.50234e-01  7.65850e+05  7.67960e+43  7.65850e+05  5.50172e+43  6.91914e+05  1.17736e+43  6.25115e+05  3.22941e+42  1.31564e-05
 8.78022e-01  7.65850e+05  6.42178e+43  7.40366e+05  4.63898e+43  6.91914e+05  7.15556e+42  6.25115e+05  6.53170e+42  1.31564e-05
 9.06718e-01  7.65850e+05  6.23910e+43  7.40366e+05  3.60476e+43  6.91914e+05  8.00513e+42  6.04314e+05  5.98350e+42  1.31564e-05
 9.36352e-01  7.40366e+05  5.79499e+43  7.40366e+05  3.49354e+43  6.68890e+05  1.28842e+43  6.04314e+05  4.88830e+42  1.31564e-05
 9.66955e-01  7.40366e+05  4.34834e+43  7.15730e+05  3.62186e+43  6.68890e+05  5.52328e+42  6.04314e+05  6.15448e+42  1.31564e-05
 9.98557e-01  7.40366e+05  3.96826e+43  7.15730e+05  2.32982e+43  6.68890e+05  3.62315e+42  6.04314e+05  9.78727e+42  1.31564e-05
 1.03119e+00  7.40366e+05  4.65318e+43  7.15730e+05  1.95550e+43  6.68890e+05  7.17600e+42  5.84205e+05  1.09936e+43  1.31564e-05
 1.06489e+00  7.15730e+05  2.94703e+43  7.15730e+05  2.49737e+43  6.46632e+05  9.85378e+42  5.84205e+05  9.83716e+42  1.31564e-05
 1.09970e+00  7.15730e+05  2.26470e+43  6.91914e+05  1.74296e+43  6.46632e+05  4.52851e+42  5.84205e+05  1.10626e+43  1.31564e-05
 1.13564e+00  7.15730e+05  2.64032e+43  6.91914e+05  1.00901e+43  6.46632e+05  4.65996e+42  5.84205e+05  1.46749e+43  1.31564e-05
 1.17276e+00  6.91914e+05  2.36706e+43  6.91914e+05  1.18733e+43  6.46632e+05  1.02487e+43  5.64766e+05  1.94192e+43  1.31564e-05
 1.21108e+00  6.91914e+05  1.27027e+43  6.68890e+05  2.02899e+43  6.25115e+05  1.26512e+43  5.64766e+05  1.77756e+43  1.31564e-05
 1.25067e+00  6.91914e+05  1.22732e+43  6.68890e+05  8.29936e+42  6.25115e+05  8.61628e+42  5.64766e+05  1.85466e+43  1.31564e-05
 1.29154e+00  6.91914e+05  2.23803e+43  6.68890e+05  5.42408e+42  6.25115e+05  1.00550e+43  5.64766e+05  2.17356e+43  1.31564e-05
 1.33375e+00  6.68890e+05  1.19042e+43  6.68890e+05  1.16522e+43  6.25115e+05  1.69734e+43  5.64766e+05  2.73557e+43  1.31564e-05
 1.37734e+00  6.68890e+05  6.09952e+42  6.46632e+05  1.66668e+43  6.04314e+05  2.16398e+43  5.45973e+05  2.99564e+43  1.31564e-05
 1.42236e+00  6.68890e+05  1.08058e+43  6.46632e+05  7.99165e+42  6.04314e+05  1.80853e+43  5.45973e+05  2.97713e+43  1.31564e-05
 1.46884e+00  6.46632e+05  2.31536e+43  6.46632e+05  8.43049e+42  6.04314e+05  2.00435e+43  5.45973e+05  3.20505e+43  1.31564e-05
 1.51685e+00  6.46632e+05  1.06449e+43  6.46632e+05  1.79852e+43  6.04314e+05  2.75227e+43  5.45973e+05  3.68035e+43  1.31564e-05
 1.56642e+00  6.46632e+05  8.66599e+42  6.25115e+05  2.28967e+43  5.84205e+05  3.78957e+43  5.45973e+05  4.40499e+43  1.31564e-05
 1.61762e+00  6.46632e+05  1.72087e+43  6.25115e+05  1.62836e+43  5.84205e+05  3.39073e+43  5.27805e+05  4.69563e+43  1.31564e-05
 1.67049e+00  6.25115e+05  2.97893e+43  6.25115e+05  1.88189e+43  5.84205e+05  3.54972e+43  5.27805e+05  4.76947e+43  1.31564e-05
 1.72508e+00  6.25115e+05  1.96538e+43  6.25115e+05  3.05130e+43  5.84205e+05  4.26720e+43  5.27805e+05  5.09715e+43  1.31564e-05
 1.78146e+00  6.25115e+05  2.00854e+43  6.04314e+05  3.96846e+43  5.84205e+05  5.54613e+43  5.27805e+05  5.68005e+43  1.31564e-05
 1.83968e+00  6.25115e+05  3.10858e+43  6.04314e+05  3.37660e+43  5.64766e+05  5.80997e+43  5.27805e+05  6.52056e+43  1.31564e-05
 1.89981e+00  6.04314e+05  4.89968e+43  6.04314e+05  3.70681e+43  5.64766e+05  5.82753e+43  5.10242e+05  7.28585e+43  1.31564e-05
 1.96190e+00  6.04314e+05  3.96439e+43  6.04314e+05  4.96045e+43  5.64766e+05  6.41300e+43  5.10242e+05  7.37879e+43  1.31564e-05
 2.02602e+00  6.04314e+05  4.09408e+43  5.84205e+05  6.89736e+43  5.64766e+05  7.56882e+43  5.10242e+05  7.73638e+43  1.31564e-05
 2.09224e+00  6.04314e+05  5.28929e+43  5.84205e+05  6.21988e+43  5.64766e+05  9.29975e+43  5.10242e+05  8.36011e+43  1.31564e-05
 2.16062e+00  6.04314e+05  7.55496e+43  5.84205e+05  6.47623e+43  5.45973e+05  9.19180e+43  5.10242e+05  9.25255e+43  1.31564e-05
 2.23123e+00  5.84205e+05  7.26965e+43  5.84205e+05  7.66747e+43  5.45973e+05  9.51911e+43  5.10242e+05  1.04174e+44  1.31564e-05
 2.30415e+00  5.84205e+05  7.31088e+43  5.84205e+05  9.79854e+43  5.45973e+05  1.04296e+44  4.93264e+05  1.14261e+44  1.31564e-05
 2.37946e+00  5.84205e+05  8.43094e+43  5.64766e+05  1.05169e+44  5.45973e+05  1.19271e+44  4.93264e+05  1.17002e+44  1.31564e-05
 2.45723e+00  5.84205e+05  1.06345e+44  5.64766e+05  1.05211e+44  5.45973e+05  1.40177e+44  4.93264e+05  1.22568e+44  1.31564e-05
 2.53753e+00  5.64766e+05  1.23032e+44  5.64766e+05  1.14769e+44  5.27805e+05  1.42161e+44  4.93264e+05  1.30982e+44  1.31564e-05
 2.62047e+00  5.64766e+05  1.20485e+44  5.64766e+05  1.33883e+44  5.27805e+05  1.47183e+44  4.93264e+05  1.42280e+44  1.31564e-05
 2.70611e+00  5.64766e+05  1.28923e+44  5.64766e+05  1.62632e+44  5.27805e+05  1.58252e+44  4.93264e+05  1.56507e+44  1.31564e-05
 2.79455e+00  5.64766e+05  1.48380e+44  5.45973e+05  1.64679e+44  5.27805e+05  1.75414e+44  4.93264e+05  1.73724e+44  1.31564e-05
 2.88589e+00  5.64766e+05  1.78936e+44  5.45973e+05  1.69720e+44  5.27805e+05  1.98739e+44  4.76850e+05  1.91354e+44  1.31564e-05
 2.98021e+00  5.45973e+05  1.90426e+44  5.45973e+05  1.84544e+44  5.10242e+05  2.16450e+44  4.76850e+05  1.97075e+44  1.31564e-05
 3.07761e+00  5.45973e+05  1.93582e+44  5.45973e+05  2.09213e+44  5.10242e+05  2.21285e+44  4.76850e+05  2.05953e+44  1.31564e-05
 3.17819e+00  5.45973e+05  2.08025e+44  5.45973e+05  2.43828e+44  5.10242e+05  2.32474e+44  4.76850e+05  2.18024e+44  1.31564e-05
 3.28206e+00  5.45973e+05  2.33815e+44  5.27805e+05  2.52676e+44  5.10242e+05  2.50062e+44  4.76850e+05  2.33339e+44  1.31564e-05
 3.38933e+00  5.45973e+05  2.71058e+44  5.27805e+05  2.60396e+44  5.10242e+05  2.74124e+44  4.76850e+05  2.51961e+44  1.31564e-05
 3.50010e+00  5.27805e+05  2.91368e+44  5.27805e+05  2.78275e+44  5.10242e+05  3.04758e+44  4.76850e+05  2.73967e+44  1.31564e-05
 3.61449e+00  5.27805e+05  2.97517e+44  5.27805e+05  3.06387e+44  4.93264e+05  3.36578e+44  4.76850e+05  2.99447e+44  1.31564e-05
 3.73262e+00  5.27805e+05  3.15384e+44  5.27805e+05  3.44847e+44  4.93264e+05  3.44733e+44  4.76850e+05  3.28508e+44  1.31564e-05
 3.85462e+00  5.27805e+05  3.45042e+44  5.10242e+05  3.82877e+44  4.93264e+05  3.59753e+44  4.76850e+05  3.61270e+44  1.31564e-05
 3.98060e+00  5.27805e+05  3.86613e+44  5.10242e+05  3.89916e+44  4.93264e+05  3.81700e+44  4.60983e+05  3.96497e+44  1.31564e-05
 4.11069e+00  5.27805e+05  4.40270e+44  5.10242e+05  4.07649e+44  4.93264e+05  4.10664e+44  4.60983e+05  4.11176e+44  1.31564e-05
 4.24504e+00  5.10242e+05  4.47204e+44  5.10242e+05  4.36150e+44  4.93264e+05  4.46766e+44  4.60983e+05  4.29897e+44  1.31564e-05
 4.38378e+00  5.10242e+05  4.64756e+44  5.10242e+05  4.75537e+44  4.93264e+05  4.90154e+44  4.60983e+05  4.52738e+44  1.31564e-05
 4.52705e+00  5.10242e+05  4.94718e+44  5.10242e+05  5.25973e+44  4.93264e+05  5.41010e+44  4.60983e+05  4.79795e+44  1.31564e-05
 4.67501e+00  5.10242e+05  5.37212e+44  5.10242e+05  5.87667e+44  4.76850e+05  5.72733e+44  4.60983e+05  5.11178e+44  1.31564e-05
 4.82780e+00  5.10242e+05  5.92416e+44  4.93264e+05  6.04483e+44  4.76850e+05  5.93975e+44  4.60983e+05  5.47018e+44  1.31564e-05
 4.98558e+00  5.10242e+05  6.60557e+44  4.93264e+05  6.28125e+44  4.76850e+05  6.23112e+44  4.60983e+05  5.87462e+44  1.31564e-05
 5.14853e+00  4.93264e+05  6.93504e+44  4.93264e+05  6.63446e+44  4.76850e+05  6.60267e+44  4.60983e+05  6.32679e+44  1.31564e-05
 5.31679e+00  4.93264e+05  7.17633e+44  4.93264e+05  7.10594e+44  4.76850e+05  7.05591e+44  4.60983e+05  6.82856e+44  1.31564e-05
 5.49056e+00  4.93264e+05  7.55218e+44  4.93264e+05  7.69764e+44  4.76850e+05  7.59274e+44  4.60983e+05  7.38199e+44  1.31564e-05
 5.67001e+00  4.93264e+05  8.06414e+44  4.93264e+05  8.41200e+44  4.76850e+05  8.21537e+44  4.60983e+05  7.98939e+44  1.31564e-05
 5.85532e+00  4.93264e+05  8.71434e+44  4.93264e+05  9.25198e+44  4.76850e+05  8.92638e+44  4.60983e+05  8.65326e+44  1.31564e-05
 6.04668e+00  4.93264e+05  9.50545e+44  4.76850e+05  1.00027e+45  4.76850e+05  9.72871e+44  4.60983e+05  9.37636e+44  1.31564e-05
 6.24430e+00  4.93264e+05  1.04408e+45  4.76850e+05  1.03343e+45  4.76850e+05  1.06257e+45  4.60983e+05  1.01617e+45  1.31564e-05
 6.44838e+00  4.76850e+05  1.14820e+45  4.76850e+05  1.07994e+45  4.76850e+05  1.16210e+45  4.60983e+05  1.10124e+45  1.31564e-05
 6.65913e+00  4.76850e+05  1.18287e+45  4.76850e+05  1.14000e+45  4.60983e+05  1.21486e+45  4.60983e+05  1.19322e+45  1.31564e-05
 6.87677e+00  4.76850e+05  1.23291e+45  4.76850e+05  1.21386e+45  4.60983e+05  1.26615e+45  4.60983e+05  1.29248e+45  1.31564e-05
 7.10152e+00  4.76850e+05  1.29854e+45  4.76850e+05  1.30183e+45  4.60983e+05  1.32812e+45  4.60983e+05  1.39942e+45  1.31564e-05
 7.33362e+00  4.76850e+05  1.38003e+45  4.76850e+05  1.40426e+45  4.60983e+05  1.40102e+45  4.60983e+05  1.51450e+45  1.31564e-05
 7.57330e+00  4.76850e+05  1.47772e+45  4.76850e+05  1.52159e+45  4.60983e+05  1.48516e+45  4.60983e+05  1.63819e+45  1.31564e-05
 7.82082e+00  4.76850e+05  1.59201e+45  4.76850e+05  1.65429e+45  4.60983e+05  1.58089e+45  4.60983e+05  1.77099e+45  1.31564e-05
 8.07642e+00  4.76850e+05  1.72338e+45  4.76850e+05  1.80292e+45  4.60983e+05  1.68859e+45  4.60983e+05  1.91347e+45  1.31564e-05
 8.34038e+00  4.76850e+05  1.87236e+45  4.76850e+05  1.96809e+45  4.60983e+05  1.80872e+45  4.45643e+05  1.99841e+45  1.31564e-05
 8.61296e+00  4.76850e+05  2.03958e+45  4.60983e+05  2.10223e+45  4.60983e+05  1.94178e+45  4.45643e+05  2.07966e+45  1.31564e-05
 8.89446e+00  4.76850e+05  2.22572e+45  4.60983e+05  2.18393e+45  4.60983e+05  2.08830e+45  4.45643e+05  2.17186e+45  1.31564e-05
 9.18515e+00  4.60983e+05  2.40816e+45  4.60983e+05  2.28374e+45  4.60983e+05  2.24891e+45  4.45643e+05  2.27539e+45  1.31564e-05
 9.48535e+00  4.60983e+05  2.49761e+45  4.60983e+05  2.40209e+45  4.60983e+05  2.42427e+45  4.45643e+05  2.39068e+45  1.31564e-05
 9.79535e+00  4.60983e+05  2.60789e+45  4.60983e+05  2.53946e+45  4.60983e+05  2.61509e+45  4.45643e+05  2.51820e+45  1.31564e-05
 1.01155e+01  4.60983e+05  2.73944e+45  4.60983e+05  2.69642e+45  4.60983e+05  2.82217e+45  4.45643e+05  2.65849e+45  1.31564e-05
 1.04461e+01  4.60983e+05  2.89281e+45  4.60983e+05  2.87362e+45  4.60983e+05  3.04638e+45  4.45643e+05  2.81211e+45  1.31564e-05
 1.07875e+01  4.60983e+05  3.06864e+45  4.60983e+05  3.07179e+45  4.60983e+05  3.28862e+45  4.45643e+05  2.97972e+45  1.31564e-05
 1.11401e+01  4.60983e+05  3.26766e+45  4.60983e+05  3.29176e+45  4.60983e+05  3.54992e+45  4.45643e+05  3.16200e+45  1.31564e-05
 1.15041e+01  4.60983e+05  3.49068e+45  4.60983e+05  3.53443e+45  4.60983e+05  3.83134e+45  4.45643e+05  3.35970e+45  1.31564e-05
 1.18801e+01  4.60983e+05  3.73864e+45  4.60983e+05  3.80081e+45  4.60983e+05  4.13406e+45  4.45643e+05  3.57365e+45  1.31564e-05
 1.22684e+01  4.60983e+05  4.01256e+45  4.60983e+05  4.09200e+45  4.60983e+05  4.45933e+45  4.45643e+05  3.80474e+45  1.31564e-05
 1.26694e+01  4.60983e+05  4.31356e+45  4.60983e+05  4.40920e+45  4.60983e+05  4.80848e+45  4.45643e+05  4.05390e+45  1.31564e-05
 1.30834e+01  4.60983e+05  4.64291e+45  4.60983e+05  4.75373e+45  4.60983e+05  5.18298e+45  4.45643e+05  4.32219e+45  1.31564e-05
 1.35110e+01  4.60983e+05  5.00195e+45  4.60983e+05  5.12702e+45  4.60983e+05  5.58436e+45  4.45643e+05  4.61071e+45  1.31564e-05
 1.39526e+01  4.60983e+05  5.39218e+45  4.60983e+05  5.53060e+45  4.45643e+05  5.88462e+45  4.45643e+05  4.92064e+45  1.31564e-05
 1.44086e+01  4.60983e+05  5.81521e+45  4.60983e+05  5.96616e+45  4.45643e+05  6.11060e+45  4.45643e+05  5.25328e+45  1.31564e-05
 1.48795e+01  4.60983e+05  6.27280e+45  4.60983e+05  6.43548e+45  4.45643e+05  6.36730e+45  4.45643e+05  5.61001e+45  1.31564e-05
 1.53658e+01  4.60983e+05  6.76682e+45  4.60983e+05  6.94052e+45  4.45643e+05  6.65579e+45  4.45643e+05  5.99229e+45  1.31564e-05
 1.58680e+01  4.60983e+05  7.29934e+45  4.60983e+05  7.48337e+45  4.45643e+05  6.97726e+45  4.45643e+05  6.40171e+45  1.31564e-05
 1.63866e+01  4.60983e+05  7.87256e+45  4.60983e+05  8.06626e+45  4.45643e+05  7.33305e+45  4.45643e+05  6.83997e+45  1.31564e-05
 1.69222e+01  4.60983e+05  8.48883e+45  4.60983e+05  8.69162e+45  4.45643e+05  7.72462e+45  4.45643e+05  7.30887e+45  1.31564e-05
 1.74753e+01  4.60983e+05  9.15073e+45  4.60983e+05  9.36203e+45  4.45643e+05  8.15360e+45  4.45643e+05  7.81036e+45  1.31564e-05
 1.80464e+01  4.60983e+05  9.86098e+45  4.45643e+05  1.00681e+46  4.45643e+05  8.62176e+45  4.45643e+05  8.34652e+45  1.31564e-05
 1.86362e+01  4.60983e+05  1.06225e+46  4.45643e+05  1.04324e+46  4.45643e+05  9.13104e+45  4.45643e+05  8.91956e+45  1.31564e-05
 1.92453e+01  4.60983e+05  1.14385e+46  4.45643e+05  1.08490e+46  4.45643e+05  9.68354e+45  4.45643e+05  9.53185e+45  1.31564e-05
 1.98743e+01  4.45643e+05  1.19415e+46  4.45643e+05  1.13196e+46  4.45643e+05  1.02816e+46  4.45643e+05  1.01859e+46  1.31564e-05
 2.05238e+01  4.45643e+05  1.24081e+46  4.45643e+05  1.18461e+46  4.45643e+05  1.09276e+46  4.45643e+05  1.08845e+46  1.31564e-05
 2.11946e+01  4.45643e+05  1.29366e+46  4.45643e+05  1.24307e+46  4.45643e+05  1.16242e+46  4.45643e+05  1.16305e+46  1.31564e-05
 2.18873e+01  4.45643e+05  1.35290e+46  4.45643e+05  1.30758e+46  4.45643e+05  1.23744e+46  4.45643e+05  1.24269e+46  1.31564e-05
 2.26026e+01  4.45643e+05  1.41880e+46  4.45643e+05  1.37842e+46  4.45643e+05  1.31813e+46  4.45643e+05  1.32771e+46  1.31564e-05
 2.33413e+01  4.45643e+05  1.49161e+46  4.45643e+05  1.45586e+46  4.45643e+05  1.40481e+46  4.45643e+05  1.41846e+46  1.31564e-05
 2.41042e+01  4.45643e+05  1.57165e+46  4.45643e+05  1.54024e+46  4.45643e+05  1.49786e+46  4.45643e+05  1.51532e+46  1.31564e-05
 2.48920e+01  4.45643e+05  1.65924e+46  4.45643e+05  1.63190e+46  4.45643e+05  1.59764e+46  4.45643e+05  1.61867e+46  1.31564e-05
 2.57055e+01  4.45643e+05  1.75475e+46  4.45643e+05  1.73122e+46  4.45643e+05  1.70458e+46  4.45643e+05  1.72897e+46  1.31564e-05
 2.65456e+01  4.45643e+05  1.85856e+46  4.45643e+05  1.83862e+46  4.45643e+05  1.81912e+46  4.45643e+05  1.84665e+46  1.31564e-05
 2.74132e+01  4.45643e+05  1.97112e+46  4.45643e+05  1.95453e+46  4.45643e+05  1.94173e+46  4.45643e+05  1.97221e+46  1.31564e-05
 2.83091e+01  4.45643e+05  2.09288e+46  4.45643e+05  2.07944e+46  4.45643e+05  2.07292e+46  4.45643e+05  2.10616e+46  1.31564e-05
 2.92343e+01  4.45643e+05  2.22435e+46  4.45643e+05  2.21387e+46  4.45643e+05  2.21324e+46  4.45643e+05  2.24906e+46  1.31564e-05
 3.01898e+01  4.45643e+05  2.36608e+46  4.45643e+05  2.35836e+46  4.45643e+05  2.36325e+46  4.45643e+05  2.40151e+46  1.31564e-05
 3.11765e+01  4.45643e+05  2.51864e+46  4.45643e+05  2.51352e+46  4.45643e+05  2.52359e+46  4.45643e+05  2.56413e+46  1.31564e-05
 3.21954e+01  4.45643e+05  2.68268e+46  4.45643e+05  2.67999e+46  4.45643e+05  2.69492e+46  4.45643e+05  2.73759e+46  1.31564e-05
 3.32476e+01  4.45643e+05  2.85887e+46  4.45643e+05  2.85846e+46  4.45643e+05  2.87794e+46  4.45643e+05  2.92262e+46  1.31564e-05
 3.43343e+01  4.45643e+05  3.04794e+46  4.45643e+05  3.04967e+46  4.45643e+05  3.07342e+46  4.45643e+05  3.11998e+46  1.31564e-05
 3.54564e+01  4.45643e+05  3.25067e+46  4.45643e+05  3.25441e+46  4.45643e+05  3.28216e+46  4.45643e+05  3.33048e+46  1.31564e-05
 3.66152e+01  4.45643e+05  3.46790e+46  4.45643e+05  3.47352e+46  4.45643e+05  3.50503e+46  4.45643e+05  3.55500e+46  1.31564e-05
 3.78119e+01  4.45643e+05  3.70053e+46  4.45643e+05  3.70792e+46  4.45643e+05  3.74295e+46  4.45643e+05  3.79447e+46  1.31564e-05
 3.90477e+01  4.45643e+05  3.94953e+46  4.45643e+05  3.95857e+46  4.45643e+05  3.99690e+46  4.45643e+05  4.04987e+46  1.31564e-05
 4.03238e+01  4.45643e+05  4.21592e+46  4.45643e+05  4.22651e+46  4.45643e+05  4.26794e+46  4.45643e+05  4.32227e+46  1.31564e-05
 4.16417e+01  4.45643e+05  4.50080e+46  4.45643e+05  4.51285e+46  4.45643e+05  4.55718e+46  4.45643e+05  4.61279e+46  1.31564e-05
 4.30027e+01  4.45643e+05  4.80536e+46  4.45643e+05  4.81877e+46  4.45643e+05  4.86583e+46  4.45643e+05  4.92263e+46  1.31564e-05
 4.44081e+01  4.45643e+05  5.13086e+46  4.45643e+05  5.14555e+46  4.45643e+05  5.19515e+46  4.45643e+05  5.25308e+46  1.31564e-05
 4.58595e+01  4.45643e+05  5.47864e+46  4.45643e+05  5.49453e+46  4.45643e+05  5.54652e+46  4.45643e+05  5.60550e+46  1.31564e-05
 4.73583e+01  4.45643e+05  5.85014e+46  4.45643e+05  5.86715e+46  4.45643e+05  5.92139e+46  4.45643e+05  5.98136e+46  1.31564e-05
 4.89061e+01  4.45643e+05  6.24689e+46  4.45643e+05  6.26496e+46  4.45643e+05  6.32131e+46  4.30814e+05  6.22956e+46  1.31564e-05
 5.05045e+01  4.45643e+05  6.67055e+46  4.45643e+05  6.68961e+46  4.45643e+05  6.74793e+46  4.30814e+05  6.44237e+46  1.31564e-05
 5.21551e+01  4.45643e+05  7.12287e+46  4.45643e+05  7.14285e+46  4.45643e+05  7.20302e+46  4.30814e+05  6.68208e+46  1.31564e-05
 5.38597e+01  4.45643e+05  7.60571e+46  4.45643e+05  7.62656e+46  4.45643e+05  7.68847e+46  4.30814e+05  6.94967e+46  1.31564e-05
 5.56199e+01  4.45643e+05  8.12107e+46  4.45643e+05  8.14274e+46  4.45643e+05  8.20628e+46  4.30814e+05  7.24626e+46  1.31564e-05
 5.74378e+01  4.45643e+05  8.67109e+46  4.45643e+05  8.69353e+46  4.45643e+05  8.75859e+46  4.30814e+05  7.57307e+46  1.31564e-05
 5.93150e+01  4.45643e+05  9.25805e+46  4.45643e+05  9.28120e+46  4.45643e+05  9.34769e+46  4.30814e+05  7.93145e+46  1.31564e-05
 6.12535e+01  4.45643e+05  9.88437e+46  4.45643e+05  9.90819e+46  4.45643e+05  9.97603e+46  4.30814e+05  8.32290e+46  1.31564e-05
 6.32555e+01  4.45643e+05  1.05526e+47  4.45643e+05  1.05771e+47  4.45643e+05  1.06462e+47  4.30814e+05  8.74902e+46  1.31564e-05
 6.53228e+01  4.45643e+05  1.12656e+47  4.45643e+05  1.12907e+47  4.45643e+05  1.13610e+47  4.30814e+05  9.21158e+46  1.31564e-05
 6.74577e+01  4.45643e+05  1.20263e+47  4.45643e+05  1.20519e+47  4.45643e+05  1.21233e+47  4.30814e+05  9.71250e+46  1.31564e-05
 6.96624e+01  4.45643e+05  1.28378e+47  4.45643e+05  1.28639e+47  4.45643e+05  1.29363e+47  4.30814e+05  1.02538e+47  1.31564e-05
 7.19392e+01  4.45643e+05  1.37034e+47  4.45643e+05  1.37301e+47  4.45643e+05  1.38034e+47  4.30814e+05  1.08379e+47  1.31564e-05
 7.42903e+01  4.45643e+05  1.46269e+47  4.45643e+05  1.46539e+47  4.45643e+05  1.47282e+47  4.30814e+05  1.14670e+47  1.31564e-05
 7.67183e+01  4.45643e+05  1.56119e+47  4.45643e+05  1.56394e+47  4.45643e+05  1.57145e+47  4.30814e+05  1.21438e+47  1.31564e-05
 7.92257e+01  4.45643e+05  1.66625e+47  4.45643e+05  1.66904e+47  4.45643e+05  1.67664e+47  4.30814e+05  1.28710e+47  1.31564e-05
 8.18150e+01  4.45643e+05  1.77832e+47  4.45643e+05  1.78115e+47  4.45643e+05  1.78882e+47  4.30814e+05  1.36518e+47  1.31564e-05
 8.44889e+01  4.45643e+05  1.89785e+47  4.45643e+05  1.90071e+47  4.30814e+05  1.84829e+47  4.30814e+05  1.44893e+47  1.31564e-05
 8.72502e+01  4.45643e+05  2.02534e+47  4.45643e+05  2.02824e+47  4.30814e+05  1.91271e+47  4.30814e+05  1.53870e+47  1.31564e-05
 9.01018e+01  4.45643e+05  2.16132e+47  4.45643e+05  2.16424e+47  4.30814e+05  1.98511e+47  4.30814e+05  1.63487e+47  1.31564e-05
 9.30466e+01  4.45643e+05  2.30634e+47  4.45643e+05  2.30930e+47  4.30814e+05  2.06578e+47  4.30814e+05  1.73782e+47  1.31564e-05
 9.60876e+01  4.45643e+05  2.46102e+47  4.45643e+05  2.46400e+47  4.30814e+05  2.15505e+47  4.30814e+05  1.84799e+47  1.31564e-05
 9.92280e+01  4.45643e+05  2.62598e+47  4.45643e+05  2.62899e+47  4.30814e+05  2.25329e+47  4.30814e+05  1.96582e+47  1.31564e-05
 1.02471e+02  4.45643e+05  2.80192e+47  4.45643e+05  2.80495e+47  4.30814e+05  2.36092e+47  4.30814e+05  2.09182e+47  1.31564e-05
 1.05820e+02  4.45643e+05  2.98956e+47  4.45643e+05  2.99261e+47  4.30814e+05  2.47837e+47  4.30814e+05  2.22650e+47  1.31564e-05
 1.09278e+02  4.45643e+05  3.18967e+47  4.30814e+05  3.14734e+47  4.30814e+05  2.60612e+47  4.30814e+05  2.37041e+47  1.31564e-05
 1.12850e+02  4.45643e+05  3.40309e+47  4.30814e+05  3.25168e+47  4.30814e+05  2.74472e+47  4.30814e+05  2.52416e+47  1.31564e-05
 1.16538e+02  4.30814e+05  3.60799e+47  4.30814e+05  3.36956e+47  4.30814e+05  2.89474e+47  4.30814e+05  2.68838e+47  1.31564e-05
 1.20347e+02  4.30814e+05  3.72485e+47  4.30814e+05  3.50148e+47  4.30814e+05  3.05678e+47  4.30814e+05  2.86375e+47  1.31564e-05
 1.24280e+02  4.30814e+05  3.85722e+47  4.30814e+05  3.64798e+47  4.30814e+05  3.23153e+47  4.30814e+05  3.05099e+47  1.31564e-05
 1.28342e+02  4.30814e+05  4.00566e+47  4.30814e+05  3.80967e+47  4.30814e+05  3.41971e+47  4.30814e+05  3.25088e+47  1.31564e-05
 1.32537e+02  4.30814e+05  4.17079e+47  4.30814e+05  3.98721e+47  4.30814e+05  3.62210e+47  4.30814e+05  3.46425e+47  1.31564e-05
 1.36868e+02  4.30814e+05  4.35328e+47  4.30814e+05  4.18135e+47  4.30814e+05  3.83953e+47  4.30814e+05  3.69198e+47  1.31564e-05
 1.41341e+02  4.30814e+05  4.55389e+47  4.30814e+05  4.39288e+47  4.30814e+05  4.07290e+47  4.30814e+05  3.93501e+47  1.31564e-05
 1.45961e+02  4.30814e+05  4.77345e+47  4.30814e+05  4.62268e+47  4.30814e+05  4.32319e+47  4.30814e+05  4.19435e+47  1.31564e-05
 1.50731e+02  4.30814e+05  5.01287e+47  4.30814e+05  4.87171e+47  4.30814e+05  4.59141e+47  4.30814e+05  4.47107e+47  1.31564e-05
 1.55658e+02  4.30814e+05  5.27314e+47  4.30814e+05  5.14098e+47  4.30814e+05  4.87870e+47  4.30814e+05  4.76632e+47  1.31564e-05
 1.60745e+02  4.30814e+05  5.55534e+47  4.30814e+05  5.43163e+47  4.30814e+05  5.18623e+47  4.30814e+05  5.08132e+47  1.31564e-05
 1.65998e+02  4.30814e+05  5.86063e+47  4.30814e+05  5.74484e+47  4.30814e+05  5.51528e+47  4.30814e+05  5.41737e+47  1.31564e-05
 1.71424e+02  4.30814e+05  6.19029e+47  4.30814e+05  6.08192e+47  4.30814e+05  5.86720e+47  4.30814e+05  5.77586e+47  1.31564e-05
 1.77026e+02  4.30814e+05  6.54566e+47  4.30814e+05  6.44426e+47  4.30814e+05  6.24347e+47  4.30814e+05  6.15828e+47  1.31564e-05
 1.82812e+02  4.30814e+05  6.92823e+47  4.30814e+05  6.83335e+47  4.30814e+05  6.64562e+47  4.30814e+05  6.56621e+47  1.31564e-05
 1.88787e+02  4.30814e+05  7.33958e+47  4.30814e+05  7.25082e+47  4.30814e+05  7.07533e+47  4.30814e+05  7.00133e+47  1.31564e-05
 1.94957e+02  4.30814e+05  7.78141e+47  4.30814e+05  7.69839e+47  4.30814e+05  7.53438e+47  4.30814e+05  7.46546e+47  1.31564e-05
 2.01328e+02  4.30814e+05  8.25554e+47  4.30814e+05  8.17791e+47  4.30814e+05  8.02466e+47  4.30814e+05  7.96050e+47  1.31564e-05
 2.07908e+02  4.30814e+05  8.76394e+47  4.30814e+05  8.69136e+47  4.30814e+05  8.54821e+47  4.30814e+05  8.48851e+47  1.31564e-05
 2.14703e+02  4.30814e+05  9.30872e+47  4.30814e+05  9.24087e+47  4.30814e+05  9.10719e+47  4.30814e+05  9.05167e+47  1.31564e-05
 2.21720e+02  4.30814e+05  9.89213e+47  4.30814e+05  9.82872e+47  4.30814e+05  9.70391e+47  4.30814e+05  9.65232e+47  1.31564e-05
 2.28967e+02  4.30814e+05  1.05166e+48  4.30814e+05  1.04573e+48  4.30814e+05  1.03408e+48  4.30814e+05  1.02929e+48  1.31564e-05
 2.36450e+02  4.30814e+05  1.11847e+48  4.30814e+05  1.11293e+48  4.30814e+05  1.10206e+48  4.30814e+05  1.09762e+48  1.31564e-05
 2.44178e+02  4.30814e+05  1.18991e+48  4.30814e+05  1.18474e+48  4.30814e+05  1.17461e+48  4.30814e+05  1.17048e+48  1.31564e-05
 2.52158e+02  4.30814e+05  1.26629e+48  4.30814e+05  1.26147e+48  4.30814e+05  1.25202e+48  4.30814e+05  1.24820e+48  1.31564e-05
 2.60399e+02  4.30814e+05  1.34793e+48  4.30814e+05  1.34342e+48  4.30814e+05  1.33462e+48  4.30814e+05  1.33108e+48  1.31564e-05
 2.68910e+02  4.30814e+05  1.43515e+48  4.30814e+05  1.43095e+48  4.30814e+05  1.42274e+48  4.30814e+05  1.41948e+48  1.31564e-05
 2.77699e+02  4.30814e+05  1.52832e+48  4.30814e+05  1.52440e+48  4.30814e+05  1.51676e+48  4.30814e+05  1.51375e+48  1.31564e-05
 2.86774e+02  4.30814e+05  1.62783e+48  4.30814e+05  1.62417e+48  4.30814e+05  1.61707e+48  4.30814e+05  1.61428e+48  1.31564e-05
 2.96147e+02  4.30814e+05  1.73408e+48  4.30814e+05  1.73068e+48  4.30814e+05  1.72407e+48  4.30814e+05  1.72150e+48  1.31564e-05
 3.05826e+02  4.30814e+05  1.84752e+48  4.30814e+05  1.84435e+48  4.30814e+05  1.83821e+48  4.30814e+05  1.83585e+48  1.31564e-05
 3.15821e+02  4.30814e+05  1.96862e+48  4.30814e+05  1.96567e+48  4.30814e+05  1.95996e+48  4.30814e+05  1.95780e+48  1.31564e-05
 3.26143e+02  4.30814e+05  2.09787e+48  4.30814e+05  2.09513e+48  4.30814e+05  2.08983e+48  4.30814e+05  2.08785e+48  1.31564e-05
 3.36802e+02  4.30814e+05  2.23582e+48  4.30814e+05  2.23327e+48  4.30814e+05  2.22836e+48  4.30814e+05  2.22654e+48  1.31564e-05
 3.47810e+02  4.30814e+05  2.38303e+48  4.30814e+05  2.38066e+48  4.30814e+05  2.37611e+48  4.30814e+05  2.37445e+48  1.31564e-05
 3.59177e+02  4.30814e+05  2.54012e+48  4.30814e+05  2.53791e+48  4.30814e+05  2.53370e+48  4.30814e+05  2.53220e+48  1.31564e-05
 3.70916e+02  4.30814e+05  2.70772e+48  4.30814e+05  2.70567e+48  4.30814e+05  2.70178e+48  4.30814e+05  2.70042e+48  1.31564e-05
 3.83038e+02  4.30814e+05  2.88654e+48  4.30814e+05  2.88464e+48  4.30814e+05  2.88105e+48  4.30814e+05  2.87982e+48  1.31564e-05
 3.95557e+02  4.30814e+05  3.07732e+48  4.30814e+05  3.07556e+48  4.30814e+05  3.07224e+48  4.30814e+05  3.07114e+48  1.31564e-05
 4.08485e+02  4.30814e+05  3.28085e+48  4.30814e+05  3.27922e+48  4.30814e+05  3.27616e+48  4.30814e+05  3.27517e+48  1.31564e-05
 4.21835e+02  4.30814e+05  3.49796e+48  4.30814e+05  3.49645e+48  4.30814e+05  3.49364e+48  4.30814e+05  3.49276e+48  1.31564e-05
 4.35622e+02  4.30814e+05  3.72956e+48  4.30814e+05  3.72817e+48  4.30814e+05  3.72559e+48  4.30814e+05  3.72480e+48  1.31564e-05
 4.49859e+02  4.30814e+05  3.97660e+48  4.30814e+05  3.97532e+48  4.30814e+05  3.97295e+48  4.16479e+05  3.93936e+48  1.31564e-05
 4.64562e+02  4.30814e+05  4.24011e+48  4.30814e+05  4.23893e+48  4.30814e+05  4.23677e+48  4.16479e+05  4.06368e+48  1.31564e-05
 4.79745e+02  4.30814e+05  4.52118e+48  4.30814e+05  4.52010e+48  4.30814e+05  4.51812e+48  4.16479e+05  4.20482e+48  1.31564e-05
 4.95424e+02  4.30814e+05  4.82097e+48  4.30814e+05  4.81998e+48  4.30814e+05  4.81818e+48  4.16479e+05  4.36337e+48  1.31564e-05
 5.11616e+02  4.30814e+05  5.14073e+48  4.30814e+05  5.13981e+48  4.30814e+05  5.13818e+48  4.16479e+05  4.53997e+48  1.31564e-05
 5.28337e+02  4.30814e+05  5.48176e+48  4.30814e+05  5.48093e+48  4.30814e+05  5.47945e+48  4.16479e+05  4.73537e+48  1.31564e-05
 5.45604e+02  4.30814e+05  5.84550e+48  4.30814e+05  5.84474e+48  4.30814e+05  5.84341e+48  4.16479e+05  4.95036e+48  1.31564e-05
 5.63436e+02  4.30814e+05  6.23344e+48  4.30814e+05  6.23274e+48  4.30814e+05  6.23155e+48  4.16479e+05  5.18584e+48  1.31564e-05
 5.81850e+02  4.30814e+05  6.64718e+48  4.30814e+05  6.64655e+48  4.30814e+05  6.64549e+48  4.16479e+05  5.44279e+48  1.31564e-05
 6.00867e+02  4.30814e+05  7.08844e+48  4.30814e+05  7.08787e+48  4.30814e+05  7.08693e+48  4.16479e+05  5.72226e+48  1.31564e-05
 6.20505e+02  4.30814e+05  7.55905e+48  4.30814e+05  7.55854e+48  4.30814e+05  7.55771e+48  4.16479e+05  6.02542e+48  1.31564e-05
 6.40784e+02  4.30814e+05  8.06095e+48  4.30814e+05  8.06049e+48  4.30814e+05  8.05977e+48  4.16479e+05  6.35352e+48  1.31564e-05
 6.61727e+02  4.30814e+05  8.59623e+48  4.30814e+05  8.59582e+48  4.30814e+05  8.59520e+48  4.16479e+05  6.70791e+48  1.31564e-05
 6.83354e+02  4.30814e+05  9.16708e+48  4.30814e+05  9.16672e+48  4.30814e+05  9.16619e+48  4.16479e+05  7.09007e+48  1.31564e-05
 7.05688e+02  4.30814e+05  9.77589e+48  4.30814e+05  9.77557e+48  4.30814e+05  9.77513e+48  4.16479e+05  7.50157e+48  1.31564e-05
 7.28751e+02  4.30814e+05  1.04252e+49  4.30814e+05  1.04249e+49  4.30814e+05  1.04245e+49  4.16479e+05  7.94411e+48  1.31564e-05
 7.52569e+02  4.30814e+05  1.11176e+49  4.30814e+05  1.11174e+49  4.30814e+05  1.11171e+49  4.16479e+05  8.41954e+48  1.31564e-05
 7.77165e+02  4.30814e+05  1.18560e+49  4.30814e+05  1.18558e+49  4.16479e+05  1.16824e+49  4.16479e+05  8.92981e+48  1.31564e-05
 8.02565e+02  4.30814e+05  1.26436e+49  4.30814e+05  1.26434e+49  4.16479e+05  1.20581e+49  4.16479e+05  9.47704e+48  1.31564e-05
 8.28794e+02  4.30814e+05  1.34834e+49  4.30814e+05  1.34833e+49  4.16479e+05  1.24837e+49  4.16479e+05  1.00635e+49  1.31564e-05
 8.55882e+02  4.30814e+05  1.43791e+49  4.30814e+05  1.43790e+49  4.16479e+05  1.29610e+49  4.16479e+05  1.06916e+49  1.31564e-05
 8.83854e+02  4.30814e+05  1.53343e+49  4.30814e+05  1.53342e+49  4.16479e+05  1.34919e+49  4.16479e+05  1.13639e+49  1.31564e-05
 9.12741e+02  4.30814e+05  1.63529e+49  4.30814e+05  1.63529e+49  4.16479e+05  1.40787e+49  4.16479e+05  1.20833e+49  1.31564e-05
 9.42571e+02  4.30814e+05  1.74393e+49  4.30814e+05  1.74393e+49  4.16479e+05  1.47238e+49  4.16479e+05  1.28527e+49  1.31564e-05
 9.73377e+02  4.30814e+05  1.85978e+49  4.30814e+05  1.85978e+49  4.16479e+05  1.54297e+49  4.16479e+05  1.36753e+49  1.31564e-05
 1.00519e+03  4.30814e+05  1.98333e+49  4.30814e+05  1.98333e+49  4.16479e+05  1.61996e+49  4.16479e+05  1.45545e+49  1.31564e-05
 1.03804e+03  4.30814e+05  2.11509e+49  4.16479e+05  2.05227e+49  4.16479e+05  1.70365e+49  4.16479e+05  1.54939e+49  1.31564e-05
 1.07197e+03  4.30814e+05  2.25561e+49  4.16479e+05  2.12129e+49  4.16479e+05  1.79439e+49  4.16479e+05  1.64974e+49  1.31564e-05
 1.10700e+03  4.16479e+05  2.35237e+49  4.16479e+05  2.19909e+49  4.16479e+05  1.89255e+49  4.16479e+05  1.75693e+49  1.31564e-05
 1.14318e+03  4.16479e+05  2.42972e+49  4.16479e+05  2.28599e+49  4.16479e+05  1.99855e+49  4.16479e+05  1.87138e+49  1.31564e-05
 1.18054e+03  4.16479e+05  2.51712e+49  4.16479e+05  2.38235e+49  4.16479e+05  2.11282e+49  4.16479e+05  1.99358e+49  1.31564e-05
 1.21913e+03  4.16479e+05  2.61494e+49  4.16479e+05  2.48857e+49  4.16479e+05  2.23584e+49  4.16479e+05  2.12402e+49  1.31564e-05
 1.25897e+03  4.16479e+05  2.72359e+49  4.16479e+05  2.60508e+49  4.16479e+05  2.36811e+49  4.16479e+05  2.26326e+49  1.31564e-05
 1.30012e+03  4.16479e+05  2.84351e+49  4.16479e+05  2.73239e+49  4.16479e+05  2.51018e+49  4.16479e+05  2.41187e+49  1.31564e-05
 1.34261e+03  4.16479e+05  2.97519e+49  4.16479e+05  2.87100e+49  4.16479e+05  2.66263e+49  4.16479e+05  2.57046e+49  1.31564e-05
 1.38649e+03  4.16479e+05  3.11919e+49  4.16479e+05  3.02149e+49  4.16479e+05  2.82611e+49  4.16479e+05  2.73968e+49  1.31564e-05
 1.43180e+03  4.16479e+05  3.27610e+49  4.16479e+05  3.18449e+49  4.16479e+05  3.00129e+49  4.16479e+05  2.92024e+49  1.31564e-05
 1.47860e+03  4.16479e+05  3.44657e+49  4.16479e+05  3.36066e+49  4.16479e+05  3.18888e+49  4.16479e+05  3.11289e+49  1.31564e-05
 1.52692e+03  4.16479e+05  3.63130e+49  4.16479e+05  3.55075e+49  4.16479e+05  3.38968e+49  4.16479e+05  3.31842e+49  1.31564e-05
 1.57683e+03  4.16479e+05  3.83106e+49  4.16479e+05  3.75553e+49  4.16479e+05  3.60450e+49  4.16479e+05  3.53769e+49  1.31564e-05
 1.62836e+03  4.16479e+05  4.04668e+49  4.16479e+05  3.97586e+49  4.16479e+05  3.83424e+49  4.16479e+05  3.77159e+49  1.31564e-05
 1.68158e+03  4.16479e+05  4.27905e+49  4.16479e+05  4.21264e+49  4.16479e+05  4.07984e+49  4.16479e+05  4.02111e+49  1.31564e-05
 1.73654e+03  4.16479e+05  4.52912e+49  4.16479e+05  4.46685e+49  4.16479e+05  4.34234e+49  4.16479e+05  4.28727e+49  1.31564e-05
 1.79329e+03  4.16479e+05  4.79794e+49  4.16479e+05  4.73955e+49  4.16479e+05  4.62280e+49  4.16479e+05  4.57116e+49  1.31564e-05
 1.85190e+03  4.16479e+05  5.08662e+49  4.16479e+05  5.03187e+49  4.16479e+05  4.92240e+49  4.16479e+05  4.87398e+49  1.31564e-05
 1.91243e+03  4.16479e+05  5.39635e+49  4.16479e+05  5.34501e+49  4.16479e+05  5.24236e+49  4.16479e+05  5.19697e+49  1.31564e-05
 1.97493e+03  4.16479e+05  5.72841e+49  4.16479e+05  5.68028e+49  4.16479e+05  5.58403e+49  4.16479e+05  5.54146e+49  1.31564e-05
 2.03948e+03  4.16479e+05  6.08418e+49  4.16479e+05  6.03905e+49  4.16479e+05  5.94880e+49  4.16479e+05  5.90889e+49  1.31564e-05
 2.10613e+03  4.16479e+05  6.46513e+49  4.16479e+05  6.42281e+49  4.16479e+05  6.33819e+49  4.16479e+05  6.30078e+49  1.31564e-05
 2.17497e+03  4.16479e+05  6.87284e+49  4.16479e+05  6.83316e+49  4.16479e+05  6.75381e+49  4.16479e+05  6.71873e+49  1.31564e-05
 2.24605e+03  4.16479e+05  7.30899e+49  4.16479e+05  7.27178e+49  4.16479e+05  7.19739e+49  4.16479e+05  7.16450e+49  1.31564e-05
 2.31946e+03  4.16479e+05  7.77539e+49  4.16479e+05  7.74050e+49  4.16479e+05  7.67075e+49  4.16479e+05  7.63991e+49  1.31564e-05
 2.39526e+03  4.16479e+05  8.27397e+49  4.16479e+05  8.24126e+49  4.16479e+05  8.17585e+49  4.16479e+05  8.14694e+49  1.31564e-05
 2.47355e+03  4.16479e+05  8.80680e+49  4.16479e+05  8.77612e+49  4.16479e+05  8.71480e+49  4.16479e+05  8.68769e+49  1.31564e-05
 2.55439e+03  4.16479e+05  9.37607e+49  4.16479e+05  9.34730e+49  4.16479e+05  9.28981e+49  4.16479e+05  9.26439e+49  1.31564e-05
 2.63787e+03  4.16479e+05  9.98414e+49  4.16479e+05  9.95717e+49  4.16479e+05  9.90326e+49  4.16479e+05  9.87944e+49  1.31564e-05
 2.72409e+03  4.16479e+05  1.06335e+50  4.16479e+05  1.06082e+50  4.16479e+05  1.05577e+50  4.16479e+05  1.05354e+50  1.31564e-05
 2.81312e+03  4.16479e+05  1.13269e+50  4.16479e+05  1.13032e+50  4.16479e+05  1.12558e+50  4.16479e+05  1.12349e+50  1.31564e-05
 2.90506e+03  4.16479e+05  1.20672e+50  4.16479e+05  1.20450e+50  4.16479e+05  1.20005e+50  4.16479e+05  1.19809e+50  1.31564e-05
 3.00000e+03  4.16479e+05  1.28574e+50  4.16479e+05  1.28366e+50  4.16479e+05  1.27949e+50  4.16479e+05  1.27765e+50  1.31564e-05
