radius_rg T_0deg chi2_0deg T_15deg chi2_15deg T_30deg chi2_30deg T_45deg chi2_45deg nuLnusavg_last
 2.00000e-01  1.23000e+06  6.55768e+44  1.23000e+06  5.16712e+44  1.07428e+06  2.13400e+44  9.07048e+05  4.58894e+43  4.03852e-09
 2.06537e-01  1.23000e+06  6.23431e+44  1.18907e+06  4.89666e+44  1.07428e+06  2.03347e+44  8.76865e+05  4.38424e+43  4.03852e-09
 2.13287e-01  1.23000e+06  6.00648e+44  1.18907e+06  4.70514e+44  1.03853e+06  1.95389e+44  8.76865e+05  4.05314e+43  4.03852e-09
 2.20257e-01  1.18907e+06  5.72002e+44  1.14951e+06  4.48891e+44  1.03853e+06  1.83696e+44  8.76865e+05  3.87526e+43  4.03852e-09
 2.27456e-01  1.18907e+06  5.47696e+44  1.14951e+06  4.28064e+44  1.03853e+06  1.76338e+44  8.47687e+05  3.67092e+43  4.03852e-09
 2.34890e-01  1.14951e+06  5.25347e+44  1.11126e+06  4.12369e+44  1.00397e+06  1.66772e+44  8.47687e+05  3.37549e+43  4.03852e-09
 2.42567e-01  1.14951e+06  4.99153e+44  1.11126e+06  3.89552e+44  1.00397e+06  1.57511e+44  8.47687e+05  3.23047e+43  4.03852e-09
 2.50494e-01  1.14951e+06  4.81999e+44  1.11126e+06  3.74388e+44  1.00397e+06  1.52477e+44  8.19480e+05  3.04497e+43  4.03852e-09
 2.58681e-01  1.11126e+06  4.55243e+44  1.07428e+06  3.55242e+44  9.70565e+05  1.41521e+44  8.19480e+05  2.77235e+43  4.03852e-09
 2.67136e-01  1.11126e+06  4.35652e+44  1.07428e+06  3.37625e+44  9.70565e+05  1.34328e+44  8.19480e+05  2.64765e+43  4.03852e-09
 2.75866e-01  1.07428e+06  4.16270e+44  1.03853e+06  3.25472e+44  9.38269e+05  1.28722e+44  7.92211e+05  2.50245e+43  4.03852e-09
 2.84882e-01  1.07428e+06  3.93886e+44  1.03853e+06  3.05090e+44  9.38269e+05  1.19179e+44  7.92211e+05  2.23987e+43  4.03852e-09
 2.94193e-01  1.07428e+06  3.80108e+44  1.03853e+06  2.92010e+44  9.38269e+05  1.13704e+44  7.92211e+05  2.12300e+43  4.03852e-09
 3.03808e-01  1.03853e+06  3.57086e+44  1.00397e+06  2.77198e+44  9.07048e+05  1.07445e+44  7.65850e+05  2.04314e+43  4.03852e-09
 3.13737e-01  1.03853e+06  3.39997e+44  1.00397e+06  2.60910e+44  9.07048e+05  9.93645e+43  7.65850e+05  1.77773e+43  4.03852e-09
 3.23991e-01  1.00397e+06  3.25736e+44  1.00397e+06  2.51742e+44  9.07048e+05  9.52699e+43  7.65850e+05  1.65612e+43  4.03852e-09
 3.34580e-01  1.00397e+06  3.04975e+44  9.70565e+05  2.34645e+44  8.76865e+05  8.87284e+43  7.40366e+05  1.67088e+43  4.03852e-09
 3.45515e-01  1.00397e+06  2.92450e+44  9.70565e+05  2.21835e+44  8.76865e+05  8.17715e+43  7.40366e+05  1.38956e+43  4.03852e-09
 3.56807e-01  9.70565e+05  2.75621e+44  9.38269e+05  2.13821e+44  8.76865e+05  7.87276e+43  7.40366e+05  1.25043e+43  4.03852e-09
 3.68468e-01  9.70565e+05  2.58922e+44  9.38269e+05  1.97043e+44  8.47687e+05  7.23382e+43  7.40366e+05  1.25293e+43  4.03852e-09
 3.80511e-01  9.70565e+05  2.50270e+44  9.38269e+05  1.87122e+44  8.47687e+05  6.61722e+43  7.15730e+05  1.08350e+43  4.03852e-09
 3.92947e-01  9.38269e+05  2.31388e+44  9.07048e+05  1.78077e+44  8.47687e+05  6.38547e+43  7.15730e+05  9.13701e+42  4.03852e-09
 4.05790e-01  9.38269e+05  2.18066e+44  9.07048e+05  1.63755e+44  8.19480e+05  5.81255e+43  7.15730e+05  8.84134e+42  4.03852e-09
 4.19052e-01  9.07048e+05  2.10675e+44  9.07048e+05  1.56151e+44  8.19480e+05  5.24204e+43  6.91914e+05  8.73034e+42  4.03852e-09
 4.32748e-01  9.07048e+05  1.92295e+44  8.76865e+05  1.46710e+44  8.19480e+05  5.05067e+43  6.91914e+05  6.58820e+42  4.03852e-09
 4.46891e-01  9.07048e+05  1.81686e+44  8.76865e+05  1.34271e+44  7.92211e+05  4.60328e+43  6.91914e+05  5.83779e+42  4.03852e-09
 4.61496e-01  8.76865e+05  1.73920e+44  8.76865e+05  1.28428e+44  7.92211e+05  4.04573e+43  6.91914e+05  6.47601e+42  4.03852e-09
 4.76579e-01  8.76865e+05  1.57749e+44  8.47687e+05  1.19333e+44  7.92211e+05  3.86238e+43  6.68890e+05  5.04915e+42  4.03852e-09
 4.92155e-01  8.76865e+05  1.49206e+44  8.47687e+05  1.08214e+44  7.65850e+05  3.61038e+43  6.68890e+05  3.70197e+42  4.03852e-09
 5.08240e-01  8.47687e+05  1.41928e+44  8.47687e+05  1.03584e+44  7.65850e+05  3.03217e+43  6.68890e+05  3.73457e+42  4.03852e-09
 5.24851e-01  8.47687e+05  1.27312e+44  8.19480e+05  9.57023e+43  7.65850e+05  2.82398e+43  6.46632e+05  4.78924e+42  4.03852e-09
 5.42004e-01  8.47687e+05  1.20198e+44  8.19480e+05  8.53456e+43  7.40366e+05  2.84979e+43  6.46632e+05  2.69176e+42  4.03852e-09
 5.59718e-01  8.19480e+05  1.14418e+44  8.19480e+05  8.13824e+43  7.40366e+05  2.21637e+43  6.46632e+05  1.96988e+42  4.03852e-09
 5.78011e-01  8.19480e+05  1.00708e+44  7.92211e+05  7.57329e+43  7.40366e+05  1.94957e+43  6.46632e+05  2.62063e+42  4.03852e-09
 5.96902e-01  8.19480e+05  9.43894e+43  7.92211e+05  6.55769e+43  7.40366e+05  2.04831e+43  6.25115e+05  3.16166e+42  4.03852e-09
 6.16411e-01  7.92211e+05  9.12902e+43  7.92211e+05  6.17325e+43  7.15730e+05  1.62635e+43  6.25115e+05  1.52135e+42  4.03852e-09
 6.36557e-01  7.92211e+05  7.78345e+43  7.65850e+05  5.95120e+43  7.15730e+05  1.26578e+43  6.25115e+05  1.25181e+42  4.03852e-09
 6.57361e-01  7.92211e+05  7.16756e+43  7.65850e+05  4.89862e+43  7.15730e+05  1.26792e+43  6.25115e+05  2.35192e+42  4.03852e-09
 6.78845e-01  7.65850e+05  7.26494e+43  7.65850e+05  4.47035e+43  6.91914e+05  1.30597e+43  6.04314e+05  2.85153e+42  4.03852e-09
 7.01032e-01  7.65850e+05  5.87853e+43  7.65850e+05  4.66461e+43  6.91914e+05  8.14398e+42  6.04314e+05  1.48324e+42  4.03852e-09
 7.23943e-01  7.65850e+05  5.21391e+43  7.40366e+05  3.58429e+43  6.91914e+05  6.83653e+42  6.04314e+05  1.48556e+42  4.03852e-09
 7.47603e-01  7.65850e+05  5.26835e+43  7.40366e+05  3.05484e+43  6.91914e+05  9.13196e+42  6.04314e+05  2.85849e+42  4.03852e-09
 7.72037e-01  7.40366e+05  4.38754e+43  7.40366e+05  3.14207e+43  6.68890e+05  6.56070e+42  5.84205e+05  3.92023e+42  4.03852e-09
 7.97269e-01  7.40366e+05  3.60763e+43  7.15730e+05  2.66412e+43  6.68890e+05  3.53419e+42  5.84205e+05  2.62597e+42  4.03852e-09
 8.23326e-01  7.40366e+05  3.54012e+43  7.15730e+05  1.97365e+43  6.68890e+05  4.09690e+42  5.84205e+05  2.70705e+42  4.03852e-09
 8.50234e-01  7.15730e+05  3.36830e+43  7.15730e+05  1.89536e+43  6.68890e+05  8.25115e+42  5.84205e+05  4.16380e+42  4.03852e-09
 8.78022e-01  7.15730e+05  2.40355e+43  6.91914e+05  2.21491e+43  6.46632e+05  3.58298e+42  5.64766e+05  6.57559e+42  4.03852e-09
 9.06718e-01  7.15730e+05  2.14622e+43  6.91914e+05  1.29986e+43  6.46632e+05  1.99754e+42  5.64766e+05  5.13704e+42  4.03852e-09
 9.36352e-01  7.15730e+05  2.59525e+43  6.91914e+05  9.94207e+42  6.46632e+05  3.99497e+42  5.64766e+05  5.08423e+42  4.03852e-09
 9.66955e-01  6.91914e+05  1.68706e+43  6.91914e+05  1.29670e+43  6.25115e+05  8.10188e+42  5.64766e+05  6.41693e+42  4.03852e-09
 9.98557e-01  6.91914e+05  1.16805e+43  6.68890e+05  1.13933e+43  6.25115e+05  3.90156e+42  5.64766e+05  9.14065e+42  4.03852e-09
 1.03119e+00  6.91914e+05  1.35135e+43  6.68890e+05  5.39601e+42  6.25115e+05  3.29199e+42  5.45973e+05  9.40465e+42  4.03852e-09
 1.06489e+00  6.68890e+05  1.58180e+43  6.68890e+05  5.46133e+42  6.25115e+05  6.27063e+42  5.45973e+05  8.97532e+42  4.03852e-09
 1.09970e+00  6.68890e+05  7.23521e+42  6.68890e+05  1.15895e+43  6.04314e+05  1.12799e+43  5.45973e+05  9.94761e+42  4.03852e-09
 1.13564e+00  6.68890e+05  5.65708e+42  6.46632e+05  6.72866e+42  6.04314e+05  7.54477e+42  5.45973e+05  1.23255e+43  4.03852e-09
 1.17276e+00  6.68890e+05  1.10771e+43  6.46632e+05  3.12241e+42  6.04314e+05  7.41544e+42  5.45973e+05  1.61189e+43  4.03852e-09
 1.21108e+00  6.46632e+05  9.77630e+42  6.46632e+05  5.56936e+42  6.04314e+05  1.08914e+43  5.27805e+05  1.50342e+43  4.03852e-09
 1.25067e+00  6.46632e+05  3.95869e+42  6.46632e+05  1.40796e+43  6.04314e+05  1.79870e+43  5.27805e+05  1.53654e+43  4.03852e-09
 1.29154e+00  6.46632e+05  5.13218e+42  6.25115e+05  7.81117e+42  5.84205e+05  1.48748e+43  5.27805e+05  1.71247e+43  4.03852e-09
 1.33375e+00  6.46632e+05  1.33016e+43  6.25115e+05  5.80320e+42  5.84205e+05  1.46823e+43  5.27805e+05  2.03193e+43  4.03852e-09
 1.37734e+00  6.25115e+05  1.05911e+43  6.25115e+05  9.85952e+42  5.84205e+05  1.81252e+43  5.10242e+05  2.44151e+43  4.03852e-09
 1.42236e+00  6.25115e+05  6.61711e+42  6.25115e+05  1.99969e+43  5.84205e+05  2.52177e+43  5.10242e+05  2.37520e+43  4.03852e-09
 1.46884e+00  6.25115e+05  9.64523e+42  6.04314e+05  1.47378e+43  5.64766e+05  2.67238e+43  5.10242e+05  2.45517e+43  4.03852e-09
 1.51685e+00  6.25115e+05  1.96880e+43  6.04314e+05  1.34814e+43  5.64766e+05  2.58523e+43  5.10242e+05  2.68175e+43  4.03852e-09
 1.56642e+00  6.04314e+05  1.83891e+43  6.04314e+05  1.83211e+43  5.64766e+05  2.86625e+43  5.10242e+05  3.05588e+43  4.03852e-09
 1.61762e+00  6.04314e+05  1.52748e+43  6.04314e+05  2.92768e+43  5.64766e+05  3.51658e+43  5.10242e+05  3.57909e+43  4.03852e-09
 1.67049e+00  6.04314e+05  1.91985e+43  5.84205e+05  2.81896e+43  5.45973e+05  4.46324e+43  4.93264e+05  3.64508e+43  4.03852e-09
 1.72508e+00  6.04314e+05  3.01763e+43  5.84205e+05  2.67535e+43  5.45973e+05  4.23549e+43  4.93264e+05  3.73456e+43  4.03852e-09
 1.78146e+00  5.84205e+05  3.39803e+43  5.84205e+05  3.14684e+43  5.45973e+05  4.38273e+43  4.93264e+05  3.97595e+43  4.03852e-09
 1.83968e+00  5.84205e+05  3.06434e+43  5.84205e+05  4.23538e+43  5.45973e+05  4.90557e+43  4.93264e+05  4.37023e+43  4.03852e-09
 1.89981e+00  5.84205e+05  3.44080e+43  5.64766e+05  4.96740e+43  5.45973e+05  5.80617e+43  4.93264e+05  4.91905e+43  4.03852e-09
 1.96190e+00  5.84205e+05  4.52898e+43  5.64766e+05  4.69984e+43  5.27805e+05  6.67016e+43  4.76850e+05  5.52931e+43  4.03852e-09
 2.02602e+00  5.64766e+05  5.91413e+43  5.64766e+05  5.05577e+43  5.27805e+05  6.59655e+43  4.76850e+05  5.57499e+43  4.03852e-09
 2.09224e+00  5.64766e+05  5.43495e+43  5.64766e+05  6.03664e+43  5.27805e+05  6.90770e+43  4.76850e+05  5.78018e+43  4.03852e-09
 2.16062e+00  5.64766e+05  5.67574e+43  5.64766e+05  7.64653e+43  5.27805e+05  7.60490e+43  4.76850e+05  6.14574e+43  4.03852e-09
 2.23123e+00  5.64766e+05  6.63748e+43  5.45973e+05  7.67769e+43  5.27805e+05  8.69103e+43  4.76850e+05  6.67318e+43  4.03852e-09
 2.30415e+00  5.64766e+05  8.32417e+43  5.45973e+05  7.79630e+43  5.10242e+05  9.92100e+43  4.76850e+05  7.36469e+43  4.03852e-09
 2.37946e+00  5.45973e+05  8.94026e+43  5.45973e+05  8.55120e+43  5.10242e+05  9.91034e+43  4.76850e+05  8.22312e+43  4.03852e-09
 2.45723e+00  5.45973e+05  8.90377e+43  5.45973e+05  9.94552e+43  5.10242e+05  1.02982e+44  4.60983e+05  8.56193e+43  4.03852e-09
 2.53753e+00  5.45973e+05  9.60159e+43  5.45973e+05  1.19850e+44  5.10242e+05  1.10860e+44  4.60983e+05  8.81810e+43  4.03852e-09
 2.62047e+00  5.45973e+05  1.10366e+44  5.27805e+05  1.17867e+44  5.10242e+05  1.22773e+44  4.60983e+05  9.24721e+43  4.03852e-09
 2.70611e+00  5.45973e+05  1.32148e+44  5.27805e+05  1.21696e+44  5.10242e+05  1.38768e+44  4.60983e+05  9.85103e+43  4.03852e-09
 2.79455e+00  5.27805e+05  1.36158e+44  5.27805e+05  1.32069e+44  4.93264e+05  1.45542e+44  4.60983e+05  1.06321e+44  4.03852e-09
 2.88589e+00  5.27805e+05  1.38797e+44  5.27805e+05  1.49029e+44  4.93264e+05  1.49008e+44  4.60983e+05  1.15936e+44  4.03852e-09
 2.98021e+00  5.27805e+05  1.48985e+44  5.27805e+05  1.72646e+44  4.93264e+05  1.56664e+44  4.60983e+05  1.27395e+44  4.03852e-09
 3.07761e+00  5.27805e+05  1.66765e+44  5.10242e+05  1.75818e+44  4.93264e+05  1.68544e+44  4.45643e+05  1.38662e+44  4.03852e-09
 3.17819e+00  5.27805e+05  1.92209e+44  5.10242e+05  1.80772e+44  4.93264e+05  1.84695e+44  4.45643e+05  1.42298e+44  4.03852e-09
 3.28206e+00  5.10242e+05  2.02806e+44  5.10242e+05  1.92516e+44  4.93264e+05  2.05186e+44  4.45643e+05  1.47887e+44  4.03852e-09
 3.38933e+00  5.10242e+05  2.06680e+44  5.10242e+05  2.11096e+44  4.76850e+05  2.15153e+44  4.45643e+05  1.55453e+44  4.03852e-09
 3.50010e+00  5.10242e+05  2.18383e+44  5.10242e+05  2.36590e+44  4.76850e+05  2.20885e+44  4.45643e+05  1.65026e+44  4.03852e-09
 3.61449e+00  5.10242e+05  2.37965e+44  4.93264e+05  2.57468e+44  4.76850e+05  2.31106e+44  4.45643e+05  1.76647e+44  4.03852e-09
 3.73262e+00  5.10242e+05  2.65506e+44  4.93264e+05  2.61486e+44  4.76850e+05  2.45857e+44  4.45643e+05  1.90364e+44  4.03852e-09
 3.85462e+00  4.93264e+05  2.97401e+44  4.93264e+05  2.72625e+44  4.76850e+05  2.65201e+44  4.45643e+05  2.06232e+44  4.03852e-09
 3.98060e+00  4.93264e+05  3.00100e+44  4.93264e+05  2.90933e+44  4.76850e+05  2.89216e+44  4.45643e+05  2.24319e+44  4.03852e-09
 4.11069e+00  4.93264e+05  3.11016e+44  4.93264e+05  3.16486e+44  4.76850e+05  3.18003e+44  4.45643e+05  2.44698e+44  4.03852e-09
 4.24504e+00  4.93264e+05  3.30193e+44  4.93264e+05  3.49388e+44  4.60983e+05  3.27663e+44  4.30814e+05  2.66515e+44  4.03852e-09
 4.38378e+00  4.93264e+05  3.57712e+44  4.76850e+05  3.78227e+44  4.60983e+05  3.38307e+44  4.30814e+05  2.74910e+44  4.03852e-09
 4.52705e+00  4.93264e+05  3.93686e+44  4.76850e+05  3.85768e+44  4.60983e+05  3.53925e+44  4.30814e+05  2.85808e+44  4.03852e-09
 4.67501e+00  4.76850e+05  4.35965e+44  4.76850e+05  4.00945e+44  4.60983e+05  3.74582e+44  4.30814e+05  2.99253e+44  4.03852e-09
 4.82780e+00  4.76850e+05  4.42594e+44  4.76850e+05  4.23822e+44  4.60983e+05  4.00364e+44  4.30814e+05  3.15301e+44  4.03852e-09
 4.98558e+00  4.76850e+05  4.58030e+44  4.76850e+05  4.54493e+44  4.60983e+05  4.31378e+44  4.30814e+05  3.34018e+44  4.03852e-09
 5.14853e+00  4.76850e+05  4.82336e+44  4.76850e+05  4.93085e+44  4.60983e+05  4.67751e+44  4.30814e+05  3.55482e+44  4.03852e-09
 5.31679e+00  4.76850e+05  5.15613e+44  4.76850e+05  5.39759e+44  4.60983e+05  5.09635e+44  4.30814e+05  3.79782e+44  4.03852e-09
 5.49056e+00  4.76850e+05  5.57999e+44  4.60983e+05  5.72008e+44  4.45643e+05  5.28791e+44  4.30814e+05  4.07017e+44  4.03852e-09
 5.67001e+00  4.76850e+05  6.09668e+44  4.60983e+05  5.87418e+44  4.45643e+05  5.46478e+44  4.30814e+05  4.37302e+44  4.03852e-09
 5.85532e+00  4.60983e+05  6.57712e+44  4.60983e+05  6.11301e+44  4.45643e+05  5.70002e+44  4.30814e+05  4.70761e+44  4.03852e-09
 6.04668e+00  4.60983e+05  6.73207e+44  4.60983e+05  6.43753e+44  4.45643e+05  5.99459e+44  4.30814e+05  5.07533e+44  4.03852e-09
 6.24430e+00  4.60983e+05  6.98463e+44  4.60983e+05  6.84909e+44  4.45643e+05  6.34971e+44  4.30814e+05  5.47769e+44  4.03852e-09
 6.44838e+00  4.60983e+05  7.33584e+44  4.60983e+05  7.34941e+44  4.45643e+05  6.76686e+44  4.30814e+05  5.91637e+44  4.03852e-09
 6.65913e+00  4.60983e+05  7.78716e+44  4.60983e+05  7.94054e+44  4.45643e+05  7.24776e+44  4.30814e+05  6.39318e+44  4.03852e-09
 6.87677e+00  4.60983e+05  8.34045e+44  4.60983e+05  8.62493e+44  4.45643e+05  7.79440e+44  4.30814e+05  6.91009e+44  4.03852e-09
 7.10152e+00  4.60983e+05  8.99801e+44  4.45643e+05  9.18157e+44  4.45643e+05  8.40904e+44  4.30814e+05  7.46924e+44  4.03852e-09
 7.33362e+00  4.60983e+05  9.76255e+44  4.45643e+05  9.44748e+44  4.45643e+05  9.09423e+44  4.30814e+05  8.07295e+44  4.03852e-09
 7.57330e+00  4.45643e+05  1.05460e+45  4.45643e+05  9.81289e+44  4.30814e+05  9.85192e+44  4.30814e+05  8.72371e+44  4.03852e-09
 7.82082e+00  4.45643e+05  1.08261e+45  4.45643e+05  1.02793e+45  4.30814e+05  1.01495e+45  4.30814e+05  9.42422e+44  4.03852e-09
 8.07642e+00  4.45643e+05  1.12208e+45  4.45643e+05  1.08487e+45  4.30814e+05  1.05248e+45  4.30814e+05  1.01774e+45  4.03852e-09
 8.34038e+00  4.45643e+05  1.17316e+45  4.45643e+05  1.15234e+45  4.30814e+05  1.09794e+45  4.30814e+05  1.09863e+45  4.03852e-09
 8.61296e+00  4.45643e+05  1.23607e+45  4.45643e+05  1.23061e+45  4.30814e+05  1.15151e+45  4.30814e+05  1.18543e+45  4.03852e-09
 8.89446e+00  4.45643e+05  1.31108e+45  4.45643e+05  1.32002e+45  4.30814e+05  1.21343e+45  4.30814e+05  1.27851e+45  4.03852e-09
 9.18515e+00  4.45643e+05  1.39848e+45  4.45643e+05  1.42093e+45  4.30814e+05  1.28395e+45  4.16479e+05  1.35568e+45  4.03852e-09
 9.48535e+00  4.45643e+05  1.49865e+45  4.45643e+05  1.53377e+45  4.30814e+05  1.36335e+45  4.16479e+05  1.40483e+45  4.03852e-09
 9.79535e+00  4.45643e+05  1.61199e+45  4.45643e+05  1.65899e+45  4.30814e+05  1.45197e+45  4.16479e+05  1.46117e+45  4.03852e-09
 1.01155e+01  4.45643e+05  1.73898e+45  4.30814e+05  1.74918e+45  4.30814e+05  1.55017e+45  4.16479e+05  1.52491e+45  4.03852e-09
 1.04461e+01  4.45643e+05  1.88014e+45  4.30814e+05  1.80786e+45  4.30814e+05  1.65836e+45  4.16479e+05  1.59634e+45  4.03852e-09
 1.07875e+01  4.30814e+05  2.00601e+45  4.30814e+05  1.88006e+45  4.30814e+05  1.77699e+45  4.16479e+05  1.67573e+45  4.03852e-09
 1.11401e+01  4.30814e+05  2.07012e+45  4.30814e+05  1.96608e+45  4.30814e+05  1.90655e+45  4.16479e+05  1.76342e+45  4.03852e-09
 1.15041e+01  4.30814e+05  2.14977e+45  4.30814e+05  2.06628e+45  4.30814e+05  2.04758e+45  4.16479e+05  1.85978e+45  4.03852e-09
 1.18801e+01  4.30814e+05  2.24530e+45  4.30814e+05  2.18108e+45  4.30814e+05  2.20065e+45  4.16479e+05  1.96519e+45  4.03852e-09
 1.22684e+01  4.30814e+05  2.35709e+45  4.30814e+05  2.31093e+45  4.30814e+05  2.36640e+45  4.16479e+05  2.08011e+45  4.03852e-09
 1.26694e+01  4.30814e+05  2.48561e+45  4.30814e+05  2.45640e+45  4.30814e+05  2.54553e+45  4.16479e+05  2.20499e+45  4.03852e-09
 1.30834e+01  4.30814e+05  2.63140e+45  4.30814e+05  2.61806e+45  4.30814e+05  2.73876e+45  4.16479e+05  2.34037e+45  4.03852e-09
 1.35110e+01  4.30814e+05  2.79504e+45  4.30814e+05  2.79661e+45  4.30814e+05  2.94690e+45  4.16479e+05  2.48679e+45  4.03852e-09
 1.39526e+01  4.30814e+05  2.97723e+45  4.30814e+05  2.99277e+45  4.30814e+05  3.17081e+45  4.16479e+05  2.64488e+45  4.03852e-09
 1.44086e+01  4.30814e+05  3.17872e+45  4.30814e+05  3.20735e+45  4.30814e+05  3.41141e+45  4.16479e+05  2.81527e+45  4.03852e-09
 1.48795e+01  4.30814e+05  3.40033e+45  4.30814e+05  3.44125e+45  4.30814e+05  3.66971e+45  4.16479e+05  2.99868e+45  4.03852e-09
 1.53658e+01  4.30814e+05  3.64299e+45  4.30814e+05  3.69542e+45  4.30814e+05  3.94678e+45  4.16479e+05  3.19586e+45  4.03852e-09
 1.58680e+01  4.30814e+05  3.90771e+45  4.30814e+05  3.97094e+45  4.30814e+05  4.24375e+45  4.16479e+05  3.40763e+45  4.03852e-09
 1.63866e+01  4.30814e+05  4.19556e+45  4.30814e+05  4.26892e+45  4.30814e+05  4.56185e+45  4.16479e+05  3.63487e+45  4.03852e-09
 1.69222e+01  4.30814e+05  4.50776e+45  4.30814e+05  4.59062e+45  4.16479e+05  4.74243e+45  4.16479e+05  3.87851e+45  4.03852e-09
 1.74753e+01  4.30814e+05  4.84559e+45  4.30814e+05  4.93735e+45  4.16479e+05  4.91640e+45  4.16479e+05  4.13958e+45  4.03852e-09
 1.80464e+01  4.30814e+05  5.21044e+45  4.30814e+05  5.31055e+45  4.16479e+05  5.11430e+45  4.16479e+05  4.41913e+45  4.03852e-09
 1.86362e+01  4.30814e+05  5.60384e+45  4.30814e+05  5.71177e+45  4.16479e+05  5.33694e+45  4.16479e+05  4.71834e+45  4.03852e-09
 1.92453e+01  4.30814e+05  6.02740e+45  4.30814e+05  6.14268e+45  4.16479e+05  5.58524e+45  4.16479e+05  5.03845e+45  4.03852e-09
 1.98743e+01  4.30814e+05  6.48287e+45  4.30814e+05  6.60504e+45  4.16479e+05  5.86022e+45  4.16479e+05  5.38076e+45  4.03852e-09
 2.05238e+01  4.30814e+05  6.97216e+45  4.30814e+05  7.10078e+45  4.16479e+05  6.16304e+45  4.16479e+05  5.74671e+45  4.03852e-09
 2.11946e+01  4.30814e+05  7.49727e+45  4.30814e+05  7.63194e+45  4.16479e+05  6.49493e+45  4.16479e+05  6.13781e+45  4.03852e-09
 2.18873e+01  4.30814e+05  8.06038e+45  4.16479e+05  8.09953e+45  4.16479e+05  6.85728e+45  4.16479e+05  6.55567e+45  4.03852e-09
 2.26026e+01  4.30814e+05  8.66382e+45  4.16479e+05  8.37933e+45  4.16479e+05  7.25158e+45  4.16479e+05  7.00203e+45  4.03852e-09
 2.33413e+01  4.16479e+05  9.28289e+45  4.16479e+05  8.69985e+45  4.16479e+05  7.67946e+45  4.16479e+05  7.47873e+45  4.03852e-09
 2.41042e+01  4.16479e+05  9.59506e+45  4.16479e+05  9.06241e+45  4.16479e+05  8.14270e+45  4.16479e+05  7.98774e+45  4.03852e-09
 2.48920e+01  4.16479e+05  9.95392e+45  4.16479e+05  9.46852e+45  4.16479e+05  8.64322e+45  4.16479e+05  8.53118e+45  4.03852e-09
 2.57055e+01  4.16479e+05  1.03610e+46  4.16479e+05  9.91985e+45  4.16479e+05  9.18308e+45  4.16479e+05  9.11129e+45  4.03852e-09
 2.65456e+01  4.16479e+05  1.08178e+46  4.16479e+05  1.04183e+46  4.16479e+05  9.76451e+45  4.16479e+05  9.73046e+45  4.03852e-09
 2.74132e+01  4.16479e+05  1.13265e+46  4.16479e+05  1.09659e+46  4.16479e+05  1.03899e+46  4.16479e+05  1.03913e+46  4.03852e-09
 2.83091e+01  4.16479e+05  1.18889e+46  4.16479e+05  1.15649e+46  4.16479e+05  1.10619e+46  4.16479e+05  1.10965e+46  4.03852e-09
 2.92343e+01  4.16479e+05  1.25076e+46  4.16479e+05  1.22178e+46  4.16479e+05  1.17833e+46  4.16479e+05  1.18489e+46  4.03852e-09
 3.01898e+01  4.16479e+05  1.31850e+46  4.16479e+05  1.29273e+46  4.16479e+05  1.25570e+46  4.16479e+05  1.26518e+46  4.03852e-09
 3.11765e+01  4.16479e+05  1.39239e+46  4.16479e+05  1.36963e+46  4.16479e+05  1.33862e+46  4.16479e+05  1.35084e+46  4.03852e-09
 3.21954e+01  4.16479e+05  1.47274e+46  4.16479e+05  1.45281e+46  4.16479e+05  1.42744e+46  4.16479e+05  1.44222e+46  4.03852e-09
 3.32476e+01  4.16479e+05  1.55989e+46  4.16479e+05  1.54260e+46  4.16479e+05  1.52252e+46  4.16479e+05  1.53971e+46  4.03852e-09
 3.43343e+01  4.16479e+05  1.65418e+46  4.16479e+05  1.63938e+46  4.16479e+05  1.62427e+46  4.16479e+05  1.64371e+46  4.03852e-09
 3.54564e+01  4.16479e+05  1.75603e+46  4.16479e+05  1.74355e+46  4.16479e+05  1.73309e+46  4.16479e+05  1.75465e+46  4.03852e-09
 3.66152e+01  4.16479e+05  1.86583e+46  4.16479e+05  1.85554e+46  4.16479e+05  1.84944e+46  4.16479e+05  1.87299e+46  4.03852e-09
 3.78119e+01  4.16479e+05  1.98406e+46  4.16479e+05  1.97581e+46  4.16479e+05  1.97381e+46  4.16479e+05  1.99921e+46  4.03852e-09
 3.90477e+01  4.16479e+05  2.11119e+46  4.16479e+05  2.10487e+46  4.16479e+05  2.10670e+46  4.16479e+05  2.13385e+46  4.03852e-09
 4.03238e+01  4.16479e+05  2.24776e+46  4.16479e+05  2.24324e+46  4.16479e+05  2.24866e+46  4.16479e+05  2.27745e+46  4.03852e-09
 4.16417e+01  4.16479e+05  2.39432e+46  4.16479e+05  2.39149e+46  4.16479e+05  2.40029e+46  4.16479e+05  2.43061e+46  4.03852e-09
 4.30027e+01  4.16479e+05  2.55150e+46  4.16479e+05  2.55025e+46  4.16479e+05  2.56221e+46  4.16479e+05  2.59397e+46  4.03852e-09
 4.44081e+01  4.16479e+05  2.71993e+46  4.16479e+05  2.72016e+46  4.16479e+05  2.73509e+46  4.16479e+05  2.76820e+46  4.03852e-09
 4.58595e+01  4.16479e+05  2.90031e+46  4.16479e+05  2.90194e+46  4.16479e+05  2.91965e+46  4.16479e+05  2.95402e+46  4.03852e-09
 4.73583e+01  4.16479e+05  3.09340e+46  4.16479e+05  3.09633e+46  4.16479e+05  3.11665e+46  4.16479e+05  3.15220e+46  4.03852e-09
 4.89061e+01  4.16479e+05  3.29998e+46  4.16479e+05  3.30414e+46  4.16479e+05  3.32690e+46  4.16479e+05  3.36357e+46  4.03852e-09
 5.05045e+01  4.16479e+05  3.52092e+46  4.16479e+05  3.52622e+46  4.16479e+05  3.55128e+46  4.16479e+05  3.58899e+46  4.03852e-09
 5.21551e+01  4.16479e+05  3.75713e+46  4.16479e+05  3.76351e+46  4.16479e+05  3.79072e+46  4.16479e+05  3.82940e+46  4.03852e-09
 5.38597e+01  4.16479e+05  4.00958e+46  4.16479e+05  4.01697e+46  4.16479e+05  4.04620e+46  4.16479e+05  4.08580e+46  4.03852e-09
 5.56199e+01  4.16479e+05  4.27933e+46  4.16479e+05  4.28766e+46  4.16479e+05  4.31878e+46  4.16479e+05  4.35924e+46  4.03852e-09
 5.74378e+01  4.16479e+05  4.56748e+46  4.16479e+05  4.57670e+46  4.16479e+05  4.60959e+46  4.16479e+05  4.65086e+46  4.03852e-09
 5.93150e+01  4.16479e+05  4.87523e+46  4.16479e+05  4.88528e+46  4.16479e+05  4.91983e+46  4.16479e+05  4.96186e+46  4.03852e-09
 6.12535e+01  4.16479e+05  5.20385e+46  4.16479e+05  5.21469e+46  4.16479e+05  5.25080e+46  4.16479e+05  5.29353e+46  4.03852e-09
 6.32555e+01  4.16479e+05  5.55471e+46  4.16479e+05  5.56628e+46  4.16479e+05  5.60385e+46  4.16479e+05  5.64725e+46  4.03852e-09
 6.53228e+01  4.16479e+05  5.92925e+46  4.16479e+05  5.94151e+46  4.16479e+05  5.98045e+46  4.16479e+05  6.02447e+46  4.03852e-09
 6.74577e+01  4.16479e+05  6.32903e+46  4.16479e+05  6.34193e+46  4.16479e+05  6.38216e+46  4.16479e+05  6.42677e+46  4.03852e-09
 6.96624e+01  4.16479e+05  6.75570e+46  4.16479e+05  6.76920e+46  4.16479e+05  6.81064e+46  4.16479e+05  6.85579e+46  4.03852e-09
 7.19392e+01  4.16479e+05  7.21103e+46  4.16479e+05  7.22509e+46  4.16479e+05  7.26766e+46  4.16479e+05  7.31333e+46  4.03852e-09
 7.42903e+01  4.16479e+05  7.69689e+46  4.16479e+05  7.71149e+46  4.16479e+05  7.75511e+46  4.16479e+05  7.80126e+46  4.03852e-09
 7.67183e+01  4.16479e+05  8.21531e+46  4.16479e+05  8.23040e+46  4.16479e+05  8.27502e+46  4.16479e+05  8.32162e+46  4.03852e-09
 7.92257e+01  4.16479e+05  8.76842e+46  4.16479e+05  8.78398e+46  4.16479e+05  8.82953e+46  4.16479e+05  8.87655e+46  4.03852e-09
 8.18150e+01  4.16479e+05  9.35851e+46  4.16479e+05  9.37451e+46  4.16479e+05  9.42094e+46  4.16479e+05  9.46836e+46  4.03852e-09
 8.44889e+01  4.16479e+05  9.98804e+46  4.16479e+05  1.00044e+47  4.16479e+05  1.00517e+47  4.02620e+05  9.78043e+46  4.03852e-09
 8.72502e+01  4.16479e+05  1.06596e+47  4.16479e+05  1.06764e+47  4.16479e+05  1.07244e+47  4.02620e+05  1.01036e+47  4.03852e-09
 9.01018e+01  4.16479e+05  1.13760e+47  4.16479e+05  1.13931e+47  4.16479e+05  1.14418e+47  4.02620e+05  1.04686e+47  4.03852e-09
 9.30466e+01  4.16479e+05  1.21401e+47  4.16479e+05  1.21576e+47  4.16479e+05  1.22070e+47  4.02620e+05  1.08772e+47  4.03852e-09
 9.60876e+01  4.16479e+05  1.29552e+47  4.16479e+05  1.29730e+47  4.16479e+05  1.30230e+47  4.02620e+05  1.13309e+47  4.03852e-09
 9.92280e+01  4.16479e+05  1.38246e+47  4.16479e+05  1.38427e+47  4.16479e+05  1.38933e+47  4.02620e+05  1.18316e+47  4.03852e-09
 1.02471e+02  4.16479e+05  1.47519e+47  4.16479e+05  1.47703e+47  4.16479e+05  1.48215e+47  4.02620e+05  1.23814e+47  4.03852e-09
 1.05820e+02  4.16479e+05  1.57409e+47  4.16479e+05  1.57596e+47  4.16479e+05  1.58113e+47  4.02620e+05  1.29826e+47  4.03852e-09
 1.09278e+02  4.16479e+05  1.67958e+47  4.16479e+05  1.68147e+47  4.16479e+05  1.68669e+47  4.02620e+05  1.36377e+47  4.03852e-09
 1.12850e+02  4.16479e+05  1.79209e+47  4.16479e+05  1.79401e+47  4.16479e+05  1.79927e+47  4.02620e+05  1.43493e+47  4.03852e-09
 1.16538e+02  4.16479e+05  1.91209e+47  4.16479e+05  1.91402e+47  4.16479e+05  1.91933e+47  4.02620e+05  1.51205e+47  4.03852e-09
 1.20347e+02  4.16479e+05  2.04007e+47  4.16479e+05  2.04202e+47  4.16479e+05  2.04737e+47  4.02620e+05  1.59543e+47  4.03852e-09
 1.24280e+02  4.16479e+05  2.17656e+47  4.16479e+05  2.17853e+47  4.16479e+05  2.18392e+47  4.02620e+05  1.68544e+47  4.03852e-09
 1.28342e+02  4.16479e+05  2.32213e+47  4.16479e+05  2.32412e+47  4.16479e+05  2.32954e+47  4.02620e+05  1.78243e+47  4.03852e-09
 1.32537e+02  4.16479e+05  2.47738e+47  4.16479e+05  2.47939e+47  4.16479e+05  2.48484e+47  4.02620e+05  1.88681e+47  4.03852e-09
 1.36868e+02  4.16479e+05  2.64295e+47  4.16479e+05  2.64497e+47  4.16479e+05  2.65046e+47  4.02620e+05  1.99901e+47  4.03852e-09
 1.41341e+02  4.16479e+05  2.81953e+47  4.16479e+05  2.82157e+47  4.16479e+05  2.82708e+47  4.02620e+05  2.11950e+47  4.03852e-09
 1.45961e+02  4.16479e+05  3.00784e+47  4.16479e+05  3.00990e+47  4.16479e+05  3.01544e+47  4.02620e+05  2.24878e+47  4.03852e-09
 1.50731e+02  4.16479e+05  3.20868e+47  4.16479e+05  3.21074e+47  4.02620e+05  3.12483e+47  4.02620e+05  2.38738e+47  4.03852e-09
 1.55658e+02  4.16479e+05  3.42286e+47  4.16479e+05  3.42494e+47  4.02620e+05  3.22705e+47  4.02620e+05  2.53587e+47  4.03852e-09
 1.60745e+02  4.16479e+05  3.65128e+47  4.16479e+05  3.65337e+47  4.02620e+05  3.34265e+47  4.02620e+05  2.69486e+47  4.03852e-09
 1.65998e+02  4.16479e+05  3.89488e+47  4.16479e+05  3.89698e+47  4.02620e+05  3.47213e+47  4.02620e+05  2.86503e+47  4.03852e-09
 1.71424e+02  4.16479e+05  4.15467e+47  4.16479e+05  4.15677e+47  4.02620e+05  3.61601e+47  4.02620e+05  3.04706e+47  4.03852e-09
 1.77026e+02  4.16479e+05  4.43172e+47  4.16479e+05  4.43383e+47  4.02620e+05  3.77490e+47  4.02620e+05  3.24172e+47  4.03852e-09
 1.82812e+02  4.16479e+05  4.72718e+47  4.16479e+05  4.72930e+47  4.02620e+05  3.94944e+47  4.02620e+05  3.44981e+47  4.03852e-09
 1.88787e+02  4.16479e+05  5.04227e+47  4.16479e+05  5.04441e+47  4.02620e+05  4.14036e+47  4.02620e+05  3.67219e+47  4.03852e-09
 1.94957e+02  4.16479e+05  5.37830e+47  4.02620e+05  5.32647e+47  4.02620e+05  4.34845e+47  4.02620e+05  3.90978e+47  4.03852e-09
 2.01328e+02  4.16479e+05  5.73666e+47  4.02620e+05  5.49129e+47  4.02620e+05  4.57457e+47  4.02620e+05  4.16356e+47  4.03852e-09
 2.07908e+02  4.02620e+05  6.10924e+47  4.02620e+05  5.67891e+47  4.02620e+05  4.81966e+47  4.02620e+05  4.43459e+47  4.03852e-09
 2.14703e+02  4.02620e+05  6.29347e+47  4.02620e+05  5.89008e+47  4.02620e+05  5.08474e+47  4.02620e+05  4.72398e+47  4.03852e-09
 2.21720e+02  4.02620e+05  6.50381e+47  4.02620e+05  6.12569e+47  4.02620e+05  5.37089e+47  4.02620e+05  5.03294e+47  4.03852e-09
 2.28967e+02  4.02620e+05  6.74114e+47  4.02620e+05  6.38671e+47  4.02620e+05  5.67930e+47  4.02620e+05  5.36274e+47  4.03852e-09
 2.36450e+02  4.02620e+05  7.00643e+47  4.02620e+05  6.67423e+47  4.02620e+05  6.01126e+47  4.02620e+05  5.71474e+47  4.03852e-09
 2.44178e+02  4.02620e+05  7.30079e+47  4.02620e+05  6.98942e+47  4.02620e+05  6.36812e+47  4.02620e+05  6.09041e+47  4.03852e-09
 2.52158e+02  4.02620e+05  7.62544e+47  4.02620e+05  7.33361e+47  4.02620e+05  6.75138e+47  4.02620e+05  6.49130e+47  4.03852e-09
 2.60399e+02  4.02620e+05  7.98171e+47  4.02620e+05  7.70820e+47  4.02620e+05  7.16261e+47  4.02620e+05  6.91907e+47  4.03852e-09
 2.68910e+02  4.02620e+05  8.37108e+47  4.02620e+05  8.11475e+47  4.02620e+05  7.60352e+47  4.02620e+05  7.37548e+47  4.03852e-09
 2.77699e+02  4.02620e+05  8.79517e+47  4.02620e+05  8.55494e+47  4.02620e+05  8.07594e+47  4.02620e+05  7.86244e+47  4.03852e-09
 2.86774e+02  4.02620e+05  9.25572e+47  4.02620e+05  9.03060e+47  4.02620e+05  8.58181e+47  4.02620e+05  8.38194e+47  4.03852e-09
 2.96147e+02  4.02620e+05  9.75465e+47  4.02620e+05  9.54370e+47  4.02620e+05  9.12323e+47  4.02620e+05  8.93614e+47  4.03852e-09
 3.05826e+02  4.02620e+05  1.02940e+48  4.02620e+05  1.00963e+48  4.02620e+05  9.70244e+47  4.02620e+05  9.52734e+47  4.03852e-09
 3.15821e+02  4.02620e+05  1.08761e+48  4.02620e+05  1.06908e+48  4.02620e+05  1.03218e+48  4.02620e+05  1.01580e+48  4.03852e-09
 3.26143e+02  4.02620e+05  1.15032e+48  4.02620e+05  1.13296e+48  4.02620e+05  1.09840e+48  4.02620e+05  1.08307e+48  4.03852e-09
 3.36802e+02  4.02620e+05  1.21780e+48  4.02620e+05  1.20154e+48  4.02620e+05  1.16916e+48  4.02620e+05  1.15482e+48  4.03852e-09
 3.47810e+02  4.02620e+05  1.29032e+48  4.02620e+05  1.27509e+48  4.02620e+05  1.24477e+48  4.02620e+05  1.23136e+48  4.03852e-09
 3.59177e+02  4.02620e+05  1.36820e+48  4.02620e+05  1.35393e+48  4.02620e+05  1.32553e+48  4.02620e+05  1.31299e+48  4.03852e-09
 3.70916e+02  4.02620e+05  1.45174e+48  4.02620e+05  1.43837e+48  4.02620e+05  1.41178e+48  4.02620e+05  1.40005e+48  4.03852e-09
 3.83038e+02  4.02620e+05  1.54130e+48  4.02620e+05  1.52878e+48  4.02620e+05  1.50388e+48  4.02620e+05  1.49291e+48  4.03852e-09
 3.95557e+02  4.02620e+05  1.63724e+48  4.02620e+05  1.62551e+48  4.02620e+05  1.60221e+48  4.02620e+05  1.59195e+48  4.03852e-09
 4.08485e+02  4.02620e+05  1.73996e+48  4.02620e+05  1.72898e+48  4.02620e+05  1.70717e+48  4.02620e+05  1.69759e+48  4.03852e-09
 4.21835e+02  4.02620e+05  1.84990e+48  4.02620e+05  1.83961e+48  4.02620e+05  1.81919e+48  4.02620e+05  1.81024e+48  4.03852e-09
 4.35622e+02  4.02620e+05  1.96749e+48  4.02620e+05  1.95786e+48  4.02620e+05  1.93875e+48  4.02620e+05  1.93039e+48  4.03852e-09
 4.49859e+02  4.02620e+05  2.09324e+48  4.02620e+05  2.08422e+48  4.02620e+05  2.06634e+48  4.02620e+05  2.05853e+48  4.03852e-09
 4.64562e+02  4.02620e+05  2.22765e+48  4.02620e+05  2.21921e+48  4.02620e+05  2.20248e+48  4.02620e+05  2.19520e+48  4.03852e-09
 4.79745e+02  4.02620e+05  2.37129e+48  4.02620e+05  2.36339e+48  4.02620e+05  2.34774e+48  4.02620e+05  2.34094e+48  4.03852e-09
 4.95424e+02  4.02620e+05  2.52476e+48  4.02620e+05  2.51736e+48  4.02620e+05  2.50272e+48  4.02620e+05  2.49638e+48  4.03852e-09
 5.11616e+02  4.02620e+05  2.68867e+48  4.02620e+05  2.68175e+48  4.02620e+05  2.66806e+48  4.02620e+05  2.66215e+48  4.03852e-09
 5.28337e+02  4.02620e+05  2.86372e+48  4.02620e+05  2.85725e+48  4.02620e+05  2.84445e+48  4.02620e+05  2.83894e+48  4.03852e-09
 5.45604e+02  4.02620e+05  3.05063e+48  4.02620e+05  3.04458e+48  4.02620e+05  3.03261e+48  4.02620e+05  3.02747e+48  4.03852e-09
 5.63436e+02  4.02620e+05  3.25017e+48  4.02620e+05  3.24451e+48  4.02620e+05  3.23332e+48  4.02620e+05  3.22854e+48  4.03852e-09
 5.81850e+02  4.02620e+05  3.46317e+48  4.02620e+05  3.45788e+48  4.02620e+05  3.44742e+48  4.02620e+05  3.44297e+48  4.03852e-09
 6.00867e+02  4.02620e+05  3.69051e+48  4.02620e+05  3.68556e+48  4.02620e+05  3.67579e+48  4.02620e+05  3.67165e+48  4.03852e-09
 6.20505e+02  4.02620e+05  3.93313e+48  4.02620e+05  3.92850e+48  4.02620e+05  3.91938e+48  4.02620e+05  3.91553e+48  4.03852e-09
 6.40784e+02  4.02620e+05  4.19203e+48  4.02620e+05  4.18770e+48  4.02620e+05  4.17919e+48  4.02620e+05  4.17561e+48  4.03852e-09
 6.61727e+02  4.02620e+05  4.46829e+48  4.02620e+05  4.46424e+48  4.02620e+05  4.45630e+48  4.02620e+05  4.45298e+48  4.03852e-09
 6.83354e+02  4.02620e+05  4.76305e+48  4.02620e+05  4.75927e+48  4.02620e+05  4.75185e+48  4.02620e+05  4.74877e+48  4.03852e-09
 7.05688e+02  4.02620e+05  5.07752e+48  4.02620e+05  5.07399e+48  4.02620e+05  5.06708e+48  4.02620e+05  5.06422e+48  4.03852e-09
 7.28751e+02  4.02620e+05  5.41302e+48  4.02620e+05  5.40972e+48  4.02620e+05  5.40327e+48  4.02620e+05  5.40063e+48  4.03852e-09
 7.52569e+02  4.02620e+05  5.77092e+48  4.02620e+05  5.76784e+48  4.02620e+05  5.76184e+48  4.02620e+05  5.75939e+48  4.03852e-09
 7.77165e+02  4.02620e+05  6.15271e+48  4.02620e+05  6.14984e+48  4.02620e+05  6.14425e+48  4.02620e+05  6.14199e+48  4.03852e-09
 8.02565e+02  4.02620e+05  6.55998e+48  4.02620e+05  6.55730e+48  4.02620e+05  6.55209e+48  4.02620e+05  6.55000e+48  4.03852e-09
 8.28794e+02  4.02620e+05  6.99439e+48  4.02620e+05  6.99190e+48  4.02620e+05  6.98705e+48  4.02620e+05  6.98513e+48  4.03852e-09
 8.55882e+02  4.02620e+05  7.45777e+48  4.02620e+05  7.45544e+48  4.02620e+05  7.45093e+48  4.02620e+05  7.44916e+48  4.03852e-09
 8.83854e+02  4.02620e+05  7.95201e+48  4.02620e+05  7.94984e+48  4.02620e+05  7.94565e+48  4.02620e+05  7.94402e+48  4.03852e-09
 9.12741e+02  4.02620e+05  8.47917e+48  4.02620e+05  8.47715e+48  4.02620e+05  8.47325e+48  4.02620e+05  8.47176e+48  4.03852e-09
 9.42571e+02  4.02620e+05  9.04142e+48  4.02620e+05  9.03954e+48  4.02620e+05  9.03593e+48  4.02620e+05  9.03456e+48  4.03852e-09
 9.73377e+02  4.02620e+05  9.64110e+48  4.02620e+05  9.63935e+48  4.02620e+05  9.63600e+48  4.02620e+05  9.63475e+48  4.03852e-09
 1.00519e+03  4.02620e+05  1.02807e+49  4.02620e+05  1.02791e+49  4.02620e+05  1.02760e+49  3.89223e+05  9.98898e+48  4.03852e-09
 1.03804e+03  4.02620e+05  1.09628e+49  4.02620e+05  1.09613e+49  4.02620e+05  1.09584e+49  3.89223e+05  1.03054e+49  4.03852e-09
 1.07197e+03  4.02620e+05  1.16903e+49  4.02620e+05  1.16889e+49  4.02620e+05  1.16863e+49  3.89223e+05  1.06645e+49  4.03852e-09
 1.10700e+03  4.02620e+05  1.24662e+49  4.02620e+05  1.24649e+49  4.02620e+05  1.24625e+49  3.89223e+05  1.10677e+49  4.03852e-09
 1.14318e+03  4.02620e+05  1.32937e+49  4.02620e+05  1.32925e+49  4.02620e+05  1.32903e+49  3.89223e+05  1.15167e+49  4.03852e-09
 1.18054e+03  4.02620e+05  1.41763e+49  4.02620e+05  1.41752e+49  4.02620e+05  1.41731e+49  3.89223e+05  1.20133e+49  4.03852e-09
 1.21913e+03  4.02620e+05  1.51175e+49  4.02620e+05  1.51164e+49  4.02620e+05  1.51145e+49  3.89223e+05  1.25597e+49  4.03852e-09
 1.25897e+03  4.02620e+05  1.61212e+49  4.02620e+05  1.61203e+49  4.02620e+05  1.61185e+49  3.89223e+05  1.31581e+49  4.03852e-09
 1.30012e+03  4.02620e+05  1.71917e+49  4.02620e+05  1.71908e+49  4.02620e+05  1.71892e+49  3.89223e+05  1.38109e+49  4.03852e-09
 1.34261e+03  4.02620e+05  1.83334e+49  4.02620e+05  1.83326e+49  4.02620e+05  1.83311e+49  3.89223e+05  1.45209e+49  4.03852e-09
 1.38649e+03  4.02620e+05  1.95509e+49  4.02620e+05  1.95502e+49  4.02620e+05  1.95488e+49  3.89223e+05  1.52910e+49  4.03852e-09
 1.43180e+03  4.02620e+05  2.08493e+49  4.02620e+05  2.08487e+49  4.02620e+05  2.08474e+49  3.89223e+05  1.61243e+49  4.03852e-09
 1.47860e+03  4.02620e+05  2.22341e+49  4.02620e+05  2.22334e+49  4.02620e+05  2.22323e+49  3.89223e+05  1.70244e+49  4.03852e-09
 1.52692e+03  4.02620e+05  2.37108e+49  4.02620e+05  2.37103e+49  4.02620e+05  2.37092e+49  3.89223e+05  1.79949e+49  4.03852e-09
 1.57683e+03  4.02620e+05  2.52857e+49  4.02620e+05  2.52852e+49  4.02620e+05  2.52843e+49  3.89223e+05  1.90400e+49  4.03852e-09
 1.62836e+03  4.02620e+05  2.69653e+49  4.02620e+05  2.69648e+49  4.02620e+05  2.69640e+49  3.89223e+05  2.01638e+49  4.03852e-09
 1.68158e+03  4.02620e+05  2.87564e+49  4.02620e+05  2.87560e+49  4.02620e+05  2.87552e+49  3.89223e+05  2.13710e+49  4.03852e-09
 1.73654e+03  4.02620e+05  3.06666e+49  4.02620e+05  3.06662e+49  4.02620e+05  3.06655e+49  3.89223e+05  2.26667e+49  4.03852e-09
 1.79329e+03  4.02620e+05  3.27036e+49  4.02620e+05  3.27033e+49  3.89223e+05  3.18370e+49  3.89223e+05  2.40562e+49  4.03852e-09
 1.85190e+03  4.02620e+05  3.48761e+49  4.02620e+05  3.48757e+49  3.89223e+05  3.28413e+49  3.89223e+05  2.55453e+49  4.03852e-09
 1.91243e+03  4.02620e+05  3.71928e+49  4.02620e+05  3.71925e+49  3.89223e+05  3.39816e+49  3.89223e+05  2.71401e+49  4.03852e-09
 1.97493e+03  4.02620e+05  3.96635e+49  4.02620e+05  3.96633e+49  3.89223e+05  3.52624e+49  3.89223e+05  2.88472e+49  4.03852e-09
 2.03948e+03  4.02620e+05  4.22984e+49  4.02620e+05  4.22981e+49  3.89223e+05  3.66893e+49  3.89223e+05  3.06737e+49  4.03852e-09
 2.10613e+03  4.02620e+05  4.51083e+49  4.02620e+05  4.51081e+49  3.89223e+05  3.82679e+49  3.89223e+05  3.26271e+49  4.03852e-09
 2.17497e+03  4.02620e+05  4.81049e+49  4.02620e+05  4.81047e+49  3.89223e+05  4.00050e+49  3.89223e+05  3.47156e+49  4.03852e-09
 2.24605e+03  4.02620e+05  5.13005e+49  4.02620e+05  5.13004e+49  3.89223e+05  4.19076e+49  3.89223e+05  3.69477e+49  4.03852e-09
 2.31946e+03  4.02620e+05  5.47085e+49  3.89223e+05  5.42989e+49  3.89223e+05  4.39836e+49  3.89223e+05  3.93328e+49  4.03852e-09
 2.39526e+03  4.02620e+05  5.83429e+49  3.89223e+05  5.59143e+49  3.89223e+05  4.62417e+49  3.89223e+05  4.18806e+49  4.03852e-09
 2.47355e+03  4.02620e+05  6.22188e+49  3.89223e+05  5.77611e+49  3.89223e+05  4.86911e+49  3.89223e+05  4.46017e+49  4.03852e-09
 2.55439e+03  3.89223e+05  6.40995e+49  3.89223e+05  5.98470e+49  3.89223e+05  5.13421e+49  3.89223e+05  4.75075e+49  4.03852e-09
 2.63787e+03  3.89223e+05  6.61682e+49  3.89223e+05  6.21806e+49  3.89223e+05  5.42055e+49  3.89223e+05  5.06098e+49  4.03852e-09
 2.72409e+03  3.89223e+05  6.85107e+49  3.89223e+05  6.47715e+49  3.89223e+05  5.72932e+49  3.89223e+05  5.39216e+49  4.03852e-09
 2.81312e+03  3.89223e+05  7.11367e+49  3.89223e+05  6.76305e+49  3.89223e+05  6.06181e+49  3.89223e+05  5.74565e+49  4.03852e-09
 2.90506e+03  3.89223e+05  7.40571e+49  3.89223e+05  7.07694e+49  3.89223e+05  6.41938e+49  3.89223e+05  6.12292e+49  4.03852e-09
 3.00000e+03  3.89223e+05  7.72841e+49  3.89223e+05  7.42011e+49  3.89223e+05  6.80352e+49  3.89223e+05  6.52554e+49  4.03852e-09
