radius_rg T_0deg chi2_0deg T_15deg chi2_15deg T_30deg chi2_30deg T_45deg chi2_45deg nuLnusavg_last
 2.00000e-01  1.23000e+06  4.79721e+44  1.23000e+06  3.70779e+44  1.07428e+06  1.35968e+44  9.07048e+05  2.40230e+43  6.28816e-07
 2.06537e-01  1.23000e+06  4.50888e+44  1.18907e+06  3.46722e+44  1.07428e+06  1.27025e+44  9.07048e+05  2.07840e+43  6.28816e-07
 2.13287e-01  1.23000e+06  4.31392e+44  1.18907e+06  3.30012e+44  1.03853e+06  1.22003e+44  9.07048e+05  1.92559e+43  6.28816e-07
 2.20257e-01  1.18907e+06  4.06250e+44  1.14951e+06  3.11921e+44  1.03853e+06  1.11168e+44  8.76865e+05  1.81667e+43  6.28816e-07
 2.27456e-01  1.18907e+06  3.84807e+44  1.14951e+06  2.93164e+44  1.03853e+06  1.04614e+44  8.76865e+05  1.52741e+43  6.28816e-07
 2.34890e-01  1.14951e+06  3.66600e+44  1.11126e+06  2.81659e+44  1.00397e+06  9.83943e+43  8.76865e+05  1.40697e+43  6.28816e-07
 2.42567e-01  1.14951e+06  3.42833e+44  1.11126e+06  2.60523e+44  1.00397e+06  8.96801e+43  8.47687e+05  1.34044e+43  6.28816e-07
 2.50494e-01  1.14951e+06  3.27955e+44  1.11126e+06  2.46934e+44  1.00397e+06  8.51583e+43  8.47687e+05  1.07088e+43  6.28816e-07
 2.58681e-01  1.11126e+06  3.05804e+44  1.07428e+06  2.32463e+44  9.70565e+05  7.80247e+43  8.47687e+05  9.68243e+42  6.28816e-07
 2.67136e-01  1.11126e+06  2.88061e+44  1.07428e+06  2.16032e+44  9.70565e+05  7.10740e+43  8.19480e+05  9.73727e+42  6.28816e-07
 2.75866e-01  1.07428e+06  2.74160e+44  1.07428e+06  2.06965e+44  9.70565e+05  6.82387e+43  8.19480e+05  7.08608e+42  6.28816e-07
 2.84882e-01  1.07428e+06  2.53167e+44  1.03853e+06  1.89845e+44  9.38269e+05  6.05322e+43  8.19480e+05  6.08918e+42  6.28816e-07
 2.94193e-01  1.07428e+06  2.40693e+44  1.03853e+06  1.77481e+44  9.38269e+05  5.49974e+43  8.19480e+05  6.74243e+42  6.28816e-07
 3.03808e-01  1.03853e+06  2.23809e+44  1.00397e+06  1.68946e+44  9.38269e+05  5.35115e+43  7.92211e+05  4.45580e+42  6.28816e-07
 3.13737e-01  1.03853e+06  2.07560e+44  1.00397e+06  1.52939e+44  9.07048e+05  4.56387e+43  7.92211e+05  3.33452e+42  6.28816e-07
 3.23991e-01  1.03853e+06  1.99640e+44  1.00397e+06  1.44034e+44  9.07048e+05  4.11776e+43  7.92211e+05  3.85200e+42  6.28816e-07
 3.34580e-01  1.00397e+06  1.80225e+44  9.70565e+05  1.34018e+44  9.07048e+05  4.07081e+43  7.65850e+05  2.92978e+42  6.28816e-07
 3.45515e-01  1.00397e+06  1.68009e+44  9.70565e+05  1.21014e+44  8.76865e+05  3.31542e+43  7.65850e+05  1.52227e+42  6.28816e-07
 3.56807e-01  9.70565e+05  1.59481e+44  9.70565e+05  1.14980e+44  8.76865e+05  2.94255e+43  7.65850e+05  1.74601e+42  6.28816e-07
 3.68468e-01  9.70565e+05  1.42556e+44  9.38269e+05  1.04065e+44  8.76865e+05  2.96399e+43  7.40366e+05  2.69675e+42  6.28816e-07
 3.80511e-01  9.70565e+05  1.33690e+44  9.38269e+05  9.34730e+43  8.47687e+05  2.29846e+43  7.40366e+05  8.29551e+41  6.28816e-07
 3.92947e-01  9.38269e+05  1.24217e+44  9.38269e+05  8.97372e+43  8.47687e+05  1.96440e+43  7.40366e+05  5.90740e+41  6.28816e-07
 4.05790e-01  9.38269e+05  1.10108e+44  9.07048e+05  7.86180e+43  8.47687e+05  2.02060e+43  7.40366e+05  1.97933e+42  6.28816e-07
 4.19052e-01  9.38269e+05  1.03926e+44  9.07048e+05  6.98549e+43  8.19480e+05  1.51440e+43  7.15730e+05  1.52726e+42  6.28816e-07
 4.32748e-01  9.07048e+05  9.43159e+43  9.07048e+05  6.78505e+43  8.19480e+05  1.18391e+43  7.15730e+05  6.41759e+41  6.28816e-07
 4.46891e-01  9.07048e+05  8.23479e+43  8.76865e+05  5.73560e+43  8.19480e+05  1.24045e+43  7.15730e+05  1.38387e+42  6.28816e-07
 4.61496e-01  9.07048e+05  7.81911e+43  8.76865e+05  4.98417e+43  7.92211e+05  9.77285e+42  7.15730e+05  3.75666e+42  6.28816e-07
 4.76579e-01  8.76865e+05  6.94092e+43  8.76865e+05  4.90034e+43  7.92211e+05  6.13744e+42  6.91914e+05  2.27245e+42  6.28816e-07
 4.92155e-01  8.76865e+05  5.89067e+43  8.47687e+05  4.01237e+43  7.92211e+05  6.34871e+42  6.91914e+05  2.16889e+42  6.28816e-07
 5.08240e-01  8.76865e+05  5.61184e+43  8.47687e+05  3.32724e+43  7.65850e+05  7.16351e+42  6.91914e+05  3.69925e+42  6.28816e-07
 5.24851e-01  8.47687e+05  4.93183e+43  8.47687e+05  3.30284e+43  7.65850e+05  2.81081e+42  6.68890e+05  6.01731e+42  6.28816e-07
 5.42004e-01  8.47687e+05  3.96004e+43  8.19480e+05  2.69509e+43  7.65850e+05  2.29104e+42  6.68890e+05  4.84039e+42  6.28816e-07
 5.59718e-01  8.47687e+05  3.75169e+43  8.19480e+05  2.01627e+43  7.65850e+05  5.60204e+42  6.68890e+05  5.30845e+42  6.28816e-07
 5.78011e-01  8.19480e+05  3.40811e+43  8.19480e+05  1.99276e+43  7.40366e+05  2.31185e+42  6.68890e+05  7.42345e+42  6.28816e-07
 5.96902e-01  8.19480e+05  2.44510e+43  7.92211e+05  1.80832e+43  7.40366e+05  6.56252e+41  6.46632e+05  1.01205e+43  6.28816e-07
 6.16411e-01  8.19480e+05  2.23926e+43  7.92211e+05  1.07348e+43  7.40366e+05  2.82466e+42  6.46632e+05  9.26829e+42  6.28816e-07
 6.36557e-01  7.92211e+05  2.39881e+43  7.92211e+05  9.90044e+42  7.15730e+05  5.32581e+42  6.46632e+05  1.00794e+43  6.28816e-07
 6.57361e-01  7.92211e+05  1.37214e+43  7.65850e+05  1.40272e+43  7.15730e+05  2.09052e+42  6.46632e+05  1.25571e+43  6.28816e-07
 6.78845e-01  7.92211e+05  1.09819e+43  7.65850e+05  5.45965e+42  7.15730e+05  2.68517e+42  6.25115e+05  1.65636e+43  6.28816e-07
 7.01032e-01  7.92211e+05  1.57583e+43  7.65850e+05  3.38426e+42  7.15730e+05  7.11222e+42  6.25115e+05  1.57702e+43  6.28816e-07
 7.23943e-01  7.65850e+05  7.96488e+42  7.65850e+05  7.79248e+42  6.91914e+05  7.53385e+42  6.25115e+05  1.66669e+43  6.28816e-07
 7.47603e-01  7.65850e+05  3.79886e+42  7.40366e+05  5.11859e+42  6.91914e+05  6.07243e+42  6.25115e+05  1.92577e+43  6.28816e-07
 7.72037e-01  7.65850e+05  7.11901e+42  7.40366e+05  1.11233e+42  6.91914e+05  8.45743e+42  6.25115e+05  2.35530e+43  6.28816e-07
 7.97269e-01  7.40366e+05  8.09732e+42  7.40366e+05  3.58028e+42  6.91914e+05  1.46987e+43  6.04314e+05  2.48187e+43  6.28816e-07
 8.23326e-01  7.40366e+05  1.70295e+42  7.15730e+05  1.08926e+43  6.68890e+05  1.42580e+43  6.04314e+05  2.55003e+43  6.28816e-07
 8.50234e-01  7.40366e+05  2.78608e+42  7.15730e+05  4.19807e+42  6.68890e+05  1.40658e+43  6.04314e+05  2.79125e+43  6.28816e-07
 8.78022e-01  7.40366e+05  1.13512e+43  7.15730e+05  3.99052e+42  6.68890e+05  1.77532e+43  6.04314e+05  3.20651e+43  6.28816e-07
 9.06718e-01  7.15730e+05  5.99779e+42  7.15730e+05  1.02691e+43  6.68890e+05  2.53353e+43  5.84205e+05  3.72900e+43  6.28816e-07
 9.36352e-01  7.15730e+05  3.98919e+42  6.91914e+05  1.42602e+43  6.46632e+05  2.56565e+43  5.84205e+05  3.73887e+43  6.28816e-07
 9.66955e-01  7.15730e+05  9.46756e+42  6.91914e+05  1.05536e+43  6.46632e+05  2.61823e+43  5.84205e+05  3.92671e+43  6.28816e-07
 9.98557e-01  6.91914e+05  1.85778e+43  6.91914e+05  1.33601e+43  6.46632e+05  3.06376e+43  5.84205e+05  4.29330e+43  6.28816e-07
 1.03119e+00  6.91914e+05  1.25189e+43  6.91914e+05  2.26916e+43  6.46632e+05  3.90411e+43  5.84205e+05  4.84014e+43  6.28816e-07
 1.06489e+00  6.91914e+05  1.39822e+43  6.68890e+05  2.54585e+43  6.25115e+05  4.23335e+43  5.64766e+05  5.37749e+43  6.28816e-07
 1.09970e+00  6.91914e+05  2.29739e+43  6.68890e+05  2.38783e+43  6.25115e+05  4.29527e+43  5.64766e+05  5.46636e+43  6.28816e-07
 1.13564e+00  6.68890e+05  3.09363e+43  6.68890e+05  2.88666e+43  6.25115e+05  4.75710e+43  5.64766e+05  5.74034e+43  6.28816e-07
 1.17276e+00  6.68890e+05  2.73193e+43  6.68890e+05  4.04439e+43  6.25115e+05  5.62075e+43  5.64766e+05  6.20058e+43  6.28816e-07
 1.21108e+00  6.68890e+05  3.12859e+43  6.46632e+05  4.47837e+43  6.04314e+05  6.55494e+43  5.64766e+05  6.84898e+43  6.28816e-07
 1.25067e+00  6.68890e+05  4.28523e+43  6.46632e+05  4.43885e+43  6.04314e+05  6.55267e+43  5.45973e+05  7.65119e+43  6.28816e-07
 1.29154e+00  6.46632e+05  5.29415e+43  6.46632e+05  5.06466e+43  6.04314e+05  6.95965e+43  5.45973e+05  7.77279e+43  6.28816e-07
 1.33375e+00  6.46632e+05  5.06704e+43  6.46632e+05  6.35839e+43  6.04314e+05  7.77755e+43  5.45973e+05  8.08906e+43  6.28816e-07
 1.37734e+00  6.46632e+05  5.60796e+43  6.25115e+05  7.33014e+43  6.04314e+05  9.00978e+43  5.45973e+05  8.60130e+43  6.28816e-07
 1.42236e+00  6.46632e+05  6.91912e+43  6.25115e+05  7.30240e+43  5.84205e+05  9.60249e+43  5.45973e+05  9.31163e+43  6.28816e-07
 1.46884e+00  6.25115e+05  8.58585e+43  6.25115e+05  7.95185e+43  5.84205e+05  9.86720e+43  5.45973e+05  1.02230e+44  6.28816e-07
 1.51685e+00  6.25115e+05  8.36914e+43  6.25115e+05  9.28117e+43  5.84205e+05  1.05549e+44  5.27805e+05  1.09001e+44  6.28816e-07
 1.56642e+00  6.25115e+05  8.93410e+43  6.25115e+05  1.12959e+44  5.84205e+05  1.16684e+44  5.27805e+05  1.11959e+44  6.28816e-07
 1.61762e+00  6.25115e+05  1.02831e+44  6.04314e+05  1.11793e+44  5.84205e+05  1.32123e+44  5.27805e+05  1.17005e+44  6.28816e-07
 1.67049e+00  6.25115e+05  1.24217e+44  6.04314e+05  1.17308e+44  5.64766e+05  1.38287e+44  5.27805e+05  1.24160e+44  6.28816e-07
 1.72508e+00  6.04314e+05  1.28753e+44  6.04314e+05  1.29777e+44  5.64766e+05  1.42773e+44  5.27805e+05  1.33454e+44  6.28816e-07
 1.78146e+00  6.04314e+05  1.33227e+44  6.04314e+05  1.49253e+44  5.64766e+05  1.51670e+44  5.27805e+05  1.44925e+44  6.28816e-07
 1.83968e+00  6.04314e+05  1.45723e+44  5.84205e+05  1.64385e+44  5.64766e+05  1.65017e+44  5.10242e+05  1.55543e+44  6.28816e-07
 1.89981e+00  6.04314e+05  1.66293e+44  5.84205e+05  1.67421e+44  5.64766e+05  1.82868e+44  5.10242e+05  1.59566e+44  6.28816e-07
 1.96190e+00  5.84205e+05  1.90192e+44  5.84205e+05  1.77620e+44  5.45973e+05  1.95288e+44  5.10242e+05  1.65875e+44  6.28816e-07
 2.02602e+00  5.84205e+05  1.91747e+44  5.84205e+05  1.95023e+44  5.45973e+05  2.00514e+44  5.10242e+05  1.74495e+44  6.28816e-07
 2.09224e+00  5.84205e+05  2.01566e+44  5.84205e+05  2.19704e+44  5.45973e+05  2.10390e+44  5.10242e+05  1.85462e+44  6.28816e-07
 2.16062e+00  5.84205e+05  2.19690e+44  5.64766e+05  2.35918e+44  5.45973e+05  2.24959e+44  5.10242e+05  1.98821e+44  6.28816e-07
 2.23123e+00  5.84205e+05  2.46193e+44  5.64766e+05  2.41978e+44  5.45973e+05  2.44280e+44  5.10242e+05  2.14628e+44  6.28816e-07
 2.30415e+00  5.64766e+05  2.72017e+44  5.64766e+05  2.55509e+44  5.45973e+05  2.68433e+44  4.93264e+05  2.28452e+44  6.28816e-07
 2.37946e+00  5.64766e+05  2.76982e+44  5.64766e+05  2.76567e+44  5.27805e+05  2.77834e+44  4.93264e+05  2.34859e+44  6.28816e-07
 2.45723e+00  5.64766e+05  2.90562e+44  5.64766e+05  3.05239e+44  5.27805e+05  2.87184e+44  4.93264e+05  2.43864e+44  6.28816e-07
 2.53753e+00  5.64766e+05  3.12816e+44  5.45973e+05  3.32987e+44  5.27805e+05  3.01543e+44  4.93264e+05  2.55503e+44  6.28816e-07
 2.62047e+00  5.64766e+05  3.43835e+44  5.45973e+05  3.40178e+44  5.27805e+05  3.20972e+44  4.93264e+05  2.69824e+44  6.28816e-07
 2.70611e+00  5.64766e+05  3.83747e+44  5.45973e+05  3.55247e+44  5.27805e+05  3.45550e+44  4.93264e+05  2.86887e+44  6.28816e-07
 2.79455e+00  5.45973e+05  3.90023e+44  5.45973e+05  3.78256e+44  5.27805e+05  3.75379e+44  4.93264e+05  3.06762e+44  6.28816e-07
 2.88589e+00  5.45973e+05  4.05268e+44  5.45973e+05  4.09299e+44  5.10242e+05  3.94161e+44  4.93264e+05  3.29531e+44  6.28816e-07
 2.98021e+00  5.45973e+05  4.29661e+44  5.45973e+05  4.48506e+44  5.10242e+05  4.06021e+44  4.76850e+05  3.51864e+44  6.28816e-07
 3.07761e+00  5.45973e+05  4.63302e+44  5.27805e+05  4.72395e+44  5.10242e+05  4.23382e+44  4.76850e+05  3.61880e+44  6.28816e-07
 3.17819e+00  5.45973e+05  5.06331e+44  5.27805e+05  4.86403e+44  5.10242e+05  4.46316e+44  4.76850e+05  3.75019e+44  6.28816e-07
 3.28206e+00  5.27805e+05  5.43075e+44  5.27805e+05  5.08894e+44  5.10242e+05  4.74919e+44  4.76850e+05  3.91334e+44  6.28816e-07
 3.38933e+00  5.27805e+05  5.56947e+44  5.27805e+05  5.39961e+44  5.10242e+05  5.09309e+44  4.76850e+05  4.10894e+44  6.28816e-07
 3.50010e+00  5.27805e+05  5.80594e+44  5.27805e+05  5.79732e+44  5.10242e+05  5.49627e+44  4.76850e+05  4.33779e+44  6.28816e-07
 3.61449e+00  5.27805e+05  6.14115e+44  5.27805e+05  6.28371e+44  4.93264e+05  5.76605e+44  4.76850e+05  4.60085e+44  6.28816e-07
 3.73262e+00  5.27805e+05  6.57647e+44  5.10242e+05  6.70092e+44  4.93264e+05  5.94144e+44  4.76850e+05  4.89919e+44  6.28816e-07
 3.85462e+00  5.27805e+05  7.11372e+44  5.10242e+05  6.88106e+44  4.93264e+05  6.17962e+44  4.76850e+05  5.23406e+44  6.28816e-07
 3.98060e+00  5.10242e+05  7.70401e+44  5.10242e+05  7.15438e+44  4.93264e+05  6.48159e+44  4.76850e+05  5.60684e+44  6.28816e-07
 4.11069e+00  5.10242e+05  7.88674e+44  5.10242e+05  7.52200e+44  4.93264e+05  6.84860e+44  4.60983e+05  6.00923e+44  6.28816e-07
 4.24504e+00  5.10242e+05  8.17681e+44  5.10242e+05  7.98545e+44  4.93264e+05  7.28216e+44  4.60983e+05  6.18605e+44  6.28816e-07
 4.38378e+00  5.10242e+05  8.57543e+44  5.10242e+05  8.54664e+44  4.93264e+05  7.78408e+44  4.60983e+05  6.40471e+44  6.28816e-07
 4.52705e+00  5.10242e+05  9.08424e+44  5.10242e+05  9.20790e+44  4.93264e+05  8.35642e+44  4.60983e+05  6.66613e+44  6.28816e-07
 4.67501e+00  5.10242e+05  9.70535e+44  4.93264e+05  9.79479e+44  4.76850e+05  8.84556e+44  4.60983e+05  6.97139e+44  6.28816e-07
 4.82780e+00  5.10242e+05  1.04413e+45  4.93264e+05  1.00673e+45  4.76850e+05  9.10708e+44  4.60983e+05  7.32175e+44  6.28816e-07
 4.98558e+00  4.93264e+05  1.12535e+45  4.93264e+05  1.04462e+45  4.76850e+05  9.44450e+44  4.60983e+05  7.71866e+44  6.28816e-07
 5.14853e+00  4.93264e+05  1.15394e+45  4.93264e+05  1.09331e+45  4.76850e+05  9.85922e+44  4.60983e+05  8.16376e+44  6.28816e-07
 5.31679e+00  4.93264e+05  1.19477e+45  4.93264e+05  1.15298e+45  4.76850e+05  1.03530e+45  4.60983e+05  8.65889e+44  6.28816e-07
 5.49056e+00  4.93264e+05  1.24802e+45  4.93264e+05  1.22390e+45  4.76850e+05  1.09278e+45  4.60983e+05  9.20611e+44  6.28816e-07
 5.67001e+00  4.93264e+05  1.31391e+45  4.93264e+05  1.30636e+45  4.76850e+05  1.15860e+45  4.60983e+05  9.80768e+44  6.28816e-07
 5.85532e+00  4.93264e+05  1.39270e+45  4.93264e+05  1.40068e+45  4.76850e+05  1.23304e+45  4.60983e+05  1.04661e+45  6.28816e-07
 6.04668e+00  4.93264e+05  1.48473e+45  4.76850e+05  1.50218e+45  4.76850e+05  1.31640e+45  4.60983e+05  1.11841e+45  6.28816e-07
 6.24430e+00  4.93264e+05  1.59037e+45  4.76850e+05  1.54338e+45  4.76850e+05  1.40903e+45  4.60983e+05  1.19646e+45  6.28816e-07
 6.44838e+00  4.93264e+05  1.71006e+45  4.76850e+05  1.59743e+45  4.60983e+05  1.50550e+45  4.60983e+05  1.28108e+45  6.28816e-07
 6.65913e+00  4.76850e+05  1.76957e+45  4.76850e+05  1.66456e+45  4.60983e+05  1.55001e+45  4.45643e+05  1.33931e+45  6.28816e-07
 6.87677e+00  4.76850e+05  1.82845e+45  4.76850e+05  1.74505e+45  4.60983e+05  1.60476e+45  4.45643e+05  1.38504e+45  6.28816e-07
 7.10152e+00  4.76850e+05  1.90237e+45  4.76850e+05  1.83923e+45  4.60983e+05  1.66997e+45  4.45643e+05  1.43813e+45  6.28816e-07
 7.33362e+00  4.76850e+05  1.99164e+45  4.76850e+05  1.94750e+45  4.60983e+05  1.74591e+45  4.45643e+05  1.49879e+45  6.28816e-07
 7.57330e+00  4.76850e+05  2.09661e+45  4.76850e+05  2.07029e+45  4.60983e+05  1.83290e+45  4.45643e+05  1.56728e+45  6.28816e-07
 7.82082e+00  4.76850e+05  2.21774e+45  4.76850e+05  2.20812e+45  4.60983e+05  1.93130e+45  4.45643e+05  1.64388e+45  6.28816e-07
 8.07642e+00  4.76850e+05  2.35551e+45  4.76850e+05  2.36156e+45  4.60983e+05  2.04151e+45  4.45643e+05  1.72891e+45  6.28816e-07
 8.34038e+00  4.76850e+05  2.51050e+45  4.76850e+05  2.53124e+45  4.60983e+05  2.16399e+45  4.45643e+05  1.82272e+45  6.28816e-07
 8.61296e+00  4.76850e+05  2.68336e+45  4.60983e+05  2.62691e+45  4.60983e+05  2.29925e+45  4.45643e+05  1.92569e+45  6.28816e-07
 8.89446e+00  4.76850e+05  2.87478e+45  4.60983e+05  2.71523e+45  4.60983e+05  2.44785e+45  4.45643e+05  2.03827e+45  6.28816e-07
 9.18515e+00  4.60983e+05  3.01213e+45  4.60983e+05  2.82126e+45  4.60983e+05  2.61039e+45  4.45643e+05  2.16090e+45  6.28816e-07
 9.48535e+00  4.60983e+05  3.10935e+45  4.60983e+05  2.94543e+45  4.60983e+05  2.78756e+45  4.45643e+05  2.29410e+45  6.28816e-07
 9.79535e+00  4.60983e+05  3.22690e+45  4.60983e+05  3.08826e+45  4.60983e+05  2.98009e+45  4.45643e+05  2.43842e+45  6.28816e-07
 1.01155e+01  4.60983e+05  3.36528e+45  4.60983e+05  3.25034e+45  4.60983e+05  3.18877e+45  4.45643e+05  2.59445e+45  6.28816e-07
 1.04461e+01  4.60983e+05  3.52505e+45  4.60983e+05  3.43234e+45  4.45643e+05  3.34454e+45  4.45643e+05  2.76285e+45  6.28816e-07
 1.07875e+01  4.60983e+05  3.70689e+45  4.60983e+05  3.63501e+45  4.45643e+05  3.45670e+45  4.45643e+05  2.94430e+45  6.28816e-07
 1.11401e+01  4.60983e+05  3.91153e+45  4.60983e+05  3.85920e+45  4.45643e+05  3.58698e+45  4.45643e+05  3.13957e+45  6.28816e-07
 1.15041e+01  4.60983e+05  4.13984e+45  4.60983e+05  4.10583e+45  4.45643e+05  3.73593e+45  4.45643e+05  3.34945e+45  6.28816e-07
 1.18801e+01  4.60983e+05  4.39274e+45  4.60983e+05  4.37592e+45  4.45643e+05  3.90417e+45  4.45643e+05  3.57482e+45  6.28816e-07
 1.22684e+01  4.60983e+05  4.67130e+45  4.60983e+05  4.67059e+45  4.45643e+05  4.09238e+45  4.45643e+05  3.81661e+45  6.28816e-07
 1.26694e+01  4.60983e+05  4.97666e+45  4.60983e+05  4.99106e+45  4.45643e+05  4.30135e+45  4.45643e+05  4.07582e+45  6.28816e-07
 1.30834e+01  4.60983e+05  5.31008e+45  4.60983e+05  5.33865e+45  4.45643e+05  4.53194e+45  4.45643e+05  4.35352e+45  6.28816e-07
 1.35110e+01  4.60983e+05  5.67295e+45  4.45643e+05  5.67033e+45  4.45643e+05  4.78511e+45  4.45643e+05  4.65087e+45  6.28816e-07
 1.39526e+01  4.60983e+05  6.06677e+45  4.45643e+05  5.85211e+45  4.45643e+05  5.06190e+45  4.45643e+05  4.96908e+45  6.28816e-07
 1.44086e+01  4.60983e+05  6.49317e+45  4.45643e+05  6.06459e+45  4.45643e+05  5.36346e+45  4.45643e+05  5.30949e+45  6.28816e-07
 1.48795e+01  4.45643e+05  6.70467e+45  4.45643e+05  6.30862e+45  4.45643e+05  5.69104e+45  4.45643e+05  5.67349e+45  6.28816e-07
 1.53658e+01  4.45643e+05  6.94155e+45  4.45643e+05  6.58524e+45  4.45643e+05  6.04600e+45  4.45643e+05  6.06260e+45  6.28816e-07
 1.58680e+01  4.45643e+05  7.21463e+45  4.45643e+05  6.89558e+45  4.45643e+05  6.42979e+45  4.45643e+05  6.47842e+45  6.28816e-07
 1.63866e+01  4.45643e+05  7.52503e+45  4.45643e+05  7.24093e+45  4.45643e+05  6.84402e+45  4.45643e+05  6.92268e+45  6.28816e-07
 1.69222e+01  4.45643e+05  7.87405e+45  4.45643e+05  7.62271e+45  4.45643e+05  7.29039e+45  4.30814e+05  7.20065e+45  6.28816e-07
 1.74753e+01  4.45643e+05  8.26313e+45  4.45643e+05  8.04251e+45  4.45643e+05  7.77075e+45  4.30814e+05  7.45125e+45  6.28816e-07
 1.80464e+01  4.45643e+05  8.69387e+45  4.45643e+05  8.50206e+45  4.45643e+05  8.28710e+45  4.30814e+05  7.73431e+45  6.28816e-07
 1.86362e+01  4.45643e+05  9.16806e+45  4.45643e+05  9.00326e+45  4.45643e+05  8.84156e+45  4.30814e+05  8.05101e+45  6.28816e-07
 1.92453e+01  4.45643e+05  9.68766e+45  4.45643e+05  9.54820e+45  4.45643e+05  9.43643e+45  4.30814e+05  8.40265e+45  6.28816e-07
 1.98743e+01  4.45643e+05  1.02548e+46  4.45643e+05  1.01391e+46  4.45643e+05  1.00742e+46  4.30814e+05  8.79069e+45  6.28816e-07
 2.05238e+01  4.45643e+05  1.08719e+46  4.45643e+05  1.07785e+46  4.45643e+05  1.07574e+46  4.30814e+05  9.21673e+45  6.28816e-07
 2.11946e+01  4.45643e+05  1.15414e+46  4.45643e+05  1.14689e+46  4.45643e+05  1.14890e+46  4.30814e+05  9.68255e+45  6.28816e-07
 2.18873e+01  4.45643e+05  1.22662e+46  4.45643e+05  1.22133e+46  4.45643e+05  1.22720e+46  4.30814e+05  1.01901e+46  6.28816e-07
 2.26026e+01  4.45643e+05  1.30492e+46  4.45643e+05  1.30146e+46  4.45643e+05  1.31096e+46  4.30814e+05  1.07414e+46  6.28816e-07
 2.33413e+01  4.45643e+05  1.38937e+46  4.45643e+05  1.38763e+46  4.45643e+05  1.40052e+46  4.30814e+05  1.13387e+46  6.28816e-07
 2.41042e+01  4.45643e+05  1.48032e+46  4.45643e+05  1.48019e+46  4.45643e+05  1.49627e+46  4.30814e+05  1.19847e+46  6.28816e-07
 2.48920e+01  4.45643e+05  1.57813e+46  4.45643e+05  1.57953e+46  4.45643e+05  1.59858e+46  4.30814e+05  1.26818e+46  6.28816e-07
 2.57055e+01  4.45643e+05  1.68323e+46  4.45643e+05  1.68604e+46  4.45643e+05  1.70790e+46  4.30814e+05  1.34331e+46  6.28816e-07
 2.65456e+01  4.45643e+05  1.79604e+46  4.45643e+05  1.80018e+46  4.30814e+05  1.79557e+46  4.30814e+05  1.42416e+46  6.28816e-07
 2.74132e+01  4.45643e+05  1.91703e+46  4.45643e+05  1.92242e+46  4.30814e+05  1.85603e+46  4.30814e+05  1.51106e+46  6.28816e-07
 2.83091e+01  4.45643e+05  2.04670e+46  4.45643e+05  2.05326e+46  4.30814e+05  1.92456e+46  4.30814e+05  1.60438e+46  6.28816e-07
 2.92343e+01  4.45643e+05  2.18559e+46  4.45643e+05  2.19325e+46  4.30814e+05  2.00143e+46  4.30814e+05  1.70450e+46  6.28816e-07
 3.01898e+01  4.45643e+05  2.33427e+46  4.45643e+05  2.34295e+46  4.30814e+05  2.08696e+46  4.30814e+05  1.81184e+46  6.28816e-07
 3.11765e+01  4.45643e+05  2.49335e+46  4.45643e+05  2.50301e+46  4.30814e+05  2.18152e+46  4.30814e+05  1.92684e+46  6.28816e-07
 3.21954e+01  4.45643e+05  2.66350e+46  4.45643e+05  2.67406e+46  4.30814e+05  2.28548e+46  4.30814e+05  2.04998e+46  6.28816e-07
 3.32476e+01  4.45643e+05  2.84543e+46  4.45643e+05  2.85683e+46  4.30814e+05  2.39929e+46  4.30814e+05  2.18176e+46  6.28816e-07
 3.43343e+01  4.45643e+05  3.03987e+46  4.30814e+05  3.04494e+46  4.30814e+05  2.52341e+46  4.30814e+05  2.32274e+46  6.28816e-07
 3.54564e+01  4.45643e+05  3.24764e+46  4.30814e+05  3.14341e+46  4.30814e+05  2.65835e+46  4.30814e+05  2.47349e+46  6.28816e-07
 3.66152e+01  4.45643e+05  3.46960e+46  4.30814e+05  3.25553e+46  4.30814e+05  2.80468e+46  4.30814e+05  2.63463e+46  6.28816e-07
 3.78119e+01  4.30814e+05  3.60142e+46  4.30814e+05  3.38177e+46  4.30814e+05  2.96299e+46  4.30814e+05  2.80685e+46  6.28816e-07
 3.90477e+01  4.30814e+05  3.72711e+46  4.30814e+05  3.52266e+46  4.30814e+05  3.13395e+46  4.30814e+05  2.99084e+46  6.28816e-07
 4.03238e+01  4.30814e+05  3.86898e+46  4.30814e+05  3.67877e+46  4.30814e+05  3.31826e+46  4.30814e+05  3.18737e+46  6.28816e-07
 4.16417e+01  4.30814e+05  4.02761e+46  4.30814e+05  3.85075e+46  4.30814e+05  3.51669e+46  4.30814e+05  3.39726e+46  6.28816e-07
 4.30027e+01  4.30814e+05  4.20365e+46  4.30814e+05  4.03931e+46  4.30814e+05  3.73005e+46  4.30814e+05  3.62137e+46  6.28816e-07
 4.44081e+01  4.30814e+05  4.39783e+46  4.30814e+05  4.24524e+46  4.30814e+05  3.95923e+46  4.30814e+05  3.86062e+46  6.28816e-07
 4.58595e+01  4.30814e+05  4.61096e+46  4.30814e+05  4.46939e+46  4.30814e+05  4.20518e+46  4.30814e+05  4.11602e+46  6.28816e-07
 4.73583e+01  4.30814e+05  4.84393e+46  4.30814e+05  4.71268e+46  4.30814e+05  4.46891e+46  4.30814e+05  4.38861e+46  6.28816e-07
 4.89061e+01  4.30814e+05  5.09768e+46  4.30814e+05  4.97611e+46  4.30814e+05  4.75152e+46  4.30814e+05  4.67953e+46  6.28816e-07
 5.05045e+01  4.30814e+05  5.37328e+46  4.30814e+05  5.26079e+46  4.30814e+05  5.05418e+46  4.30814e+05  4.98998e+46  6.28816e-07
 5.21551e+01  4.30814e+05  5.67186e+46  4.30814e+05  5.56789e+46  4.30814e+05  5.37813e+46  4.30814e+05  5.32124e+46  6.28816e-07
 5.38597e+01  4.30814e+05  5.99467e+46  4.30814e+05  5.89867e+46  4.30814e+05  5.72472e+46  4.30814e+05  5.67468e+46  6.28816e-07
 5.56199e+01  4.30814e+05  6.34302e+46  4.30814e+05  6.25452e+46  4.30814e+05  6.09539e+46  4.30814e+05  6.05177e+46  6.28816e-07
 5.74378e+01  4.30814e+05  6.71838e+46  4.30814e+05  6.63689e+46  4.30814e+05  6.49167e+46  4.30814e+05  6.45407e+46  6.28816e-07
 5.93150e+01  4.30814e+05  7.12229e+46  4.30814e+05  7.04738e+46  4.30814e+05  6.91519e+46  4.30814e+05  6.88324e+46  6.28816e-07
 6.12535e+01  4.30814e+05  7.55642e+46  4.30814e+05  7.48769e+46  4.30814e+05  7.36771e+46  4.30814e+05  7.34106e+46  6.28816e-07
 6.32555e+01  4.30814e+05  8.02256e+46  4.30814e+05  7.95962e+46  4.30814e+05  7.85111e+46  4.30814e+05  7.82942e+46  6.28816e-07
 6.53228e+01  4.30814e+05  8.52266e+46  4.30814e+05  8.46514e+46  4.30814e+05  8.36738e+46  4.30814e+05  8.35035e+46  6.28816e-07
 6.74577e+01  4.30814e+05  9.05877e+46  4.30814e+05  9.00635e+46  4.30814e+05  8.91866e+46  4.30814e+05  8.90600e+46  6.28816e-07
 6.96624e+01  4.30814e+05  9.63312e+46  4.30814e+05  9.58547e+46  4.30814e+05  9.50723e+46  4.30814e+05  9.49866e+46  6.28816e-07
 7.19392e+01  4.30814e+05  1.02481e+47  4.30814e+05  1.02049e+47  4.30814e+05  1.01355e+47  4.30814e+05  1.01308e+47  6.28816e-07
 7.42903e+01  4.30814e+05  1.09062e+47  4.30814e+05  1.08672e+47  4.30814e+05  1.08062e+47  4.30814e+05  1.08050e+47  6.28816e-07
 7.67183e+01  4.30814e+05  1.16102e+47  4.30814e+05  1.15752e+47  4.30814e+05  1.15219e+47  4.30814e+05  1.15241e+47  6.28816e-07
 7.92257e+01  4.30814e+05  1.23630e+47  4.30814e+05  1.23317e+47  4.30814e+05  1.22857e+47  4.30814e+05  1.22911e+47  6.28816e-07
 8.18150e+01  4.30814e+05  1.31677e+47  4.30814e+05  1.31398e+47  4.30814e+05  1.31007e+47  4.30814e+05  1.31091e+47  6.28816e-07
 8.44889e+01  4.30814e+05  1.40277e+47  4.30814e+05  1.40030e+47  4.30814e+05  1.39703e+47  4.30814e+05  1.39815e+47  6.28816e-07
 8.72502e+01  4.30814e+05  1.49464e+47  4.30814e+05  1.49248e+47  4.30814e+05  1.48981e+47  4.30814e+05  1.49119e+47  6.28816e-07
 9.01018e+01  4.30814e+05  1.59278e+47  4.30814e+05  1.59090e+47  4.30814e+05  1.58880e+47  4.30814e+05  1.59042e+47  6.28816e-07
 9.30466e+01  4.30814e+05  1.69758e+47  4.30814e+05  1.69597e+47  4.30814e+05  1.69440e+47  4.30814e+05  1.69625e+47  6.28816e-07
 9.60876e+01  4.30814e+05  1.80948e+47  4.30814e+05  1.80812e+47  4.30814e+05  1.80705e+47  4.30814e+05  1.80911e+47  6.28816e-07
 9.92280e+01  4.30814e+05  1.92895e+47  4.30814e+05  1.92782e+47  4.30814e+05  1.92721e+47  4.30814e+05  1.92948e+47  6.28816e-07
 1.02471e+02  4.30814e+05  2.05647e+47  4.30814e+05  2.05557e+47  4.30814e+05  2.05539e+47  4.30814e+05  2.05785e+47  6.28816e-07
 1.05820e+02  4.30814e+05  2.19258e+47  4.30814e+05  2.19188e+47  4.30814e+05  2.19212e+47  4.30814e+05  2.19475e+47  6.28816e-07
 1.09278e+02  4.30814e+05  2.33783e+47  4.30814e+05  2.33733e+47  4.30814e+05  2.33795e+47  4.30814e+05  2.34075e+47  6.28816e-07
 1.12850e+02  4.30814e+05  2.49284e+47  4.30814e+05  2.49252e+47  4.30814e+05  2.49350e+47  4.16479e+05  2.49497e+47  6.28816e-07
 1.16538e+02  4.30814e+05  2.65824e+47  4.30814e+05  2.65809e+47  4.30814e+05  2.65940e+47  4.16479e+05  2.57199e+47  6.28816e-07
 1.20347e+02  4.30814e+05  2.83471e+47  4.30814e+05  2.83472e+47  4.30814e+05  2.83635e+47  4.16479e+05  2.65966e+47  6.28816e-07
 1.24280e+02  4.30814e+05  3.02299e+47  4.30814e+05  3.02315e+47  4.30814e+05  3.02508e+47  4.16479e+05  2.75836e+47  6.28816e-07
 1.28342e+02  4.30814e+05  3.22385e+47  4.30814e+05  3.22415e+47  4.30814e+05  3.22636e+47  4.16479e+05  2.86849e+47  6.28816e-07
 1.32537e+02  4.30814e+05  3.43813e+47  4.30814e+05  3.43857e+47  4.30814e+05  3.44104e+47  4.16479e+05  2.99051e+47  6.28816e-07
 1.36868e+02  4.30814e+05  3.66672e+47  4.30814e+05  3.66727e+47  4.30814e+05  3.66999e+47  4.16479e+05  3.12492e+47  6.28816e-07
 1.41341e+02  4.30814e+05  3.91055e+47  4.30814e+05  3.91122e+47  4.30814e+05  3.91417e+47  4.16479e+05  3.27228e+47  6.28816e-07
 1.45961e+02  4.30814e+05  4.17064e+47  4.30814e+05  4.17142e+47  4.30814e+05  4.17458e+47  4.16479e+05  3.43320e+47  6.28816e-07
 1.50731e+02  4.30814e+05  4.44807e+47  4.30814e+05  4.44895e+47  4.30814e+05  4.45231e+47  4.16479e+05  3.60834e+47  6.28816e-07
 1.55658e+02  4.30814e+05  4.74398e+47  4.30814e+05  4.74496e+47  4.30814e+05  4.74851e+47  4.16479e+05  3.79843e+47  6.28816e-07
 1.60745e+02  4.30814e+05  5.05959e+47  4.30814e+05  5.06066e+47  4.30814e+05  5.06439e+47  4.16479e+05  4.00426e+47  6.28816e-07
 1.65998e+02  4.30814e+05  5.39622e+47  4.30814e+05  5.39738e+47  4.30814e+05  5.40127e+47  4.16479e+05  4.22668e+47  6.28816e-07
 1.71424e+02  4.30814e+05  5.75526e+47  4.30814e+05  5.75649e+47  4.30814e+05  5.76054e+47  4.16479e+05  4.46660e+47  6.28816e-07
 1.77026e+02  4.30814e+05  6.13819e+47  4.30814e+05  6.13950e+47  4.30814e+05  6.14369e+47  4.16479e+05  4.72502e+47  6.28816e-07
 1.82812e+02  4.30814e+05  6.54660e+47  4.30814e+05  6.54797e+47  4.16479e+05  6.41451e+47  4.16479e+05  5.00302e+47  6.28816e-07
 1.88787e+02  4.30814e+05  6.98217e+47  4.30814e+05  6.98361e+47  4.16479e+05  6.62497e+47  4.16479e+05  5.30173e+47  6.28816e-07
 1.94957e+02  4.30814e+05  7.44672e+47  4.30814e+05  7.44822e+47  4.16479e+05  6.86288e+47  4.16479e+05  5.62241e+47  6.28816e-07
 2.01328e+02  4.30814e+05  7.94216e+47  4.30814e+05  7.94371e+47  4.16479e+05  7.12923e+47  4.16479e+05  5.96636e+47  6.28816e-07
 2.07908e+02  4.30814e+05  8.47054e+47  4.30814e+05  8.47215e+47  4.16479e+05  7.42513e+47  4.16479e+05  6.33503e+47  6.28816e-07
 2.14703e+02  4.30814e+05  9.03405e+47  4.30814e+05  9.03571e+47  4.16479e+05  7.75179e+47  4.16479e+05  6.72993e+47  6.28816e-07
 2.21720e+02  4.30814e+05  9.63502e+47  4.30814e+05  9.63673e+47  4.16479e+05  8.11057e+47  4.16479e+05  7.15270e+47  6.28816e-07
 2.28967e+02  4.30814e+05  1.02759e+48  4.30814e+05  1.02777e+48  4.16479e+05  8.50295e+47  4.16479e+05  7.60508e+47  6.28816e-07
 2.36450e+02  4.30814e+05  1.09595e+48  4.16479e+05  1.08827e+48  4.16479e+05  8.93056e+47  4.16479e+05  8.08895e+47  6.28816e-07
 2.44178e+02  4.30814e+05  1.16884e+48  4.16479e+05  1.12253e+48  4.16479e+05  9.39517e+47  4.16479e+05  8.60632e+47  6.28816e-07
 2.52158e+02  4.30814e+05  1.24658e+48  4.16479e+05  1.16144e+48  4.16479e+05  9.89869e+47  4.16479e+05  9.15932e+47  6.28816e-07
 2.60399e+02  4.16479e+05  1.28636e+48  4.16479e+05  1.20517e+48  4.16479e+05  1.04432e+48  4.16479e+05  9.75024e+47  6.28816e-07
 2.68910e+02  4.16479e+05  1.33001e+48  4.16479e+05  1.25389e+48  4.16479e+05  1.10310e+48  4.16479e+05  1.03815e+48  6.28816e-07
 2.77699e+02  4.16479e+05  1.37916e+48  4.16479e+05  1.30780e+48  4.16479e+05  1.16645e+48  4.16479e+05  1.10558e+48  6.28816e-07
 2.86774e+02  4.16479e+05  1.43404e+48  4.16479e+05  1.36713e+48  4.16479e+05  1.23463e+48  4.16479e+05  1.17758e+48  6.28816e-07
 2.96147e+02  4.16479e+05  1.49485e+48  4.16479e+05  1.43213e+48  4.16479e+05  1.30792e+48  4.16479e+05  1.25446e+48  6.28816e-07
 3.05826e+02  4.16479e+05  1.56186e+48  4.16479e+05  1.50306e+48  4.16479e+05  1.38663e+48  4.16479e+05  1.33653e+48  6.28816e-07
 3.15821e+02  4.16479e+05  1.63534e+48  4.16479e+05  1.58022e+48  4.16479e+05  1.47108e+48  4.16479e+05  1.42414e+48  6.28816e-07
 3.26143e+02  4.16479e+05  1.71560e+48  4.16479e+05  1.66393e+48  4.16479e+05  1.56162e+48  4.16479e+05  1.51764e+48  6.28816e-07
 3.36802e+02  4.16479e+05  1.80296e+48  4.16479e+05  1.75452e+48  4.16479e+05  1.65863e+48  4.16479e+05  1.61742e+48  6.28816e-07
 3.47810e+02  4.16479e+05  1.89779e+48  4.16479e+05  1.85239e+48  4.16479e+05  1.76251e+48  4.16479e+05  1.72390e+48  6.28816e-07
 3.59177e+02  4.16479e+05  2.00048e+48  4.16479e+05  1.95792e+48  4.16479e+05  1.87368e+48  4.16479e+05  1.83751e+48  6.28816e-07
 3.70916e+02  4.16479e+05  2.11146e+48  4.16479e+05  2.07157e+48  4.16479e+05  1.99262e+48  4.16479e+05  1.95873e+48  6.28816e-07
 3.83038e+02  4.16479e+05  2.23119e+48  4.16479e+05  2.19379e+48  4.16479e+05  2.11980e+48  4.16479e+05  2.08806e+48  6.28816e-07
 3.95557e+02  4.16479e+05  2.36015e+48  4.16479e+05  2.32510e+48  4.16479e+05  2.25576e+48  4.16479e+05  2.22603e+48  6.28816e-07
 4.08485e+02  4.16479e+05  2.49889e+48  4.16479e+05  2.46604e+48  4.16479e+05  2.40106e+48  4.16479e+05  2.37321e+48  6.28816e-07
 4.21835e+02  4.16479e+05  2.64799e+48  4.16479e+05  2.61720e+48  4.16479e+05  2.55630e+48  4.16479e+05  2.53022e+48  6.28816e-07
 4.35622e+02  4.16479e+05  2.80804e+48  4.16479e+05  2.77919e+48  4.16479e+05  2.72212e+48  4.16479e+05  2.69770e+48  6.28816e-07
 4.49859e+02  4.16479e+05  2.97973e+48  4.16479e+05  2.95268e+48  4.16479e+05  2.89921e+48  4.16479e+05  2.87635e+48  6.28816e-07
 4.64562e+02  4.16479e+05  3.16375e+48  4.16479e+05  3.13841e+48  4.16479e+05  3.08831e+48  4.16479e+05  3.06690e+48  6.28816e-07
 4.79745e+02  4.16479e+05  3.36087e+48  4.16479e+05  3.33712e+48  4.16479e+05  3.29019e+48  4.16479e+05  3.27015e+48  6.28816e-07
 4.95424e+02  4.16479e+05  3.57191e+48  4.16479e+05  3.54966e+48  4.16479e+05  3.50569e+48  4.16479e+05  3.48693e+48  6.28816e-07
 5.11616e+02  4.16479e+05  3.79774e+48  4.16479e+05  3.77689e+48  4.16479e+05  3.73570e+48  4.16479e+05  3.71814e+48  6.28816e-07
 5.28337e+02  4.16479e+05  4.03930e+48  4.16479e+05  4.01976e+48  4.16479e+05  3.98117e+48  4.16479e+05  3.96474e+48  6.28816e-07
 5.45604e+02  4.16479e+05  4.29758e+48  4.16479e+05  4.27927e+48  4.16479e+05  4.24313e+48  4.16479e+05  4.22775e+48  6.28816e-07
 5.63436e+02  4.16479e+05  4.57365e+48  4.16479e+05  4.55650e+48  4.16479e+05  4.52264e+48  4.16479e+05  4.50826e+48  6.28816e-07
 5.81850e+02  4.16479e+05  4.86866e+48  4.16479e+05  4.85259e+48  4.16479e+05  4.82088e+48  4.16479e+05  4.80743e+48  6.28816e-07
 6.00867e+02  4.16479e+05  5.18382e+48  4.16479e+05  5.16877e+48  4.16479e+05  5.13908e+48  4.16479e+05  5.12649e+48  6.28816e-07
 6.20505e+02  4.16479e+05  5.52044e+48  4.16479e+05  5.50634e+48  4.16479e+05  5.47854e+48  4.16479e+05  5.46677e+48  6.28816e-07
 6.40784e+02  4.16479e+05  5.87992e+48  4.16479e+05  5.86671e+48  4.16479e+05  5.84068e+48  4.16479e+05  5.82968e+48  6.28816e-07
 6.61727e+02  4.16479e+05  6.26374e+48  4.16479e+05  6.25137e+48  4.16479e+05  6.22700e+48  4.16479e+05  6.21672e+48  6.28816e-07
 6.83354e+02  4.16479e+05  6.67348e+48  4.16479e+05  6.66190e+48  4.16479e+05  6.63909e+48  4.16479e+05  6.62948e+48  6.28816e-07
 7.05688e+02  4.16479e+05  7.11086e+48  4.16479e+05  7.10001e+48  4.16479e+05  7.07866e+48  4.16479e+05  7.06968e+48  6.28816e-07
 7.28751e+02  4.16479e+05  7.57767e+48  4.16479e+05  7.56751e+48  4.16479e+05  7.54753e+48  4.16479e+05  7.53915e+48  6.28816e-07
 7.52569e+02  4.16479e+05  8.07584e+48  4.16479e+05  8.06633e+48  4.16479e+05  8.04764e+48  4.16479e+05  8.03981e+48  6.28816e-07
 7.77165e+02  4.16479e+05  8.60745e+48  4.16479e+05  8.59855e+48  4.16479e+05  8.58106e+48  4.16479e+05  8.57375e+48  6.28816e-07
 8.02565e+02  4.16479e+05  9.17468e+48  4.16479e+05  9.16635e+48  4.16479e+05  9.14999e+48  4.16479e+05  9.14317e+48  6.28816e-07
 8.28794e+02  4.16479e+05  9.77989e+48  4.16479e+05  9.77209e+48  4.16479e+05  9.75679e+48  4.16479e+05  9.75043e+48  6.28816e-07
 8.55882e+02  4.16479e+05  1.04256e+49  4.16479e+05  1.04183e+49  4.16479e+05  1.04040e+49  4.16479e+05  1.03980e+49  6.28816e-07
 8.83854e+02  4.16479e+05  1.11144e+49  4.16479e+05  1.11076e+49  4.16479e+05  1.10942e+49  4.16479e+05  1.10887e+49  6.28816e-07
 9.12741e+02  4.16479e+05  1.18493e+49  4.16479e+05  1.18429e+49  4.16479e+05  1.18304e+49  4.16479e+05  1.18252e+49  6.28816e-07
 9.42571e+02  4.16479e+05  1.26332e+49  4.16479e+05  1.26272e+49  4.16479e+05  1.26155e+49  4.16479e+05  1.26107e+49  6.28816e-07
 9.73377e+02  4.16479e+05  1.34694e+49  4.16479e+05  1.34638e+49  4.16479e+05  1.34529e+49  4.16479e+05  1.34484e+49  6.28816e-07
 1.00519e+03  4.16479e+05  1.43613e+49  4.16479e+05  1.43561e+49  4.16479e+05  1.43459e+49  4.16479e+05  1.43417e+49  6.28816e-07
 1.03804e+03  4.16479e+05  1.53127e+49  4.16479e+05  1.53078e+49  4.16479e+05  1.52983e+49  4.16479e+05  1.52944e+49  6.28816e-07
 1.07197e+03  4.16479e+05  1.63274e+49  4.16479e+05  1.63229e+49  4.16479e+05  1.63140e+49  4.16479e+05  1.63104e+49  6.28816e-07
 1.10700e+03  4.16479e+05  1.74097e+49  4.16479e+05  1.74055e+49  4.16479e+05  1.73972e+49  4.16479e+05  1.73939e+49  6.28816e-07
 1.14318e+03  4.16479e+05  1.85641e+49  4.16479e+05  1.85601e+49  4.16479e+05  1.85524e+49  4.16479e+05  1.85493e+49  6.28816e-07
 1.18054e+03  4.16479e+05  1.97954e+49  4.16479e+05  1.97916e+49  4.16479e+05  1.97844e+49  4.02620e+05  1.92354e+49  6.28816e-07
 1.21913e+03  4.16479e+05  2.11085e+49  4.16479e+05  2.11050e+49  4.16479e+05  2.10983e+49  4.02620e+05  1.98615e+49  6.28816e-07
 1.25897e+03  4.16479e+05  2.25090e+49  4.16479e+05  2.25058e+49  4.16479e+05  2.24995e+49  4.02620e+05  2.05698e+49  6.28816e-07
 1.30012e+03  4.16479e+05  2.40027e+49  4.16479e+05  2.39997e+49  4.16479e+05  2.39938e+49  4.02620e+05  2.13633e+49  6.28816e-07
 1.34261e+03  4.16479e+05  2.55957e+49  4.16479e+05  2.55929e+49  4.16479e+05  2.55875e+49  4.02620e+05  2.22451e+49  6.28816e-07
 1.38649e+03  4.16479e+05  2.72947e+49  4.16479e+05  2.72920e+49  4.16479e+05  2.72870e+49  4.02620e+05  2.32190e+49  6.28816e-07
 1.43180e+03  4.16479e+05  2.91066e+49  4.16479e+05  2.91041e+49  4.16479e+05  2.90994e+49  4.02620e+05  2.42891e+49  6.28816e-07
 1.47860e+03  4.16479e+05  3.10390e+49  4.16479e+05  3.10367e+49  4.16479e+05  3.10323e+49  4.02620e+05  2.54596e+49  6.28816e-07
 1.52692e+03  4.16479e+05  3.30998e+49  4.16479e+05  3.30977e+49  4.16479e+05  3.30936e+49  4.02620e+05  2.67355e+49  6.28816e-07
 1.57683e+03  4.16479e+05  3.52976e+49  4.16479e+05  3.52957e+49  4.16479e+05  3.52919e+49  4.02620e+05  2.81221e+49  6.28816e-07
 1.62836e+03  4.16479e+05  3.76416e+49  4.16479e+05  3.76397e+49  4.16479e+05  3.76362e+49  4.02620e+05  2.96250e+49  6.28816e-07
 1.68158e+03  4.16479e+05  4.01413e+49  4.16479e+05  4.01396e+49  4.16479e+05  4.01363e+49  4.02620e+05  3.12505e+49  6.28816e-07
 1.73654e+03  4.16479e+05  4.28071e+49  4.16479e+05  4.28055e+49  4.16479e+05  4.28025e+49  4.02620e+05  3.30054e+49  6.28816e-07
 1.79329e+03  4.16479e+05  4.56501e+49  4.16479e+05  4.56486e+49  4.16479e+05  4.56459e+49  4.02620e+05  3.48968e+49  6.28816e-07
 1.85190e+03  4.16479e+05  4.86820e+49  4.16479e+05  4.86806e+49  4.02620e+05  4.80130e+49  4.02620e+05  3.69327e+49  6.28816e-07
 1.91243e+03  4.16479e+05  5.19154e+49  4.16479e+05  5.19141e+49  4.02620e+05  4.95114e+49  4.02620e+05  3.91215e+49  6.28816e-07
 1.97493e+03  4.16479e+05  5.53637e+49  4.16479e+05  5.53625e+49  4.02620e+05  5.12148e+49  4.02620e+05  4.14721e+49  6.28816e-07
 2.03948e+03  4.16479e+05  5.90411e+49  4.16479e+05  5.90400e+49  4.02620e+05  5.31301e+49  4.02620e+05  4.39943e+49  6.28816e-07
 2.10613e+03  4.16479e+05  6.29628e+49  4.16479e+05  6.29618e+49  4.02620e+05  5.52653e+49  4.02620e+05  4.66987e+49  6.28816e-07
 2.17497e+03  4.16479e+05  6.71451e+49  4.16479e+05  6.71442e+49  4.02620e+05  5.76292e+49  4.02620e+05  4.95963e+49  6.28816e-07
 2.24605e+03  4.16479e+05  7.16053e+49  4.16479e+05  7.16044e+49  4.02620e+05  6.02316e+49  4.02620e+05  5.26991e+49  6.28816e-07
 2.31946e+03  4.16479e+05  7.63618e+49  4.16479e+05  7.63610e+49  4.02620e+05  6.30833e+49  4.02620e+05  5.60201e+49  6.28816e-07
 2.39526e+03  4.16479e+05  8.14344e+49  4.16479e+05  8.14337e+49  4.02620e+05  6.61960e+49  4.02620e+05  5.95728e+49  6.28816e-07
 2.47355e+03  4.16479e+05  8.68440e+49  4.02620e+05  8.39477e+49  4.02620e+05  6.95827e+49  4.02620e+05  6.33722e+49  6.28816e-07
 2.55439e+03  4.16479e+05  9.26130e+49  4.02620e+05  8.67275e+49  4.02620e+05  7.32574e+49  4.02620e+05  6.74338e+49  6.28816e-07
 2.63787e+03  4.02620e+05  9.62351e+49  4.02620e+05  8.98662e+49  4.02620e+05  7.72352e+49  4.02620e+05  7.17744e+49  6.28816e-07
 2.72409e+03  4.02620e+05  9.93489e+49  4.02620e+05  9.33768e+49  4.02620e+05  8.15327e+49  4.02620e+05  7.64121e+49  6.28816e-07
 2.81312e+03  4.02620e+05  1.02874e+50  4.02620e+05  9.72738e+49  4.02620e+05  8.61676e+49  4.02620e+05  8.13660e+49  6.28816e-07
 2.90506e+03  4.02620e+05  1.06825e+50  4.02620e+05  1.01573e+50  4.02620e+05  9.11591e+49  4.02620e+05  8.66567e+49  6.28816e-07
 3.00000e+03  4.02620e+05  1.11217e+50  4.02620e+05  1.06293e+50  4.02620e+05  9.65279e+49  4.02620e+05  9.23060e+49  6.28816e-07
