radius_rg T_0deg chi2_0deg T_15deg chi2_15deg T_30deg chi2_30deg T_45deg chi2_45deg nuLnusavg_last
 2.00000e-01  1.07428e+06  1.59974e+44  1.03853e+06  1.25409e+44  9.38269e+05  5.12665e+43  8.19480e+05  1.00669e+43  2.51677e-04
 2.06537e-01  1.03853e+06  1.51291e+44  1.00397e+06  1.19199e+44  9.07048e+05  4.75525e+43  7.92211e+05  8.58117e+42  2.51677e-04
 2.13287e-01  1.03853e+06  1.45627e+44  1.00397e+06  1.13826e+44  9.07048e+05  4.52060e+43  7.92211e+05  7.80648e+42  2.51677e-04
 2.20257e-01  1.00397e+06  1.39620e+44  9.70565e+05  1.10330e+44  8.76865e+05  4.38648e+43  7.92211e+05  7.80182e+42  2.51677e-04
 2.27456e-01  1.00397e+06  1.32585e+44  9.70565e+05  1.03593e+44  8.76865e+05  4.03623e+43  7.65850e+05  6.64251e+42  2.51677e-04
 2.34890e-01  1.00397e+06  1.29055e+44  9.70565e+05  9.98457e+43  8.76865e+05  3.85532e+43  7.65850e+05  5.82453e+42  2.51677e-04
 2.42567e-01  9.70565e+05  1.21145e+44  9.38269e+05  9.50105e+43  8.47687e+05  3.69974e+43  7.65850e+05  5.76837e+42  2.51677e-04
 2.50494e-01  9.70565e+05  1.16004e+44  9.38269e+05  8.96947e+43  8.47687e+05  3.39123e+43  7.40366e+05  5.10155e+42  2.51677e-04
 2.58681e-01  9.38269e+05  1.11657e+44  9.38269e+05  8.73111e+43  8.47687e+05  3.24938e+43  7.40366e+05  4.17003e+42  2.51677e-04
 2.67136e-01  9.38269e+05  1.04715e+44  9.07048e+05  8.13712e+43  8.19480e+05  3.09444e+43  7.40366e+05  3.99348e+42  2.51677e-04
 2.75866e-01  9.38269e+05  1.01164e+44  9.07048e+05  7.72171e+43  8.19480e+05  2.81294e+43  7.15730e+05  4.01166e+42  2.51677e-04
 2.84882e-01  9.07048e+05  9.55811e+43  8.76865e+05  7.52658e+43  8.19480e+05  2.69571e+43  7.15730e+05  2.89410e+42  2.51677e-04
 2.94193e-01  9.07048e+05  8.99957e+43  8.76865e+05  6.91738e+43  7.92211e+05  2.56672e+43  7.15730e+05  2.52624e+42  2.51677e-04
 3.03808e-01  9.07048e+05  8.77401e+43  8.76865e+05  6.59292e+43  7.92211e+05  2.29762e+43  7.15730e+05  2.90655e+42  2.51677e-04
 3.13737e-01  8.76865e+05  8.12401e+43  8.47687e+05  6.36206e+43  7.92211e+05  2.19066e+43  6.91914e+05  2.07463e+42  2.51677e-04
 3.23991e-01  8.76865e+05  7.67184e+43  8.47687e+05  5.82366e+43  7.65850e+05  2.11660e+43  6.91914e+05  1.44149e+42  2.51677e-04
 3.34580e-01  8.47687e+05  7.54074e+43  8.47687e+05  5.56547e+43  7.65850e+05  1.84528e+43  6.91914e+05  1.55202e+42  2.51677e-04
 3.45515e-01  8.47687e+05  6.84225e+43  8.19480e+05  5.33592e+43  7.65850e+05  1.73424e+43  6.68890e+05  1.82141e+42  2.51677e-04
 3.56807e-01  8.47687e+05  6.46781e+43  8.19480e+05  4.84355e+43  7.40366e+05  1.74825e+43  6.68890e+05  8.44600e+41  2.51677e-04
 3.68468e-01  8.19480e+05  6.34259e+43  8.19480e+05  4.62733e+43  7.40366e+05  1.45998e+43  6.68890e+05  6.09000e+41  2.51677e-04
 3.80511e-01  8.19480e+05  5.69839e+43  7.92211e+05  4.44151e+43  7.40366e+05  1.33038e+43  6.68890e+05  1.11364e+42  2.51677e-04
 3.92947e-01  8.19480e+05  5.37349e+43  7.92211e+05  3.97060e+43  7.40366e+05  1.35892e+43  6.46632e+05  8.78190e+41  2.51677e-04
 4.05790e-01  7.92211e+05  5.30333e+43  7.92211e+05  3.77224e+43  7.15730e+05  1.15022e+43  6.46632e+05  2.14515e+41  2.51677e-04
 4.19052e-01  7.92211e+05  4.68492e+43  7.65850e+05  3.67865e+43  7.15730e+05  9.87327e+42  6.46632e+05  2.89443e+41  2.51677e-04
 4.32748e-01  7.92211e+05  4.38162e+43  7.65850e+05  3.20467e+43  7.15730e+05  9.81151e+42  6.46632e+05  1.10328e+42  2.51677e-04
 4.46891e-01  7.92211e+05  4.39218e+43  7.65850e+05  3.00005e+43  6.91914e+05  9.29595e+42  6.25115e+05  5.49753e+41  2.51677e-04
 4.61496e-01  7.65850e+05  3.80166e+43  7.40366e+05  3.05420e+43  6.91914e+05  7.18211e+42  6.25115e+05  1.08242e+41  2.51677e-04
 4.76579e-01  7.65850e+05  3.49201e+43  7.40366e+05  2.55236e+43  6.91914e+05  6.62433e+42  6.25115e+05  4.04893e+41  2.51677e-04
 4.92155e-01  7.65850e+05  3.49253e+43  7.40366e+05  2.31718e+43  6.91914e+05  7.62030e+42  6.25115e+05  1.44093e+42  2.51677e-04
 5.08240e-01  7.40366e+05  3.05632e+43  7.40366e+05  2.34770e+43  6.68890e+05  5.41782e+42  6.04314e+05  7.97551e+41  2.51677e-04
 5.24851e-01  7.40366e+05  2.71213e+43  7.15730e+05  2.02778e+43  6.68890e+05  4.20922e+42  6.04314e+05  4.83997e+41  2.51677e-04
 5.42004e-01  7.40366e+05  2.67489e+43  7.15730e+05  1.73730e+43  6.68890e+05  4.54436e+42  6.04314e+05  9.10160e+41  2.51677e-04
 5.59718e-01  7.15730e+05  2.46531e+43  7.15730e+05  1.71011e+43  6.46632e+05  4.83418e+42  6.04314e+05  2.07781e+42  2.51677e-04
 5.78011e-01  7.15730e+05  2.05787e+43  6.91914e+05  1.65348e+43  6.46632e+05  2.81128e+42  5.84205e+05  1.62487e+42  2.51677e-04
 5.96902e-01  7.15730e+05  1.95467e+43  6.91914e+05  1.28220e+43  6.46632e+05  2.32635e+42  5.84205e+05  1.33991e+42  2.51677e-04
 6.16411e-01  6.91914e+05  2.05487e+43  6.91914e+05  1.17234e+43  6.46632e+05  3.37738e+42  5.84205e+05  1.79822e+42  2.51677e-04
 6.36557e-01  6.91914e+05  1.55460e+43  6.91914e+05  1.32343e+43  6.25115e+05  2.75217e+42  5.84205e+05  3.00168e+42  2.51677e-04
 6.57361e-01  6.91914e+05  1.35649e+43  6.68890e+05  9.83074e+42  6.25115e+05  1.27696e+42  5.64766e+05  3.08543e+42  2.51677e-04
 6.78845e-01  6.91914e+05  1.45972e+43  6.68890e+05  7.64580e+42  6.25115e+05  1.33336e+42  5.64766e+05  2.72231e+42  2.51677e-04
 7.01032e-01  6.68890e+05  1.23862e+43  6.68890e+05  8.05356e+42  6.25115e+05  2.92162e+42  5.64766e+05  3.10818e+42  2.51677e-04
 7.23943e-01  6.68890e+05  9.15457e+42  6.46632e+05  8.82142e+42  6.04314e+05  1.79662e+42  5.64766e+05  4.24462e+42  2.51677e-04
 7.47603e-01  6.68890e+05  8.91810e+42  6.46632e+05  5.27631e+42  6.04314e+05  6.79198e+41  5.45973e+05  5.29601e+42  2.51677e-04
 7.72037e-01  6.46632e+05  1.15910e+43  6.46632e+05  4.31409e+42  6.04314e+05  1.09092e+42  5.45973e+05  4.73773e+42  2.51677e-04
 7.97269e-01  6.46632e+05  6.79051e+42  6.46632e+05  5.93078e+42  6.04314e+05  3.03349e+42  5.45973e+05  4.93677e+42  2.51677e-04
 8.23326e-01  6.46632e+05  4.97539e+42  6.25115e+05  5.15007e+42  5.84205e+05  1.90859e+42  5.45973e+05  5.89395e+42  2.51677e-04
 8.50234e-01  6.46632e+05  6.13812e+42  6.25115e+05  2.53292e+42  5.84205e+05  9.52823e+41  5.45973e+05  7.61324e+42  2.51677e-04
 8.78022e-01  6.25115e+05  7.09603e+42  6.25115e+05  2.48730e+42  5.84205e+05  1.52733e+42  5.27805e+05  7.57038e+42  2.51677e-04
 9.06718e-01  6.25115e+05  3.37081e+42  6.25115e+05  5.01303e+42  5.84205e+05  3.63448e+42  5.27805e+05  7.45493e+42  2.51677e-04
 9.36352e-01  6.25115e+05  2.61679e+42  6.04314e+05  3.37618e+42  5.64766e+05  3.11348e+42  5.27805e+05  8.10805e+42  2.51677e-04
 9.66955e-01  6.25115e+05  4.83086e+42  6.04314e+05  1.36850e+42  5.64766e+05  2.11353e+42  5.27805e+05  9.53244e+42  2.51677e-04
 9.98557e-01  6.04314e+05  4.88024e+42  6.04314e+05  1.92754e+42  5.64766e+05  2.64866e+42  5.10242e+05  1.15106e+43  2.51677e-04
 1.03119e+00  6.04314e+05  1.86052e+42  6.04314e+05  5.05562e+42  5.64766e+05  4.72108e+42  5.10242e+05  1.09347e+43  2.51677e-04
 1.06489e+00  6.04314e+05  1.80576e+42  5.84205e+05  3.39519e+42  5.45973e+05  5.53655e+42  5.10242e+05  1.11416e+43  2.51677e-04
 1.09970e+00  6.04314e+05  4.71573e+42  5.84205e+05  1.66842e+42  5.45973e+05  4.27292e+42  5.10242e+05  1.21324e+43  2.51677e-04
 1.13564e+00  5.84205e+05  4.82560e+42  5.84205e+05  2.50960e+42  5.45973e+05  4.55330e+42  5.10242e+05  1.39112e+43  2.51677e-04
 1.17276e+00  5.84205e+05  2.13010e+42  5.84205e+05  5.92223e+42  5.45973e+05  6.37887e+42  4.93264e+05  1.58697e+43  2.51677e-04
 1.21108e+00  5.84205e+05  2.40067e+42  5.64766e+05  5.24262e+42  5.27805e+05  9.42603e+42  4.93264e+05  1.54591e+43  2.51677e-04
 1.25067e+00  5.84205e+05  5.63843e+42  5.64766e+05  3.45242e+42  5.27805e+05  7.66047e+42  4.93264e+05  1.58503e+43  2.51677e-04
 1.29154e+00  5.64766e+05  6.97741e+42  5.64766e+05  4.23756e+42  5.27805e+05  7.45295e+42  4.93264e+05  1.70447e+43  2.51677e-04
 1.33375e+00  5.64766e+05  4.20661e+42  5.64766e+05  7.60129e+42  5.27805e+05  8.80260e+42  4.93264e+05  1.90474e+43  2.51677e-04
 1.37734e+00  5.64766e+05  4.41048e+42  5.45973e+05  9.11941e+42  5.27805e+05  1.17150e+43  4.93264e+05  2.18667e+43  2.51677e-04
 1.42236e+00  5.64766e+05  7.58985e+42  5.45973e+05  6.89911e+42  5.10242e+05  1.26706e+43  4.76850e+05  2.51665e+43  2.51677e-04
 1.46884e+00  5.45973e+05  1.15739e+43  5.45973e+05  7.26842e+42  5.10242e+05  1.17170e+43  4.76850e+05  2.53398e+43  2.51677e-04
 1.51685e+00  5.45973e+05  8.30233e+42  5.45973e+05  1.02289e+43  5.10242e+05  1.23382e+43  4.76850e+05  2.63557e+43  2.51677e-04
 1.56642e+00  5.45973e+05  8.02232e+42  5.27805e+05  1.54296e+43  5.10242e+05  1.45368e+43  4.76850e+05  2.82184e+43  2.51677e-04
 1.61762e+00  5.45973e+05  1.07328e+43  5.27805e+05  1.23819e+43  5.10242e+05  1.83219e+43  4.76850e+05  3.09355e+43  2.51677e-04
 1.67049e+00  5.45973e+05  1.64449e+43  5.27805e+05  1.19464e+43  4.93264e+05  1.83837e+43  4.76850e+05  3.45184e+43  2.51677e-04
 1.72508e+00  5.27805e+05  1.48566e+43  5.27805e+05  1.41215e+43  4.93264e+05  1.79624e+43  4.76850e+05  3.89819e+43  2.51677e-04
 1.78146e+00  5.27805e+05  1.36415e+43  5.27805e+05  1.89160e+43  4.93264e+05  1.91417e+43  4.76850e+05  4.43444e+43  2.51677e-04
 1.83968e+00  5.27805e+05  1.54401e+43  5.10242e+05  2.05482e+43  4.93264e+05  2.19265e+43  4.76850e+05  5.06282e+43  2.51677e-04
 1.89981e+00  5.27805e+05  2.02599e+43  5.10242e+05  1.88780e+43  4.93264e+05  2.63284e+43  4.76850e+05  5.78591e+43  2.51677e-04
 1.96190e+00  5.10242e+05  2.46287e+43  5.10242e+05  1.98470e+43  4.93264e+05  3.23657e+43  4.76850e+05  6.60673e+43  2.51677e-04
 2.02602e+00  5.10242e+05  2.19792e+43  5.10242e+05  2.34593e+43  4.93264e+05  4.00631e+43  4.76850e+05  7.52866e+43  2.51677e-04
 2.09224e+00  5.10242e+05  2.23779e+43  5.10242e+05  2.97296e+43  4.76850e+05  4.80451e+43  4.76850e+05  8.55551e+43  2.51677e-04
 2.16062e+00  5.10242e+05  2.58265e+43  4.93264e+05  2.98417e+43  4.76850e+05  4.98678e+43  4.76850e+05  9.69155e+43  2.51677e-04
 2.23123e+00  5.10242e+05  3.23392e+43  4.93264e+05  2.90784e+43  4.76850e+05  5.34233e+43  4.76850e+05  1.09415e+44  2.51677e-04
 2.30415e+00  4.93264e+05  3.51191e+43  4.93264e+05  3.09965e+43  4.76850e+05  5.87261e+43  4.76850e+05  1.23104e+44  2.51677e-04
 2.37946e+00  4.93264e+05  3.35058e+43  4.93264e+05  3.56039e+43  4.76850e+05  6.57984e+43  4.76850e+05  1.38041e+44  2.51677e-04
 2.45723e+00  4.93264e+05  3.49885e+43  4.93264e+05  4.29197e+43  4.76850e+05  7.46693e+43  4.76850e+05  1.54287e+44  2.51677e-04
 2.53753e+00  4.93264e+05  3.95732e+43  4.93264e+05  5.29741e+43  4.76850e+05  8.53755e+43  4.76850e+05  1.71909e+44  2.51677e-04
 2.62047e+00  4.93264e+05  4.72789e+43  4.93264e+05  6.58089e+43  4.76850e+05  9.79613e+43  4.76850e+05  1.90980e+44  2.51677e-04
 2.70611e+00  4.93264e+05  5.81375e+43  4.93264e+05  8.14771e+43  4.76850e+05  1.12479e+44  4.76850e+05  2.11579e+44  2.51677e-04
 2.79455e+00  4.93264e+05  7.21940e+43  4.76850e+05  8.44401e+43  4.76850e+05  1.28988e+44  4.76850e+05  2.33792e+44  2.51677e-04
 2.88589e+00  4.93264e+05  8.95066e+43  4.76850e+05  9.02094e+43  4.76850e+05  1.47558e+44  4.76850e+05  2.57710e+44  2.51677e-04
 2.98021e+00  4.76850e+05  9.64203e+43  4.76850e+05  9.89132e+43  4.76850e+05  1.68265e+44  4.76850e+05  2.83432e+44  2.51677e-04
 3.07761e+00  4.76850e+05  1.02286e+44  4.76850e+05  1.10587e+44  4.76850e+05  1.91194e+44  4.76850e+05  3.11065e+44  2.51677e-04
 3.17819e+00  4.76850e+05  1.11532e+44  4.76850e+05  1.25280e+44  4.76850e+05  2.16441e+44  4.76850e+05  3.40723e+44  2.51677e-04
 3.28206e+00  4.76850e+05  1.24197e+44  4.76850e+05  1.43052e+44  4.76850e+05  2.44110e+44  4.76850e+05  3.72528e+44  2.51677e-04
 3.38933e+00  4.76850e+05  1.40333e+44  4.76850e+05  1.63978e+44  4.76850e+05  2.74315e+44  4.76850e+05  4.06613e+44  2.51677e-04
 3.50010e+00  4.76850e+05  1.60007e+44  4.76850e+05  1.88143e+44  4.76850e+05  3.07182e+44  4.60983e+05  4.28377e+44  2.51677e-04
 3.61449e+00  4.76850e+05  1.83301e+44  4.76850e+05  2.15648e+44  4.76850e+05  3.42847e+44  4.60983e+05  4.48277e+44  2.51677e-04
 3.73262e+00  4.76850e+05  2.10310e+44  4.76850e+05  2.46606e+44  4.76850e+05  3.81457e+44  4.60983e+05  4.70770e+44  2.51677e-04
 3.85462e+00  4.76850e+05  2.41148e+44  4.76850e+05  2.81146e+44  4.76850e+05  4.23171e+44  4.60983e+05  4.95950e+44  2.51677e-04
 3.98060e+00  4.76850e+05  2.75940e+44  4.76850e+05  3.19411e+44  4.76850e+05  4.68164e+44  4.60983e+05  5.23919e+44  2.51677e-04
 4.11069e+00  4.76850e+05  3.14831e+44  4.76850e+05  3.61558e+44  4.76850e+05  5.16620e+44  4.60983e+05  5.54795e+44  2.51677e-04
 4.24504e+00  4.76850e+05  3.57983e+44  4.76850e+05  4.07763e+44  4.76850e+05  5.68741e+44  4.60983e+05  5.88704e+44  2.51677e-04
 4.38378e+00  4.76850e+05  4.05574e+44  4.76850e+05  4.58216e+44  4.76850e+05  6.24741e+44  4.60983e+05  6.25787e+44  2.51677e-04
 4.52705e+00  4.76850e+05  4.57800e+44  4.76850e+05  5.13127e+44  4.76850e+05  6.84854e+44  4.60983e+05  6.66198e+44  2.51677e-04
 4.67501e+00  4.76850e+05  5.14878e+44  4.76850e+05  5.72722e+44  4.76850e+05  7.49327e+44  4.60983e+05  7.10103e+44  2.51677e-04
 4.82780e+00  4.76850e+05  5.77044e+44  4.76850e+05  6.37249e+44  4.76850e+05  8.18427e+44  4.60983e+05  7.57685e+44  2.51677e-04
 4.98558e+00  4.76850e+05  6.44555e+44  4.76850e+05  7.06973e+44  4.76850e+05  8.92441e+44  4.60983e+05  8.09140e+44  2.51677e-04
 5.14853e+00  4.76850e+05  7.17692e+44  4.76850e+05  7.82185e+44  4.76850e+05  9.71674e+44  4.60983e+05  8.64682e+44  2.51677e-04
 5.31679e+00  4.76850e+05  7.96755e+44  4.76850e+05  8.63195e+44  4.76850e+05  1.05645e+45  4.60983e+05  9.24539e+44  2.51677e-04
 5.49056e+00  4.76850e+05  8.82073e+44  4.76850e+05  9.50338e+44  4.76850e+05  1.14713e+45  4.60983e+05  9.88961e+44  2.51677e-04
 5.67001e+00  4.76850e+05  9.73999e+44  4.76850e+05  1.04397e+45  4.76850e+05  1.24409e+45  4.60983e+05  1.05821e+45  2.51677e-04
 5.85532e+00  4.76850e+05  1.07291e+45  4.76850e+05  1.14449e+45  4.76850e+05  1.34772e+45  4.60983e+05  1.13258e+45  2.51677e-04
 6.04668e+00  4.76850e+05  1.17922e+45  4.76850e+05  1.25231e+45  4.76850e+05  1.45845e+45  4.60983e+05  1.21238e+45  2.51677e-04
 6.24430e+00  4.76850e+05  1.29337e+45  4.76850e+05  1.36787e+45  4.60983e+05  1.55542e+45  4.60983e+05  1.29793e+45  2.51677e-04
 6.44838e+00  4.76850e+05  1.41583e+45  4.76850e+05  1.49165e+45  4.60983e+05  1.61915e+45  4.60983e+05  1.38958e+45  2.51677e-04
 6.65913e+00  4.76850e+05  1.54711e+45  4.76850e+05  1.62417e+45  4.60983e+05  1.69111e+45  4.60983e+05  1.48773e+45  2.51677e-04
 6.87677e+00  4.76850e+05  1.68774e+45  4.76850e+05  1.76597e+45  4.60983e+05  1.77159e+45  4.60983e+05  1.59277e+45  2.51677e-04
 7.10152e+00  4.76850e+05  1.83832e+45  4.76850e+05  1.91763e+45  4.60983e+05  1.86093e+45  4.60983e+05  1.70514e+45  2.51677e-04
 7.33362e+00  4.76850e+05  1.99946e+45  4.76850e+05  2.07980e+45  4.60983e+05  1.95950e+45  4.60983e+05  1.82531e+45  2.51677e-04
 7.57330e+00  4.76850e+05  2.17184e+45  4.76850e+05  2.25313e+45  4.60983e+05  2.06771e+45  4.60983e+05  1.95376e+45  2.51677e-04
 7.82082e+00  4.76850e+05  2.35615e+45  4.76850e+05  2.43835e+45  4.60983e+05  2.18600e+45  4.60983e+05  2.09104e+45  2.51677e-04
 8.07642e+00  4.76850e+05  2.55318e+45  4.76850e+05  2.63622e+45  4.60983e+05  2.31486e+45  4.60983e+05  2.23771e+45  2.51677e-04
 8.34038e+00  4.76850e+05  2.76373e+45  4.60983e+05  2.75985e+45  4.60983e+05  2.45482e+45  4.60983e+05  2.39438e+45  2.51677e-04
 8.61296e+00  4.76850e+05  2.98868e+45  4.60983e+05  2.87693e+45  4.60983e+05  2.60648e+45  4.60983e+05  2.56170e+45  2.51677e-04
 8.89446e+00  4.60983e+05  3.15723e+45  4.60983e+05  3.00847e+45  4.60983e+05  2.77044e+45  4.60983e+05  2.74036e+45  2.51677e-04
 9.18515e+00  4.60983e+05  3.28855e+45  4.60983e+05  3.15502e+45  4.60983e+05  2.94740e+45  4.60983e+05  2.93109e+45  2.51677e-04
 9.48535e+00  4.60983e+05  3.43644e+45  4.60983e+05  3.31719e+45  4.60983e+05  3.13808e+45  4.60983e+05  3.13469e+45  2.51677e-04
 9.79535e+00  4.60983e+05  3.60151e+45  4.60983e+05  3.49566e+45  4.60983e+05  3.34327e+45  4.60983e+05  3.35201e+45  2.51677e-04
 1.01155e+01  4.60983e+05  3.78444e+45  4.60983e+05  3.69114e+45  4.60983e+05  3.56383e+45  4.60983e+05  3.58393e+45  2.51677e-04
 1.04461e+01  4.60983e+05  3.98599e+45  4.60983e+05  3.90447e+45  4.60983e+05  3.80066e+45  4.60983e+05  3.83142e+45  2.51677e-04
 1.07875e+01  4.60983e+05  4.20699e+45  4.60983e+05  4.13651e+45  4.60983e+05  4.05475e+45  4.60983e+05  4.09551e+45  2.51677e-04
 1.11401e+01  4.60983e+05  4.44836e+45  4.60983e+05  4.38824e+45  4.60983e+05  4.32714e+45  4.60983e+05  4.37728e+45  2.51677e-04
 1.15041e+01  4.60983e+05  4.71110e+45  4.60983e+05  4.66069e+45  4.60983e+05  4.61897e+45  4.60983e+05  4.67791e+45  2.51677e-04
 1.18801e+01  4.60983e+05  4.99629e+45  4.60983e+05  4.95498e+45  4.60983e+05  4.93144e+45  4.60983e+05  4.99863e+45  2.51677e-04
 1.22684e+01  4.60983e+05  5.30512e+45  4.60983e+05  5.27234e+45  4.60983e+05  5.26584e+45  4.60983e+05  5.34078e+45  2.51677e-04
 1.26694e+01  4.60983e+05  5.63886e+45  4.60983e+05  5.61409e+45  4.60983e+05  5.62357e+45  4.60983e+05  5.70576e+45  2.51677e-04
 1.30834e+01  4.60983e+05  5.99889e+45  4.60983e+05  5.98163e+45  4.60983e+05  6.00609e+45  4.60983e+05  6.09510e+45  2.51677e-04
 1.35110e+01  4.60983e+05  6.38670e+45  4.60983e+05  6.37648e+45  4.60983e+05  6.41500e+45  4.60983e+05  6.51040e+45  2.51677e-04
 1.39526e+01  4.60983e+05  6.80390e+45  4.60983e+05  6.80028e+45  4.60983e+05  6.85197e+45  4.60983e+05  6.95338e+45  2.51677e-04
 1.44086e+01  4.60983e+05  7.25222e+45  4.60983e+05  7.25479e+45  4.60983e+05  7.31884e+45  4.60983e+05  7.42588e+45  2.51677e-04
 1.48795e+01  4.60983e+05  7.73351e+45  4.60983e+05  7.74188e+45  4.60983e+05  7.81751e+45  4.60983e+05  7.92984e+45  2.51677e-04
 1.53658e+01  4.60983e+05  8.24976e+45  4.60983e+05  8.26357e+45  4.60983e+05  8.35007e+45  4.60983e+05  8.46736e+45  2.51677e-04
 1.58680e+01  4.60983e+05  8.80311e+45  4.60983e+05  8.82203e+45  4.60983e+05  8.91871e+45  4.60983e+05  9.04066e+45  2.51677e-04
 1.63866e+01  4.60983e+05  9.39584e+45  4.60983e+05  9.41955e+45  4.60983e+05  9.52578e+45  4.60983e+05  9.65211e+45  2.51677e-04
 1.69222e+01  4.60983e+05  1.00304e+46  4.60983e+05  1.00586e+46  4.60983e+05  1.01738e+46  4.60983e+05  1.03042e+46  2.51677e-04
 1.74753e+01  4.60983e+05  1.07095e+46  4.60983e+05  1.07419e+46  4.60983e+05  1.08655e+46  4.60983e+05  1.09998e+46  2.51677e-04
 1.80464e+01  4.60983e+05  1.14358e+46  4.60983e+05  1.14721e+46  4.60983e+05  1.16036e+46  4.60983e+05  1.17415e+46  2.51677e-04
 1.86362e+01  4.60983e+05  1.22124e+46  4.60983e+05  1.22524e+46  4.60983e+05  1.23913e+46  4.60983e+05  1.25326e+46  2.51677e-04
 1.92453e+01  4.60983e+05  1.30425e+46  4.60983e+05  1.30860e+46  4.60983e+05  1.32318e+46  4.60983e+05  1.33764e+46  2.51677e-04
 1.98743e+01  4.60983e+05  1.39295e+46  4.60983e+05  1.39763e+46  4.60983e+05  1.41286e+46  4.60983e+05  1.42762e+46  2.51677e-04
 2.05238e+01  4.60983e+05  1.48772e+46  4.60983e+05  1.49270e+46  4.60983e+05  1.50854e+46  4.60983e+05  1.52358e+46  2.51677e-04
 2.11946e+01  4.60983e+05  1.58894e+46  4.60983e+05  1.59420e+46  4.60983e+05  1.61061e+46  4.60983e+05  1.62592e+46  2.51677e-04
 2.18873e+01  4.60983e+05  1.69702e+46  4.60983e+05  1.70256e+46  4.60983e+05  1.71950e+46  4.45643e+05  1.69258e+46  2.51677e-04
 2.26026e+01  4.60983e+05  1.81243e+46  4.60983e+05  1.81822e+46  4.60983e+05  1.83566e+46  4.45643e+05  1.75199e+46  2.51677e-04
 2.33413e+01  4.60983e+05  1.93564e+46  4.60983e+05  1.94166e+46  4.60983e+05  1.95957e+46  4.45643e+05  1.81872e+46  2.51677e-04
 2.41042e+01  4.60983e+05  2.06715e+46  4.60983e+05  2.07339e+46  4.60983e+05  2.09175e+46  4.45643e+05  1.89305e+46  2.51677e-04
 2.48920e+01  4.60983e+05  2.20751e+46  4.60983e+05  2.21396e+46  4.60983e+05  2.23273e+46  4.45643e+05  1.97529e+46  2.51677e-04
 2.57055e+01  4.60983e+05  2.35730e+46  4.60983e+05  2.36394e+46  4.60983e+05  2.38310e+46  4.45643e+05  2.06578e+46  2.51677e-04
 2.65456e+01  4.60983e+05  2.51714e+46  4.60983e+05  2.52397e+46  4.60983e+05  2.54349e+46  4.45643e+05  2.16489e+46  2.51677e-04
 2.74132e+01  4.60983e+05  2.68770e+46  4.60983e+05  2.69470e+46  4.60983e+05  2.71456e+46  4.45643e+05  2.27303e+46  2.51677e-04
 2.83091e+01  4.60983e+05  2.86967e+46  4.60983e+05  2.87683e+46  4.60983e+05  2.89702e+46  4.45643e+05  2.39066e+46  2.51677e-04
 2.92343e+01  4.60983e+05  3.06382e+46  4.60983e+05  3.07113e+46  4.60983e+05  3.09161e+46  4.45643e+05  2.51825e+46  2.51677e-04
 3.01898e+01  4.60983e+05  3.27094e+46  4.60983e+05  3.27839e+46  4.60983e+05  3.29916e+46  4.45643e+05  2.65634e+46  2.51677e-04
 3.11765e+01  4.60983e+05  3.49189e+46  4.60983e+05  3.49948e+46  4.60983e+05  3.52051e+46  4.45643e+05  2.80549e+46  2.51677e-04
 3.21954e+01  4.60983e+05  3.72759e+46  4.60983e+05  3.73530e+46  4.60983e+05  3.75658e+46  4.45643e+05  2.96633e+46  2.51677e-04
 3.32476e+01  4.60983e+05  3.97902e+46  4.60983e+05  3.98684e+46  4.60983e+05  4.00835e+46  4.45643e+05  3.13952e+46  2.51677e-04
 3.43343e+01  4.60983e+05  4.24720e+46  4.60983e+05  4.25513e+46  4.60983e+05  4.27686e+46  4.45643e+05  3.32577e+46  2.51677e-04
 3.54564e+01  4.60983e+05  4.53326e+46  4.60983e+05  4.54129e+46  4.60983e+05  4.56323e+46  4.45643e+05  3.52586e+46  2.51677e-04
 3.66152e+01  4.60983e+05  4.83837e+46  4.60983e+05  4.84650e+46  4.60983e+05  4.86863e+46  4.45643e+05  3.74062e+46  2.51677e-04
 3.78119e+01  4.60983e+05  5.16381e+46  4.60983e+05  5.17203e+46  4.60983e+05  5.19433e+46  4.45643e+05  3.97093e+46  2.51677e-04
 3.90477e+01  4.60983e+05  5.51091e+46  4.60983e+05  5.51921e+46  4.45643e+05  5.53113e+46  4.45643e+05  4.21775e+46  2.51677e-04
 4.03238e+01  4.60983e+05  5.88111e+46  4.60983e+05  5.88949e+46  4.45643e+05  5.71244e+46  4.45643e+05  4.48210e+46  2.51677e-04
 4.16417e+01  4.60983e+05  6.27595e+46  4.60983e+05  6.28440e+46  4.45643e+05  5.91755e+46  4.45643e+05  4.76507e+46  2.51677e-04
 4.30027e+01  4.60983e+05  6.69705e+46  4.60983e+05  6.70558e+46  4.45643e+05  6.14730e+46  4.45643e+05  5.06784e+46  2.51677e-04
 4.44081e+01  4.60983e+05  7.14617e+46  4.60983e+05  7.15476e+46  4.45643e+05  6.40264e+46  4.45643e+05  5.39165e+46  2.51677e-04
 4.58595e+01  4.60983e+05  7.62515e+46  4.60983e+05  7.63381e+46  4.45643e+05  6.68463e+46  4.45643e+05  5.73785e+46  2.51677e-04
 4.73583e+01  4.60983e+05  8.13599e+46  4.60983e+05  8.14470e+46  4.45643e+05  6.99444e+46  4.45643e+05  6.10786e+46  2.51677e-04
 4.89061e+01  4.60983e+05  8.68080e+46  4.60983e+05  8.68956e+46  4.45643e+05  7.33334e+46  4.45643e+05  6.50323e+46  2.51677e-04
 5.05045e+01  4.60983e+05  9.26182e+46  4.60983e+05  9.27064e+46  4.45643e+05  7.70275e+46  4.45643e+05  6.92559e+46  2.51677e-04
 5.21551e+01  4.60983e+05  9.88147e+46  4.45643e+05  9.72153e+46  4.45643e+05  8.10419e+46  4.45643e+05  7.37668e+46  2.51677e-04
 5.38597e+01  4.60983e+05  1.05423e+47  4.45643e+05  1.00544e+47  4.45643e+05  8.53932e+46  4.45643e+05  7.85837e+46  2.51677e-04
 5.56199e+01  4.45643e+05  1.11415e+47  4.45643e+05  1.04290e+47  4.45643e+05  9.00994e+46  4.45643e+05  8.37266e+46  2.51677e-04
 5.74378e+01  4.45643e+05  1.15146e+47  4.45643e+05  1.08471e+47  4.45643e+05  9.51801e+46  4.45643e+05  8.92167e+46  2.51677e-04
 5.93150e+01  4.45643e+05  1.19357e+47  4.45643e+05  1.13104e+47  4.45643e+05  1.00656e+47  4.45643e+05  9.50768e+46  2.51677e-04
 6.12535e+01  4.45643e+05  1.24065e+47  4.45643e+05  1.18207e+47  4.45643e+05  1.06550e+47  4.45643e+05  1.01331e+47  2.51677e-04
 6.32555e+01  4.45643e+05  1.29289e+47  4.45643e+05  1.23802e+47  4.45643e+05  1.12887e+47  4.45643e+05  1.08005e+47  2.51677e-04
 6.53228e+01  4.45643e+05  1.35051e+47  4.45643e+05  1.29912e+47  4.45643e+05  1.19692e+47  4.45643e+05  1.15128e+47  2.51677e-04
 6.74577e+01  4.45643e+05  1.41375e+47  4.45643e+05  1.36562e+47  4.45643e+05  1.26994e+47  4.45643e+05  1.22727e+47  2.51677e-04
 6.96624e+01  4.45643e+05  1.48286e+47  4.45643e+05  1.43779e+47  4.45643e+05  1.34824e+47  4.45643e+05  1.30835e+47  2.51677e-04
 7.19392e+01  4.45643e+05  1.55815e+47  4.45643e+05  1.51595e+47  4.45643e+05  1.43212e+47  4.45643e+05  1.39485e+47  2.51677e-04
 7.42903e+01  4.45643e+05  1.63991e+47  4.45643e+05  1.60040e+47  4.45643e+05  1.52195e+47  4.45643e+05  1.48713e+47  2.51677e-04
 7.67183e+01  4.45643e+05  1.72849e+47  4.45643e+05  1.69150e+47  4.45643e+05  1.61810e+47  4.45643e+05  1.58557e+47  2.51677e-04
 7.92257e+01  4.45643e+05  1.82426e+47  4.45643e+05  1.78963e+47  4.45643e+05  1.72095e+47  4.45643e+05  1.69058e+47  2.51677e-04
 8.18150e+01  4.45643e+05  1.92760e+47  4.45643e+05  1.89519e+47  4.45643e+05  1.83094e+47  4.45643e+05  1.80260e+47  2.51677e-04
 8.44889e+01  4.45643e+05  2.03895e+47  4.45643e+05  2.00861e+47  4.45643e+05  1.94853e+47  4.45643e+05  1.92208e+47  2.51677e-04
 8.72502e+01  4.45643e+05  2.15876e+47  4.45643e+05  2.13038e+47  4.45643e+05  2.07419e+47  4.45643e+05  2.04953e+47  2.51677e-04
 9.01018e+01  4.45643e+05  2.28754e+47  4.45643e+05  2.26099e+47  4.45643e+05  2.20846e+47  4.45643e+05  2.18546e+47  2.51677e-04
 9.30466e+01  4.45643e+05  2.42582e+47  4.45643e+05  2.40098e+47  4.45643e+05  2.35188e+47  4.45643e+05  2.33045e+47  2.51677e-04
 9.60876e+01  4.45643e+05  2.57416e+47  4.45643e+05  2.55093e+47  4.45643e+05  2.50504e+47  4.45643e+05  2.48509e+47  2.51677e-04
 9.92280e+01  4.45643e+05  2.73319e+47  4.45643e+05  2.71146e+47  4.45643e+05  2.66859e+47  4.45643e+05  2.65002e+47  2.51677e-04
 1.02471e+02  4.45643e+05  2.90356e+47  4.45643e+05  2.88325e+47  4.45643e+05  2.84320e+47  4.45643e+05  2.82592e+47  2.51677e-04
 1.05820e+02  4.45643e+05  3.08598e+47  4.45643e+05  3.06699e+47  4.45643e+05  3.02959e+47  4.45643e+05  3.01353e+47  2.51677e-04
 1.09278e+02  4.45643e+05  3.28119e+47  4.45643e+05  3.26344e+47  4.45643e+05  3.22853e+47  4.45643e+05  3.21361e+47  2.51677e-04
 1.12850e+02  4.45643e+05  3.49001e+47  4.45643e+05  3.47343e+47  4.45643e+05  3.44085e+47  4.45643e+05  3.42700e+47  2.51677e-04
 1.16538e+02  4.45643e+05  3.71331e+47  4.45643e+05  3.69782e+47  4.45643e+05  3.66743e+47  4.45643e+05  3.65459e+47  2.51677e-04
 1.20347e+02  4.45643e+05  3.95200e+47  4.45643e+05  3.93754e+47  4.45643e+05  3.90919e+47  4.45643e+05  3.89730e+47  2.51677e-04
 1.24280e+02  4.45643e+05  4.20708e+47  4.45643e+05  4.19358e+47  4.45643e+05  4.16715e+47  4.45643e+05  4.15615e+47  2.51677e-04
 1.28342e+02  4.45643e+05  4.47960e+47  4.45643e+05  4.46700e+47  4.45643e+05  4.44238e+47  4.45643e+05  4.43221e+47  2.51677e-04
 1.32537e+02  4.45643e+05  4.77069e+47  4.45643e+05  4.75893e+47  4.45643e+05  4.73600e+47  4.45643e+05  4.72661e+47  2.51677e-04
 1.36868e+02  4.45643e+05  5.08155e+47  4.45643e+05  5.07058e+47  4.45643e+05  5.04923e+47  4.45643e+05  5.04059e+47  2.51677e-04
 1.41341e+02  4.45643e+05  5.41347e+47  4.45643e+05  5.40324e+47  4.45643e+05  5.38338e+47  4.45643e+05  5.37543e+47  2.51677e-04
 1.45961e+02  4.45643e+05  5.76782e+47  4.45643e+05  5.75829e+47  4.45643e+05  5.73982e+47  4.45643e+05  5.73253e+47  2.51677e-04
 1.50731e+02  4.45643e+05  6.14607e+47  4.45643e+05  6.13720e+47  4.45643e+05  6.12003e+47  4.45643e+05  6.11336e+47  2.51677e-04
 1.55658e+02  4.45643e+05  6.54979e+47  4.45643e+05  6.54153e+47  4.45643e+05  6.52559e+47  4.45643e+05  6.51949e+47  2.51677e-04
 1.60745e+02  4.45643e+05  6.98064e+47  4.45643e+05  6.97295e+47  4.45643e+05  6.95816e+47  4.45643e+05  6.95261e+47  2.51677e-04
 1.65998e+02  4.45643e+05  7.44041e+47  4.45643e+05  7.43326e+47  4.45643e+05  7.41955e+47  4.45643e+05  7.41452e+47  2.51677e-04
 1.71424e+02  4.45643e+05  7.93100e+47  4.45643e+05  7.92436e+47  4.45643e+05  7.91166e+47  4.45643e+05  7.90711e+47  2.51677e-04
 1.77026e+02  4.45643e+05  8.45445e+47  4.45643e+05  8.44828e+47  4.45643e+05  8.43652e+47  4.45643e+05  8.43244e+47  2.51677e-04
 1.82812e+02  4.45643e+05  9.01291e+47  4.45643e+05  9.00718e+47  4.45643e+05  8.99631e+47  4.45643e+05  8.99267e+47  2.51677e-04
 1.88787e+02  4.45643e+05  9.60870e+47  4.45643e+05  9.60339e+47  4.45643e+05  9.59336e+47  4.30814e+05  9.28785e+47  2.51677e-04
 1.94957e+02  4.45643e+05  1.02443e+48  4.45643e+05  1.02394e+48  4.45643e+05  1.02301e+48  4.30814e+05  9.60977e+47  2.51677e-04
 2.01328e+02  4.45643e+05  1.09223e+48  4.45643e+05  1.09177e+48  4.45643e+05  1.09092e+48  4.30814e+05  9.97147e+47  2.51677e-04
 2.07908e+02  4.45643e+05  1.16455e+48  4.45643e+05  1.16413e+48  4.45643e+05  1.16335e+48  4.30814e+05  1.03744e+48  2.51677e-04
 2.14703e+02  4.45643e+05  1.24170e+48  4.45643e+05  1.24131e+48  4.45643e+05  1.24059e+48  4.30814e+05  1.08204e+48  2.51677e-04
 2.21720e+02  4.45643e+05  1.32399e+48  4.45643e+05  1.32363e+48  4.45643e+05  1.32297e+48  4.30814e+05  1.13111e+48  2.51677e-04
 2.28967e+02  4.45643e+05  1.41176e+48  4.45643e+05  1.41143e+48  4.45643e+05  1.41083e+48  4.30814e+05  1.18486e+48  2.51677e-04
 2.36450e+02  4.45643e+05  1.50538e+48  4.45643e+05  1.50507e+48  4.45643e+05  1.50452e+48  4.30814e+05  1.24351e+48  2.51677e-04
 2.44178e+02  4.45643e+05  1.60522e+48  4.45643e+05  1.60495e+48  4.45643e+05  1.60445e+48  4.30814e+05  1.30732e+48  2.51677e-04
 2.52158e+02  4.45643e+05  1.71172e+48  4.45643e+05  1.71146e+48  4.45643e+05  1.71101e+48  4.30814e+05  1.37653e+48  2.51677e-04
 2.60399e+02  4.45643e+05  1.82530e+48  4.45643e+05  1.82507e+48  4.45643e+05  1.82466e+48  4.30814e+05  1.45144e+48  2.51677e-04
 2.68910e+02  4.45643e+05  1.94644e+48  4.45643e+05  1.94623e+48  4.45643e+05  1.94586e+48  4.30814e+05  1.53236e+48  2.51677e-04
 2.77699e+02  4.45643e+05  2.07564e+48  4.45643e+05  2.07544e+48  4.45643e+05  2.07511e+48  4.30814e+05  1.61962e+48  2.51677e-04
 2.86774e+02  4.45643e+05  2.21343e+48  4.45643e+05  2.21325e+48  4.45643e+05  2.21296e+48  4.30814e+05  1.71359e+48  2.51677e-04
 2.96147e+02  4.45643e+05  2.36038e+48  4.45643e+05  2.36022e+48  4.45643e+05  2.35996e+48  4.30814e+05  1.81464e+48  2.51677e-04
 3.05826e+02  4.45643e+05  2.51710e+48  4.45643e+05  2.51696e+48  4.45643e+05  2.51673e+48  4.30814e+05  1.92321e+48  2.51677e-04
 3.15821e+02  4.45643e+05  2.68425e+48  4.45643e+05  2.68412e+48  4.45643e+05  2.68392e+48  4.30814e+05  2.03974e+48  2.51677e-04
 3.26143e+02  4.45643e+05  2.86250e+48  4.45643e+05  2.86239e+48  4.45643e+05  2.86222e+48  4.30814e+05  2.16471e+48  2.51677e-04
 3.36802e+02  4.45643e+05  3.05261e+48  4.45643e+05  3.05251e+48  4.30814e+05  3.02391e+48  4.30814e+05  2.29864e+48  2.51677e-04
 3.47810e+02  4.45643e+05  3.25535e+48  4.45643e+05  3.25526e+48  4.30814e+05  3.12215e+48  4.30814e+05  2.44208e+48  2.51677e-04
 3.59177e+02  4.45643e+05  3.47157e+48  4.45643e+05  3.47149e+48  4.30814e+05  3.23331e+48  4.30814e+05  2.59563e+48  2.51677e-04
 3.70916e+02  4.45643e+05  3.70215e+48  4.45643e+05  3.70209e+48  4.30814e+05  3.35785e+48  4.30814e+05  2.75992e+48  2.51677e-04
 3.83038e+02  4.45643e+05  3.94806e+48  4.45643e+05  3.94801e+48  4.30814e+05  3.49629e+48  4.30814e+05  2.93564e+48  2.51677e-04
 3.95557e+02  4.45643e+05  4.21031e+48  4.45643e+05  4.21027e+48  4.30814e+05  3.64920e+48  4.30814e+05  3.12350e+48  2.51677e-04
 4.08485e+02  4.45643e+05  4.48999e+48  4.45643e+05  4.48996e+48  4.30814e+05  3.81722e+48  4.30814e+05  3.32429e+48  2.51677e-04
 4.21835e+02  4.45643e+05  4.78826e+48  4.45643e+05  4.78823e+48  4.30814e+05  4.00103e+48  4.30814e+05  3.53884e+48  2.51677e-04
 4.35622e+02  4.45643e+05  5.10634e+48  4.45643e+05  5.10632e+48  4.30814e+05  4.20141e+48  4.30814e+05  3.76804e+48  2.51677e-04
 4.49859e+02  4.45643e+05  5.44556e+48  4.30814e+05  5.31308e+48  4.30814e+05  4.41917e+48  4.30814e+05  4.01283e+48  2.51677e-04
 4.64562e+02  4.45643e+05  5.80732e+48  4.30814e+05  5.49343e+48  4.30814e+05  4.65523e+48  4.30814e+05  4.27423e+48  2.51677e-04
 4.79745e+02  4.30814e+05  6.08953e+48  4.30814e+05  5.69652e+48  4.30814e+05  4.91055e+48  4.30814e+05  4.55332e+48  2.51677e-04
 4.95424e+02  4.30814e+05  6.29170e+48  4.30814e+05  5.92319e+48  4.30814e+05  5.18619e+48  4.30814e+05  4.85125e+48  2.51677e-04
 5.11616e+02  4.30814e+05  6.51992e+48  4.30814e+05  6.17437e+48  4.30814e+05  5.48330e+48  4.30814e+05  5.16926e+48  2.51677e-04
 5.28337e+02  4.30814e+05  6.77513e+48  4.30814e+05  6.45110e+48  4.30814e+05  5.80310e+48  4.30814e+05  5.50866e+48  2.51677e-04
 5.45604e+02  4.30814e+05  7.05837e+48  4.30814e+05  6.75454e+48  4.30814e+05  6.14692e+48  4.30814e+05  5.87086e+48  2.51677e-04
 5.63436e+02  4.30814e+05  7.37083e+48  4.30814e+05  7.08593e+48  4.30814e+05  6.51618e+48  4.30814e+05  6.25736e+48  2.51677e-04
 5.81850e+02  4.30814e+05  7.71380e+48  4.30814e+05  7.44665e+48  4.30814e+05  6.91241e+48  4.30814e+05  6.66976e+48  2.51677e-04
 6.00867e+02  4.30814e+05  8.08869e+48  4.30814e+05  7.83819e+48  4.30814e+05  7.33724e+48  4.30814e+05  7.10975e+48  2.51677e-04
 6.20505e+02  4.30814e+05  8.49706e+48  4.30814e+05  8.26218e+48  4.30814e+05  7.79245e+48  4.30814e+05  7.57918e+48  2.51677e-04
 6.40784e+02  4.30814e+05  8.94060e+48  4.30814e+05  8.72035e+48  4.30814e+05  8.27990e+48  4.30814e+05  8.07997e+48  2.51677e-04
 6.61727e+02  4.30814e+05  9.42114e+48  4.30814e+05  9.21462e+48  4.30814e+05  8.80162e+48  4.30814e+05  8.61419e+48  2.51677e-04
 6.83354e+02  4.30814e+05  9.94067e+48  4.30814e+05  9.74702e+48  4.30814e+05  9.35977e+48  4.30814e+05  9.18407e+48  2.51677e-04
 7.05688e+02  4.30814e+05  1.05013e+49  4.30814e+05  1.03198e+49  4.30814e+05  9.95665e+48  4.30814e+05  9.79196e+48  2.51677e-04
 7.28751e+02  4.30814e+05  1.11055e+49  4.30814e+05  1.09352e+49  4.30814e+05  1.05947e+49  4.30814e+05  1.04404e+49  2.51677e-04
 7.52569e+02  4.30814e+05  1.17556e+49  4.30814e+05  1.15959e+49  4.30814e+05  1.12767e+49  4.30814e+05  1.11320e+49  2.51677e-04
 7.77165e+02  4.30814e+05  1.24543e+49  4.30814e+05  1.23046e+49  4.30814e+05  1.20053e+49  4.30814e+05  1.18697e+49  2.51677e-04
 8.02565e+02  4.30814e+05  1.32046e+49  4.30814e+05  1.30643e+49  4.30814e+05  1.27836e+49  4.30814e+05  1.26565e+49  2.51677e-04
 8.28794e+02  4.30814e+05  1.40096e+49  4.30814e+05  1.38780e+49  4.30814e+05  1.36148e+49  4.30814e+05  1.34957e+49  2.51677e-04
 8.55882e+02  4.30814e+05  1.48725e+49  4.30814e+05  1.47491e+49  4.30814e+05  1.45023e+49  4.30814e+05  1.43907e+49  2.51677e-04
 8.83854e+02  4.30814e+05  1.57970e+49  4.30814e+05  1.56813e+49  4.30814e+05  1.54499e+49  4.30814e+05  1.53453e+49  2.51677e-04
 9.12741e+02  4.30814e+05  1.67869e+49  4.30814e+05  1.66783e+49  4.30814e+05  1.64614e+49  4.30814e+05  1.63634e+49  2.51677e-04
 9.42571e+02  4.30814e+05  1.78462e+49  4.30814e+05  1.77444e+49  4.30814e+05  1.75410e+49  4.30814e+05  1.74493e+49  2.51677e-04
 9.73377e+02  4.30814e+05  1.89794e+49  4.30814e+05  1.88840e+49  4.30814e+05  1.86932e+49  4.30814e+05  1.86073e+49  2.51677e-04
 1.00519e+03  4.30814e+05  2.01911e+49  4.30814e+05  2.01017e+49  4.30814e+05  1.99228e+49  4.30814e+05  1.98424e+49  2.51677e-04
 1.03804e+03  4.30814e+05  2.14864e+49  4.30814e+05  2.14026e+49  4.30814e+05  2.12349e+49  4.30814e+05  2.11595e+49  2.51677e-04
 1.07197e+03  4.30814e+05  2.28707e+49  4.30814e+05  2.27920e+49  4.30814e+05  2.26348e+49  4.30814e+05  2.25642e+49  2.51677e-04
 1.10700e+03  4.30814e+05  2.43495e+49  4.30814e+05  2.42758e+49  4.30814e+05  2.41284e+49  4.30814e+05  2.40624e+49  2.51677e-04
 1.14318e+03  4.30814e+05  2.59292e+49  4.30814e+05  2.58601e+49  4.30814e+05  2.57218e+49  4.30814e+05  2.56601e+49  2.51677e-04
 1.18054e+03  4.30814e+05  2.76161e+49  4.30814e+05  2.75513e+49  4.30814e+05  2.74217e+49  4.30814e+05  2.73640e+49  2.51677e-04
 1.21913e+03  4.30814e+05  2.94174e+49  4.30814e+05  2.93566e+49  4.30814e+05  2.92351e+49  4.30814e+05  2.91811e+49  2.51677e-04
 1.25897e+03  4.30814e+05  3.13404e+49  4.30814e+05  3.12834e+49  4.30814e+05  3.11695e+49  4.30814e+05  3.11190e+49  2.51677e-04
 1.30012e+03  4.30814e+05  3.33931e+49  4.30814e+05  3.33397e+49  4.30814e+05  3.32329e+49  4.30814e+05  3.31857e+49  2.51677e-04
 1.34261e+03  4.30814e+05  3.55840e+49  4.30814e+05  3.55339e+49  4.30814e+05  3.54338e+49  4.30814e+05  3.53897e+49  2.51677e-04
 1.38649e+03  4.30814e+05  3.79222e+49  4.30814e+05  3.78752e+49  4.30814e+05  3.77813e+49  4.30814e+05  3.77402e+49  2.51677e-04
 1.43180e+03  4.30814e+05  4.04173e+49  4.30814e+05  4.03732e+49  4.30814e+05  4.02852e+49  4.30814e+05  4.02469e+49  2.51677e-04
 1.47860e+03  4.30814e+05  4.30797e+49  4.30814e+05  4.30384e+49  4.30814e+05  4.29559e+49  4.30814e+05  4.29201e+49  2.51677e-04
 1.52692e+03  4.30814e+05  4.59203e+49  4.30814e+05  4.58816e+49  4.30814e+05  4.58043e+49  4.30814e+05  4.57709e+49  2.51677e-04
 1.57683e+03  4.30814e+05  4.89510e+49  4.30814e+05  4.89147e+49  4.30814e+05  4.88422e+49  4.30814e+05  4.88112e+49  2.51677e-04
 1.62836e+03  4.30814e+05  5.21843e+49  4.30814e+05  5.21503e+49  4.30814e+05  5.20823e+49  4.30814e+05  5.20535e+49  2.51677e-04
 1.68158e+03  4.30814e+05  5.56336e+49  4.30814e+05  5.56017e+49  4.30814e+05  5.55379e+49  4.30814e+05  5.55112e+49  2.51677e-04
 1.73654e+03  4.30814e+05  5.93131e+49  4.30814e+05  5.92832e+49  4.30814e+05  5.92234e+49  4.30814e+05  5.91986e+49  2.51677e-04
 1.79329e+03  4.30814e+05  6.32380e+49  4.30814e+05  6.32100e+49  4.30814e+05  6.31540e+49  4.30814e+05  6.31311e+49  2.51677e-04
 1.85190e+03  4.30814e+05  6.74247e+49  4.30814e+05  6.73984e+49  4.30814e+05  6.73459e+49  4.16479e+05  6.58992e+49  2.51677e-04
 1.91243e+03  4.30814e+05  7.18904e+49  4.30814e+05  7.18658e+49  4.30814e+05  7.18166e+49  4.16479e+05  6.80601e+49  2.51677e-04
 1.97493e+03  4.30814e+05  7.66537e+49  4.30814e+05  7.66306e+49  4.30814e+05  7.65844e+49  4.16479e+05  7.05027e+49  2.51677e-04
 2.03948e+03  4.30814e+05  8.17341e+49  4.30814e+05  8.17125e+49  4.30814e+05  8.16692e+49  4.16479e+05  7.32371e+49  2.51677e-04
 2.10613e+03  4.30814e+05  8.71529e+49  4.30814e+05  8.71325e+49  4.30814e+05  8.70920e+49  4.16479e+05  7.62746e+49  2.51677e-04
 2.17497e+03  4.30814e+05  9.29323e+49  4.30814e+05  9.29132e+49  4.30814e+05  9.28752e+49  4.16479e+05  7.96277e+49  2.51677e-04
 2.24605e+03  4.30814e+05  9.90963e+49  4.30814e+05  9.90784e+49  4.30814e+05  9.90428e+49  4.16479e+05  8.33103e+49  2.51677e-04
 2.31946e+03  4.30814e+05  1.05670e+50  4.30814e+05  1.05654e+50  4.30814e+05  1.05620e+50  4.16479e+05  8.73378e+49  2.51677e-04
 2.39526e+03  4.30814e+05  1.12682e+50  4.30814e+05  1.12666e+50  4.30814e+05  1.12635e+50  4.16479e+05  9.17267e+49  2.51677e-04
 2.47355e+03  4.30814e+05  1.20160e+50  4.30814e+05  1.20145e+50  4.30814e+05  1.20116e+50  4.16479e+05  9.64952e+49  2.51677e-04
 2.55439e+03  4.30814e+05  1.28135e+50  4.30814e+05  1.28121e+50  4.30814e+05  1.28093e+50  4.16479e+05  1.01663e+50  2.51677e-04
 2.63787e+03  4.30814e+05  1.36640e+50  4.30814e+05  1.36627e+50  4.30814e+05  1.36601e+50  4.16479e+05  1.07252e+50  2.51677e-04
 2.72409e+03  4.30814e+05  1.45711e+50  4.30814e+05  1.45699e+50  4.30814e+05  1.45674e+50  4.16479e+05  1.13284e+50  2.51677e-04
 2.81312e+03  4.30814e+05  1.55385e+50  4.30814e+05  1.55373e+50  4.30814e+05  1.55351e+50  4.16479e+05  1.19785e+50  2.51677e-04
 2.90506e+03  4.30814e+05  1.65701e+50  4.30814e+05  1.65691e+50  4.30814e+05  1.65670e+50  4.16479e+05  1.26782e+50  2.51677e-04
 3.00000e+03  4.30814e+05  1.76704e+50  4.30814e+05  1.76694e+50  4.30814e+05  1.76674e+50  4.16479e+05  1.34304e+50  2.51677e-04
