radius_rg T_0deg chi2_0deg T_15deg chi2_15deg T_30deg chi2_30deg T_45deg chi2_45deg nuLnusavg_last
 2.00000e-01  1.14951e+06  4.61412e+44  1.11126e+06  3.67383e+44  1.00397e+06  1.52803e+44  8.19480e+05  2.78610e+43 -1.18769e-05
 2.06537e-01  1.14951e+06  4.45206e+44  1.11126e+06  3.53418e+44  9.70565e+05  1.48515e+44  8.19480e+05  2.61877e+43 -1.18769e-05
 2.13287e-01  1.11126e+06  4.28942e+44  1.07428e+06  3.41713e+44  9.70565e+05  1.40393e+44  8.19480e+05  2.54533e+43 -1.18769e-05
 2.20257e-01  1.11126e+06  4.11341e+44  1.07428e+06  3.26293e+44  9.70565e+05  1.35121e+44  7.92211e+05  2.38045e+43 -1.18769e-05
 2.27456e-01  1.07428e+06  3.99680e+44  1.07428e+06  3.16131e+44  9.38269e+05  1.29926e+44  7.92211e+05  2.22324e+43 -1.18769e-05
 2.34890e-01  1.07428e+06  3.80428e+44  1.03853e+06  3.01891e+44  9.38269e+05  1.23179e+44  7.92211e+05  2.15828e+43 -1.18769e-05
 2.42567e-01  1.07428e+06  3.67265e+44  1.03853e+06  2.89952e+44  9.38269e+05  1.19213e+44  7.65850e+05  2.02168e+43 -1.18769e-05
 2.50494e-01  1.03853e+06  3.52719e+44  1.00397e+06  2.80474e+44  9.07048e+05  1.13298e+44  7.65850e+05  1.86678e+43 -1.18769e-05
 2.58681e-01  1.03853e+06  3.37532e+44  1.00397e+06  2.66546e+44  9.07048e+05  1.07688e+44  7.65850e+05  1.80265e+43 -1.18769e-05
 2.67136e-01  1.03853e+06  3.28256e+44  1.00397e+06  2.57630e+44  9.07048e+05  1.04794e+44  7.40366e+05  1.70990e+43 -1.18769e-05
 2.75866e-01  1.00397e+06  3.11058e+44  9.70565e+05  2.46220e+44  8.76865e+05  9.83766e+43  7.40366e+05  1.54949e+43 -1.18769e-05
 2.84882e-01  1.00397e+06  2.99399e+44  9.70565e+05  2.35011e+44  8.76865e+05  9.36729e+43  7.40366e+05  1.47855e+43 -1.18769e-05
 2.94193e-01  9.70565e+05  2.88198e+44  9.70565e+05  2.28685e+44  8.47687e+05  9.15972e+43  7.15730e+05  1.44753e+43 -1.18769e-05
 3.03808e-01  9.70565e+05  2.73916e+44  9.38269e+05  2.15620e+44  8.47687e+05  8.49555e+43  7.15730e+05  1.27373e+43 -1.18769e-05
 3.13737e-01  9.70565e+05  2.65282e+44  9.38269e+05  2.06707e+44  8.47687e+05  8.09354e+43  7.15730e+05  1.18827e+43 -1.18769e-05
 3.23991e-01  9.38269e+05  2.52217e+44  9.07048e+05  1.99873e+44  8.19480e+05  7.90042e+43  7.15730e+05  1.19077e+43 -1.18769e-05
 3.34580e-01  9.38269e+05  2.40620e+44  9.07048e+05  1.88162e+44  8.19480e+05  7.28790e+43  6.91914e+05  1.04436e+43 -1.18769e-05
 3.45515e-01  9.38269e+05  2.34532e+44  9.07048e+05  1.81138e+44  8.19480e+05  6.93255e+43  6.91914e+05  9.36508e+42 -1.18769e-05
 3.56807e-01  9.07048e+05  2.19976e+44  8.76865e+05  1.73523e+44  7.92211e+05  6.78697e+43  6.91914e+05  9.15588e+42 -1.18769e-05
 3.68468e-01  9.07048e+05  2.10591e+44  8.76865e+05  1.63414e+44  7.92211e+05  6.20424e+43  6.68890e+05  8.69058e+42 -1.18769e-05
 3.80511e-01  8.76865e+05  2.03904e+44  8.76865e+05  1.57891e+44  7.92211e+05  5.87420e+43  6.68890e+05  7.30723e+42 -1.18769e-05
 3.92947e-01  8.76865e+05  1.90974e+44  8.47687e+05  1.49926e+44  7.92211e+05  5.79548e+43  6.68890e+05  6.78468e+42 -1.18769e-05
 4.05790e-01  8.76865e+05  1.83348e+44  8.47687e+05  1.41032e+44  7.65850e+05  5.23942e+43  6.68890e+05  7.12077e+42 -1.18769e-05
 4.19052e-01  8.47687e+05  1.76309e+44  8.47687e+05  1.36632e+44  7.65850e+05  4.91353e+43  6.46632e+05  5.81543e+42 -1.18769e-05
 4.32748e-01  8.47687e+05  1.64808e+44  8.19480e+05  1.28810e+44  7.65850e+05  4.83499e+43  6.46632e+05  4.89719e+42 -1.18769e-05
 4.46891e-01  8.47687e+05  1.58503e+44  8.19480e+05  1.20754e+44  7.40366e+05  4.39397e+43  6.46632e+05  4.82978e+42 -1.18769e-05
 4.61496e-01  8.19480e+05  1.51683e+44  8.19480e+05  1.17107e+44  7.40366e+05  4.05109e+43  6.25115e+05  5.03371e+42 -1.18769e-05
 4.76579e-01  8.19480e+05  1.41173e+44  7.92211e+05  1.09993e+44  7.40366e+05  3.95198e+43  6.25115e+05  3.63266e+42 -1.18769e-05
 4.92155e-01  8.19480e+05  1.35760e+44  7.92211e+05  1.02403e+44  7.15730e+05  3.67462e+43  6.25115e+05  3.07721e+42 -1.18769e-05
 5.08240e-01  7.92211e+05  1.29815e+44  7.92211e+05  9.91462e+43  7.15730e+05  3.29341e+43  6.25115e+05  3.36504e+42 -1.18769e-05
 5.24851e-01  7.92211e+05  1.19864e+44  7.65850e+05  9.33856e+43  7.15730e+05  3.15283e+43  6.04314e+05  3.17430e+42 -1.18769e-05
 5.42004e-01  7.92211e+05  1.14923e+44  7.65850e+05  8.58942e+43  6.91914e+05  3.09504e+43  6.04314e+05  2.04014e+42 -1.18769e-05
 5.59718e-01  7.65850e+05  1.10600e+44  7.65850e+05  8.26676e+43  6.91914e+05  2.65373e+43  6.04314e+05  1.74498e+42 -1.18769e-05
 5.78011e-01  7.65850e+05  1.00781e+44  7.40366e+05  7.89982e+43  6.91914e+05  2.45041e+43  6.04314e+05  2.28759e+42 -1.18769e-05
 5.96902e-01  7.65850e+05  9.58937e+43  7.40366e+05  7.12377e+43  6.91914e+05  2.48423e+43  5.84205e+05  1.94782e+42 -1.18769e-05
 6.16411e-01  7.40366e+05  9.40500e+43  7.40366e+05  6.76814e+43  6.68890e+05  2.15282e+43  5.84205e+05  9.74107e+41 -1.18769e-05
 6.36557e-01  7.40366e+05  8.39370e+43  7.15730e+05  6.69498e+43  6.68890e+05  1.86486e+43  5.84205e+05  8.34987e+41 -1.18769e-05
 6.57361e-01  7.40366e+05  7.86854e+43  7.15730e+05  5.85489e+43  6.68890e+05  1.81161e+43  5.84205e+05  1.52988e+42 -1.18769e-05
 6.78845e-01  7.40366e+05  7.82736e+43  7.15730e+05  5.42997e+43  6.46632e+05  1.82026e+43  5.64766e+05  1.33713e+42 -1.18769e-05
 7.01032e-01  7.15730e+05  6.94653e+43  7.15730e+05  5.41845e+43  6.46632e+05  1.42480e+43  5.64766e+05  4.14090e+41 -1.18769e-05
 7.23943e-01  7.15730e+05  6.34283e+43  6.91914e+05  4.80600e+43  6.46632e+05  1.26224e+43  5.64766e+05  3.23326e+41 -1.18769e-05
 7.47603e-01  7.15730e+05  6.21679e+43  6.91914e+05  4.27479e+43  6.46632e+05  1.33191e+43  5.64766e+05  1.06446e+42 -1.18769e-05
 7.72037e-01  6.91914e+05  5.76363e+43  6.91914e+05  4.15220e+43  6.25115e+05  1.16884e+43  5.45973e+05  1.37808e+42 -1.18769e-05
 7.97269e-01  6.91914e+05  5.03843e+43  6.68890e+05  4.01358e+43  6.25115e+05  8.73487e+42  5.45973e+05  3.90467e+41 -1.18769e-05
 8.23326e-01  6.91914e+05  4.78549e+43  6.68890e+05  3.33793e+43  6.25115e+05  8.08756e+42  5.45973e+05  2.35025e+41 -1.18769e-05
 8.50234e-01  6.68890e+05  4.88745e+43  6.68890e+05  3.06703e+43  6.25115e+05  9.74377e+42  5.45973e+05  9.11114e+41 -1.18769e-05
 8.78022e-01  6.68890e+05  3.99643e+43  6.68890e+05  3.19975e+43  6.04314e+05  6.94271e+42  5.27805e+05  2.17154e+42 -1.18769e-05
 9.06718e-01  6.68890e+05  3.57335e+43  6.46632e+05  2.66956e+43  6.04314e+05  4.70763e+42  5.27805e+05  9.95935e+41 -1.18769e-05
 9.36352e-01  6.68890e+05  3.61647e+43  6.46632e+05  2.21156e+43  6.04314e+05  4.76208e+42  5.27805e+05  6.55006e+41 -1.18769e-05
 9.66955e-01  6.46632e+05  3.27523e+43  6.46632e+05  2.15365e+43  6.04314e+05  7.10627e+42  5.27805e+05  1.14735e+42 -1.18769e-05
 9.98557e-01  6.46632e+05  2.63694e+43  6.25115e+05  2.33743e+43  5.84205e+05  3.78898e+42  5.27805e+05  2.47499e+42 -1.18769e-05
 1.03119e+00  6.46632e+05  2.46098e+43  6.25115e+05  1.65130e+43  5.84205e+05  1.98562e+42  5.10242e+05  2.40283e+42 -1.18769e-05
 1.06489e+00  6.46632e+05  2.74662e+43  6.25115e+05  1.36293e+43  5.84205e+05  2.46052e+42  5.10242e+05  1.74450e+42 -1.18769e-05
 1.09970e+00  6.25115e+05  2.05246e+43  6.25115e+05  1.47114e+43  5.84205e+05  5.21564e+42  5.10242e+05  1.92395e+42 -1.18769e-05
 1.13564e+00  6.25115e+05  1.61113e+43  6.04314e+05  1.47207e+43  5.64766e+05  2.16750e+42  5.10242e+05  2.94192e+42 -1.18769e-05
 1.17276e+00  6.25115e+05  1.62788e+43  6.04314e+05  9.10580e+42  5.64766e+05  5.00520e+41  5.10242e+05  4.80262e+42 -1.18769e-05
 1.21108e+00  6.04314e+05  1.91988e+43  6.04314e+05  7.43786e+42  5.64766e+05  1.10565e+42  4.93264e+05  3.76628e+42 -1.18769e-05
 1.25067e+00  6.04314e+05  1.16348e+43  6.04314e+05  9.71001e+42  5.64766e+05  3.98540e+42  4.93264e+05  3.48879e+42 -1.18769e-05
 1.29154e+00  6.04314e+05  8.63314e+42  5.84205e+05  9.03615e+42  5.45973e+05  2.15403e+42  4.93264e+05  4.05630e+42 -1.18769e-05
 1.33375e+00  6.04314e+05  1.01813e+43  5.84205e+05  4.16888e+42  5.45973e+05  3.14305e+41  4.93264e+05  5.47115e+42 -1.18769e-05
 1.37734e+00  5.84205e+05  1.24269e+43  5.84205e+05  3.22819e+42  5.45973e+05  7.45923e+41  4.76850e+05  7.12478e+42 -1.18769e-05
 1.42236e+00  5.84205e+05  5.73239e+42  5.84205e+05  6.21017e+42  5.45973e+05  3.45067e+42  4.76850e+05  6.22453e+42 -1.18769e-05
 1.46884e+00  5.84205e+05  3.57570e+42  5.64766e+05  6.22735e+42  5.27805e+05  3.98734e+42  4.76850e+05  6.18061e+42 -1.18769e-05
 1.51685e+00  5.84205e+05  5.94791e+42  5.64766e+05  1.59423e+42  5.27805e+05  1.64563e+42  4.76850e+05  6.99282e+42 -1.18769e-05
 1.56642e+00  5.64766e+05  9.11774e+42  5.64766e+05  8.77022e+41  5.27805e+05  1.58078e+42  4.76850e+05  8.66453e+42 -1.18769e-05
 1.61762e+00  5.64766e+05  2.69668e+42  5.64766e+05  4.07276e+42  5.27805e+05  3.79250e+42  4.60983e+05  1.07111e+43 -1.18769e-05
 1.67049e+00  5.64766e+05  8.00872e+41  5.45973e+05  6.43951e+42  5.10242e+05  8.10966e+42  4.60983e+05  9.86437e+42 -1.18769e-05
 1.72508e+00  5.64766e+05  3.42247e+42  5.45973e+05  1.50279e+42  5.10242e+05  4.90821e+42  4.60983e+05  9.88901e+42 -1.18769e-05
 1.78146e+00  5.45973e+05  9.44566e+42  5.45973e+05  4.81603e+41  5.10242e+05  3.99711e+42  4.60983e+05  1.07851e+43 -1.18769e-05
 1.83968e+00  5.45973e+05  2.67393e+42  5.45973e+05  3.37173e+42  5.10242e+05  5.37259e+42  4.60983e+05  1.25564e+43 -1.18769e-05
 1.89981e+00  5.45973e+05  4.27352e+41  5.27805e+05  1.01048e+43  5.10242e+05  9.04035e+42  4.60983e+05  1.52103e+43 -1.18769e-05
 1.96190e+00  5.45973e+05  2.69663e+42  5.27805e+05  4.29105e+42  4.93264e+05  1.07675e+43  4.45643e+05  1.49542e+43 -1.18769e-05
 2.02602e+00  5.45973e+05  9.49115e+42  5.27805e+05  2.40437e+42  4.93264e+05  8.62277e+42  4.45643e+05  1.48547e+43 -1.18769e-05
 2.09224e+00  5.27805e+05  6.13153e+42  5.27805e+05  4.43694e+42  4.93264e+05  8.78380e+42  4.45643e+05  1.56473e+43 -1.18769e-05
 2.16062e+00  5.27805e+05  2.88278e+42  5.27805e+05  1.03972e+43  4.93264e+05  1.12512e+43  4.45643e+05  1.73353e+43 -1.18769e-05
 2.23123e+00  5.27805e+05  4.16005e+42  5.10242e+05  1.06993e+43  4.93264e+05  1.60352e+43  4.45643e+05  1.99255e+43 -1.18769e-05
 2.30415e+00  5.27805e+05  9.96862e+42  5.10242e+05  7.33769e+42  4.76850e+05  1.64069e+43  4.30814e+05  2.20497e+43 -1.18769e-05
 2.37946e+00  5.10242e+05  1.39378e+43  5.10242e+05  7.91581e+42  4.76850e+05  1.49257e+43  4.30814e+05  2.15900e+43 -1.18769e-05
 2.45723e+00  5.10242e+05  8.97940e+42  5.10242e+05  1.24360e+43  4.76850e+05  1.57763e+43  4.30814e+05  2.20502e+43 -1.18769e-05
 2.53753e+00  5.10242e+05  8.57226e+42  5.10242e+05  2.09170e+43  4.76850e+05  1.89622e+43  4.30814e+05  2.34322e+43 -1.18769e-05
 2.62047e+00  5.10242e+05  1.27147e+43  4.93264e+05  1.63991e+43  4.76850e+05  2.44967e+43  4.30814e+05  2.57418e+43 -1.18769e-05
 2.70611e+00  5.10242e+05  2.14238e+43  4.93264e+05  1.48632e+43  4.60983e+05  2.51211e+43  4.30814e+05  2.89884e+43 -1.18769e-05
 2.79455e+00  4.93264e+05  2.00255e+43  4.93264e+05  1.72980e+43  4.60983e+05  2.38720e+43  4.16479e+05  3.10708e+43 -1.18769e-05
 2.88589e+00  4.93264e+05  1.71680e+43  4.93264e+05  2.37138e+43  4.60983e+05  2.49918e+43  4.16479e+05  3.09020e+43 -1.18769e-05
 2.98021e+00  4.93264e+05  1.88955e+43  4.76850e+05  3.12749e+43  4.60983e+05  2.84850e+43  4.16479e+05  3.16916e+43 -1.18769e-05
 3.07761e+00  4.93264e+05  2.52153e+43  4.76850e+05  2.68761e+43  4.60983e+05  3.43661e+43  4.16479e+05  3.34430e+43 -1.18769e-05
 3.17819e+00  4.93264e+05  3.61536e+43  4.76850e+05  2.64979e+43  4.45643e+05  3.73714e+43  4.16479e+05  3.61633e+43 -1.18769e-05
 3.28206e+00  4.76850e+05  3.18149e+43  4.76850e+05  3.01387e+43  4.45643e+05  3.58657e+43  4.16479e+05  3.98638e+43 -1.18769e-05
 3.38933e+00  4.76850e+05  3.02819e+43  4.76850e+05  3.78135e+43  4.45643e+05  3.67784e+43  4.02620e+05  4.39210e+43 -1.18769e-05
 3.50010e+00  4.76850e+05  3.33882e+43  4.60983e+05  4.63023e+43  4.45643e+05  4.01134e+43  4.02620e+05  4.37207e+43 -1.18769e-05
 3.61449e+00  4.76850e+05  4.11469e+43  4.60983e+05  4.22639e+43  4.45643e+05  4.58844e+43  4.02620e+05  4.45318e+43 -1.18769e-05
 3.73262e+00  4.76850e+05  5.35899e+43  4.60983e+05  4.23097e+43  4.45643e+05  5.41154e+43  4.02620e+05  4.63578e+43 -1.18769e-05
 3.85462e+00  4.60983e+05  4.94783e+43  4.60983e+05  4.64399e+43  4.30814e+05  5.18043e+43  4.02620e+05  4.92063e+43 -1.18769e-05
 3.98060e+00  4.60983e+05  4.84173e+43  4.60983e+05  5.46716e+43  4.30814e+05  5.19529e+43  4.02620e+05  5.30889e+43 -1.18769e-05
 4.11069e+00  4.60983e+05  5.20707e+43  4.60983e+05  6.70389e+43  4.30814e+05  5.45865e+43  4.02620e+05  5.80218e+43 -1.18769e-05
 4.24504e+00  4.60983e+05  6.04537e+43  4.45643e+05  6.33152e+43  4.30814e+05  5.97161e+43  3.89223e+05  6.19609e+43 -1.18769e-05
 4.38378e+00  4.60983e+05  7.36010e+43  4.45643e+05  6.29532e+43  4.30814e+05  6.73629e+43  3.89223e+05  6.23403e+43 -1.18769e-05
 4.52705e+00  4.45643e+05  7.39122e+43  4.45643e+05  6.67611e+43  4.16479e+05  7.33202e+43  3.89223e+05  6.38084e+43 -1.18769e-05
 4.67501e+00  4.45643e+05  7.23567e+43  4.45643e+05  7.47545e+43  4.16479e+05  7.20277e+43  3.89223e+05  6.63710e+43 -1.18769e-05
 4.82780e+00  4.45643e+05  7.56147e+43  4.45643e+05  8.69666e+43  4.16479e+05  7.33033e+43  3.89223e+05  7.00389e+43 -1.18769e-05
 4.98558e+00  4.45643e+05  8.36998e+43  4.30814e+05  9.16602e+43  4.16479e+05  7.71522e+43  3.89223e+05  7.48272e+43 -1.18769e-05
 5.14853e+00  4.45643e+05  9.66453e+43  4.30814e+05  8.99151e+43  4.16479e+05  8.35906e+43  3.89223e+05  8.07558e+43 -1.18769e-05
 5.31679e+00  4.30814e+05  1.07039e+44  4.30814e+05  9.24514e+43  4.16479e+05  9.26448e+43  3.89223e+05  8.78491e+43 -1.18769e-05
 5.49056e+00  4.30814e+05  1.03855e+44  4.30814e+05  9.92797e+43  4.02620e+05  9.95982e+43  3.76271e+05  8.95103e+43 -1.18769e-05
 5.67001e+00  4.30814e+05  1.05615e+44  4.30814e+05  1.10428e+44  4.02620e+05  9.86867e+43  3.76271e+05  9.11134e+43 -1.18769e-05
 5.85532e+00  4.30814e+05  1.12326e+44  4.30814e+05  1.25943e+44  4.02620e+05  1.00454e+44  3.76271e+05  9.39242e+43 -1.18769e-05
 6.04668e+00  4.30814e+05  1.24016e+44  4.16479e+05  1.25919e+44  4.02620e+05  1.04906e+44  3.76271e+05  9.79542e+43 -1.18769e-05
 6.24430e+00  4.30814e+05  1.40734e+44  4.16479e+05  1.26032e+44  4.02620e+05  1.12063e+44  3.76271e+05  1.03220e+44 -1.18769e-05
 6.44838e+00  4.16479e+05  1.46115e+44  4.16479e+05  1.30577e+44  4.02620e+05  1.21954e+44  3.76271e+05  1.09744e+44 -1.18769e-05
 6.65913e+00  4.16479e+05  1.45037e+44  4.16479e+05  1.39571e+44  4.02620e+05  1.34619e+44  3.76271e+05  1.17552e+44 -1.18769e-05
 6.87677e+00  4.16479e+05  1.49075e+44  4.16479e+05  1.53052e+44  3.89223e+05  1.33456e+44  3.76271e+05  1.26678e+44 -1.18769e-05
 7.10152e+00  4.16479e+05  1.58243e+44  4.16479e+05  1.71076e+44  3.89223e+05  1.34906e+44  3.63750e+05  1.32367e+44 -1.18769e-05
 7.33362e+00  4.16479e+05  1.72580e+44  4.02620e+05  1.71849e+44  3.89223e+05  1.39184e+44  3.63750e+05  1.34521e+44 -1.18769e-05
 7.57330e+00  4.16479e+05  1.92146e+44  4.02620e+05  1.72702e+44  3.89223e+05  1.46309e+44  3.63750e+05  1.38063e+44 -1.18769e-05
 7.82082e+00  4.02620e+05  1.98981e+44  4.02620e+05  1.78178e+44  3.89223e+05  1.56309e+44  3.63750e+05  1.43006e+44 -1.18769e-05
 8.07642e+00  4.02620e+05  1.98705e+44  4.02620e+05  1.88302e+44  3.89223e+05  1.69225e+44  3.63750e+05  1.49371e+44 -1.18769e-05
 8.34038e+00  4.02620e+05  2.03765e+44  4.02620e+05  2.03114e+44  3.76271e+05  1.79716e+44  3.63750e+05  1.57185e+44 -1.18769e-05
 8.61296e+00  4.02620e+05  2.14183e+44  4.02620e+05  2.22676e+44  3.76271e+05  1.79765e+44  3.63750e+05  1.66481e+44 -1.18769e-05
 8.89446e+00  4.02620e+05  2.30001e+44  3.89223e+05  2.32516e+44  3.76271e+05  1.82828e+44  3.63750e+05  1.77296e+44 -1.18769e-05
 9.18515e+00  4.02620e+05  2.51286e+44  3.89223e+05  2.32682e+44  3.76271e+05  1.88917e+44  3.63750e+05  1.89675e+44 -1.18769e-05
 9.48535e+00  3.89223e+05  2.69262e+44  3.89223e+05  2.37721e+44  3.76271e+05  1.98058e+44  3.51646e+05  2.03490e+44 -1.18769e-05
 9.79535e+00  3.89223e+05  2.68126e+44  3.89223e+05  2.47653e+44  3.76271e+05  2.10289e+44  3.51646e+05  2.06432e+44 -1.18769e-05
 1.01155e+01  3.89223e+05  2.72613e+44  3.89223e+05  2.62519e+44  3.76271e+05  2.25660e+44  3.51646e+05  2.11058e+44 -1.18769e-05
 1.04461e+01  3.89223e+05  2.82743e+44  3.89223e+05  2.82381e+44  3.63750e+05  2.40937e+44  3.51646e+05  2.17388e+44 -1.18769e-05
 1.07875e+01  3.89223e+05  2.98557e+44  3.89223e+05  3.07321e+44  3.63750e+05  2.41312e+44  3.51646e+05  2.25448e+44 -1.18769e-05
 1.11401e+01  3.89223e+05  3.20121e+44  3.76271e+05  3.11600e+44  3.63750e+05  2.44955e+44  3.51646e+05  2.35272e+44 -1.18769e-05
 1.15041e+01  3.89223e+05  3.47523e+44  3.76271e+05  3.14364e+44  3.63750e+05  2.51881e+44  3.51646e+05  2.46900e+44 -1.18769e-05
 1.18801e+01  3.76271e+05  3.59928e+44  3.76271e+05  3.22338e+44  3.63750e+05  2.62120e+44  3.51646e+05  2.60380e+44 -1.18769e-05
 1.22684e+01  3.76271e+05  3.61700e+44  3.76271e+05  3.35556e+44  3.63750e+05  2.75715e+44  3.51646e+05  2.75768e+44 -1.18769e-05
 1.26694e+01  3.76271e+05  3.69484e+44  3.76271e+05  3.54071e+44  3.63750e+05  2.92720e+44  3.51646e+05  2.93129e+44 -1.18769e-05
 1.30834e+01  3.76271e+05  3.83310e+44  3.76271e+05  3.77961e+44  3.63750e+05  3.13206e+44  3.51646e+05  3.12533e+44 -1.18769e-05
 1.35110e+01  3.76271e+05  4.03237e+44  3.76271e+05  4.07325e+44  3.51646e+05  3.24020e+44  3.39945e+05  3.31035e+44 -1.18769e-05
 1.39526e+01  3.76271e+05  4.29347e+44  3.63750e+05  4.17972e+44  3.51646e+05  3.26719e+44  3.39945e+05  3.36747e+44 -1.18769e-05
 1.44086e+01  3.76271e+05  4.61748e+44  3.63750e+05  4.21494e+44  3.51646e+05  3.33039e+44  3.39945e+05  3.44683e+44 -1.18769e-05
 1.48795e+01  3.63750e+05  4.82623e+44  3.63750e+05  4.30670e+44  3.51646e+05  3.43008e+44  3.39945e+05  3.54876e+44 -1.18769e-05
 1.53658e+01  3.63750e+05  4.85151e+44  3.63750e+05  4.45538e+44  3.51646e+05  3.56666e+44  3.39945e+05  3.67368e+44 -1.18769e-05
 1.58680e+01  3.63750e+05  4.94201e+44  3.63750e+05  4.66159e+44  3.51646e+05  3.74071e+44  3.39945e+05  3.82211e+44 -1.18769e-05
 1.63866e+01  3.63750e+05  5.09809e+44  3.63750e+05  4.92618e+44  3.51646e+05  3.95293e+44  3.39945e+05  3.99466e+44 -1.18769e-05
 1.69222e+01  3.63750e+05  5.32042e+44  3.63750e+05  5.25025e+44  3.51646e+05  4.20422e+44  3.39945e+05  4.19205e+44 -1.18769e-05
 1.74753e+01  3.63750e+05  5.60991e+44  3.51646e+05  5.62364e+44  3.39945e+05  4.39048e+44  3.39945e+05  4.41510e+44 -1.18769e-05
 1.80464e+01  3.63750e+05  5.96775e+44  3.51646e+05  5.63931e+44  3.39945e+05  4.42495e+44  3.39945e+05  4.66472e+44 -1.18769e-05
 1.86362e+01  3.63750e+05  6.39544e+44  3.51646e+05  5.71740e+44  3.39945e+05  4.50044e+44  3.39945e+05  4.94196e+44 -1.18769e-05
 1.92453e+01  3.51646e+05  6.50094e+44  3.51646e+05  5.85825e+44  3.39945e+05  4.61726e+44  3.39945e+05  5.24795e+44 -1.18769e-05
 1.98743e+01  3.51646e+05  6.57406e+44  3.51646e+05  6.06244e+44  3.39945e+05  4.77588e+44  3.39945e+05  5.58396e+44 -1.18769e-05
 2.05238e+01  3.51646e+05  6.71952e+44  3.51646e+05  6.33081e+44  3.39945e+05  4.97697e+44  3.28633e+05  5.72025e+44 -1.18769e-05
 2.11946e+01  3.51646e+05  6.93793e+44  3.51646e+05  6.66447e+44  3.39945e+05  5.22135e+44  3.28633e+05  5.84194e+44 -1.18769e-05
 2.18873e+01  3.51646e+05  7.23020e+44  3.51646e+05  7.06480e+44  3.39945e+05  5.51005e+44  3.28633e+05  5.99611e+44 -1.18769e-05
 2.26026e+01  3.51646e+05  7.59753e+44  3.51646e+05  7.53347e+44  3.39945e+05  5.84425e+44  3.28633e+05  6.18340e+44 -1.18769e-05
 2.33413e+01  3.51646e+05  8.04144e+44  3.39945e+05  7.63789e+44  3.28633e+05  6.02041e+44  3.28633e+05  6.40459e+44 -1.18769e-05
 2.41042e+01  3.51646e+05  8.56377e+44  3.39945e+05  7.73269e+44  3.28633e+05  6.08366e+44  3.28633e+05  6.66059e+44 -1.18769e-05
 2.48920e+01  3.39945e+05  8.80555e+44  3.39945e+05  7.89858e+44  3.28633e+05  6.19479e+44  3.28633e+05  6.95245e+44 -1.18769e-05
 2.57055e+01  3.39945e+05  8.89569e+44  3.39945e+05  8.13625e+44  3.28633e+05  6.35425e+44  3.28633e+05  7.28140e+44 -1.18769e-05
 2.65456e+01  3.39945e+05  9.06778e+44  3.39945e+05  8.44669e+44  3.28633e+05  6.56271e+44  3.28633e+05  7.64878e+44 -1.18769e-05
 2.74132e+01  3.39945e+05  9.32255e+44  3.39945e+05  8.83118e+44  3.28633e+05  6.82103e+44  3.28633e+05  8.05613e+44 -1.18769e-05
 2.83091e+01  3.39945e+05  9.66103e+44  3.39945e+05  9.29131e+44  3.28633e+05  7.13028e+44  3.28633e+05  8.50512e+44 -1.18769e-05
 2.92343e+01  3.39945e+05  1.00846e+45  3.39945e+05  9.82898e+44  3.28633e+05  7.49174e+44  3.28633e+05  8.99761e+44 -1.18769e-05
 3.01898e+01  3.39945e+05  1.05951e+45  3.28633e+05  1.04172e+45  3.28633e+05  7.90690e+44  3.28633e+05  9.53564e+44 -1.18769e-05
 3.11765e+01  3.39945e+05  1.11946e+45  3.28633e+05  1.04846e+45  3.17698e+05  8.33140e+44  3.17698e+05  1.01048e+45 -1.18769e-05
 3.21954e+01  3.39945e+05  1.18855e+45  3.28633e+05  1.06346e+45  3.17698e+05  8.39609e+44  3.17698e+05  1.02757e+45 -1.18769e-05
 3.32476e+01  3.28633e+05  1.20796e+45  3.28633e+05  1.08676e+45  3.17698e+05  8.51823e+44  3.17698e+05  1.04974e+45 -1.18769e-05
 3.43343e+01  3.28633e+05  1.22302e+45  3.28633e+05  1.11847e+45  3.17698e+05  8.69832e+44  3.17698e+05  1.07709e+45 -1.18769e-05
 3.54564e+01  3.28633e+05  1.24765e+45  3.28633e+05  1.15872e+45  3.17698e+05  8.93711e+44  3.17698e+05  1.10972e+45 -1.18769e-05
 3.66152e+01  3.28633e+05  1.28196e+45  3.28633e+05  1.20767e+45  3.17698e+05  9.23558e+44  3.17698e+05  1.14778e+45 -1.18769e-05
 3.78119e+01  3.28633e+05  1.32609e+45  3.28633e+05  1.26553e+45  3.17698e+05  9.59498e+44  3.17698e+05  1.19142e+45 -1.18769e-05
 3.90477e+01  3.28633e+05  1.38022e+45  3.28633e+05  1.33254e+45  3.17698e+05  1.00168e+45  3.17698e+05  1.24082e+45 -1.18769e-05
 4.03238e+01  3.28633e+05  1.44458e+45  3.28633e+05  1.40897e+45  3.17698e+05  1.05027e+45  3.17698e+05  1.29619e+45 -1.18769e-05
 4.16417e+01  3.28633e+05  1.51943e+45  3.17698e+05  1.44866e+45  3.17698e+05  1.10549e+45  3.17698e+05  1.35775e+45 -1.18769e-05
 4.30027e+01  3.28633e+05  1.60508e+45  3.17698e+05  1.46467e+45  3.17698e+05  1.16754e+45  3.17698e+05  1.42576e+45 -1.18769e-05
 4.44081e+01  3.17698e+05  1.67008e+45  3.17698e+05  1.49064e+45  3.07126e+05  1.18029e+45  3.17698e+05  1.50050e+45 -1.18769e-05
 4.58595e+01  3.17698e+05  1.68585e+45  3.17698e+05  1.52669e+45  3.07126e+05  1.19593e+45  3.17698e+05  1.58229e+45 -1.18769e-05
 4.73583e+01  3.17698e+05  1.71311e+45  3.17698e+05  1.57298e+45  3.07126e+05  1.21879e+45  3.17698e+05  1.67145e+45 -1.18769e-05
 4.89061e+01  3.17698e+05  1.75198e+45  3.17698e+05  1.62967e+45  3.07126e+05  1.24896e+45  3.17698e+05  1.76836e+45 -1.18769e-05
 5.05045e+01  3.17698e+05  1.80261e+45  3.17698e+05  1.69703e+45  3.07126e+05  1.28658e+45  3.17698e+05  1.87341e+45 -1.18769e-05
 5.21551e+01  3.17698e+05  1.86521e+45  3.17698e+05  1.77531e+45  3.07126e+05  1.33178e+45  3.07126e+05  1.91065e+45 -1.18769e-05
 5.38597e+01  3.17698e+05  1.94005e+45  3.17698e+05  1.86486e+45  3.07126e+05  1.38477e+45  3.07126e+05  1.94924e+45 -1.18769e-05
 5.56199e+01  3.17698e+05  2.02743e+45  3.17698e+05  1.96602e+45  3.07126e+05  1.44576e+45  3.07126e+05  1.99674e+45 -1.18769e-05
 5.74378e+01  3.17698e+05  2.12772e+45  3.07126e+05  2.03657e+45  3.07126e+05  1.51500e+45  3.07126e+05  2.05333e+45 -1.18769e-05
 5.93150e+01  3.17698e+05  2.24133e+45  3.07126e+05  2.05718e+45  3.07126e+05  1.59279e+45  3.07126e+05  2.11924e+45 -1.18769e-05
 6.12535e+01  3.07126e+05  2.34808e+45  3.07126e+05  2.09022e+45  2.96907e+05  1.67713e+45  3.07126e+05  2.19476e+45 -1.18769e-05
 6.32555e+01  3.07126e+05  2.36851e+45  3.07126e+05  2.13582e+45  2.96907e+05  1.69068e+45  3.07126e+05  2.28019e+45 -1.18769e-05
 6.53228e+01  3.07126e+05  2.40326e+45  3.07126e+05  2.19417e+45  2.96907e+05  1.71348e+45  3.07126e+05  2.37588e+45 -1.18769e-05
 6.74577e+01  3.07126e+05  2.45247e+45  3.07126e+05  2.26550e+45  2.96907e+05  1.74565e+45  3.07126e+05  2.48224e+45 -1.18769e-05
 6.96624e+01  3.07126e+05  2.51634e+45  3.07126e+05  2.35012e+45  2.96907e+05  1.78732e+45  3.07126e+05  2.59971e+45 -1.18769e-05
 7.19392e+01  3.07126e+05  2.59514e+45  3.07126e+05  2.44838e+45  2.96907e+05  1.83865e+45  3.07126e+05  2.72876e+45 -1.18769e-05
 7.42903e+01  3.07126e+05  2.68919e+45  3.07126e+05  2.56068e+45  2.96907e+05  1.89986e+45  3.07126e+05  2.86994e+45 -1.18769e-05
 7.67183e+01  3.07126e+05  2.79889e+45  3.07126e+05  2.68749e+45  2.96907e+05  1.97120e+45  3.07126e+05  3.02382e+45 -1.18769e-05
 7.92257e+01  3.07126e+05  2.92468e+45  3.07126e+05  2.82932e+45  2.96907e+05  2.05297e+45  3.07126e+05  3.19105e+45 -1.18769e-05
 8.18150e+01  3.07126e+05  3.06709e+45  2.96907e+05  2.91534e+45  2.96907e+05  2.14550e+45  3.07126e+05  3.37231e+45 -1.18769e-05
 8.44889e+01  3.07126e+05  3.22671e+45  2.96907e+05  2.94639e+45  2.96907e+05  2.24919e+45  3.07126e+05  3.56837e+45 -1.18769e-05
 8.72502e+01  2.96907e+05  3.36057e+45  2.96907e+05  2.99355e+45  2.96907e+05  2.36445e+45  2.96907e+05  3.68127e+45 -1.18769e-05
 9.01018e+01  2.96907e+05  3.39206e+45  2.96907e+05  3.05700e+45  2.87027e+05  2.44711e+45  2.96907e+05  3.74822e+45 -1.18769e-05
 9.30466e+01  2.96907e+05  3.44210e+45  2.96907e+05  3.13702e+45  2.87027e+05  2.47126e+45  2.96907e+05  3.83152e+45 -1.18769e-05
 9.60876e+01  2.96907e+05  3.51089e+45  2.96907e+05  3.23392e+45  2.87027e+05  2.50791e+45  2.96907e+05  3.93151e+45 -1.18769e-05
 9.92280e+01  2.96907e+05  3.59873e+45  2.96907e+05  3.34812e+45  2.87027e+05  2.55720e+45  2.96907e+05  4.04859e+45 -1.18769e-05
 1.02471e+02  2.96907e+05  3.70598e+45  2.96907e+05  3.48008e+45  2.87027e+05  2.61935e+45  2.96907e+05  4.18326e+45 -1.18769e-05
 1.05820e+02  2.96907e+05  3.83308e+45  2.96907e+05  3.63036e+45  2.87027e+05  2.69461e+45  2.96907e+05  4.33608e+45 -1.18769e-05
 1.09278e+02  2.96907e+05  3.98056e+45  2.96907e+05  3.79957e+45  2.87027e+05  2.78329e+45  2.96907e+05  4.50767e+45 -1.18769e-05
 1.12850e+02  2.96907e+05  4.14902e+45  2.96907e+05  3.98841e+45  2.87027e+05  2.88576e+45  2.96907e+05  4.69874e+45 -1.18769e-05
 1.16538e+02  2.96907e+05  4.33917e+45  2.96907e+05  4.19767e+45  2.87027e+05  3.00244e+45  2.96907e+05  4.91009e+45 -1.18769e-05
 1.20347e+02  2.96907e+05  4.55179e+45  2.87027e+05  4.25653e+45  2.87027e+05  3.13382e+45  2.96907e+05  5.14260e+45 -1.18769e-05
 1.24280e+02  2.96907e+05  4.78776e+45  2.87027e+05  4.30853e+45  2.87027e+05  3.28043e+45  2.96907e+05  5.39721e+45 -1.18769e-05
 1.28342e+02  2.87027e+05  4.90447e+45  2.87027e+05  4.38228e+45  2.87027e+05  3.44290e+45  2.96907e+05  5.67499e+45 -1.18769e-05
 1.32537e+02  2.87027e+05  4.95862e+45  2.87027e+05  4.47806e+45  2.77476e+05  3.62029e+45  2.96907e+05  5.97709e+45 -1.18769e-05
 1.36868e+02  2.87027e+05  5.03781e+45  2.87027e+05  4.59629e+45  2.77476e+05  3.64850e+45  2.96907e+05  6.30475e+45 -1.18769e-05
 1.41341e+02  2.87027e+05  5.14236e+45  2.87027e+05  4.73745e+45  2.77476e+05  3.69408e+45  2.96907e+05  6.65934e+45 -1.18769e-05
 1.45961e+02  2.87027e+05  5.27271e+45  2.87027e+05  4.90212e+45  2.77476e+05  3.75721e+45  2.96907e+05  7.04232e+45 -1.18769e-05
 1.50731e+02  2.87027e+05  5.42939e+45  2.87027e+05  5.09099e+45  2.77476e+05  3.83817e+45  2.87027e+05  7.36807e+45 -1.18769e-05
 1.55658e+02  2.87027e+05  5.61306e+45  2.87027e+05  5.30484e+45  2.77476e+05  3.93727e+45  2.87027e+05  7.48641e+45 -1.18769e-05
 1.60745e+02  2.87027e+05  5.82446e+45  2.87027e+05  5.54455e+45  2.77476e+05  4.05495e+45  2.87027e+05  7.63657e+45 -1.18769e-05
 1.65998e+02  2.87027e+05  6.06449e+45  2.87027e+05  5.81112e+45  2.77476e+05  4.19167e+45  2.87027e+05  7.81916e+45 -1.18769e-05
 1.71424e+02  2.87027e+05  6.33413e+45  2.87027e+05  6.10565e+45  2.77476e+05  4.34801e+45  2.87027e+05  8.03494e+45 -1.18769e-05
 1.77026e+02  2.87027e+05  6.63450e+45  2.77476e+05  6.28999e+45  2.77476e+05  4.52462e+45  2.87027e+05  8.28480e+45 -1.18769e-05
 1.82812e+02  2.87027e+05  6.96683e+45  2.77476e+05  6.35294e+45  2.77476e+05  4.72222e+45  2.87027e+05  8.56978e+45 -1.18769e-05
 1.88787e+02  2.77476e+05  7.25093e+45  2.77476e+05  6.44609e+45  2.77476e+05  4.94163e+45  2.87027e+05  8.89105e+45 -1.18769e-05
 1.94957e+02  2.77476e+05  7.31543e+45  2.77476e+05  6.56983e+45  2.77476e+05  5.18377e+45  2.87027e+05  9.24995e+45 -1.18769e-05
 2.01328e+02  2.77476e+05  7.41472e+45  2.77476e+05  6.72467e+45  2.77476e+05  5.44962e+45  2.87027e+05  9.64796e+45 -1.18769e-05
 2.07908e+02  2.77476e+05  7.54920e+45  2.77476e+05  6.91124e+45  2.68243e+05  5.51152e+45  2.87027e+05  1.00867e+46 -1.18769e-05
 2.14703e+02  2.77476e+05  7.71944e+45  2.77476e+05  7.13033e+45  2.68243e+05  5.57497e+45  2.87027e+05  1.05681e+46 -1.18769e-05
 2.21720e+02  2.77476e+05  7.92615e+45  2.77476e+05  7.38283e+45  2.68243e+05  5.66375e+45  2.87027e+05  1.10940e+46 -1.18769e-05
 2.28967e+02  2.77476e+05  8.17017e+45  2.77476e+05  7.66980e+45  2.68243e+05  5.77825e+45  2.87027e+05  1.16666e+46 -1.18769e-05
 2.36450e+02  2.77476e+05  8.45251e+45  2.77476e+05  7.99242e+45  2.68243e+05  5.91893e+45  2.87027e+05  1.22884e+46 -1.18769e-05
 2.44178e+02  2.77476e+05  8.77435e+45  2.77476e+05  8.35202e+45  2.68243e+05  6.08638e+45  2.87027e+05  1.29619e+46 -1.18769e-05
 2.52158e+02  2.77476e+05  9.13701e+45  2.77476e+05  8.75010e+45  2.68243e+05  6.28128e+45  2.87027e+05  1.36898e+46 -1.18769e-05
 2.60399e+02  2.77476e+05  9.54201e+45  2.77476e+05  9.18830e+45  2.68243e+05  6.50445e+45  2.87027e+05  1.44752e+46 -1.18769e-05
 2.68910e+02  2.77476e+05  9.99100e+45  2.68243e+05  9.50443e+45  2.68243e+05  6.75680e+45  2.87027e+05  1.53213e+46 -1.18769e-05
 2.77699e+02  2.77476e+05  1.04859e+46  2.68243e+05  9.59118e+45  2.68243e+05  7.03939e+45  2.77476e+05  1.55672e+46 -1.18769e-05
 2.86774e+02  2.68243e+05  1.09584e+46  2.68243e+05  9.72153e+45  2.68243e+05  7.35338e+45  2.77476e+05  1.58489e+46 -1.18769e-05
 2.96147e+02  2.68243e+05  1.10467e+46  2.68243e+05  9.89603e+45  2.68243e+05  7.70008e+45  2.77476e+05  1.61970e+46 -1.18769e-05
 3.05826e+02  2.68243e+05  1.11853e+46  2.68243e+05  1.01154e+46  2.68243e+05  8.08091e+45  2.77476e+05  1.66129e+46 -1.18769e-05
 3.15821e+02  2.68243e+05  1.13747e+46  2.68243e+05  1.03805e+46  2.59317e+05  8.46262e+45  2.77476e+05  1.70984e+46 -1.18769e-05
 3.26143e+02  2.68243e+05  1.16157e+46  2.68243e+05  1.06925e+46  2.59317e+05  8.52530e+45  2.77476e+05  1.76556e+46 -1.18769e-05
 3.36802e+02  2.68243e+05  1.19092e+46  2.68243e+05  1.10527e+46  2.59317e+05  8.62554e+45  2.77476e+05  1.82866e+46 -1.18769e-05
 3.47810e+02  2.68243e+05  1.22565e+46  2.68243e+05  1.14625e+46  2.59317e+05  8.76374e+45  2.77476e+05  1.89941e+46 -1.18769e-05
 3.59177e+02  2.68243e+05  1.26591e+46  2.68243e+05  1.19236e+46  2.59317e+05  8.94047e+45  2.77476e+05  1.97811e+46 -1.18769e-05
 3.70916e+02  2.68243e+05  1.31186e+46  2.68243e+05  1.24380e+46  2.59317e+05  9.15648e+45  2.77476e+05  2.06508e+46 -1.18769e-05
 3.83038e+02  2.68243e+05  1.36369e+46  2.68243e+05  1.30078e+46  2.59317e+05  9.41265e+45  2.77476e+05  2.16067e+46 -1.18769e-05
 3.95557e+02  2.68243e+05  1.42162e+46  2.68243e+05  1.36354e+46  2.59317e+05  9.71005e+45  2.77476e+05  2.26529e+46 -1.18769e-05
 4.08485e+02  2.68243e+05  1.48587e+46  2.68243e+05  1.43232e+46  2.59317e+05  1.00499e+46  2.77476e+05  2.37937e+46 -1.18769e-05
 4.21835e+02  2.68243e+05  1.55673e+46  2.59317e+05  1.46969e+46  2.59317e+05  1.04336e+46  2.77476e+05  2.50338e+46 -1.18769e-05
 4.35622e+02  2.68243e+05  1.63449e+46  2.59317e+05  1.48358e+46  2.59317e+05  1.08628e+46  2.77476e+05  2.63783e+46 -1.18769e-05
 4.49859e+02  2.59317e+05  1.69436e+46  2.59317e+05  1.50401e+46  2.59317e+05  1.13392e+46  2.77476e+05  2.78328e+46 -1.18769e-05
 4.64562e+02  2.59317e+05  1.70863e+46  2.59317e+05  1.53104e+46  2.59317e+05  1.18647e+46  2.77476e+05  2.94034e+46 -1.18769e-05
 4.79745e+02  2.59317e+05  1.73042e+46  2.59317e+05  1.56480e+46  2.59317e+05  1.24417e+46  2.77476e+05  3.10964e+46 -1.18769e-05
 4.95424e+02  2.59317e+05  1.75982e+46  2.59317e+05  1.60543e+46  2.59317e+05  1.30724e+46  2.77476e+05  3.29190e+46 -1.18769e-05
 5.11616e+02  2.59317e+05  1.79696e+46  2.59317e+05  1.65310e+46  2.50688e+05  1.34063e+46  2.68243e+05  3.37395e+46 -1.18769e-05
 5.28337e+02  2.59317e+05  1.84198e+46  2.59317e+05  1.70800e+46  2.50688e+05  1.35261e+46  2.68243e+05  3.42954e+46 -1.18769e-05
 5.45604e+02  2.59317e+05  1.89508e+46  2.59317e+05  1.77035e+46  2.50688e+05  1.37041e+46  2.68243e+05  3.49940e+46 -1.18769e-05
 5.63436e+02  2.59317e+05  1.95648e+46  2.59317e+05  1.84043e+46  2.50688e+05  1.39412e+46  2.68243e+05  3.58383e+46 -1.18769e-05
 5.81850e+02  2.59317e+05  2.02642e+46  2.59317e+05  1.91851e+46  2.50688e+05  1.42382e+46  2.68243e+05  3.68317e+46 -1.18769e-05
 6.00867e+02  2.59317e+05  2.10520e+46  2.59317e+05  2.00492e+46  2.50688e+05  1.45964e+46  2.68243e+05  3.79784e+46 -1.18769e-05
 6.20505e+02  2.59317e+05  2.19314e+46  2.59317e+05  2.10002e+46  2.50688e+05  1.50172e+46  2.68243e+05  3.92831e+46 -1.18769e-05
 6.40784e+02  2.59317e+05  2.29061e+46  2.59317e+05  2.20420e+46  2.50688e+05  1.55025e+46  2.68243e+05  4.07512e+46 -1.18769e-05
 6.61727e+02  2.59317e+05  2.39801e+46  2.50688e+05  2.31430e+46  2.50688e+05  1.60542e+46  2.68243e+05  4.23887e+46 -1.18769e-05
 6.83354e+02  2.59317e+05  2.51579e+46  2.50688e+05  2.32972e+46  2.50688e+05  1.66747e+46  2.68243e+05  4.42025e+46 -1.18769e-05
 7.05688e+02  2.59317e+05  2.64443e+46  2.50688e+05  2.35517e+46  2.50688e+05  1.73664e+46  2.68243e+05  4.62001e+46 -1.18769e-05
 7.28751e+02  2.50688e+05  2.68488e+46  2.50688e+05  2.39075e+46  2.50688e+05  1.81322e+46  2.68243e+05  4.83897e+46 -1.18769e-05
 7.52569e+02  2.50688e+05  2.71152e+46  2.50688e+05  2.43662e+46  2.50688e+05  1.89754e+46  2.68243e+05  5.07804e+46 -1.18769e-05
 7.77165e+02  2.50688e+05  2.74983e+46  2.50688e+05  2.49297e+46  2.50688e+05  1.98993e+46  2.68243e+05  5.33821e+46 -1.18769e-05
 8.02565e+02  2.50688e+05  2.79997e+46  2.50688e+05  2.56002e+46  2.50688e+05  2.09079e+46  2.68243e+05  5.62056e+46 -1.18769e-05
 8.28794e+02  2.50688e+05  2.86215e+46  2.50688e+05  2.63806e+46  2.42346e+05  2.16564e+46  2.68243e+05  5.92624e+46 -1.18769e-05
 8.55882e+02  2.50688e+05  2.93663e+46  2.50688e+05  2.72741e+46  2.42346e+05  2.18163e+46  2.68243e+05  6.25654e+46 -1.18769e-05
 8.83854e+02  2.50688e+05  3.02371e+46  2.50688e+05  2.82843e+46  2.42346e+05  2.20687e+46  2.68243e+05  6.61281e+46 -1.18769e-05
 9.12741e+02  2.50688e+05  3.12375e+46  2.50688e+05  2.94155e+46  2.42346e+05  2.24148e+46  2.68243e+05  6.99653e+46 -1.18769e-05
 9.42571e+02  2.50688e+05  3.23718e+46  2.50688e+05  3.06724e+46  2.42346e+05  2.28559e+46  2.68243e+05  7.40929e+46 -1.18769e-05
 9.73377e+02  2.50688e+05  3.36445e+46  2.50688e+05  3.20601e+46  2.42346e+05  2.33938e+46  2.59317e+05  7.62368e+46 -1.18769e-05
 1.00519e+03  2.50688e+05  3.50610e+46  2.50688e+05  3.35844e+46  2.42346e+05  2.40309e+46  2.59317e+05  7.74029e+46 -1.18769e-05
 1.03804e+03  2.50688e+05  3.66271e+46  2.50688e+05  3.52516e+46  2.42346e+05  2.47696e+46  2.59317e+05  7.88900e+46 -1.18769e-05
 1.07197e+03  2.50688e+05  3.83493e+46  2.50688e+05  3.70686e+46  2.42346e+05  2.56132e+46  2.59317e+05  8.07045e+46 -1.18769e-05
 1.10700e+03  2.50688e+05  4.02347e+46  2.42346e+05  3.76044e+46  2.42346e+05  2.65650e+46  2.59317e+05  8.28539e+46 -1.18769e-05
 1.14318e+03  2.50688e+05  4.22912e+46  2.42346e+05  3.79561e+46  2.42346e+05  2.76290e+46  2.59317e+05  8.53469e+46 -1.18769e-05
 1.18054e+03  2.42346e+05  4.33528e+46  2.42346e+05  3.84687e+46  2.42346e+05  2.88096e+46  2.59317e+05  8.81940e+46 -1.18769e-05
 1.21913e+03  2.42346e+05  4.37152e+46  2.42346e+05  3.91444e+46  2.42346e+05  3.01118e+46  2.59317e+05  9.14069e+46 -1.18769e-05
 1.25897e+03  2.42346e+05  4.42630e+46  2.42346e+05  3.99861e+46  2.42346e+05  3.15408e+46  2.59317e+05  9.49989e+46 -1.18769e-05
 1.30012e+03  2.42346e+05  4.49985e+46  2.42346e+05  4.09971e+46  2.42346e+05  3.31026e+46  2.59317e+05  9.89849e+46 -1.18769e-05
 1.34261e+03  2.42346e+05  4.59248e+46  2.42346e+05  4.21817e+46  2.42346e+05  3.48037e+46  2.59317e+05  1.03381e+47 -1.18769e-05
 1.38649e+03  2.42346e+05  4.70456e+46  2.42346e+05  4.35448e+46  2.34282e+05  3.59353e+46  2.59317e+05  1.08206e+47 -1.18769e-05
 1.43180e+03  2.42346e+05  4.83656e+46  2.42346e+05  4.50920e+46  2.34282e+05  3.61882e+46  2.59317e+05  1.13480e+47 -1.18769e-05
 1.47860e+03  2.42346e+05  4.98903e+46  2.42346e+05  4.68298e+46  2.34282e+05  3.65932e+46  2.59317e+05  1.19224e+47 -1.18769e-05
 1.52692e+03  2.42346e+05  5.16260e+46  2.42346e+05  4.87652e+46  2.34282e+05  3.71519e+46  2.59317e+05  1.25463e+47 -1.18769e-05
 1.57683e+03  2.42346e+05  5.35798e+46  2.42346e+05  5.09064e+46  2.34282e+05  3.78665e+46  2.59317e+05  1.32221e+47 -1.18769e-05
 1.62836e+03  2.42346e+05  5.57599e+46  2.42346e+05  5.32621e+46  2.34282e+05  3.87402e+46  2.59317e+05  1.39528e+47 -1.18769e-05
 1.68158e+03  2.42346e+05  5.81753e+46  2.42346e+05  5.58422e+46  2.34282e+05  3.97765e+46  2.59317e+05  1.47413e+47 -1.18769e-05
 1.73654e+03  2.42346e+05  6.08359e+46  2.42346e+05  5.86573e+46  2.34282e+05  4.09796e+46  2.59317e+05  1.55909e+47 -1.18769e-05
 1.79329e+03  2.42346e+05  6.37529e+46  2.42346e+05  6.17190e+46  2.34282e+05  4.23546e+46  2.59317e+05  1.65050e+47 -1.18769e-05
 1.85190e+03  2.42346e+05  6.69381e+46  2.34282e+05  6.23853e+46  2.34282e+05  4.39072e+46  2.59317e+05  1.74876e+47 -1.18769e-05
 1.91243e+03  2.42346e+05  7.04050e+46  2.34282e+05  6.29461e+46  2.34282e+05  4.56437e+46  2.50688e+05  1.79547e+47 -1.18769e-05
 1.97493e+03  2.34282e+05  7.19276e+46  2.34282e+05  6.37713e+46  2.34282e+05  4.75714e+46  2.50688e+05  1.82171e+47 -1.18769e-05
 2.03948e+03  2.34282e+05  7.25034e+46  2.34282e+05  6.48643e+46  2.34282e+05  4.96983e+46  2.50688e+05  1.85549e+47 -1.18769e-05
 2.10613e+03  2.34282e+05  7.33838e+46  2.34282e+05  6.62296e+46  2.34282e+05  5.20331e+46  2.50688e+05  1.89696e+47 -1.18769e-05
 2.17497e+03  2.34282e+05  7.45724e+46  2.34282e+05  6.78730e+46  2.34282e+05  5.45855e+46  2.50688e+05  1.94628e+47 -1.18769e-05
 2.24605e+03  2.34282e+05  7.60741e+46  2.34282e+05  6.98011e+46  2.34282e+05  5.73660e+46  2.50688e+05  2.00367e+47 -1.18769e-05
 2.31946e+03  2.34282e+05  7.78951e+46  2.34282e+05  7.20221e+46  2.34282e+05  6.03863e+46  2.50688e+05  2.06936e+47 -1.18769e-05
 2.39526e+03  2.34282e+05  8.00431e+46  2.34282e+05  7.45450e+46  2.26486e+05  6.13033e+46  2.50688e+05  2.14362e+47 -1.18769e-05
 2.47355e+03  2.34282e+05  8.25268e+46  2.34282e+05  7.73803e+46  2.26486e+05  6.17843e+46  2.50688e+05  2.22676e+47 -1.18769e-05
 2.55439e+03  2.34282e+05  8.53565e+46  2.34282e+05  8.05397e+46  2.26486e+05  6.25232e+46  2.50688e+05  2.31913e+47 -1.18769e-05
 2.63787e+03  2.34282e+05  8.85440e+46  2.34282e+05  8.40364e+46  2.26486e+05  6.35231e+46  2.50688e+05  2.42110e+47 -1.18769e-05
 2.72409e+03  2.34282e+05  9.21025e+46  2.34282e+05  8.78848e+46  2.26486e+05  6.47883e+46  2.50688e+05  2.53310e+47 -1.18769e-05
 2.81312e+03  2.34282e+05  9.60466e+46  2.34282e+05  9.21007e+46  2.26486e+05  6.63238e+46  2.50688e+05  2.65559e+47 -1.18769e-05
 2.90506e+03  2.34282e+05  1.00393e+47  2.34282e+05  9.67018e+46  2.26486e+05  6.81360e+46  2.50688e+05  2.78908e+47 -1.18769e-05
 3.00000e+03  2.34282e+05  1.05159e+47  2.34282e+05  1.01707e+47  2.26486e+05  7.02325e+46  2.50688e+05  2.93412e+47 -1.18769e-05
