radius_rg T_0deg chi2_0deg T_15deg chi2_15deg T_30deg chi2_30deg T_45deg chi2_45deg nuLnusavg_last
 2.00000e-01  1.03853e+06  7.00985e+43  1.03853e+06  5.05614e+43  9.38269e+05  1.25048e+43  7.92211e+05  3.58228e+41  2.70721e-06
 2.06537e-01  1.03853e+06  6.26123e+43  1.00397e+06  4.48335e+43  9.07048e+05  1.15755e+43  7.92211e+05  2.10576e+41  2.70721e-06
 2.13287e-01  1.03853e+06  5.87635e+43  1.00397e+06  4.04749e+43  9.07048e+05  8.98555e+42  7.92211e+05  7.52043e+41  2.70721e-06
 2.20257e-01  1.00397e+06  5.34826e+43  1.00397e+06  3.92095e+43  9.07048e+05  8.16645e+42  7.65850e+05  4.19407e+41  2.70721e-06
 2.27456e-01  1.00397e+06  4.76030e+43  9.70565e+05  3.30035e+43  8.76865e+05  7.70260e+42  7.65850e+05  1.02701e+41  2.70721e-06
 2.34890e-01  1.00397e+06  4.52988e+43  9.70565e+05  2.97643e+43  8.76865e+05  5.33436e+42  7.65850e+05  4.74667e+41  2.70721e-06
 2.42567e-01  9.70565e+05  3.95089e+43  9.38269e+05  2.85869e+43  8.76865e+05  4.72180e+42  7.40366e+05  1.11502e+42  2.70721e-06
 2.50494e-01  9.70565e+05  3.49348e+43  9.38269e+05  2.31896e+43  8.47687e+05  5.04700e+42  7.40366e+05  5.49475e+41  2.70721e-06
 2.58681e-01  9.70565e+05  3.38835e+43  9.38269e+05  2.08139e+43  8.47687e+05  2.73783e+42  7.40366e+05  6.74451e+41  2.70721e-06
 2.67136e-01  9.38269e+05  2.79344e+43  9.07048e+05  2.00062e+43  8.47687e+05  2.17360e+42  7.40366e+05  1.49047e+42  2.70721e-06
 2.75866e-01  9.38269e+05  2.43681e+43  9.07048e+05  1.52492e+43  8.47687e+05  3.35198e+42  7.15730e+05  1.71069e+42  2.70721e-06
 2.84882e-01  9.38269e+05  2.42810e+43  9.07048e+05  1.34809e+43  8.19480e+05  1.26192e+42  7.15730e+05  1.50191e+42  2.70721e-06
 2.94193e-01  9.07048e+05  1.85944e+43  8.76865e+05  1.34981e+43  8.19480e+05  5.80373e+41  7.15730e+05  1.98759e+42  2.70721e-06
 3.03808e-01  9.07048e+05  1.57382e+43  8.76865e+05  9.11366e+42  8.19480e+05  1.63484e+42  7.15730e+05  3.16974e+42  2.70721e-06
 3.13737e-01  9.07048e+05  1.63254e+43  8.76865e+05  7.69263e+42  7.92211e+05  1.04423e+42  6.91914e+05  3.17496e+42  2.70721e-06
 3.23991e-01  8.76865e+05  1.14108e+43  8.47687e+05  9.08647e+42  7.92211e+05  6.88678e+40  6.91914e+05  3.23395e+42  2.70721e-06
 3.34580e-01  8.76865e+05  8.96229e+42  8.47687e+05  4.79893e+42  7.92211e+05  8.27398e+41  6.91914e+05  3.99456e+42  2.70721e-06
 3.45515e-01  8.76865e+05  9.92920e+42  8.47687e+05  3.45695e+42  7.65850e+05  2.31310e+42  6.91914e+05  5.45996e+42  2.70721e-06
 3.56807e-01  8.47687e+05  6.40397e+42  8.47687e+05  5.05496e+42  7.65850e+05  8.52067e+41  6.68890e+05  5.52563e+42  2.70721e-06
 3.68468e-01  8.47687e+05  4.05161e+42  8.19480e+05  2.42088e+42  7.65850e+05  1.12817e+42  6.68890e+05  5.75524e+42  2.70721e-06
 3.80511e-01  8.47687e+05  5.09431e+42  8.19480e+05  8.76971e+41  7.65850e+05  3.14255e+42  6.68890e+05  6.69692e+42  2.70721e-06
 3.92947e-01  8.19480e+05  3.71144e+42  8.19480e+05  2.26238e+42  7.40366e+05  3.25551e+42  6.68890e+05  8.35455e+42  2.70721e-06
 4.05790e-01  8.19480e+05  1.12869e+42  7.92211e+05  2.21802e+42  7.40366e+05  2.84259e+42  6.46632e+05  8.85694e+42  2.70721e-06
 4.19052e-01  8.19480e+05  1.92891e+42  7.92211e+05  1.72527e+41  7.40366e+05  4.17504e+42  6.46632e+05  9.14721e+42  2.70721e-06
 4.32748e-01  7.92211e+05  3.61385e+42  7.92211e+05  1.05344e+42  7.40366e+05  7.25838e+42  6.46632e+05  1.01636e+43  2.70721e-06
 4.46891e-01  7.92211e+05  4.52370e+41  7.65850e+05  4.58426e+42  7.15730e+05  6.41998e+42  6.46632e+05  1.19103e+43  2.70721e-06
 4.61496e-01  7.92211e+05  6.71060e+41  7.65850e+05  1.71113e+42  7.15730e+05  6.84353e+42  6.25115e+05  1.33744e+43  2.70721e-06
 4.76579e-01  7.92211e+05  4.27083e+42  7.65850e+05  1.77076e+42  7.15730e+05  9.02902e+42  6.25115e+05  1.35959e+43  2.70721e-06
 4.92155e-01  7.65850e+05  2.45405e+42  7.65850e+05  4.76342e+42  6.91914e+05  1.25099e+43  6.25115e+05  1.45620e+43  2.70721e-06
 5.08240e-01  7.65850e+05  1.72303e+42  7.40366e+05  6.05337e+42  6.91914e+05  1.17605e+43  6.25115e+05  1.62765e+43  2.70721e-06
 5.24851e-01  7.65850e+05  4.37743e+42  7.40366e+05  4.94031e+42  6.91914e+05  1.27935e+43  6.25115e+05  1.87467e+43  2.70721e-06
 5.42004e-01  7.40366e+05  7.79091e+42  7.40366e+05  6.77339e+42  6.91914e+05  1.56130e+43  6.04314e+05  1.94493e+43  2.70721e-06
 5.59718e-01  7.40366e+05  5.70137e+42  7.40366e+05  1.15602e+43  6.68890e+05  1.98112e+43  6.04314e+05  2.02118e+43  2.70721e-06
 5.78011e-01  7.40366e+05  7.01373e+42  7.15730e+05  1.13352e+43  6.68890e+05  1.93873e+43  6.04314e+05  2.17462e+43  2.70721e-06
 5.96902e-01  7.40366e+05  1.17334e+43  7.15730e+05  1.16222e+43  6.68890e+05  2.07771e+43  6.04314e+05  2.40588e+43  2.70721e-06
 6.16411e-01  7.15730e+05  1.35117e+43  7.15730e+05  1.48830e+43  6.68890e+05  2.39866e+43  6.04314e+05  2.71593e+43  2.70721e-06
 6.36557e-01  7.15730e+05  1.30322e+43  7.15730e+05  2.11312e+43  6.68890e+05  2.90290e+43  5.84205e+05  2.76828e+43  2.70721e-06
 6.57361e-01  7.15730e+05  1.59851e+43  6.91914e+05  2.03637e+43  6.46632e+05  2.96295e+43  5.84205e+05  2.88474e+43  2.70721e-06
 6.78845e-01  7.15730e+05  2.23823e+43  6.91914e+05  2.16643e+43  6.46632e+05  3.10851e+43  5.84205e+05  3.08196e+43  2.70721e-06
 7.01032e-01  6.91914e+05  2.36667e+43  6.91914e+05  2.59802e+43  6.46632e+05  3.44030e+43  5.84205e+05  3.36076e+43  2.70721e-06
 7.23943e-01  6.91914e+05  2.43470e+43  6.91914e+05  3.33294e+43  6.46632e+05  3.95968e+43  5.84205e+05  3.72229e+43  2.70721e-06
 7.47603e-01  6.91914e+05  2.85064e+43  6.68890e+05  3.33416e+43  6.25115e+05  4.31442e+43  5.64766e+05  3.85197e+43  2.70721e-06
 7.72037e-01  6.91914e+05  3.61621e+43  6.68890e+05  3.52257e+43  6.25115e+05  4.43160e+43  5.64766e+05  3.99047e+43  2.70721e-06
 7.97269e-01  6.68890e+05  3.85023e+43  6.68890e+05  4.01812e+43  6.25115e+05  4.74049e+43  5.64766e+05  4.21431e+43  2.70721e-06
 8.23326e-01  6.68890e+05  3.98414e+43  6.68890e+05  4.82287e+43  6.25115e+05  5.24235e+43  5.64766e+05  4.52441e+43  2.70721e-06
 8.50234e-01  6.68890e+05  4.47238e+43  6.46632e+05  5.08506e+43  6.25115e+05  5.93927e+43  5.64766e+05  4.92206e+43  2.70721e-06
 8.78022e-01  6.68890e+05  5.31695e+43  6.46632e+05  5.28213e+43  6.04314e+05  6.15567e+43  5.45973e+05  5.29193e+43  2.70721e-06
 9.06718e-01  6.46632e+05  5.87084e+43  6.46632e+05  5.79363e+43  6.04314e+05  6.39943e+43  5.45973e+05  5.42667e+43  2.70721e-06
 9.36352e-01  6.46632e+05  6.01278e+43  6.46632e+05  6.62167e+43  6.04314e+05  6.84303e+43  5.45973e+05  5.65270e+43  2.70721e-06
 9.66955e-01  6.46632e+05  6.51744e+43  6.25115e+05  7.40390e+43  6.04314e+05  7.48831e+43  5.45973e+05  5.97094e+43  2.70721e-06
 9.98557e-01  6.46632e+05  7.38689e+43  6.25115e+05  7.54989e+43  6.04314e+05  8.33795e+43  5.45973e+05  6.38271e+43  2.70721e-06
 1.03119e+00  6.25115e+05  8.56397e+43  6.25115e+05  8.01969e+43  5.84205e+05  8.59439e+43  5.45973e+05  6.88973e+43  2.70721e-06
 1.06489e+00  6.25115e+05  8.64432e+43  6.25115e+05  8.81525e+43  5.84205e+05  8.92635e+43  5.27805e+05  7.38063e+43  2.70721e-06
 1.09970e+00  6.25115e+05  9.09829e+43  6.25115e+05  9.93985e+43  5.84205e+05  9.46860e+43  5.27805e+05  7.57085e+43  2.70721e-06
 1.13564e+00  6.25115e+05  9.92773e+43  6.04314e+05  1.05152e+44  5.84205e+05  1.02234e+44  5.27805e+05  7.86122e+43  2.70721e-06
 1.17276e+00  6.25115e+05  1.11361e+44  6.04314e+05  1.08710e+44  5.84205e+05  1.11939e+44  5.27805e+05  8.25296e+43  2.70721e-06
 1.21108e+00  6.04314e+05  1.21016e+44  6.04314e+05  1.15644e+44  5.64766e+05  1.17869e+44  5.27805e+05  8.74767e+43  2.70721e-06
 1.25067e+00  6.04314e+05  1.24206e+44  6.04314e+05  1.25982e+44  5.64766e+05  1.21549e+44  5.27805e+05  9.34741e+43  2.70721e-06
 1.29154e+00  6.04314e+05  1.31288e+44  6.04314e+05  1.39766e+44  5.64766e+05  1.27467e+44  5.27805e+05  1.00547e+44  2.70721e-06
 1.33375e+00  6.04314e+05  1.42293e+44  5.84205e+05  1.46562e+44  5.64766e+05  1.35645e+44  5.10242e+05  1.05585e+44  2.70721e-06
 1.37734e+00  6.04314e+05  1.57264e+44  5.84205e+05  1.51558e+44  5.64766e+05  1.46119e+44  5.10242e+05  1.08712e+44  2.70721e-06
 1.42236e+00  5.84205e+05  1.68469e+44  5.84205e+05  1.60106e+44  5.64766e+05  1.58931e+44  5.10242e+05  1.12976e+44  2.70721e-06
 1.46884e+00  5.84205e+05  1.73271e+44  5.84205e+05  1.72242e+44  5.45973e+05  1.63862e+44  5.10242e+05  1.18397e+44  2.70721e-06
 1.51685e+00  5.84205e+05  1.82169e+44  5.84205e+05  1.88017e+44  5.45973e+05  1.69548e+44  5.10242e+05  1.24995e+44  2.70721e-06
 1.56642e+00  5.84205e+05  1.95199e+44  5.64766e+05  2.01023e+44  5.45973e+05  1.77670e+44  5.10242e+05  1.32800e+44  2.70721e-06
 1.61762e+00  5.84205e+05  2.12415e+44  5.64766e+05  2.06557e+44  5.45973e+05  1.88261e+44  5.10242e+05  1.41842e+44  2.70721e-06
 1.67049e+00  5.64766e+05  2.31245e+44  5.64766e+05  2.15871e+44  5.45973e+05  2.01365e+44  5.10242e+05  1.52159e+44  2.70721e-06
 1.72508e+00  5.64766e+05  2.36608e+44  5.64766e+05  2.29005e+44  5.45973e+05  2.17036e+44  4.93264e+05  1.57224e+44  2.70721e-06
 1.78146e+00  5.64766e+05  2.46328e+44  5.64766e+05  2.46012e+44  5.27805e+05  2.26856e+44  4.93264e+05  1.62349e+44  2.70721e-06
 1.83968e+00  5.64766e+05  2.60446e+44  5.64766e+05  2.66962e+44  5.27805e+05  2.33813e+44  4.93264e+05  1.68834e+44  2.70721e-06
 1.89981e+00  5.64766e+05  2.79021e+44  5.45973e+05  2.78994e+44  5.27805e+05  2.43471e+44  4.93264e+05  1.76706e+44  2.70721e-06
 1.96190e+00  5.64766e+05  3.02128e+44  5.45973e+05  2.87819e+44  5.27805e+05  2.55870e+44  4.93264e+05  1.85998e+44  2.70721e-06
 2.02602e+00  5.45973e+05  3.20435e+44  5.45973e+05  3.00762e+44  5.27805e+05  2.71061e+44  4.93264e+05  1.96747e+44  2.70721e-06
 2.09224e+00  5.45973e+05  3.29509e+44  5.45973e+05  3.17875e+44  5.27805e+05  2.89108e+44  4.93264e+05  2.09000e+44  2.70721e-06
 2.16062e+00  5.45973e+05  3.43326e+44  5.45973e+05  3.39229e+44  5.27805e+05  3.10085e+44  4.93264e+05  2.22805e+44  2.70721e-06
 2.23123e+00  5.45973e+05  3.61941e+44  5.45973e+05  3.64912e+44  5.10242e+05  3.23522e+44  4.93264e+05  2.38220e+44  2.70721e-06
 2.30415e+00  5.45973e+05  3.85433e+44  5.27805e+05  3.86352e+44  5.10242e+05  3.33423e+44  4.76850e+05  2.48272e+44  2.70721e-06
 2.37946e+00  5.45973e+05  4.13898e+44  5.27805e+05  3.97179e+44  5.10242e+05  3.46438e+44  4.76850e+05  2.56157e+44  2.70721e-06
 2.45723e+00  5.27805e+05  4.43931e+44  5.27805e+05  4.12575e+44  5.10242e+05  3.62620e+44  4.76850e+05  2.65791e+44  2.70721e-06
 2.53753e+00  5.27805e+05  4.55194e+44  5.27805e+05  4.32604e+44  5.10242e+05  3.82037e+44  4.76850e+05  2.77212e+44  2.70721e-06
 2.62047e+00  5.27805e+05  4.71719e+44  5.27805e+05  4.57349e+44  5.10242e+05  4.04768e+44  4.76850e+05  2.90469e+44  2.70721e-06
 2.70611e+00  5.27805e+05  4.93574e+44  5.27805e+05  4.86913e+44  5.10242e+05  4.30908e+44  4.76850e+05  3.05617e+44  2.70721e-06
 2.79455e+00  5.27805e+05  5.20851e+44  5.27805e+05  5.21418e+44  5.10242e+05  4.60565e+44  4.76850e+05  3.22717e+44  2.70721e-06
 2.88589e+00  5.27805e+05  5.53661e+44  5.10242e+05  5.50812e+44  4.93264e+05  4.81154e+44  4.76850e+05  3.41841e+44  2.70721e-06
 2.98021e+00  5.27805e+05  5.92141e+44  5.10242e+05  5.66394e+44  4.93264e+05  4.95832e+44  4.76850e+05  3.63068e+44  2.70721e-06
 3.07761e+00  5.10242e+05  6.32651e+44  5.10242e+05  5.87246e+44  4.93264e+05  5.14294e+44  4.76850e+05  3.86486e+44  2.70721e-06
 3.17819e+00  5.10242e+05  6.49217e+44  5.10242e+05  6.13454e+44  4.93264e+05  5.36619e+44  4.76850e+05  4.12192e+44  2.70721e-06
 3.28206e+00  5.10242e+05  6.71849e+44  5.10242e+05  6.45126e+44  4.93264e+05  5.62898e+44  4.76850e+05  4.40292e+44  2.70721e-06
 3.38933e+00  5.10242e+05  7.00639e+44  5.10242e+05  6.82394e+44  4.93264e+05  5.93241e+44  4.60983e+05  4.60152e+44  2.70721e-06
 3.50010e+00  5.10242e+05  7.35707e+44  5.10242e+05  7.25411e+44  4.93264e+05  6.27772e+44  4.60983e+05  4.75225e+44  2.70721e-06
 3.61449e+00  5.10242e+05  7.77197e+44  5.10242e+05  7.74356e+44  4.93264e+05  6.66634e+44  4.60983e+05  4.92952e+44  2.70721e-06
 3.73262e+00  5.10242e+05  8.25283e+44  4.93264e+05  8.19211e+44  4.93264e+05  7.09990e+44  4.60983e+05  5.13408e+44  2.70721e-06
 3.85462e+00  5.10242e+05  8.80162e+44  4.93264e+05  8.42490e+44  4.93264e+05  7.58017e+44  4.60983e+05  5.36677e+44  2.70721e-06
 3.98060e+00  4.93264e+05  9.40660e+44  4.93264e+05  8.72182e+44  4.76850e+05  7.83681e+44  4.60983e+05  5.62855e+44  2.70721e-06
 4.11069e+00  4.93264e+05  9.65807e+44  4.93264e+05  9.08408e+44  4.76850e+05  8.09377e+44  4.60983e+05  5.92051e+44  2.70721e-06
 4.24504e+00  4.93264e+05  9.98330e+44  4.93264e+05  9.51320e+44  4.76850e+05  8.40157e+44  4.60983e+05  6.24385e+44  2.70721e-06
 4.38378e+00  4.93264e+05  1.03836e+45  4.93264e+05  1.00109e+45  4.76850e+05  8.76147e+44  4.60983e+05  6.59992e+44  2.70721e-06
 4.52705e+00  4.93264e+05  1.08607e+45  4.93264e+05  1.05794e+45  4.76850e+05  9.17496e+44  4.60983e+05  6.99018e+44  2.70721e-06
 4.67501e+00  4.93264e+05  1.14165e+45  4.93264e+05  1.12208e+45  4.76850e+05  9.64376e+44  4.60983e+05  7.41625e+44  2.70721e-06
 4.82780e+00  4.93264e+05  1.20534e+45  4.93264e+05  1.19380e+45  4.76850e+05  1.01698e+45  4.60983e+05  7.87989e+44  2.70721e-06
 4.98558e+00  4.93264e+05  1.27739e+45  4.93264e+05  1.27338e+45  4.76850e+05  1.07553e+45  4.60983e+05  8.38303e+44  2.70721e-06
 5.14853e+00  4.93264e+05  1.35810e+45  4.76850e+05  1.33375e+45  4.76850e+05  1.14026e+45  4.60983e+05  8.92774e+44  2.70721e-06
 5.31679e+00  4.93264e+05  1.44782e+45  4.76850e+05  1.37493e+45  4.76850e+05  1.21144e+45  4.60983e+05  9.51629e+44  2.70721e-06
 5.49056e+00  4.76850e+05  1.53027e+45  4.76850e+05  1.42474e+45  4.76850e+05  1.28938e+45  4.60983e+05  1.01511e+45  2.70721e-06
 5.67001e+00  4.76850e+05  1.57551e+45  4.76850e+05  1.48336e+45  4.76850e+05  1.37438e+45  4.60983e+05  1.08348e+45  2.70721e-06
 5.85532e+00  4.76850e+05  1.63064e+45  4.76850e+05  1.55105e+45  4.60983e+05  1.46553e+45  4.60983e+05  1.15702e+45  2.70721e-06
 6.04668e+00  4.76850e+05  1.69591e+45  4.76850e+05  1.62808e+45  4.60983e+05  1.50959e+45  4.60983e+05  1.23604e+45  2.70721e-06
 6.24430e+00  4.76850e+05  1.77157e+45  4.76850e+05  1.71478e+45  4.60983e+05  1.56164e+45  4.45643e+05  1.30850e+45  2.70721e-06
 6.44838e+00  4.76850e+05  1.85794e+45  4.76850e+05  1.81150e+45  4.60983e+05  1.62188e+45  4.45643e+05  1.35171e+45  2.70721e-06
 6.65913e+00  4.76850e+05  1.95537e+45  4.76850e+05  1.91864e+45  4.60983e+05  1.69057e+45  4.45643e+05  1.40119e+45  2.70721e-06
 6.87677e+00  4.76850e+05  2.06428e+45  4.76850e+05  2.03665e+45  4.60983e+05  1.76799e+45  4.45643e+05  1.45717e+45  2.70721e-06
 7.10152e+00  4.76850e+05  2.18511e+45  4.76850e+05  2.16601e+45  4.60983e+05  1.85445e+45  4.45643e+05  1.51986e+45  2.70721e-06
 7.33362e+00  4.76850e+05  2.31836e+45  4.76850e+05  2.30727e+45  4.60983e+05  1.95033e+45  4.45643e+05  1.58953e+45  2.70721e-06
 7.57330e+00  4.76850e+05  2.46458e+45  4.76850e+05  2.46099e+45  4.60983e+05  2.05601e+45  4.45643e+05  1.66647e+45  2.70721e-06
 7.82082e+00  4.76850e+05  2.62438e+45  4.60983e+05  2.56915e+45  4.60983e+05  2.17194e+45  4.45643e+05  1.75099e+45  2.70721e-06
 8.07642e+00  4.76850e+05  2.79842e+45  4.60983e+05  2.65311e+45  4.60983e+05  2.29858e+45  4.45643e+05  1.84345e+45  2.70721e-06
 8.34038e+00  4.60983e+05  2.94599e+45  4.60983e+05  2.75097e+45  4.60983e+05  2.43647e+45  4.45643e+05  1.94422e+45  2.70721e-06
 8.61296e+00  4.60983e+05  3.03920e+45  4.60983e+05  2.86314e+45  4.60983e+05  2.58618e+45  4.45643e+05  2.05373e+45  2.70721e-06
 8.89446e+00  4.60983e+05  3.14837e+45  4.60983e+05  2.99009e+45  4.60983e+05  2.74833e+45  4.45643e+05  2.17242e+45  2.70721e-06
 9.18515e+00  4.60983e+05  3.27394e+45  4.60983e+05  3.13234e+45  4.60983e+05  2.92358e+45  4.45643e+05  2.30080e+45  2.70721e-06
 9.48535e+00  4.60983e+05  3.41644e+45  4.60983e+05  3.29048e+45  4.60983e+05  3.11267e+45  4.45643e+05  2.43938e+45  2.70721e-06
 9.79535e+00  4.60983e+05  3.57646e+45  4.60983e+05  3.46516e+45  4.60983e+05  3.31637e+45  4.45643e+05  2.58875e+45  2.70721e-06
 1.01155e+01  4.60983e+05  3.75466e+45  4.60983e+05  3.65710e+45  4.60983e+05  3.53553e+45  4.45643e+05  2.74952e+45  2.70721e-06
 1.04461e+01  4.60983e+05  3.95178e+45  4.60983e+05  3.86711e+45  4.60983e+05  3.77105e+45  4.45643e+05  2.92236e+45  2.70721e-06
 1.07875e+01  4.60983e+05  4.16863e+45  4.60983e+05  4.09605e+45  4.60983e+05  4.02392e+45  4.45643e+05  3.10798e+45  2.70721e-06
 1.11401e+01  4.60983e+05  4.40611e+45  4.60983e+05  4.34486e+45  4.60983e+05  4.29517e+45  4.45643e+05  3.30715e+45  2.70721e-06
 1.15041e+01  4.60983e+05  4.66520e+45  4.60983e+05  4.61458e+45  4.45643e+05  4.48513e+45  4.45643e+05  3.52069e+45  2.70721e-06
 1.18801e+01  4.60983e+05  4.94698e+45  4.60983e+05  4.90632e+45  4.45643e+05  4.63812e+45  4.45643e+05  3.74949e+45  2.70721e-06
 1.22684e+01  4.60983e+05  5.25261e+45  4.60983e+05  5.22130e+45  4.45643e+05  4.81204e+45  4.45643e+05  3.99450e+45  2.70721e-06
 1.26694e+01  4.60983e+05  5.58335e+45  4.60983e+05  5.56080e+45  4.45643e+05  5.00760e+45  4.45643e+05  4.25673e+45  2.70721e-06
 1.30834e+01  4.60983e+05  5.94058e+45  4.60983e+05  5.92625e+45  4.45643e+05  5.22562e+45  4.45643e+05  4.53726e+45  2.70721e-06
 1.35110e+01  4.60983e+05  6.32577e+45  4.60983e+05  6.31915e+45  4.45643e+05  5.46700e+45  4.45643e+05  4.83726e+45  2.70721e-06
 1.39526e+01  4.60983e+05  6.74052e+45  4.60983e+05  6.74112e+45  4.45643e+05  5.73274e+45  4.45643e+05  5.15796e+45  2.70721e-06
 1.44086e+01  4.60983e+05  7.18654e+45  4.60983e+05  7.19392e+45  4.45643e+05  6.02394e+45  4.45643e+05  5.50070e+45  2.70721e-06
 1.48795e+01  4.60983e+05  7.66568e+45  4.45643e+05  7.64047e+45  4.45643e+05  6.34180e+45  4.45643e+05  5.86689e+45  2.70721e-06
 1.53658e+01  4.60983e+05  8.17993e+45  4.45643e+05  7.88747e+45  4.45643e+05  6.68764e+45  4.45643e+05  6.25805e+45  2.70721e-06
 1.58680e+01  4.60983e+05  8.73140e+45  4.45643e+05  8.17003e+45  4.45643e+05  7.06289e+45  4.45643e+05  6.67580e+45  2.70721e-06
 1.63866e+01  4.45643e+05  9.03660e+45  4.45643e+05  8.48933e+45  4.45643e+05  7.46910e+45  4.45643e+05  7.12186e+45  2.70721e-06
 1.69222e+01  4.45643e+05  9.35305e+45  4.45643e+05  8.84669e+45  4.45643e+05  7.90796e+45  4.45643e+05  7.59808e+45  2.70721e-06
 1.74753e+01  4.45643e+05  9.71159e+45  4.45643e+05  9.24359e+45  4.45643e+05  8.38128e+45  4.45643e+05  8.10644e+45  2.70721e-06
 1.80464e+01  4.45643e+05  1.01137e+46  4.45643e+05  9.68166e+45  4.45643e+05  8.89101e+45  4.45643e+05  8.64903e+45  2.70721e-06
 1.86362e+01  4.45643e+05  1.05610e+46  4.45643e+05  1.01627e+46  4.45643e+05  9.43928e+45  4.45643e+05  9.22811e+45  2.70721e-06
 1.92453e+01  4.45643e+05  1.10555e+46  4.45643e+05  1.06888e+46  4.45643e+05  1.00283e+46  4.45643e+05  9.84606e+45  2.70721e-06
 1.98743e+01  4.45643e+05  1.15990e+46  4.45643e+05  1.12620e+46  4.45643e+05  1.06606e+46  4.45643e+05  1.05055e+46  2.70721e-06
 2.05238e+01  4.45643e+05  1.21940e+46  4.45643e+05  1.18847e+46  4.45643e+05  1.13388e+46  4.45643e+05  1.12090e+46  2.70721e-06
 2.11946e+01  4.45643e+05  1.28427e+46  4.45643e+05  1.25596e+46  4.45643e+05  1.20656e+46  4.45643e+05  1.19596e+46  2.70721e-06
 2.18873e+01  4.45643e+05  1.35480e+46  4.45643e+05  1.32894e+46  4.45643e+05  1.28441e+46  4.45643e+05  1.27604e+46  2.70721e-06
 2.26026e+01  4.45643e+05  1.43128e+46  4.45643e+05  1.40770e+46  4.45643e+05  1.36774e+46  4.45643e+05  1.36148e+46  2.70721e-06
 2.33413e+01  4.45643e+05  1.51402e+46  4.45643e+05  1.49259e+46  4.45643e+05  1.45691e+46  4.45643e+05  1.45261e+46  2.70721e-06
 2.41042e+01  4.45643e+05  1.60336e+46  4.45643e+05  1.58395e+46  4.45643e+05  1.55229e+46  4.30814e+05  1.54614e+46  2.70721e-06
 2.48920e+01  4.45643e+05  1.69967e+46  4.45643e+05  1.68215e+46  4.45643e+05  1.65426e+46  4.30814e+05  1.59561e+46  2.70721e-06
 2.57055e+01  4.45643e+05  1.80336e+46  4.45643e+05  1.78761e+46  4.45643e+05  1.76325e+46  4.30814e+05  1.65175e+46  2.70721e-06
 2.65456e+01  4.45643e+05  1.91484e+46  4.45643e+05  1.90076e+46  4.45643e+05  1.87971e+46  4.30814e+05  1.71479e+46  2.70721e-06
 2.74132e+01  4.45643e+05  2.03459e+46  4.45643e+05  2.02206e+46  4.45643e+05  2.00412e+46  4.30814e+05  1.78500e+46  2.70721e-06
 2.83091e+01  4.45643e+05  2.16310e+46  4.45643e+05  2.15203e+46  4.45643e+05  2.13700e+46  4.30814e+05  1.86266e+46  2.70721e-06
 2.92343e+01  4.45643e+05  2.30089e+46  4.45643e+05  2.29120e+46  4.45643e+05  2.27890e+46  4.30814e+05  1.94811e+46  2.70721e-06
 3.01898e+01  4.45643e+05  2.44855e+46  4.45643e+05  2.44014e+46  4.45643e+05  2.43040e+46  4.30814e+05  2.04168e+46  2.70721e-06
 3.11765e+01  4.45643e+05  2.60667e+46  4.45643e+05  2.59947e+46  4.45643e+05  2.59213e+46  4.30814e+05  2.14377e+46  2.70721e-06
 3.21954e+01  4.45643e+05  2.77593e+46  4.45643e+05  2.76985e+46  4.45643e+05  2.76477e+46  4.30814e+05  2.25481e+46  2.70721e-06
 3.32476e+01  4.45643e+05  2.95701e+46  4.45643e+05  2.95199e+46  4.45643e+05  2.94902e+46  4.30814e+05  2.37524e+46  2.70721e-06
 3.43343e+01  4.45643e+05  3.15066e+46  4.45643e+05  3.14664e+46  4.45643e+05  3.14564e+46  4.30814e+05  2.50557e+46  2.70721e-06
 3.54564e+01  4.45643e+05  3.35769e+46  4.45643e+05  3.35460e+46  4.45643e+05  3.35546e+46  4.30814e+05  2.64634e+46  2.70721e-06
 3.66152e+01  4.45643e+05  3.57895e+46  4.45643e+05  3.57674e+46  4.45643e+05  3.57934e+46  4.30814e+05  2.79813e+46  2.70721e-06
 3.78119e+01  4.45643e+05  3.81537e+46  4.45643e+05  3.81397e+46  4.45643e+05  3.81820e+46  4.30814e+05  2.96157e+46  2.70721e-06
 3.90477e+01  4.45643e+05  4.06791e+46  4.45643e+05  4.06728e+46  4.45643e+05  4.07304e+46  4.30814e+05  3.13733e+46  2.70721e-06
 4.03238e+01  4.45643e+05  4.33762e+46  4.45643e+05  4.33771e+46  4.45643e+05  4.34491e+46  4.30814e+05  3.32615e+46  2.70721e-06
 4.16417e+01  4.45643e+05  4.62562e+46  4.45643e+05  4.62639e+46  4.45643e+05  4.63494e+46  4.30814e+05  3.52880e+46  2.70721e-06
 4.30027e+01  4.45643e+05  4.93311e+46  4.45643e+05  4.93451e+46  4.45643e+05  4.94432e+46  4.30814e+05  3.74612e+46  2.70721e-06
 4.44081e+01  4.45643e+05  5.26134e+46  4.45643e+05  5.26334e+46  4.45643e+05  5.27433e+46  4.30814e+05  3.97902e+46  2.70721e-06
 4.58595e+01  4.45643e+05  5.61169e+46  4.45643e+05  5.61424e+46  4.30814e+05  5.48031e+46  4.30814e+05  4.22845e+46  2.70721e-06
 4.73583e+01  4.45643e+05  5.98560e+46  4.45643e+05  5.98867e+46  4.30814e+05  5.66775e+46  4.30814e+05  4.49545e+46  2.70721e-06
 4.89061e+01  4.45643e+05  6.38462e+46  4.45643e+05  6.38818e+46  4.30814e+05  5.87882e+46  4.30814e+05  4.78112e+46  2.70721e-06
 5.05045e+01  4.45643e+05  6.81040e+46  4.45643e+05  6.81442e+46  4.30814e+05  6.11439e+46  4.30814e+05  5.08665e+46  2.70721e-06
 5.21551e+01  4.45643e+05  7.26470e+46  4.45643e+05  7.26915e+46  4.30814e+05  6.37545e+46  4.30814e+05  5.41330e+46  2.70721e-06
 5.38597e+01  4.45643e+05  7.74940e+46  4.45643e+05  7.75426e+46  4.30814e+05  6.66305e+46  4.30814e+05  5.76242e+46  2.70721e-06
 5.56199e+01  4.45643e+05  8.26651e+46  4.45643e+05  8.27175e+46  4.30814e+05  6.97841e+46  4.30814e+05  6.13545e+46  2.70721e-06
 5.74378e+01  4.45643e+05  8.81817e+46  4.45643e+05  8.82377e+46  4.30814e+05  7.32282e+46  4.30814e+05  6.53395e+46  2.70721e-06
 5.93150e+01  4.45643e+05  9.40667e+46  4.30814e+05  9.33427e+46  4.30814e+05  7.69771e+46  4.30814e+05  6.95955e+46  2.70721e-06
 6.12535e+01  4.45643e+05  1.00344e+47  4.30814e+05  9.63745e+46  4.30814e+05  8.10463e+46  4.30814e+05  7.41403e+46  2.70721e-06
 6.32555e+01  4.30814e+05  1.07022e+47  4.30814e+05  9.98080e+46  4.30814e+05  8.54526e+46  4.30814e+05  7.89925e+46  2.70721e-06
 6.53228e+01  4.30814e+05  1.10415e+47  4.30814e+05  1.03657e+47  4.30814e+05  9.02143e+46  4.30814e+05  8.41724e+46  2.70721e-06
 6.74577e+01  4.30814e+05  1.14269e+47  4.30814e+05  1.07939e+47  4.30814e+05  9.53511e+46  4.30814e+05  8.97013e+46  2.70721e-06
 6.96624e+01  4.30814e+05  1.18598e+47  4.30814e+05  1.12670e+47  4.30814e+05  1.00884e+47  4.30814e+05  9.56021e+46  2.70721e-06
 7.19392e+01  4.30814e+05  1.23423e+47  4.30814e+05  1.17870e+47  4.30814e+05  1.06837e+47  4.30814e+05  1.01899e+47  2.70721e-06
 7.42903e+01  4.30814e+05  1.28761e+47  4.30814e+05  1.23561e+47  4.30814e+05  1.13233e+47  4.30814e+05  1.08619e+47  2.70721e-06
 7.67183e+01  4.30814e+05  1.34635e+47  4.30814e+05  1.29766e+47  4.30814e+05  1.20099e+47  4.30814e+05  1.15789e+47  2.70721e-06
 7.92257e+01  4.30814e+05  1.41070e+47  4.30814e+05  1.36512e+47  4.30814e+05  1.27465e+47  4.30814e+05  1.23438e+47  2.70721e-06
 8.18150e+01  4.30814e+05  1.48093e+47  4.30814e+05  1.43825e+47  4.30814e+05  1.35359e+47  4.30814e+05  1.31599e+47  2.70721e-06
 8.44889e+01  4.30814e+05  1.55731e+47  4.30814e+05  1.51736e+47  4.30814e+05  1.43816e+47  4.30814e+05  1.40306e+47  2.70721e-06
 8.72502e+01  4.30814e+05  1.64018e+47  4.30814e+05  1.60278e+47  4.30814e+05  1.52869e+47  4.30814e+05  1.49594e+47  2.70721e-06
 9.01018e+01  4.30814e+05  1.72986e+47  4.30814e+05  1.69486e+47  4.30814e+05  1.62557e+47  4.30814e+05  1.59501e+47  2.70721e-06
 9.30466e+01  4.30814e+05  1.82674e+47  4.30814e+05  1.79399e+47  4.30814e+05  1.72919e+47  4.30814e+05  1.70069e+47  2.70721e-06
 9.60876e+01  4.30814e+05  1.93121e+47  4.30814e+05  1.90057e+47  4.30814e+05  1.83999e+47  4.30814e+05  1.81342e+47  2.70721e-06
 9.92280e+01  4.30814e+05  2.04371e+47  4.30814e+05  2.01504e+47  4.30814e+05  1.95842e+47  4.30814e+05  1.93366e+47  2.70721e-06
 1.02471e+02  4.30814e+05  2.16470e+47  4.30814e+05  2.13789e+47  4.30814e+05  2.08497e+47  4.30814e+05  2.06191e+47  2.70721e-06
 1.05820e+02  4.30814e+05  2.29468e+47  4.30814e+05  2.26961e+47  4.30814e+05  2.22016e+47  4.30814e+05  2.19870e+47  2.70721e-06
 1.09278e+02  4.30814e+05  2.43419e+47  4.30814e+05  2.41075e+47  4.30814e+05  2.36456e+47  4.30814e+05  2.34460e+47  2.70721e-06
 1.12850e+02  4.30814e+05  2.58381e+47  4.30814e+05  2.56190e+47  4.30814e+05  2.51877e+47  4.30814e+05  2.50020e+47  2.70721e-06
 1.16538e+02  4.30814e+05  2.74416e+47  4.30814e+05  2.72368e+47  4.30814e+05  2.68341e+47  4.30814e+05  2.66616e+47  2.70721e-06
 1.20347e+02  4.30814e+05  2.91589e+47  4.30814e+05  2.89676e+47  4.30814e+05  2.85918e+47  4.30814e+05  2.84316e+47  2.70721e-06
 1.24280e+02  4.30814e+05  3.09973e+47  4.30814e+05  3.08185e+47  4.30814e+05  3.04680e+47  4.30814e+05  3.03194e+47  2.70721e-06
 1.28342e+02  4.30814e+05  3.29643e+47  4.30814e+05  3.27974e+47  4.30814e+05  3.24704e+47  4.30814e+05  3.23326e+47  2.70721e-06
 1.32537e+02  4.30814e+05  3.50681e+47  4.30814e+05  3.49122e+47  4.30814e+05  3.46074e+47  4.30814e+05  3.44798e+47  2.70721e-06
 1.36868e+02  4.30814e+05  3.73173e+47  4.30814e+05  3.71718e+47  4.30814e+05  3.68878e+47  4.30814e+05  3.67697e+47  2.70721e-06
 1.41341e+02  4.30814e+05  3.97213e+47  4.30814e+05  3.95855e+47  4.30814e+05  3.93211e+47  4.30814e+05  3.92119e+47  2.70721e-06
 1.45961e+02  4.30814e+05  4.22900e+47  4.30814e+05  4.21634e+47  4.30814e+05  4.19172e+47  4.30814e+05  4.18164e+47  2.70721e-06
 1.50731e+02  4.30814e+05  4.50341e+47  4.30814e+05  4.49160e+47  4.30814e+05  4.46869e+47  4.30814e+05  4.45940e+47  2.70721e-06
 1.55658e+02  4.30814e+05  4.79648e+47  4.30814e+05  4.78548e+47  4.30814e+05  4.76418e+47  4.30814e+05  4.75562e+47  2.70721e-06
 1.60745e+02  4.30814e+05  5.10945e+47  4.30814e+05  5.09920e+47  4.30814e+05  5.07940e+47  4.30814e+05  5.07154e+47  2.70721e-06
 1.65998e+02  4.30814e+05  5.44359e+47  4.30814e+05  5.43405e+47  4.30814e+05  5.41566e+47  4.30814e+05  5.40844e+47  2.70721e-06
 1.71424e+02  4.30814e+05  5.80029e+47  4.30814e+05  5.79141e+47  4.30814e+05  5.77435e+47  4.30814e+05  5.76774e+47  2.70721e-06
 1.77026e+02  4.30814e+05  6.18103e+47  4.30814e+05  6.17277e+47  4.30814e+05  6.15696e+47  4.30814e+05  6.15091e+47  2.70721e-06
 1.82812e+02  4.30814e+05  6.58738e+47  4.30814e+05  6.57971e+47  4.30814e+05  6.56506e+47  4.30814e+05  6.55955e+47  2.70721e-06
 1.88787e+02  4.30814e+05  7.02103e+47  4.30814e+05  7.01391e+47  4.30814e+05  7.00035e+47  4.30814e+05  6.99534e+47  2.70721e-06
 1.94957e+02  4.30814e+05  7.48377e+47  4.30814e+05  7.47716e+47  4.30814e+05  7.46462e+47  4.30814e+05  7.46008e+47  2.70721e-06
 2.01328e+02  4.30814e+05  7.97752e+47  4.30814e+05  7.97138e+47  4.30814e+05  7.95981e+47  4.16479e+05  7.82731e+47  2.70721e-06
 2.07908e+02  4.30814e+05  8.50431e+47  4.30814e+05  8.49863e+47  4.30814e+05  8.48795e+47  4.16479e+05  8.08018e+47  2.70721e-06
 2.14703e+02  4.30814e+05  9.06633e+47  4.30814e+05  9.06107e+47  4.30814e+05  9.05124e+47  4.16479e+05  8.36651e+47  2.70721e-06
 2.21720e+02  4.30814e+05  9.66591e+47  4.30814e+05  9.66104e+47  4.30814e+05  9.65201e+47  4.16479e+05  8.68747e+47  2.70721e-06
 2.28967e+02  4.30814e+05  1.03055e+48  4.30814e+05  1.03010e+48  4.30814e+05  1.02927e+48  4.16479e+05  9.04438e+47  2.70721e-06
 2.36450e+02  4.30814e+05  1.09878e+48  4.30814e+05  1.09837e+48  4.30814e+05  1.09761e+48  4.16479e+05  9.43874e+47  2.70721e-06
 2.44178e+02  4.30814e+05  1.17156e+48  4.30814e+05  1.17118e+48  4.30814e+05  1.17049e+48  4.16479e+05  9.87216e+47  2.70721e-06
 2.52158e+02  4.30814e+05  1.24919e+48  4.30814e+05  1.24884e+48  4.30814e+05  1.24821e+48  4.16479e+05  1.03464e+48  2.70721e-06
 2.60399e+02  4.30814e+05  1.33200e+48  4.30814e+05  1.33168e+48  4.30814e+05  1.33110e+48  4.16479e+05  1.08636e+48  2.70721e-06
 2.68910e+02  4.30814e+05  1.42032e+48  4.30814e+05  1.42002e+48  4.30814e+05  1.41950e+48  4.16479e+05  1.14256e+48  2.70721e-06
 2.77699e+02  4.30814e+05  1.51452e+48  4.30814e+05  1.51425e+48  4.30814e+05  1.51378e+48  4.16479e+05  1.20350e+48  2.70721e-06
 2.86774e+02  4.30814e+05  1.61500e+48  4.30814e+05  1.61475e+48  4.30814e+05  1.61432e+48  4.16479e+05  1.26942e+48  2.70721e-06
 2.96147e+02  4.30814e+05  1.72216e+48  4.30814e+05  1.72193e+48  4.30814e+05  1.72155e+48  4.16479e+05  1.34059e+48  2.70721e-06
 3.05826e+02  4.30814e+05  1.83645e+48  4.30814e+05  1.83624e+48  4.30814e+05  1.83590e+48  4.16479e+05  1.41731e+48  2.70721e-06
 3.15821e+02  4.30814e+05  1.95834e+48  4.30814e+05  1.95816e+48  4.30814e+05  1.95786e+48  4.16479e+05  1.49990e+48  2.70721e-06
 3.26143e+02  4.30814e+05  2.08834e+48  4.30814e+05  2.08818e+48  4.30814e+05  2.08791e+48  4.16479e+05  1.58869e+48  2.70721e-06
 3.36802e+02  4.30814e+05  2.22699e+48  4.30814e+05  2.22684e+48  4.30814e+05  2.22661e+48  4.16479e+05  1.68406e+48  2.70721e-06
 3.47810e+02  4.30814e+05  2.37486e+48  4.30814e+05  2.37473e+48  4.30814e+05  2.37453e+48  4.16479e+05  1.78640e+48  2.70721e-06
 3.59177e+02  4.30814e+05  2.53256e+48  4.30814e+05  2.53244e+48  4.30814e+05  2.53227e+48  4.16479e+05  1.89614e+48  2.70721e-06
 3.70916e+02  4.30814e+05  2.70074e+48  4.30814e+05  2.70064e+48  4.16479e+05  2.68841e+48  4.16479e+05  2.01372e+48  2.70721e-06
 3.83038e+02  4.30814e+05  2.88011e+48  4.30814e+05  2.88002e+48  4.16479e+05  2.77228e+48  4.16479e+05  2.13963e+48  2.70721e-06
 3.95557e+02  4.30814e+05  3.07139e+48  4.30814e+05  3.07131e+48  4.16479e+05  2.86763e+48  4.16479e+05  2.27441e+48  2.70721e-06
 4.08485e+02  4.30814e+05  3.27539e+48  4.30814e+05  3.27533e+48  4.16479e+05  2.97484e+48  4.16479e+05  2.41859e+48  2.70721e-06
 4.21835e+02  4.30814e+05  3.49295e+48  4.30814e+05  3.49290e+48  4.16479e+05  3.09437e+48  4.16479e+05  2.57279e+48  2.70721e-06
 4.35622e+02  4.30814e+05  3.72497e+48  4.30814e+05  3.72492e+48  4.16479e+05  3.22670e+48  4.16479e+05  2.73763e+48  2.70721e-06
 4.49859e+02  4.30814e+05  3.97241e+48  4.30814e+05  3.97237e+48  4.16479e+05  3.37239e+48  4.16479e+05  2.91380e+48  2.70721e-06
 4.64562e+02  4.30814e+05  4.23629e+48  4.30814e+05  4.23626e+48  4.16479e+05  3.53204e+48  4.16479e+05  3.10203e+48  2.70721e-06
 4.79745e+02  4.30814e+05  4.51770e+48  4.30814e+05  4.51768e+48  4.16479e+05  3.70631e+48  4.16479e+05  3.30311e+48  2.70721e-06
 4.95424e+02  4.30814e+05  4.81782e+48  4.16479e+05  4.72080e+48  4.16479e+05  3.89592e+48  4.16479e+05  3.51785e+48  2.70721e-06
 5.11616e+02  4.30814e+05  5.13787e+48  4.16479e+05  4.87513e+48  4.16479e+05  4.10165e+48  4.16479e+05  3.74715e+48  2.70721e-06
 5.28337e+02  4.16479e+05  5.41231e+48  4.16479e+05  5.04964e+48  4.16479e+05  4.32436e+48  4.16479e+05  3.99196e+48  2.70721e-06
 5.45604e+02  4.16479e+05  5.58512e+48  4.16479e+05  5.24505e+48  4.16479e+05  4.56497e+48  4.16479e+05  4.25329e+48  2.70721e-06
 5.63436e+02  4.16479e+05  5.78105e+48  4.16479e+05  5.46216e+48  4.16479e+05  4.82447e+48  4.16479e+05  4.53222e+48  2.70721e-06
 5.81850e+02  4.16479e+05  6.00090e+48  4.16479e+05  5.70189e+48  4.16479e+05  5.10394e+48  4.16479e+05  4.82991e+48  2.70721e-06
 6.00867e+02  4.16479e+05  6.24559e+48  4.16479e+05  5.96521e+48  4.16479e+05  5.40453e+48  4.16479e+05  5.14759e+48  2.70721e-06
 6.20505e+02  4.16479e+05  6.51613e+48  4.16479e+05  6.25323e+48  4.16479e+05  5.72749e+48  4.16479e+05  5.48657e+48  2.70721e-06
 6.40784e+02  4.16479e+05  6.81364e+48  4.16479e+05  6.56712e+48  4.16479e+05  6.07415e+48  4.16479e+05  5.84826e+48  2.70721e-06
 6.61727e+02  4.16479e+05  7.13936e+48  4.16479e+05  6.90820e+48  4.16479e+05  6.44596e+48  4.16479e+05  6.23415e+48  2.70721e-06
 6.83354e+02  4.16479e+05  7.49462e+48  4.16479e+05  7.27787e+48  4.16479e+05  6.84444e+48  4.16479e+05  6.64584e+48  2.70721e-06
 7.05688e+02  4.16479e+05  7.88090e+48  4.16479e+05  7.67766e+48  4.16479e+05  7.27125e+48  4.16479e+05  7.08504e+48  2.70721e-06
 7.28751e+02  4.16479e+05  8.29980e+48  4.16479e+05  8.10923e+48  4.16479e+05  7.72815e+48  4.16479e+05  7.55356e+48  2.70721e-06
 7.52569e+02  4.16479e+05  8.75306e+48  4.16479e+05  8.57436e+48  4.16479e+05  8.21704e+48  4.16479e+05  8.05334e+48  2.70721e-06
 7.77165e+02  4.16479e+05  9.24253e+48  4.16479e+05  9.07498e+48  4.16479e+05  8.73994e+48  4.16479e+05  8.58645e+48  2.70721e-06
 8.02565e+02  4.16479e+05  9.77027e+48  4.16479e+05  9.61316e+48  4.16479e+05  9.29900e+48  4.16479e+05  9.15509e+48  2.70721e-06
 8.28794e+02  4.16479e+05  1.03384e+49  4.16479e+05  1.01911e+49  4.16479e+05  9.89656e+48  4.16479e+05  9.76162e+48  2.70721e-06
 8.55882e+02  4.16479e+05  1.09494e+49  4.16479e+05  1.08113e+49  4.16479e+05  1.05351e+49  4.16479e+05  1.04086e+49  2.70721e-06
 8.83854e+02  4.16479e+05  1.16057e+49  4.16479e+05  1.14762e+49  4.16479e+05  1.12172e+49  4.16479e+05  1.10986e+49  2.70721e-06
 9.12741e+02  4.16479e+05  1.23100e+49  4.16479e+05  1.21885e+49  4.16479e+05  1.19457e+49  4.16479e+05  1.18345e+49  2.70721e-06
 9.42571e+02  4.16479e+05  1.30652e+49  4.16479e+05  1.29514e+49  4.16479e+05  1.27237e+49  4.16479e+05  1.26194e+49  2.70721e-06
 9.73377e+02  4.16479e+05  1.38746e+49  4.16479e+05  1.37678e+49  4.16479e+05  1.35543e+49  4.16479e+05  1.34566e+49  2.70721e-06
 1.00519e+03  4.16479e+05  1.47413e+49  4.16479e+05  1.46412e+49  4.16479e+05  1.44410e+49  4.16479e+05  1.43494e+49  2.70721e-06
 1.03804e+03  4.16479e+05  1.56691e+49  4.16479e+05  1.55752e+49  4.16479e+05  1.53875e+49  4.16479e+05  1.53016e+49  2.70721e-06
 1.07197e+03  4.16479e+05  1.66617e+49  4.16479e+05  1.65737e+49  4.16479e+05  1.63977e+49  4.16479e+05  1.63172e+49  2.70721e-06
 1.10700e+03  4.16479e+05  1.77233e+49  4.16479e+05  1.76407e+49  4.16479e+05  1.74757e+49  4.16479e+05  1.74002e+49  2.70721e-06
 1.14318e+03  4.16479e+05  1.88582e+49  4.16479e+05  1.87808e+49  4.16479e+05  1.86261e+49  4.16479e+05  1.85553e+49  2.70721e-06
 1.18054e+03  4.16479e+05  2.00711e+49  4.16479e+05  1.99986e+49  4.16479e+05  1.98536e+49  4.16479e+05  1.97872e+49  2.70721e-06
 1.21913e+03  4.16479e+05  2.13672e+49  4.16479e+05  2.12992e+49  4.16479e+05  2.11632e+49  4.16479e+05  2.11009e+49  2.70721e-06
 1.25897e+03  4.16479e+05  2.27516e+49  4.16479e+05  2.26879e+49  4.16479e+05  2.25604e+49  4.16479e+05  2.25020e+49  2.70721e-06
 1.30012e+03  4.16479e+05  2.42303e+49  4.16479e+05  2.41705e+49  4.16479e+05  2.40509e+49  4.16479e+05  2.39962e+49  2.70721e-06
 1.34261e+03  4.16479e+05  2.58092e+49  4.16479e+05  2.57531e+49  4.16479e+05  2.56410e+49  4.16479e+05  2.55898e+49  2.70721e-06
 1.38649e+03  4.16479e+05  2.74949e+49  4.16479e+05  2.74423e+49  4.16479e+05  2.73372e+49  4.16479e+05  2.72892e+49  2.70721e-06
 1.43180e+03  4.16479e+05  2.92944e+49  4.16479e+05  2.92451e+49  4.16479e+05  2.91466e+49  4.16479e+05  2.91016e+49  2.70721e-06
 1.47860e+03  4.16479e+05  3.12151e+49  4.16479e+05  3.11689e+49  4.16479e+05  3.10766e+49  4.16479e+05  3.10344e+49  2.70721e-06
 1.52692e+03  4.16479e+05  3.32651e+49  4.16479e+05  3.32217e+49  4.16479e+05  3.31352e+49  4.16479e+05  3.30956e+49  2.70721e-06
 1.57683e+03  4.16479e+05  3.54527e+49  4.16479e+05  3.54120e+49  4.16479e+05  3.53309e+49  4.16479e+05  3.52938e+49  2.70721e-06
 1.62836e+03  4.16479e+05  3.77870e+49  4.16479e+05  3.77489e+49  4.16479e+05  3.76728e+49  4.16479e+05  3.76380e+49  2.70721e-06
 1.68158e+03  4.16479e+05  4.02777e+49  4.16479e+05  4.02420e+49  4.16479e+05  4.01707e+49  4.16479e+05  4.01381e+49  2.70721e-06
 1.73654e+03  4.16479e+05  4.29351e+49  4.16479e+05  4.29016e+49  4.16479e+05  4.28347e+49  4.16479e+05  4.28042e+49  2.70721e-06
 1.79329e+03  4.16479e+05  4.57702e+49  4.16479e+05  4.57388e+49  4.16479e+05  4.56761e+49  4.16479e+05  4.56475e+49  2.70721e-06
 1.85190e+03  4.16479e+05  4.87947e+49  4.16479e+05  4.87653e+49  4.16479e+05  4.87065e+49  4.16479e+05  4.86797e+49  2.70721e-06
 1.91243e+03  4.16479e+05  5.20211e+49  4.16479e+05  5.19935e+49  4.16479e+05  5.19385e+49  4.16479e+05  5.19133e+49  2.70721e-06
 1.97493e+03  4.16479e+05  5.54629e+49  4.16479e+05  5.54370e+49  4.16479e+05  5.53854e+49  4.16479e+05  5.53618e+49  2.70721e-06
 2.03948e+03  4.16479e+05  5.91341e+49  4.16479e+05  5.91099e+49  4.16479e+05  5.90615e+49  4.16479e+05  5.90394e+49  2.70721e-06
 2.10613e+03  4.16479e+05  6.30501e+49  4.16479e+05  6.30274e+49  4.16479e+05  6.29820e+49  4.02620e+05  6.21528e+49  2.70721e-06
 2.17497e+03  4.16479e+05  6.72270e+49  4.16479e+05  6.72058e+49  4.16479e+05  6.71632e+49  4.02620e+05  6.40877e+49  2.70721e-06
 2.24605e+03  4.16479e+05  7.16822e+49  4.16479e+05  7.16622e+49  4.16479e+05  7.16224e+49  4.02620e+05  6.62878e+49  2.70721e-06
 2.31946e+03  4.16479e+05  7.64340e+49  4.16479e+05  7.64153e+49  4.16479e+05  7.63779e+49  4.02620e+05  6.87622e+49  2.70721e-06
 2.39526e+03  4.16479e+05  8.15021e+49  4.16479e+05  8.14846e+49  4.16479e+05  8.14496e+49  4.02620e+05  7.15213e+49  2.70721e-06
 2.47355e+03  4.16479e+05  8.69076e+49  4.16479e+05  8.68911e+49  4.16479e+05  8.68583e+49  4.02620e+05  7.45763e+49  2.70721e-06
 2.55439e+03  4.16479e+05  9.26727e+49  4.16479e+05  9.26572e+49  4.16479e+05  9.26265e+49  4.02620e+05  7.79399e+49  2.70721e-06
 2.63787e+03  4.16479e+05  9.88213e+49  4.16479e+05  9.88068e+49  4.16479e+05  9.87780e+49  4.02620e+05  8.16261e+49  2.70721e-06
 2.72409e+03  4.16479e+05  1.05379e+50  4.16479e+05  1.05365e+50  4.16479e+05  1.05338e+50  4.02620e+05  8.56501e+49  2.70721e-06
 2.81312e+03  4.16479e+05  1.12373e+50  4.16479e+05  1.12360e+50  4.16479e+05  1.12335e+50  4.02620e+05  9.00286e+49  2.70721e-06
 2.90506e+03  4.16479e+05  1.19831e+50  4.16479e+05  1.19819e+50  4.16479e+05  1.19796e+50  4.02620e+05  9.47796e+49  2.70721e-06
 3.00000e+03  4.16479e+05  1.27786e+50  4.16479e+05  1.27775e+50  4.16479e+05  1.27753e+50  4.02620e+05  9.99229e+49  2.70721e-06
