radius_rg T_0deg chi2_0deg T_15deg chi2_15deg T_30deg chi2_30deg T_45deg chi2_45deg nuLnusavg_last
 2.00000e-01  1.14951e+06  3.03104e+44  1.11126e+06  2.44545e+44  9.70565e+05  1.15395e+44  8.47687e+05  3.55110e+43  9.84675e-06
 2.06537e-01  1.11126e+06  2.91038e+44  1.07428e+06  2.34425e+44  9.70565e+05  1.10707e+44  8.47687e+05  3.42704e+43  9.84675e-06
 2.13287e-01  1.11126e+06  2.83474e+44  1.07428e+06  2.28045e+44  9.70565e+05  1.08359e+44  8.19480e+05  3.29007e+43  9.84675e-06
 2.20257e-01  1.07428e+06  2.73115e+44  1.03853e+06  2.19779e+44  9.38269e+05  1.02944e+44  8.19480e+05  3.08146e+43  9.84675e-06
 2.27456e-01  1.07428e+06  2.64646e+44  1.03853e+06  2.12380e+44  9.38269e+05  9.95240e+43  8.19480e+05  2.97938e+43  9.84675e-06
 2.34890e-01  1.03853e+06  2.56471e+44  1.00397e+06  2.06422e+44  9.07048e+05  9.63569e+43  7.92211e+05  2.84664e+43  9.84675e-06
 2.42567e-01  1.03853e+06  2.46843e+44  1.00397e+06  1.97787e+44  9.07048e+05  9.17370e+43  7.92211e+05  2.65260e+43  9.84675e-06
 2.50494e-01  1.00397e+06  2.41374e+44  1.00397e+06  1.93047e+44  9.07048e+05  8.93777e+43  7.92211e+05  2.56332e+43  9.84675e-06
 2.58681e-01  1.00397e+06  2.30336e+44  9.70565e+05  1.84546e+44  8.76865e+05  8.52620e+43  7.65850e+05  2.45117e+43  9.84675e-06
 2.67136e-01  1.00397e+06  2.23803e+44  9.70565e+05  1.78299e+44  8.76865e+05  8.15446e+43  7.65850e+05  2.26248e+43  9.84675e-06
 2.75866e-01  9.70565e+05  2.15448e+44  9.38269e+05  1.72986e+44  8.76865e+05  8.00456e+43  7.65850e+05  2.17693e+43  9.84675e-06
 2.84882e-01  9.70565e+05  2.07190e+44  9.38269e+05  1.65019e+44  8.47687e+05  7.51947e+43  7.40366e+05  2.10386e+43  9.84675e-06
 2.94193e-01  9.38269e+05  2.02561e+44  9.38269e+05  1.60811e+44  8.47687e+05  7.21814e+43  7.40366e+05  1.91137e+43  9.84675e-06
 3.03808e-01  9.38269e+05  1.92330e+44  9.07048e+05  1.53587e+44  8.19480e+05  7.06658e+43  7.40366e+05  1.82057e+43  9.84675e-06
 3.13737e-01  9.38269e+05  1.86447e+44  9.07048e+05  1.47397e+44  8.19480e+05  6.60090e+43  7.15730e+05  1.80751e+43  9.84675e-06
 3.23991e-01  9.07048e+05  1.79662e+44  8.76865e+05  1.44438e+44  8.19480e+05  6.35063e+43  7.15730e+05  1.60204e+43  9.84675e-06
 3.34580e-01  9.07048e+05  1.71505e+44  8.76865e+05  1.36054e+44  7.92211e+05  6.19053e+43  7.15730e+05  1.49698e+43  9.84675e-06
 3.45515e-01  9.07048e+05  1.67609e+44  8.76865e+05  1.31310e+44  7.92211e+05  5.76041e+43  7.15730e+05  1.49190e+43  9.84675e-06
 3.56807e-01  8.76865e+05  1.59011e+44  8.47687e+05  1.27273e+44  7.92211e+05  5.54222e+43  6.91914e+05  1.33996e+43  9.84675e-06
 3.68468e-01  8.76865e+05  1.52542e+44  8.47687e+05  1.20080e+44  7.65850e+05  5.40614e+43  6.91914e+05  1.21156e+43  9.84675e-06
 3.80511e-01  8.47687e+05  1.49533e+44  8.47687e+05  1.16460e+44  7.65850e+05  4.99258e+43  6.91914e+05  1.18195e+43  9.84675e-06
 3.92947e-01  8.47687e+05  1.40247e+44  8.19480e+05  1.11752e+44  7.65850e+05  4.78778e+43  6.68890e+05  1.13366e+43  9.84675e-06
 4.05790e-01  8.47687e+05  1.35094e+44  8.19480e+05  1.05429e+44  7.40366e+05  4.71264e+43  6.68890e+05  9.72631e+42  9.84675e-06
 4.19052e-01  8.19480e+05  1.31363e+44  8.19480e+05  1.02618e+44  7.40366e+05  4.29680e+43  6.68890e+05  9.09415e+42  9.84675e-06
 4.32748e-01  8.19480e+05  1.23099e+44  7.92211e+05  9.77067e+43  7.40366e+05  4.08685e+43  6.68890e+05  9.43747e+42  9.84675e-06
 4.46891e-01  8.19480e+05  1.18896e+44  7.92211e+05  9.19405e+43  7.40366e+05  4.08190e+43  6.46632e+05  7.91831e+42  9.84675e-06
 4.61496e-01  7.92211e+05  1.14982e+44  7.92211e+05  8.96307e+43  7.15730e+05  3.67751e+43  6.46632e+05  6.85651e+42  9.84675e-06
 4.76579e-01  7.92211e+05  1.07377e+44  7.65850e+05  8.50456e+43  7.15730e+05  3.44390e+43  6.46632e+05  6.76094e+42  9.84675e-06
 4.92155e-01  7.92211e+05  1.03768e+44  7.65850e+05  7.95277e+43  7.15730e+05  3.41265e+43  6.25115e+05  6.84662e+42  9.84675e-06
 5.08240e-01  7.65850e+05  1.00286e+44  7.65850e+05  7.74149e+43  6.91914e+05  3.14457e+43  6.25115e+05  5.25743e+42  9.84675e-06
 5.24851e-01  7.65850e+05  9.29818e+43  7.40366e+05  7.37582e+43  6.91914e+05  2.86873e+43  6.25115e+05  4.62784e+42  9.84675e-06
 5.42004e-01  7.65850e+05  8.96143e+43  7.40366e+05  6.81827e+43  6.91914e+05  2.79286e+43  6.25115e+05  4.95526e+42  9.84675e-06
 5.59718e-01  7.40366e+05  8.72602e+43  7.40366e+05  6.59653e+43  6.68890e+05  2.71378e+43  6.04314e+05  4.49176e+42  9.84675e-06
 5.78011e-01  7.40366e+05  7.99023e+43  7.15730e+05  6.39178e+43  6.68890e+05  2.37686e+43  6.04314e+05  3.22756e+42  9.84675e-06
 5.96902e-01  7.40366e+05  7.64268e+43  7.15730e+05  5.79792e+43  6.68890e+05  2.23788e+43  6.04314e+05  2.91456e+42  9.84675e-06
 6.16411e-01  7.15730e+05  7.59896e+43  7.15730e+05  5.53564e+43  6.68890e+05  2.29625e+43  6.04314e+05  3.55148e+42  9.84675e-06
 6.36557e-01  7.15730e+05  6.82236e+43  6.91914e+05  5.56881e+43  6.46632e+05  1.99024e+43  5.84205e+05  2.80054e+42  9.84675e-06
 6.57361e-01  7.15730e+05  6.42918e+43  6.91914e+05  4.90788e+43  6.46632e+05  1.76924e+43  5.84205e+05  1.74249e+42  9.84675e-06
 6.78845e-01  7.15730e+05  6.41778e+43  6.91914e+05  4.57486e+43  6.46632e+05  1.74365e+43  5.84205e+05  1.62950e+42  9.84675e-06
 7.01032e-01  6.91914e+05  5.81330e+43  6.91914e+05  4.56836e+43  6.25115e+05  1.73810e+43  5.84205e+05  2.46110e+42  9.84675e-06
 7.23943e-01  6.91914e+05  5.33947e+43  6.68890e+05  4.17393e+43  6.25115e+05  1.41551e+43  5.64766e+05  1.73273e+42  9.84675e-06
 7.47603e-01  6.91914e+05  5.24291e+43  6.68890e+05  3.73955e+43  6.25115e+05  1.28688e+43  5.64766e+05  7.59649e+41  9.84675e-06
 7.72037e-01  6.68890e+05  4.99294e+43  6.68890e+05  3.62824e+43  6.25115e+05  1.35166e+43  5.64766e+05  7.27567e+41  9.84675e-06
 7.97269e-01  6.68890e+05  4.40294e+43  6.46632e+05  3.63255e+43  6.04314e+05  1.21341e+43  5.64766e+05  1.63635e+42  9.84675e-06
 8.23326e-01  6.68890e+05  4.18634e+43  6.46632e+05  3.06545e+43  6.04314e+05  9.61772e+42  5.45973e+05  1.29902e+42  9.84675e-06
 8.50234e-01  6.68890e+05  4.34225e+43  6.46632e+05  2.81863e+43  6.04314e+05  9.02211e+42  5.45973e+05  2.85571e+41  9.84675e-06
 8.78022e-01  6.46632e+05  3.66104e+43  6.46632e+05  2.89108e+43  6.04314e+05  1.03448e+43  5.45973e+05  2.11157e+41  9.84675e-06
 9.06718e-01  6.46632e+05  3.28879e+43  6.25115e+05  2.60007e+43  5.84205e+05  8.13427e+42  5.45973e+05  1.07547e+42  9.84675e-06
 9.36352e-01  6.46632e+05  3.28533e+43  6.25115e+05  2.18602e+43  5.84205e+05  6.08980e+42  5.27805e+05  1.56933e+42  9.84675e-06
 9.66955e-01  6.25115e+05  3.16894e+43  6.25115e+05  2.08862e+43  5.84205e+05  5.95151e+42  5.27805e+05  3.83843e+41  9.84675e-06
 9.98557e-01  6.25115e+05  2.60419e+43  6.25115e+05  2.30746e+43  5.84205e+05  7.71881e+42  5.27805e+05  1.37797e+41  9.84675e-06
 1.03119e+00  6.25115e+05  2.40540e+43  6.04314e+05  1.79002e+43  5.64766e+05  5.26598e+42  5.27805e+05  8.30176e+41  9.84675e-06
 1.06489e+00  6.25115e+05  2.57174e+43  6.04314e+05  1.49045e+43  5.64766e+05  3.45326e+42  5.27805e+05  2.46384e+42  9.84675e-06
 1.09970e+00  6.04314e+05  2.20178e+43  6.04314e+05  1.50465e+43  5.64766e+05  3.53581e+42  5.10242e+05  1.18641e+42  9.84675e-06
 1.13564e+00  6.04314e+05  1.77008e+43  5.84205e+05  1.70583e+43  5.64766e+05  5.51396e+42  5.10242e+05  6.30950e+41  9.84675e-06
 1.17276e+00  6.04314e+05  1.70089e+43  5.84205e+05  1.16973e+43  5.45973e+05  3.50700e+42  5.10242e+05  1.01596e+42  9.84675e-06
 1.21108e+00  6.04314e+05  1.99392e+43  5.84205e+05  9.46063e+42  5.45973e+05  1.68026e+42  5.10242e+05  2.34302e+42  9.84675e-06
 1.25067e+00  5.84205e+05  1.46439e+43  5.84205e+05  1.03391e+43  5.45973e+05  1.74144e+42  4.93264e+05  2.90962e+42  9.84675e-06
 1.29154e+00  5.84205e+05  1.12100e+43  5.64766e+05  1.21763e+43  5.45973e+05  3.69080e+42  4.93264e+05  1.89521e+42  9.84675e-06
 1.33375e+00  5.84205e+05  1.13744e+43  5.64766e+05  7.20266e+42  5.27805e+05  2.94004e+42  4.93264e+05  1.82649e+42  9.84675e-06
 1.37734e+00  5.84205e+05  1.51376e+43  5.64766e+05  5.33480e+42  5.27805e+05  8.44535e+41  4.93264e+05  2.70319e+42  9.84675e-06
 1.42236e+00  5.64766e+05  9.35019e+42  5.64766e+05  6.56497e+42  5.27805e+05  6.33497e+41  4.93264e+05  4.52893e+42  9.84675e-06
 1.46884e+00  5.64766e+05  6.34709e+42  5.45973e+05  9.37044e+42  5.27805e+05  2.30605e+42  4.76850e+05  4.23820e+42  9.84675e-06
 1.51685e+00  5.64766e+05  6.92206e+42  5.45973e+05  4.37772e+42  5.10242e+05  3.76930e+42  4.76850e+05  3.55426e+42  9.84675e-06
 1.56642e+00  5.64766e+05  1.10775e+43  5.45973e+05  2.47906e+42  5.10242e+05  1.13732e+42  4.76850e+05  3.82288e+42  9.84675e-06
 1.61762e+00  5.45973e+05  6.09460e+42  5.45973e+05  3.66662e+42  5.10242e+05  3.91010e+41  4.76850e+05  5.04517e+42  9.84675e-06
 1.67049e+00  5.45973e+05  3.05913e+42  5.45973e+05  7.94530e+42  5.10242e+05  1.52729e+42  4.76850e+05  7.22620e+42  9.84675e-06
 1.72508e+00  5.45973e+05  3.58814e+42  5.27805e+05  3.35308e+42  5.10242e+05  4.55086e+42  4.60983e+05  6.86218e+42  9.84675e-06
 1.78146e+00  5.45973e+05  7.68381e+42  5.27805e+05  1.00956e+42  4.93264e+05  2.88936e+42  4.60983e+05  6.33034e+42  9.84675e-06
 1.83968e+00  5.27805e+05  5.03202e+42  5.27805e+05  1.74617e+42  4.93264e+05  1.32788e+42  4.60983e+05  6.76254e+42  9.84675e-06
 1.89981e+00  5.27805e+05  1.48422e+42  5.27805e+05  5.56596e+42  4.93264e+05  1.65287e+42  4.60983e+05  8.16059e+42  9.84675e-06
 1.96190e+00  5.27805e+05  1.49438e+42  5.10242e+05  4.45540e+42  4.93264e+05  3.86567e+42  4.60983e+05  1.05303e+43  9.84675e-06
 2.02602e+00  5.27805e+05  5.06252e+42  5.10242e+05  1.23216e+42  4.76850e+05  6.60245e+42  4.60983e+05  1.38814e+43  9.84675e-06
 2.09224e+00  5.10242e+05  6.54552e+42  5.10242e+05  1.08996e+42  4.76850e+05  3.92256e+42  4.60983e+05  1.82278e+43  9.84675e-06
 2.16062e+00  5.10242e+05  1.98104e+42  5.10242e+05  4.02823e+42  4.76850e+05  3.13987e+42  4.60983e+05  2.35875e+43  9.84675e-06
 2.23123e+00  5.10242e+05  9.76570e+41  4.93264e+05  8.24439e+42  4.76850e+05  4.25115e+42  4.60983e+05  2.99826e+43  9.84675e-06
 2.30415e+00  5.10242e+05  3.52795e+42  4.93264e+05  3.67757e+42  4.76850e+05  7.26100e+42  4.60983e+05  3.74397e+43  9.84675e-06
 2.37946e+00  5.10242e+05  9.64573e+42  4.93264e+05  2.20192e+42  4.60983e+05  1.00360e+43  4.60983e+05  4.59896e+43  9.84675e-06
 2.45723e+00  4.93264e+05  5.17011e+42  4.93264e+05  3.81135e+42  4.60983e+05  7.74619e+42  4.60983e+05  5.56677e+43  9.84675e-06
 2.53753e+00  4.93264e+05  2.62372e+42  4.93264e+05  8.51249e+42  4.60983e+05  7.36944e+42  4.60983e+05  6.65140e+43  9.84675e-06
 2.62047e+00  4.93264e+05  3.63999e+42  4.76850e+05  9.15171e+42  4.60983e+05  8.90415e+42  4.60983e+05  7.85734e+43  9.84675e-06
 2.70611e+00  4.93264e+05  8.22314e+42  4.76850e+05  5.85102e+42  4.60983e+05  1.23567e+43  4.60983e+05  9.18959e+43  9.84675e-06
 2.79455e+00  4.76850e+05  1.19926e+43  4.76850e+05  5.65050e+42  4.60983e+05  1.77413e+43  4.60983e+05  1.06536e+44  9.84675e-06
 2.88589e+00  4.76850e+05  7.33348e+42  4.76850e+05  8.54931e+42  4.60983e+05  2.50804e+43  4.60983e+05  1.22556e+44  9.84675e-06
 2.98021e+00  4.76850e+05  6.25647e+42  4.76850e+05  1.45595e+43  4.60983e+05  3.44042e+43  4.60983e+05  1.40020e+44  9.84675e-06
 3.07761e+00  4.76850e+05  8.75717e+42  4.60983e+05  1.52469e+43  4.60983e+05  4.57513e+43  4.60983e+05  1.59002e+44  9.84675e-06
 3.17819e+00  4.76850e+05  1.48459e+43  4.60983e+05  1.25769e+43  4.60983e+05  5.91688e+43  4.60983e+05  1.79580e+44  9.84675e-06
 3.28206e+00  4.60983e+05  1.88629e+43  4.60983e+05  1.30350e+43  4.60983e+05  7.47121e+43  4.60983e+05  2.01838e+44  9.84675e-06
 3.38933e+00  4.60983e+05  1.49249e+43  4.60983e+05  1.66229e+43  4.60983e+05  9.24456e+43  4.60983e+05  2.25870e+44  9.84675e-06
 3.50010e+00  4.60983e+05  1.46005e+43  4.60983e+05  2.33556e+43  4.60983e+05  1.12443e+44  4.60983e+05  2.51774e+44  9.84675e-06
 3.61449e+00  4.60983e+05  1.78883e+43  4.60983e+05  3.32609e+43  4.60983e+05  1.34786e+44  4.60983e+05  2.79659e+44  9.84675e-06
 3.73262e+00  4.60983e+05  2.48019e+43  4.60983e+05  4.63798e+43  4.60983e+05  1.59568e+44  4.60983e+05  3.09638e+44  9.84675e-06
 3.85462e+00  4.60983e+05  3.53700e+43  4.60983e+05  6.27666e+43  4.60983e+05  1.86891e+44  4.60983e+05  3.41837e+44  9.84675e-06
 3.98060e+00  4.60983e+05  4.96363e+43  4.60983e+05  8.24891e+43  4.60983e+05  2.16869e+44  4.60983e+05  3.76388e+44  9.84675e-06
 4.11069e+00  4.60983e+05  6.76598e+43  4.60983e+05  1.05629e+44  4.60983e+05  2.49626e+44  4.45643e+05  3.96036e+44  9.84675e-06
 4.24504e+00  4.60983e+05  8.95151e+43  4.60983e+05  1.32282e+44  4.60983e+05  2.85296e+44  4.45643e+05  4.15782e+44  9.84675e-06
 4.38378e+00  4.60983e+05  1.15293e+44  4.60983e+05  1.62558e+44  4.60983e+05  3.24028e+44  4.45643e+05  4.38187e+44  9.84675e-06
 4.52705e+00  4.60983e+05  1.45099e+44  4.60983e+05  1.96583e+44  4.60983e+05  3.65982e+44  4.45643e+05  4.63344e+44  9.84675e-06
 4.67501e+00  4.60983e+05  1.79058e+44  4.60983e+05  2.34498e+44  4.60983e+05  4.11331e+44  4.45643e+05  4.91356e+44  9.84675e-06
 4.82780e+00  4.60983e+05  2.17310e+44  4.60983e+05  2.76459e+44  4.60983e+05  4.60264e+44  4.45643e+05  5.22339e+44  9.84675e-06
 4.98558e+00  4.60983e+05  2.60012e+44  4.60983e+05  3.22640e+44  4.60983e+05  5.12983e+44  4.45643e+05  5.56422e+44  9.84675e-06
 5.14853e+00  4.60983e+05  3.07343e+44  4.60983e+05  3.73232e+44  4.60983e+05  5.69705e+44  4.45643e+05  5.93745e+44  9.84675e-06
 5.31679e+00  4.60983e+05  3.59497e+44  4.60983e+05  4.28445e+44  4.60983e+05  6.30666e+44  4.45643e+05  6.34464e+44  9.84675e-06
 5.49056e+00  4.60983e+05  4.16691e+44  4.60983e+05  4.88506e+44  4.60983e+05  6.96119e+44  4.45643e+05  6.78745e+44  9.84675e-06
 5.67001e+00  4.60983e+05  4.79162e+44  4.60983e+05  5.53666e+44  4.60983e+05  7.66332e+44  4.45643e+05  7.26774e+44  9.84675e-06
 5.85532e+00  4.60983e+05  5.47167e+44  4.60983e+05  6.24192e+44  4.60983e+05  8.41599e+44  4.45643e+05  7.78749e+44  9.84675e-06
 6.04668e+00  4.60983e+05  6.20988e+44  4.60983e+05  7.00378e+44  4.60983e+05  9.22229e+44  4.45643e+05  8.34884e+44  9.84675e-06
 6.24430e+00  4.60983e+05  7.00931e+44  4.60983e+05  7.82539e+44  4.60983e+05  1.00856e+45  4.45643e+05  8.95411e+44  9.84675e-06
 6.44838e+00  4.60983e+05  7.87327e+44  4.60983e+05  8.71013e+44  4.60983e+05  1.10094e+45  4.45643e+05  9.60583e+44  9.84675e-06
 6.65913e+00  4.60983e+05  8.80532e+44  4.60983e+05  9.66169e+44  4.60983e+05  1.19976e+45  4.45643e+05  1.03067e+45  9.84675e-06
 6.87677e+00  4.60983e+05  9.80934e+44  4.60983e+05  1.06840e+45  4.60983e+05  1.30543e+45  4.45643e+05  1.10596e+45  9.84675e-06
 7.10152e+00  4.60983e+05  1.08895e+45  4.60983e+05  1.17813e+45  4.45643e+05  1.39319e+45  4.45643e+05  1.18676e+45  9.84675e-06
 7.33362e+00  4.60983e+05  1.20502e+45  4.60983e+05  1.29580e+45  4.45643e+05  1.45273e+45  4.45643e+05  1.27341e+45  9.84675e-06
 7.57330e+00  4.60983e+05  1.32963e+45  4.60983e+05  1.42192e+45  4.45643e+05  1.52017e+45  4.45643e+05  1.36627e+45  9.84675e-06
 7.82082e+00  4.60983e+05  1.46329e+45  4.60983e+05  1.55700e+45  4.45643e+05  1.59577e+45  4.45643e+05  1.46572e+45  9.84675e-06
 8.07642e+00  4.60983e+05  1.60656e+45  4.60983e+05  1.70160e+45  4.45643e+05  1.67987e+45  4.45643e+05  1.57218e+45  9.84675e-06
 8.34038e+00  4.60983e+05  1.76004e+45  4.60983e+05  1.85631e+45  4.45643e+05  1.77279e+45  4.45643e+05  1.68608e+45  9.84675e-06
 8.61296e+00  4.60983e+05  1.92435e+45  4.60983e+05  2.02179e+45  4.45643e+05  1.87494e+45  4.45643e+05  1.80789e+45  9.84675e-06
 8.89446e+00  4.60983e+05  2.10017e+45  4.60983e+05  2.19870e+45  4.45643e+05  1.98672e+45  4.45643e+05  1.93813e+45  9.84675e-06
 9.18515e+00  4.60983e+05  2.28824e+45  4.60983e+05  2.38779e+45  4.45643e+05  2.10861e+45  4.45643e+05  2.07732e+45  9.84675e-06
 9.48535e+00  4.60983e+05  2.48932e+45  4.45643e+05  2.49555e+45  4.45643e+05  2.24110e+45  4.45643e+05  2.22605e+45  9.84675e-06
 9.79535e+00  4.60983e+05  2.70427e+45  4.45643e+05  2.60537e+45  4.45643e+05  2.38475e+45  4.45643e+05  2.38493e+45  9.84675e-06
 1.01155e+01  4.45643e+05  2.85393e+45  4.45643e+05  2.72903e+45  4.45643e+05  2.54015e+45  4.45643e+05  2.55461e+45  9.84675e-06
 1.04461e+01  4.45643e+05  2.97702e+45  4.45643e+05  2.86707e+45  4.45643e+05  2.70794e+45  4.45643e+05  2.73581e+45  9.84675e-06
 1.07875e+01  4.45643e+05  3.11599e+45  4.45643e+05  3.02005e+45  4.45643e+05  2.88883e+45  4.45643e+05  2.92927e+45  9.84675e-06
 1.11401e+01  4.45643e+05  3.27141e+45  4.45643e+05  3.18861e+45  4.45643e+05  3.08354e+45  4.45643e+05  3.13578e+45  9.84675e-06
 1.15041e+01  4.45643e+05  3.44391e+45  4.45643e+05  3.37344e+45  4.45643e+05  3.29290e+45  4.45643e+05  3.35622e+45  9.84675e-06
 1.18801e+01  4.45643e+05  3.63422e+45  4.45643e+05  3.57530e+45  4.45643e+05  3.51777e+45  4.45643e+05  3.59148e+45  9.84675e-06
 1.22684e+01  4.45643e+05  3.84313e+45  4.45643e+05  3.79503e+45  4.45643e+05  3.75908e+45  4.45643e+05  3.84254e+45  9.84675e-06
 1.26694e+01  4.45643e+05  4.07148e+45  4.45643e+05  4.03355e+45  4.45643e+05  4.01782e+45  4.45643e+05  4.11044e+45  9.84675e-06
 1.30834e+01  4.45643e+05  4.32024e+45  4.45643e+05  4.29184e+45  4.45643e+05  4.29507e+45  4.45643e+05  4.39629e+45  9.84675e-06
 1.35110e+01  4.45643e+05  4.59043e+45  4.45643e+05  4.57096e+45  4.45643e+05  4.59198e+45  4.45643e+05  4.70127e+45  9.84675e-06
 1.39526e+01  4.45643e+05  4.88317e+45  4.45643e+05  4.87208e+45  4.45643e+05  4.90978e+45  4.45643e+05  5.02664e+45  9.84675e-06
 1.44086e+01  4.45643e+05  5.19967e+45  4.45643e+05  5.19643e+45  4.45643e+05  5.24977e+45  4.45643e+05  5.37376e+45  9.84675e-06
 1.48795e+01  4.45643e+05  5.54125e+45  4.45643e+05  5.54537e+45  4.45643e+05  5.61337e+45  4.45643e+05  5.74405e+45  9.84675e-06
 1.53658e+01  4.45643e+05  5.90930e+45  4.45643e+05  5.92033e+45  4.45643e+05  6.00209e+45  4.45643e+05  6.13905e+45  9.84675e-06
 1.58680e+01  4.45643e+05  6.30536e+45  4.45643e+05  6.32287e+45  4.45643e+05  6.41752e+45  4.45643e+05  6.56040e+45  9.84675e-06
 1.63866e+01  4.45643e+05  6.73107e+45  4.45643e+05  6.75465e+45  4.45643e+05  6.86139e+45  4.45643e+05  7.00983e+45  9.84675e-06
 1.69222e+01  4.45643e+05  7.18819e+45  4.45643e+05  7.21746e+45  4.45643e+05  7.33554e+45  4.45643e+05  7.48921e+45  9.84675e-06
 1.74753e+01  4.45643e+05  7.67860e+45  4.45643e+05  7.71321e+45  4.45643e+05  7.84193e+45  4.45643e+05  8.00053e+45  9.84675e-06
 1.80464e+01  4.45643e+05  8.20435e+45  4.45643e+05  8.24397e+45  4.45643e+05  8.38265e+45  4.45643e+05  8.54589e+45  9.84675e-06
 1.86362e+01  4.45643e+05  8.76760e+45  4.45643e+05  8.81191e+45  4.45643e+05  8.95994e+45  4.45643e+05  9.12755e+45  9.84675e-06
 1.92453e+01  4.45643e+05  9.37069e+45  4.45643e+05  9.41940e+45  4.45643e+05  9.57620e+45  4.45643e+05  9.74793e+45  9.84675e-06
 1.98743e+01  4.45643e+05  1.00161e+46  4.45643e+05  1.00689e+46  4.45643e+05  1.02340e+46  4.45643e+05  1.04096e+46  9.84675e-06
 2.05238e+01  4.45643e+05  1.07065e+46  4.45643e+05  1.07632e+46  4.45643e+05  1.09360e+46  4.45643e+05  1.11153e+46  9.84675e-06
 2.11946e+01  4.45643e+05  1.14448e+46  4.45643e+05  1.15052e+46  4.45643e+05  1.16851e+46  4.45643e+05  1.18679e+46  9.84675e-06
 2.18873e+01  4.45643e+05  1.22340e+46  4.45643e+05  1.22978e+46  4.45643e+05  1.24845e+46  4.45643e+05  1.26705e+46  9.84675e-06
 2.26026e+01  4.45643e+05  1.30774e+46  4.45643e+05  1.31443e+46  4.45643e+05  1.33374e+46  4.45643e+05  1.35266e+46  9.84675e-06
 2.33413e+01  4.45643e+05  1.39784e+46  4.45643e+05  1.40484e+46  4.45643e+05  1.42474e+46  4.45643e+05  1.44395e+46  9.84675e-06
 2.41042e+01  4.45643e+05  1.49409e+46  4.45643e+05  1.50136e+46  4.45643e+05  1.52183e+46  4.45643e+05  1.54132e+46  9.84675e-06
 2.48920e+01  4.45643e+05  1.59687e+46  4.45643e+05  1.60441e+46  4.45643e+05  1.62540e+46  4.45643e+05  1.64516e+46  9.84675e-06
 2.57055e+01  4.45643e+05  1.70662e+46  4.45643e+05  1.71440e+46  4.45643e+05  1.73588e+46  4.45643e+05  1.75590e+46  9.84675e-06
 2.65456e+01  4.45643e+05  1.82379e+46  4.45643e+05  1.83180e+46  4.45643e+05  1.85374e+46  4.45643e+05  1.87400e+46  9.84675e-06
 2.74132e+01  4.45643e+05  1.94885e+46  4.45643e+05  1.95709e+46  4.45643e+05  1.97946e+46  4.45643e+05  1.99995e+46  9.84675e-06
 2.83091e+01  4.45643e+05  2.08234e+46  4.45643e+05  2.09078e+46  4.45643e+05  2.11356e+46  4.45643e+05  2.13427e+46  9.84675e-06
 2.92343e+01  4.45643e+05  2.22480e+46  4.45643e+05  2.23343e+46  4.45643e+05  2.25659e+46  4.45643e+05  2.27751e+46  9.84675e-06
 3.01898e+01  4.45643e+05  2.37683e+46  4.45643e+05  2.38563e+46  4.45643e+05  2.40915e+46  4.45643e+05  2.43028e+46  9.84675e-06
 3.11765e+01  4.45643e+05  2.53904e+46  4.45643e+05  2.54802e+46  4.45643e+05  2.57186e+46  4.45643e+05  2.59319e+46  9.84675e-06
 3.21954e+01  4.45643e+05  2.71212e+46  4.45643e+05  2.72125e+46  4.45643e+05  2.74541e+46  4.45643e+05  2.76694e+46  9.84675e-06
 3.32476e+01  4.45643e+05  2.89678e+46  4.45643e+05  2.90606e+46  4.45643e+05  2.93051e+46  4.45643e+05  2.95222e+46  9.84675e-06
 3.43343e+01  4.45643e+05  3.09378e+46  4.45643e+05  3.10320e+46  4.45643e+05  3.12793e+46  4.45643e+05  3.14982e+46  9.84675e-06
 3.54564e+01  4.45643e+05  3.30394e+46  4.45643e+05  3.31349e+46  4.45643e+05  3.33848e+46  4.45643e+05  3.36055e+46  9.84675e-06
 3.66152e+01  4.45643e+05  3.52813e+46  4.45643e+05  3.53780e+46  4.45643e+05  3.56303e+46  4.30814e+05  3.50722e+46  9.84675e-06
 3.78119e+01  4.45643e+05  3.76727e+46  4.45643e+05  3.77706e+46  4.45643e+05  3.80251e+46  4.30814e+05  3.62609e+46  9.84675e-06
 3.90477e+01  4.45643e+05  4.02236e+46  4.45643e+05  4.03225e+46  4.45643e+05  4.05792e+46  4.30814e+05  3.76007e+46  9.84675e-06
 4.03238e+01  4.45643e+05  4.29446e+46  4.45643e+05  4.30445e+46  4.45643e+05  4.33032e+46  4.30814e+05  3.90970e+46  9.84675e-06
 4.16417e+01  4.45643e+05  4.58468e+46  4.45643e+05  4.59476e+46  4.45643e+05  4.62082e+46  4.30814e+05  4.07560e+46  9.84675e-06
 4.30027e+01  4.45643e+05  4.89422e+46  4.45643e+05  4.90440e+46  4.45643e+05  4.93063e+46  4.30814e+05  4.25847e+46  9.84675e-06
 4.44081e+01  4.45643e+05  5.22438e+46  4.45643e+05  5.23464e+46  4.45643e+05  5.26103e+46  4.30814e+05  4.45905e+46  9.84675e-06
 4.58595e+01  4.45643e+05  5.57652e+46  4.45643e+05  5.58685e+46  4.45643e+05  5.61340e+46  4.30814e+05  4.67818e+46  9.84675e-06
 4.73583e+01  4.45643e+05  5.95208e+46  4.45643e+05  5.96249e+46  4.45643e+05  5.98918e+46  4.30814e+05  4.91676e+46  9.84675e-06
 4.89061e+01  4.45643e+05  6.35264e+46  4.45643e+05  6.36311e+46  4.45643e+05  6.38994e+46  4.30814e+05  5.17579e+46  9.84675e-06
 5.05045e+01  4.45643e+05  6.77984e+46  4.45643e+05  6.79038e+46  4.45643e+05  6.81733e+46  4.30814e+05  5.45633e+46  9.84675e-06
 5.21551e+01  4.45643e+05  7.23545e+46  4.45643e+05  7.24605e+46  4.45643e+05  7.27313e+46  4.30814e+05  5.75954e+46  9.84675e-06
 5.38597e+01  4.45643e+05  7.72137e+46  4.45643e+05  7.73202e+46  4.45643e+05  7.75921e+46  4.30814e+05  6.08668e+46  9.84675e-06
 5.56199e+01  4.45643e+05  8.23959e+46  4.45643e+05  8.25029e+46  4.45643e+05  8.27759e+46  4.30814e+05  6.43911e+46  9.84675e-06
 5.74378e+01  4.45643e+05  8.79226e+46  4.45643e+05  8.80302e+46  4.45643e+05  8.83041e+46  4.30814e+05  6.81828e+46  9.84675e-06
 5.93150e+01  4.45643e+05  9.38168e+46  4.45643e+05  9.39248e+46  4.45643e+05  9.41997e+46  4.30814e+05  7.22575e+46  9.84675e-06
 6.12535e+01  4.45643e+05  1.00103e+47  4.45643e+05  1.00211e+47  4.45643e+05  1.00487e+47  4.30814e+05  7.66323e+46  9.84675e-06
 6.32555e+01  4.45643e+05  1.06807e+47  4.45643e+05  1.06915e+47  4.45643e+05  1.07192e+47  4.30814e+05  8.13251e+46  9.84675e-06
 6.53228e+01  4.45643e+05  1.13956e+47  4.45643e+05  1.14065e+47  4.30814e+05  1.11686e+47  4.30814e+05  8.63555e+46  9.84675e-06
 6.74577e+01  4.45643e+05  1.21581e+47  4.45643e+05  1.21690e+47  4.30814e+05  1.15480e+47  4.30814e+05  9.17441e+46  9.84675e-06
 6.96624e+01  4.45643e+05  1.29712e+47  4.45643e+05  1.29822e+47  4.30814e+05  1.19754e+47  4.30814e+05  9.75134e+46  9.84675e-06
 7.19392e+01  4.45643e+05  1.38383e+47  4.45643e+05  1.38494e+47  4.30814e+05  1.24525e+47  4.30814e+05  1.03687e+47  9.84675e-06
 7.42903e+01  4.45643e+05  1.47631e+47  4.45643e+05  1.47742e+47  4.30814e+05  1.29814e+47  4.30814e+05  1.10291e+47  9.84675e-06
 7.67183e+01  4.45643e+05  1.57494e+47  4.45643e+05  1.57604e+47  4.30814e+05  1.35642e+47  4.30814e+05  1.17352e+47  9.84675e-06
 7.92257e+01  4.45643e+05  1.68011e+47  4.45643e+05  1.68122e+47  4.30814e+05  1.42033e+47  4.30814e+05  1.24900e+47  9.84675e-06
 8.18150e+01  4.45643e+05  1.79228e+47  4.45643e+05  1.79339e+47  4.30814e+05  1.49013e+47  4.30814e+05  1.32966e+47  9.84675e-06
 8.44889e+01  4.45643e+05  1.91190e+47  4.30814e+05  1.90275e+47  4.30814e+05  1.56613e+47  4.30814e+05  1.41582e+47  9.84675e-06
 8.72502e+01  4.45643e+05  2.03946e+47  4.30814e+05  1.96409e+47  4.30814e+05  1.64862e+47  4.30814e+05  1.50786e+47  9.84675e-06
 9.01018e+01  4.45643e+05  2.17550e+47  4.30814e+05  2.03359e+47  4.30814e+05  1.73795e+47  4.30814e+05  1.60615e+47  9.84675e-06
 9.30466e+01  4.30814e+05  2.25036e+47  4.30814e+05  2.11154e+47  4.30814e+05  1.83450e+47  4.30814e+05  1.71109e+47  9.84675e-06
 9.60876e+01  4.30814e+05  2.32836e+47  4.30814e+05  2.19826e+47  4.30814e+05  1.93865e+47  4.30814e+05  1.82312e+47  9.84675e-06
 9.92280e+01  4.30814e+05  2.41603e+47  4.30814e+05  2.29411e+47  4.30814e+05  2.05085e+47  4.30814e+05  1.94271e+47  9.84675e-06
 1.02471e+02  4.30814e+05  2.51373e+47  4.30814e+05  2.39948e+47  4.30814e+05  2.17155e+47  4.30814e+05  2.07035e+47  9.84675e-06
 1.05820e+02  4.30814e+05  2.62187e+47  4.30814e+05  2.51481e+47  4.30814e+05  2.30126e+47  4.30814e+05  2.20656e+47  9.84675e-06
 1.09278e+02  4.30814e+05  2.74090e+47  4.30814e+05  2.64058e+47  4.30814e+05  2.44052e+47  4.30814e+05  2.35192e+47  9.84675e-06
 1.12850e+02  4.30814e+05  2.87131e+47  4.30814e+05  2.77731e+47  4.30814e+05  2.58989e+47  4.30814e+05  2.50702e+47  9.84675e-06
 1.16538e+02  4.30814e+05  3.01363e+47  4.30814e+05  2.92556e+47  4.30814e+05  2.75000e+47  4.30814e+05  2.67250e+47  9.84675e-06
 1.20347e+02  4.30814e+05  3.16847e+47  4.30814e+05  3.08595e+47  4.30814e+05  2.92150e+47  4.30814e+05  2.84905e+47  9.84675e-06
 1.24280e+02  4.30814e+05  3.33645e+47  4.30814e+05  3.25914e+47  4.30814e+05  3.10512e+47  4.30814e+05  3.03740e+47  9.84675e-06
 1.28342e+02  4.30814e+05  3.51827e+47  4.30814e+05  3.44585e+47  4.30814e+05  3.30161e+47  4.30814e+05  3.23833e+47  9.84675e-06
 1.32537e+02  4.30814e+05  3.71469e+47  4.30814e+05  3.64686e+47  4.30814e+05  3.51177e+47  4.30814e+05  3.45268e+47  9.84675e-06
 1.36868e+02  4.30814e+05  3.92652e+47  4.30814e+05  3.86298e+47  4.30814e+05  3.73650e+47  4.30814e+05  3.68132e+47  9.84675e-06
 1.41341e+02  4.30814e+05  4.15463e+47  4.30814e+05  4.09513e+47  4.30814e+05  3.97670e+47  4.30814e+05  3.92520e+47  9.84675e-06
 1.45961e+02  4.30814e+05  4.39998e+47  4.30814e+05  4.34425e+47  4.30814e+05  4.23338e+47  4.30814e+05  4.18534e+47  9.84675e-06
 1.50731e+02  4.30814e+05  4.66356e+47  4.30814e+05  4.61138e+47  4.30814e+05  4.50759e+47  4.30814e+05  4.46281e+47  9.84675e-06
 1.55658e+02  4.30814e+05  4.94649e+47  4.30814e+05  4.89762e+47  4.30814e+05  4.80048e+47  4.30814e+05  4.75876e+47  9.84675e-06
 1.60745e+02  4.30814e+05  5.24992e+47  4.30814e+05  5.20417e+47  4.30814e+05  5.11326e+47  4.30814e+05  5.07441e+47  9.84675e-06
 1.65998e+02  4.30814e+05  5.57511e+47  4.30814e+05  5.53228e+47  4.30814e+05  5.44722e+47  4.30814e+05  5.41107e+47  9.84675e-06
 1.71424e+02  4.30814e+05  5.92341e+47  4.30814e+05  5.88332e+47  4.30814e+05  5.80373e+47  4.30814e+05  5.77014e+47  9.84675e-06
 1.77026e+02  4.30814e+05  6.29626e+47  4.30814e+05  6.25874e+47  4.30814e+05  6.18429e+47  4.30814e+05  6.15309e+47  9.84675e-06
 1.82812e+02  4.30814e+05  6.69520e+47  4.30814e+05  6.66009e+47  4.30814e+05  6.59046e+47  4.30814e+05  6.56152e+47  9.84675e-06
 1.88787e+02  4.30814e+05  7.12188e+47  4.30814e+05  7.08903e+47  4.30814e+05  7.02392e+47  4.30814e+05  6.99711e+47  9.84675e-06
 1.94957e+02  4.30814e+05  7.57808e+47  4.30814e+05  7.54734e+47  4.30814e+05  7.48647e+47  4.30814e+05  7.46166e+47  9.84675e-06
 2.01328e+02  4.30814e+05  8.06567e+47  4.30814e+05  8.03692e+47  4.30814e+05  7.98001e+47  4.30814e+05  7.95711e+47  9.84675e-06
 2.07908e+02  4.30814e+05  8.58667e+47  4.30814e+05  8.55979e+47  4.30814e+05  8.50661e+47  4.30814e+05  8.48549e+47  9.84675e-06
 2.14703e+02  4.30814e+05  9.14325e+47  4.30814e+05  9.11811e+47  4.30814e+05  9.06842e+47  4.30814e+05  9.04901e+47  9.84675e-06
 2.21720e+02  4.30814e+05  9.73770e+47  4.30814e+05  9.71420e+47  4.30814e+05  9.66779e+47  4.30814e+05  9.64998e+47  9.84675e-06
 2.28967e+02  4.30814e+05  1.03725e+48  4.30814e+05  1.03505e+48  4.30814e+05  1.03072e+48  4.30814e+05  1.02909e+48  9.84675e-06
 2.36450e+02  4.30814e+05  1.10502e+48  4.30814e+05  1.10297e+48  4.30814e+05  1.09892e+48  4.30814e+05  1.09744e+48  9.84675e-06
 2.44178e+02  4.30814e+05  1.17737e+48  4.30814e+05  1.17546e+48  4.30814e+05  1.17168e+48  4.30814e+05  1.17033e+48  9.84675e-06
 2.52158e+02  4.30814e+05  1.25460e+48  4.30814e+05  1.25281e+48  4.30814e+05  1.24929e+48  4.30814e+05  1.24807e+48  9.84675e-06
 2.60399e+02  4.30814e+05  1.33703e+48  4.30814e+05  1.33535e+48  4.30814e+05  1.33207e+48  4.30814e+05  1.33098e+48  9.84675e-06
 2.68910e+02  4.30814e+05  1.42498e+48  4.30814e+05  1.42342e+48  4.30814e+05  1.42036e+48  4.30814e+05  1.41939e+48  9.84675e-06
 2.77699e+02  4.30814e+05  1.51885e+48  4.30814e+05  1.51739e+48  4.30814e+05  1.51454e+48  4.30814e+05  1.51368e+48  9.84675e-06
 2.86774e+02  4.30814e+05  1.61900e+48  4.30814e+05  1.61764e+48  4.30814e+05  1.61498e+48  4.30814e+05  1.61423e+48  9.84675e-06
 2.96147e+02  4.30814e+05  1.72585e+48  4.30814e+05  1.72458e+48  4.30814e+05  1.72211e+48  4.30814e+05  1.72147e+48  9.84675e-06
 3.05826e+02  4.30814e+05  1.83985e+48  4.30814e+05  1.83867e+48  4.30814e+05  1.83637e+48  4.30814e+05  1.83583e+48  9.84675e-06
 3.15821e+02  4.30814e+05  1.96147e+48  4.30814e+05  1.96037e+48  4.30814e+05  1.95822e+48  4.30814e+05  1.95779e+48  9.84675e-06
 3.26143e+02  4.30814e+05  2.09120e+48  4.30814e+05  2.09018e+48  4.30814e+05  2.08819e+48  4.30814e+05  2.08785e+48  9.84675e-06
 3.36802e+02  4.30814e+05  2.22960e+48  4.30814e+05  2.22865e+48  4.30814e+05  2.22680e+48  4.30814e+05  2.22655e+48  9.84675e-06
 3.47810e+02  4.30814e+05  2.37723e+48  4.30814e+05  2.37634e+48  4.30814e+05  2.37463e+48  4.30814e+05  2.37447e+48  9.84675e-06
 3.59177e+02  4.30814e+05  2.53470e+48  4.30814e+05  2.53387e+48  4.30814e+05  2.53228e+48  4.30814e+05  2.53222e+48  9.84675e-06
 3.70916e+02  4.30814e+05  2.70266e+48  4.30814e+05  2.70189e+48  4.30814e+05  2.70042e+48  4.16479e+05  2.62947e+48  9.84675e-06
 3.83038e+02  4.30814e+05  2.88181e+48  4.30814e+05  2.88110e+48  4.30814e+05  2.87973e+48  4.16479e+05  2.71702e+48  9.84675e-06
 3.95557e+02  4.30814e+05  3.07289e+48  4.30814e+05  3.07223e+48  4.30814e+05  3.07097e+48  4.16479e+05  2.81581e+48  9.84675e-06
 4.08485e+02  4.30814e+05  3.27669e+48  4.30814e+05  3.27608e+48  4.30814e+05  3.27491e+48  4.16479e+05  2.92626e+48  9.84675e-06
 4.21835e+02  4.30814e+05  3.49405e+48  4.30814e+05  3.49349e+48  4.30814e+05  3.49241e+48  4.16479e+05  3.04882e+48  9.84675e-06
 4.35622e+02  4.30814e+05  3.72588e+48  4.30814e+05  3.72536e+48  4.30814e+05  3.72437e+48  4.16479e+05  3.18399e+48  9.84675e-06
 4.49859e+02  4.30814e+05  3.97313e+48  4.30814e+05  3.97265e+48  4.30814e+05  3.97174e+48  4.16479e+05  3.33234e+48  9.84675e-06
 4.64562e+02  4.30814e+05  4.23683e+48  4.30814e+05  4.23638e+48  4.30814e+05  4.23555e+48  4.16479e+05  3.49449e+48  9.84675e-06
 4.79745e+02  4.30814e+05  4.51806e+48  4.30814e+05  4.51765e+48  4.30814e+05  4.51689e+48  4.16479e+05  3.67110e+48  9.84675e-06
 4.95424e+02  4.30814e+05  4.81800e+48  4.30814e+05  4.81762e+48  4.30814e+05  4.81692e+48  4.16479e+05  3.86290e+48  9.84675e-06
 5.11616e+02  4.30814e+05  5.13788e+48  4.30814e+05  5.13753e+48  4.30814e+05  5.13689e+48  4.16479e+05  4.07069e+48  9.84675e-06
 5.28337e+02  4.30814e+05  5.47902e+48  4.30814e+05  5.47870e+48  4.30814e+05  5.47812e+48  4.16479e+05  4.29532e+48  9.84675e-06
 5.45604e+02  4.30814e+05  5.84285e+48  4.30814e+05  5.84255e+48  4.30814e+05  5.84203e+48  4.16479e+05  4.53773e+48  9.84675e-06
 5.63436e+02  4.30814e+05  6.23085e+48  4.30814e+05  6.23059e+48  4.30814e+05  6.23011e+48  4.16479e+05  4.79893e+48  9.84675e-06
 5.81850e+02  4.30814e+05  6.64465e+48  4.30814e+05  6.64441e+48  4.30814e+05  6.64398e+48  4.16479e+05  5.07998e+48  9.84675e-06
 6.00867e+02  4.30814e+05  7.08595e+48  4.30814e+05  7.08573e+48  4.30814e+05  7.08535e+48  4.16479e+05  5.38206e+48  9.84675e-06
 6.20505e+02  4.30814e+05  7.55658e+48  4.30814e+05  7.55638e+48  4.30814e+05  7.55604e+48  4.16479e+05  5.70641e+48  9.84675e-06
 6.40784e+02  4.30814e+05  8.05848e+48  4.30814e+05  8.05830e+48  4.30814e+05  8.05800e+48  4.16479e+05  6.05438e+48  9.84675e-06
 6.61727e+02  4.30814e+05  8.59374e+48  4.30814e+05  8.59357e+48  4.16479e+05  8.37570e+48  4.16479e+05  6.42741e+48  9.84675e-06
 6.83354e+02  4.30814e+05  9.16456e+48  4.30814e+05  9.16442e+48  4.16479e+05  8.65382e+48  4.16479e+05  6.82703e+48  9.84675e-06
 7.05688e+02  4.30814e+05  9.77332e+48  4.30814e+05  9.77319e+48  4.16479e+05  8.96776e+48  4.16479e+05  7.25491e+48  9.84675e-06
 7.28751e+02  4.30814e+05  1.04225e+49  4.30814e+05  1.04224e+49  4.16479e+05  9.31881e+48  4.16479e+05  7.71282e+48  9.84675e-06
 7.52569e+02  4.30814e+05  1.11149e+49  4.30814e+05  1.11148e+49  4.16479e+05  9.70842e+48  4.16479e+05  8.20265e+48  9.84675e-06
 7.77165e+02  4.30814e+05  1.18532e+49  4.30814e+05  1.18531e+49  4.16479e+05  1.01382e+49  4.16479e+05  8.72642e+48  9.84675e-06
 8.02565e+02  4.30814e+05  1.26406e+49  4.30814e+05  1.26405e+49  4.16479e+05  1.06100e+49  4.16479e+05  9.28631e+48  9.84675e-06
 8.28794e+02  4.30814e+05  1.34803e+49  4.30814e+05  1.34803e+49  4.16479e+05  1.11256e+49  4.16479e+05  9.88463e+48  9.84675e-06
 8.55882e+02  4.30814e+05  1.43758e+49  4.16479e+05  1.42721e+49  4.16479e+05  1.16874e+49  4.16479e+05  1.05239e+49  9.84675e-06
 8.83854e+02  4.30814e+05  1.53308e+49  4.16479e+05  1.47211e+49  4.16479e+05  1.22974e+49  4.16479e+05  1.12066e+49  9.84675e-06
 9.12741e+02  4.30814e+05  1.63493e+49  4.16479e+05  1.52311e+49  4.16479e+05  1.29584e+49  4.16479e+05  1.19358e+49  9.84675e-06
 9.42571e+02  4.16479e+05  1.68696e+49  4.16479e+05  1.58041e+49  4.16479e+05  1.36730e+49  4.16479e+05  1.27144e+49  9.84675e-06
 9.73377e+02  4.16479e+05  1.74417e+49  4.16479e+05  1.64425e+49  4.16479e+05  1.44442e+49  4.16479e+05  1.35455e+49  9.84675e-06
 1.00519e+03  4.16479e+05  1.80859e+49  4.16479e+05  1.71490e+49  4.16479e+05  1.52752e+49  4.16479e+05  1.44328e+49  9.84675e-06
 1.03804e+03  4.16479e+05  1.88050e+49  4.16479e+05  1.79264e+49  4.16479e+05  1.61694e+49  4.16479e+05  1.53797e+49  9.84675e-06
 1.07197e+03  4.16479e+05  1.96019e+49  4.16479e+05  1.87780e+49  4.16479e+05  1.71305e+49  4.16479e+05  1.63903e+49  9.84675e-06
 1.10700e+03  4.16479e+05  2.04799e+49  4.16479e+05  1.97074e+49  4.16479e+05  1.81625e+49  4.16479e+05  1.74688e+49  9.84675e-06
 1.14318e+03  4.16479e+05  2.14427e+49  4.16479e+05  2.07183e+49  4.16479e+05  1.92696e+49  4.16479e+05  1.86195e+49  9.84675e-06
 1.18054e+03  4.16479e+05  2.24942e+49  4.16479e+05  2.18150e+49  4.16479e+05  2.04565e+49  4.16479e+05  1.98473e+49  9.84675e-06
 1.21913e+03  4.16479e+05  2.36388e+49  4.16479e+05  2.30019e+49  4.16479e+05  2.17281e+49  4.16479e+05  2.11573e+49  9.84675e-06
 1.25897e+03  4.16479e+05  2.48812e+49  4.16479e+05  2.42840e+49  4.16479e+05  2.30896e+49  4.16479e+05  2.25548e+49  9.84675e-06
 1.30012e+03  4.16479e+05  2.62267e+49  4.16479e+05  2.56667e+49  4.16479e+05  2.45467e+49  4.16479e+05  2.40456e+49  9.84675e-06
 1.34261e+03  4.16479e+05  2.76806e+49  4.16479e+05  2.71555e+49  4.16479e+05  2.61053e+49  4.16479e+05  2.56360e+49  9.84675e-06
 1.38649e+03  4.16479e+05  2.92492e+49  4.16479e+05  2.87568e+49  4.16479e+05  2.77720e+49  4.16479e+05  2.73324e+49  9.84675e-06
 1.43180e+03  4.16479e+05  3.09387e+49  4.16479e+05  3.04770e+49  4.16479e+05  2.95536e+49  4.16479e+05  2.91420e+49  9.84675e-06
 1.47860e+03  4.16479e+05  3.27563e+49  4.16479e+05  3.23234e+49  4.16479e+05  3.14575e+49  4.16479e+05  3.10721e+49  9.84675e-06
 1.52692e+03  4.16479e+05  3.47095e+49  4.16479e+05  3.43036e+49  4.16479e+05  3.34917e+49  4.16479e+05  3.31309e+49  9.84675e-06
 1.57683e+03  4.16479e+05  3.68064e+49  4.16479e+05  3.64257e+49  4.16479e+05  3.56644e+49  4.16479e+05  3.53268e+49  9.84675e-06
 1.62836e+03  4.16479e+05  3.90555e+49  4.16479e+05  3.86986e+49  4.16479e+05  3.79847e+49  4.16479e+05  3.76688e+49  9.84675e-06
 1.68158e+03  4.16479e+05  4.14663e+49  4.16479e+05  4.11316e+49  4.16479e+05  4.04622e+49  4.16479e+05  4.01668e+49  9.84675e-06
 1.73654e+03  4.16479e+05  4.40487e+49  4.16479e+05  4.37348e+49  4.16479e+05  4.31072e+49  4.16479e+05  4.28310e+49  9.84675e-06
 1.79329e+03  4.16479e+05  4.68134e+49  4.16479e+05  4.65191e+49  4.16479e+05  4.59306e+49  4.16479e+05  4.56724e+49  9.84675e-06
 1.85190e+03  4.16479e+05  4.97718e+49  4.16479e+05  4.94959e+49  4.16479e+05  4.89440e+49  4.16479e+05  4.87029e+49  9.84675e-06
 1.91243e+03  4.16479e+05  5.29362e+49  4.16479e+05  5.26775e+49  4.16479e+05  5.21600e+49  4.16479e+05  5.19349e+49  9.84675e-06
 1.97493e+03  4.16479e+05  5.63197e+49  4.16479e+05  5.60771e+49  4.16479e+05  5.55919e+49  4.16479e+05  5.53818e+49  9.84675e-06
 2.03948e+03  4.16479e+05  5.99363e+49  4.16479e+05  5.97088e+49  4.16479e+05  5.92538e+49  4.16479e+05  5.90580e+49  9.84675e-06
 2.10613e+03  4.16479e+05  6.38009e+49  4.16479e+05  6.35876e+49  4.16479e+05  6.31610e+49  4.16479e+05  6.29785e+49  9.84675e-06
 2.17497e+03  4.16479e+05  6.79296e+49  4.16479e+05  6.77295e+49  4.16479e+05  6.73295e+49  4.16479e+05  6.71597e+49  9.84675e-06
 2.24605e+03  4.16479e+05  7.23394e+49  4.16479e+05  7.21518e+49  4.16479e+05  7.17767e+49  4.16479e+05  7.16188e+49  9.84675e-06
 2.31946e+03  4.16479e+05  7.70485e+49  4.16479e+05  7.68726e+49  4.16479e+05  7.65210e+49  4.16479e+05  7.63743e+49  9.84675e-06
 2.39526e+03  4.16479e+05  8.20765e+49  4.16479e+05  8.19116e+49  4.16479e+05  8.15819e+49  4.16479e+05  8.14459e+49  9.84675e-06
 2.47355e+03  4.16479e+05  8.74443e+49  4.16479e+05  8.72896e+49  4.16479e+05  8.69804e+49  4.16479e+05  8.68546e+49  9.84675e-06
 2.55439e+03  4.16479e+05  9.31738e+49  4.16479e+05  9.30289e+49  4.16479e+05  9.27389e+49  4.16479e+05  9.26227e+49  9.84675e-06
 2.63787e+03  4.16479e+05  9.92890e+49  4.16479e+05  9.91531e+49  4.16479e+05  9.88812e+49  4.16479e+05  9.87741e+49  9.84675e-06
 2.72409e+03  4.16479e+05  1.05815e+50  4.16479e+05  1.05688e+50  4.16479e+05  1.05433e+50  4.16479e+05  1.05334e+50  9.84675e-06
 2.81312e+03  4.16479e+05  1.12779e+50  4.16479e+05  1.12660e+50  4.16479e+05  1.12421e+50  4.16479e+05  1.12330e+50  9.84675e-06
 2.90506e+03  4.16479e+05  1.20210e+50  4.16479e+05  1.20098e+50  4.16479e+05  1.19874e+50  4.16479e+05  1.19791e+50  9.84675e-06
 3.00000e+03  4.16479e+05  1.28138e+50  4.16479e+05  1.28033e+50  4.16479e+05  1.27823e+50  4.16479e+05  1.27748e+50  9.84675e-06
