radius_rg T_0deg chi2_0deg T_15deg chi2_15deg T_30deg chi2_30deg T_45deg chi2_45deg nuLnusavg_last
 2.00000e-01  1.27234e+06  8.16763e+44  1.23000e+06  6.45066e+44  1.11126e+06  2.58372e+44  8.76865e+05  3.45712e+43 -4.07657e-07
 2.06537e-01  1.27234e+06  7.83035e+44  1.23000e+06  6.17153e+44  1.07428e+06  2.47888e+44  8.76865e+05  3.35888e+43 -4.07657e-07
 2.13287e-01  1.23000e+06  7.54049e+44  1.18907e+06  5.95259e+44  1.07428e+06  2.34641e+44  8.47687e+05  3.08689e+43 -4.07657e-07
 2.20257e-01  1.23000e+06  7.19269e+44  1.18907e+06  5.66017e+44  1.07428e+06  2.26261e+44  8.47687e+05  2.88741e+43 -4.07657e-07
 2.27456e-01  1.23000e+06  6.95230e+44  1.18907e+06  5.45842e+44  1.03853e+06  2.13702e+44  8.47687e+05  2.81643e+43 -4.07657e-07
 2.34890e-01  1.18907e+06  6.60607e+44  1.14951e+06  5.19356e+44  1.03853e+06  2.03485e+44  8.19480e+05  2.55678e+43 -4.07657e-07
 2.42567e-01  1.18907e+06  6.34847e+44  1.14951e+06  4.97294e+44  1.00397e+06  1.95817e+44  8.19480e+05  2.37610e+43 -4.07657e-07
 2.50494e-01  1.14951e+06  6.07209e+44  1.11126e+06  4.77379e+44  1.00397e+06  1.83562e+44  8.19480e+05  2.32181e+43 -4.07657e-07
 2.58681e-01  1.14951e+06  5.79324e+44  1.11126e+06  4.53082e+44  1.00397e+06  1.75962e+44  7.92211e+05  2.09233e+43 -4.07657e-07
 2.67136e-01  1.11126e+06  5.59319e+44  1.11126e+06  4.37386e+44  9.70565e+05  1.66806e+44  7.92211e+05  1.91969e+43 -4.07657e-07
 2.75866e-01  1.11126e+06  5.28902e+44  1.07428e+06  4.13489e+44  9.70565e+05  1.56886e+44  7.92211e+05  1.87154e+43 -4.07657e-07
 2.84882e-01  1.11126e+06  5.08439e+44  1.07428e+06  3.95039e+44  9.70565e+05  1.51510e+44  7.65850e+05  1.69293e+43 -4.07657e-07
 2.94193e-01  1.07428e+06  4.83907e+44  1.03853e+06  3.78881e+44  9.38269e+05  1.41149e+44  7.65850e+05  1.51752e+43 -4.07657e-07
 3.03808e-01  1.07428e+06  4.60310e+44  1.03853e+06  3.57332e+44  9.38269e+05  1.33175e+44  7.65850e+05  1.46495e+43 -4.07657e-07
 3.13737e-01  1.03853e+06  4.44765e+44  1.03853e+06  3.43987e+44  9.07048e+05  1.29202e+44  7.40366e+05  1.36127e+43 -4.07657e-07
 3.23991e-01  1.03853e+06  4.17631e+44  1.00397e+06  3.24714e+44  9.07048e+05  1.18413e+44  7.40366e+05  1.17214e+43 -4.07657e-07
 3.34580e-01  1.03853e+06  3.99990e+44  1.00397e+06  3.07776e+44  9.07048e+05  1.12011e+44  7.40366e+05  1.10442e+43 -4.07657e-07
 3.45515e-01  1.00397e+06  3.80924e+44  9.70565e+05  2.97738e+44  8.76865e+05  1.07748e+44  7.15730e+05  1.10376e+43 -4.07657e-07
 3.56807e-01  1.00397e+06  3.59173e+44  9.70565e+05  2.76853e+44  8.76865e+05  9.82506e+43  7.15730e+05  8.89668e+42 -4.07657e-07
 3.68468e-01  1.00397e+06  3.46674e+44  9.70565e+05  2.63838e+44  8.76865e+05  9.30560e+43  7.15730e+05  7.95809e+42 -4.07657e-07
 3.80511e-01  9.70565e+05  3.24556e+44  9.38269e+05  2.51869e+44  8.47687e+05  8.89694e+43  7.15730e+05  8.21798e+42 -4.07657e-07
 3.92947e-01  9.70565e+05  3.07387e+44  9.38269e+05  2.34423e+44  8.47687e+05  8.03967e+43  6.91914e+05  6.80405e+42 -4.07657e-07
 4.05790e-01  9.38269e+05  2.96899e+44  9.38269e+05  2.24672e+44  8.47687e+05  7.60526e+43  6.91914e+05  5.48996e+42 -4.07657e-07
 4.19052e-01  9.38269e+05  2.74643e+44  9.07048e+05  2.11356e+44  8.19480e+05  7.26872e+43  6.91914e+05  5.36415e+42 -4.07657e-07
 4.32748e-01  9.38269e+05  2.61289e+44  9.07048e+05  1.96693e+44  8.19480e+05  6.46760e+43  6.68890e+05  5.59622e+42 -4.07657e-07
 4.46891e-01  9.07048e+05  2.49330e+44  9.07048e+05  1.89570e+44  8.19480e+05  6.08284e+43  6.68890e+05  3.78628e+42 -4.07657e-07
 4.61496e-01  9.07048e+05  2.30334e+44  8.76865e+05  1.75588e+44  7.92211e+05  5.88188e+43  6.68890e+05  3.15755e+42 -4.07657e-07
 4.76579e-01  9.07048e+05  2.20056e+44  8.76865e+05  1.63073e+44  7.92211e+05  5.10065e+43  6.68890e+05  3.70744e+42 -4.07657e-07
 4.92155e-01  8.76865e+05  2.07419e+44  8.76865e+05  1.57958e+44  7.92211e+05  4.73011e+43  6.46632e+05  3.05191e+42 -4.07657e-07
 5.08240e-01  8.76865e+05  1.90941e+44  8.47687e+05  1.44106e+44  7.65850e+05  4.73888e+43  6.46632e+05  1.79496e+42 -4.07657e-07
 5.24851e-01  8.76865e+05  1.83019e+44  8.47687e+05  1.33114e+44  7.65850e+05  3.94087e+43  6.46632e+05  1.71098e+42 -4.07657e-07
 5.42004e-01  8.47687e+05  1.70630e+44  8.47687e+05  1.29399e+44  7.65850e+05  3.54875e+43  6.46632e+05  2.79963e+42 -4.07657e-07
 5.59718e-01  8.47687e+05  1.55946e+44  8.19480e+05  1.16605e+44  7.65850e+05  3.56090e+43  6.25115e+05  1.54321e+42 -4.07657e-07
 5.78011e-01  8.47687e+05  1.49673e+44  8.19480e+05  1.06519e+44  7.40366e+05  3.00189e+43  6.25115e+05  6.93085e+41 -4.07657e-07
 5.96902e-01  8.19480e+05  1.38608e+44  8.19480e+05  1.03598e+44  7.40366e+05  2.55157e+43  6.25115e+05  1.01137e+42 -4.07657e-07
 6.16411e-01  8.19480e+05  1.25001e+44  7.92211e+05  9.29452e+43  7.40366e+05  2.50140e+43  6.25115e+05  2.49939e+42 -4.07657e-07
 6.36557e-01  8.19480e+05  1.19676e+44  7.92211e+05  8.31464e+43  7.15730e+05  2.31064e+43  6.04314e+05  9.96452e+41 -4.07657e-07
 6.57361e-01  7.92211e+05  1.11193e+44  7.92211e+05  8.04165e+43  7.15730e+05  1.76419e+43  6.04314e+05  4.02580e+41 -4.07657e-07
 6.78845e-01  7.92211e+05  9.79443e+43  7.65850e+05  7.31673e+43  7.15730e+05  1.61463e+43  6.04314e+05  9.75917e+41 -4.07657e-07
 7.01032e-01  7.92211e+05  9.28657e+43  7.65850e+05  6.30309e+43  7.15730e+05  1.86132e+43  6.04314e+05  2.71884e+42 -4.07657e-07
 7.23943e-01  7.65850e+05  8.84342e+43  7.65850e+05  5.98802e+43  6.91914e+05  1.22744e+43  5.84205e+05  1.41159e+42 -4.07657e-07
 7.47603e-01  7.65850e+05  7.48177e+43  7.40366e+05  5.75157e+43  6.91914e+05  9.39614e+42  5.84205e+05  9.15492e+41 -4.07657e-07
 7.72037e-01  7.65850e+05  6.92761e+43  7.40366e+05  4.64022e+43  6.91914e+05  1.04525e+43  5.84205e+05  1.58873e+42 -4.07657e-07
 7.97269e-01  7.40366e+05  7.06170e+43  7.40366e+05  4.22056e+43  6.68890e+05  1.00065e+43  5.84205e+05  3.43408e+42 -4.07657e-07
 8.23326e-01  7.40366e+05  5.58904e+43  7.40366e+05  4.49086e+43  6.68890e+05  5.33102e+42  5.64766e+05  2.88113e+42 -4.07657e-07
 8.50234e-01  7.40366e+05  4.91603e+43  7.15730e+05  3.37162e+43  6.68890e+05  4.57344e+42  5.64766e+05  2.31206e+42 -4.07657e-07
 8.78022e-01  7.40366e+05  5.03988e+43  7.15730e+05  2.78266e+43  6.68890e+05  7.73058e+42  5.64766e+05  2.91811e+42 -4.07657e-07
 9.06718e-01  7.15730e+05  4.16948e+43  7.15730e+05  2.87771e+43  6.46632e+05  4.73984e+42  5.64766e+05  4.70178e+42 -4.07657e-07
 9.36352e-01  7.15730e+05  3.30248e+43  6.91914e+05  2.56968e+43  6.46632e+05  1.73147e+42  5.45973e+05  5.62052e+42 -4.07657e-07
 9.66955e-01  7.15730e+05  3.22567e+43  6.91914e+05  1.74345e+43  6.46632e+05  2.62606e+42  5.45973e+05  4.78957e+42 -4.07657e-07
 9.98557e-01  6.91914e+05  3.30763e+43  6.91914e+05  1.59692e+43  6.46632e+05  7.42733e+42  5.45973e+05  5.14398e+42 -4.07657e-07
 1.03119e+00  6.91914e+05  2.16766e+43  6.91914e+05  2.12950e+43  6.25115e+05  2.95379e+42  5.45973e+05  6.68522e+42 -4.07657e-07
 1.06489e+00  6.91914e+05  1.81318e+43  6.68890e+05  1.20337e+43  6.25115e+05  1.11854e+42  5.45973e+05  9.41967e+42 -4.07657e-07
 1.09970e+00  6.91914e+05  2.24274e+43  6.68890e+05  7.44663e+42  6.25115e+05  3.18371e+42  5.27805e+05  8.70930e+42 -4.07657e-07
 1.13564e+00  6.68890e+05  1.62879e+43  6.68890e+05  9.61529e+42  6.25115e+05  9.15786e+42  5.27805e+05  8.60216e+42 -4.07657e-07
 1.17276e+00  6.68890e+05  9.14584e+42  6.46632e+05  1.30210e+43  6.04314e+05  4.53412e+42  5.27805e+05  9.69617e+42 -4.07657e-07
 1.21108e+00  6.68890e+05  9.80687e+42  6.46632e+05  4.54549e+42  6.04314e+05  3.35459e+42  5.27805e+05  1.19959e+43 -4.07657e-07
 1.25067e+00  6.68890e+05  1.82737e+43  6.46632e+05  2.81370e+42  6.04314e+05  6.08475e+42  5.10242e+05  1.46761e+43 -4.07657e-07
 1.29154e+00  6.46632e+05  6.85759e+42  6.46632e+05  7.81848e+42  6.04314e+05  1.27359e+43  5.10242e+05  1.38593e+43 -4.07657e-07
 1.33375e+00  6.46632e+05  3.01972e+42  6.25115e+05  9.08400e+42  5.84205e+05  9.65320e+42  5.10242e+05  1.42654e+43 -4.07657e-07
 1.37734e+00  6.46632e+05  6.95961e+42  6.25115e+05  2.63011e+42  5.84205e+05  8.57442e+42  5.10242e+05  1.58961e+43 -4.07657e-07
 1.42236e+00  6.25115e+05  1.33891e+43  6.25115e+05  2.91202e+42  5.84205e+05  1.14269e+43  5.10242e+05  1.87581e+43 -4.07657e-07
 1.46884e+00  6.25115e+05  4.09557e+42  6.25115e+05  9.93091e+42  5.84205e+05  1.82225e+43  4.93264e+05  2.18455e+43 -4.07657e-07
 1.51685e+00  6.25115e+05  2.58421e+42  6.04314e+05  1.14124e+43  5.64766e+05  1.88591e+43  4.93264e+05  2.12673e+43 -4.07657e-07
 1.56642e+00  6.25115e+05  8.84880e+42  6.04314e+05  6.07512e+42  5.64766e+05  1.72699e+43  4.93264e+05  2.19425e+43 -4.07657e-07
 1.61762e+00  6.04314e+05  1.57750e+43  6.04314e+05  7.48790e+42  5.64766e+05  1.96480e+43  4.93264e+05  2.38742e+43 -4.07657e-07
 1.67049e+00  6.04314e+05  7.76769e+42  6.04314e+05  1.56566e+43  5.64766e+05  2.60032e+43  4.93264e+05  2.70701e+43 -4.07657e-07
 1.72508e+00  6.04314e+05  7.55775e+42  5.84205e+05  2.03432e+43  5.45973e+05  3.32202e+43  4.93264e+05  3.15437e+43 -4.07657e-07
 1.78146e+00  6.04314e+05  1.51443e+43  5.84205e+05  1.51516e+43  5.45973e+05  3.04267e+43  4.76850e+05  3.15025e+43 -4.07657e-07
 1.83968e+00  5.84205e+05  2.60540e+43  5.84205e+05  1.67476e+43  5.45973e+05  3.16549e+43  4.76850e+05  3.21468e+43 -4.07657e-07
 1.89981e+00  5.84205e+05  1.82047e+43  5.84205e+05  2.51378e+43  5.45973e+05  3.69099e+43  4.76850e+05  3.40897e+43 -4.07657e-07
 1.96190e+00  5.84205e+05  1.81960e+43  5.64766e+05  3.68808e+43  5.45973e+05  4.62135e+43  4.76850e+05  3.73392e+43 -4.07657e-07
 2.02602e+00  5.84205e+05  2.60279e+43  5.64766e+05  3.07645e+43  5.27805e+05  4.97511e+43  4.76850e+05  4.19087e+43 -4.07657e-07
 2.09224e+00  5.84205e+05  4.17328e+43  5.64766e+05  3.15005e+43  5.27805e+05  4.90377e+43  4.60983e+05  4.57936e+43 -4.07657e-07
 2.16062e+00  5.64766e+05  3.64786e+43  5.64766e+05  3.90917e+43  5.27805e+05  5.24230e+43  4.60983e+05  4.60109e+43 -4.07657e-07
 2.23123e+00  5.64766e+05  3.54595e+43  5.64766e+05  5.35696e+43  5.27805e+05  5.99211e+43  4.60983e+05  4.75841e+43 -4.07657e-07
 2.30415e+00  5.64766e+05  4.23524e+43  5.45973e+05  5.46972e+43  5.27805e+05  7.15630e+43  4.60983e+05  5.05198e+43 -4.07657e-07
 2.37946e+00  5.64766e+05  5.71858e+43  5.45973e+05  5.33897e+43  5.10242e+05  7.44386e+43  4.60983e+05  5.48301e+43 -4.07657e-07
 2.45723e+00  5.45973e+05  6.46877e+43  5.45973e+05  5.90281e+43  5.10242e+05  7.50182e+43  4.60983e+05  6.05329e+43 -4.07657e-07
 2.53753e+00  5.45973e+05  6.12829e+43  5.45973e+05  7.16357e+43  5.10242e+05  7.98041e+43  4.45643e+05  6.58662e+43 -4.07657e-07
 2.62047e+00  5.45973e+05  6.58971e+43  5.27805e+05  9.00164e+43  5.10242e+05  8.88161e+43  4.45643e+05  6.65254e+43 -4.07657e-07
 2.70611e+00  5.45973e+05  7.85492e+43  5.27805e+05  8.52745e+43  5.10242e+05  1.02091e+44  4.45643e+05  6.86255e+43 -4.07657e-07
 2.79455e+00  5.45973e+05  9.92916e+43  5.27805e+05  8.76104e+43  4.93264e+05  1.08797e+44  4.45643e+05  7.21751e+43 -4.07657e-07
 2.88589e+00  5.27805e+05  9.90232e+43  5.27805e+05  9.70338e+43  4.93264e+05  1.09716e+44  4.45643e+05  7.71890e+43 -4.07657e-07
 2.98021e+00  5.27805e+05  9.97894e+43  5.27805e+05  1.13584e+44  4.93264e+05  1.14985e+44  4.45643e+05  8.36878e+43 -4.07657e-07
 3.07761e+00  5.27805e+05  1.08734e+44  5.10242e+05  1.31891e+44  4.93264e+05  1.24626e+44  4.45643e+05  9.16985e+43 -4.07657e-07
 3.17819e+00  5.27805e+05  1.25894e+44  5.10242e+05  1.29276e+44  4.93264e+05  1.38679e+44  4.30814e+05  9.59183e+43 -4.07657e-07
 3.28206e+00  5.27805e+05  1.51339e+44  5.10242e+05  1.33922e+44  4.76850e+05  1.56186e+44  4.30814e+05  9.79233e+43 -4.07657e-07
 3.38933e+00  5.10242e+05  1.49233e+44  5.10242e+05  1.45846e+44  4.76850e+05  1.56213e+44  4.30814e+05  1.01499e+44 -4.07657e-07
 3.50010e+00  5.10242e+05  1.52615e+44  5.10242e+05  1.65099e+44  4.76850e+05  1.60781e+44  4.30814e+05  1.06660e+44 -4.07657e-07
 3.61449e+00  5.10242e+05  1.64394e+44  4.93264e+05  1.91367e+44  4.76850e+05  1.69911e+44  4.30814e+05  1.13429e+44 -4.07657e-07
 3.73262e+00  5.10242e+05  1.84619e+44  4.93264e+05  1.89196e+44  4.76850e+05  1.83639e+44  4.30814e+05  1.21832e+44 -4.07657e-07
 3.85462e+00  5.10242e+05  2.13373e+44  4.93264e+05  1.94533e+44  4.76850e+05  2.02024e+44  4.30814e+05  1.31905e+44 -4.07657e-07
 3.98060e+00  4.93264e+05  2.18276e+44  4.93264e+05  2.07400e+44  4.60983e+05  2.20782e+44  4.16479e+05  1.41831e+44 -4.07657e-07
 4.11069e+00  4.93264e+05  2.22389e+44  4.93264e+05  2.27851e+44  4.60983e+05  2.23005e+44  4.16479e+05  1.44402e+44 -4.07657e-07
 4.24504e+00  4.93264e+05  2.35188e+44  4.93264e+05  2.55969e+44  4.60983e+05  2.30046e+44  4.16479e+05  1.48736e+44 -4.07657e-07
 4.38378e+00  4.93264e+05  2.56725e+44  4.76850e+05  2.70632e+44  4.60983e+05  2.41936e+44  4.16479e+05  1.54851e+44 -4.07657e-07
 4.52705e+00  4.93264e+05  2.87090e+44  4.76850e+05  2.74569e+44  4.60983e+05  2.58722e+44  4.16479e+05  1.62772e+44 -4.07657e-07
 4.67501e+00  4.76850e+05  3.12748e+44  4.76850e+05  2.86368e+44  4.60983e+05  2.80475e+44  4.16479e+05  1.72533e+44 -4.07657e-07
 4.82780e+00  4.76850e+05  3.15154e+44  4.76850e+05  3.06076e+44  4.60983e+05  3.07285e+44  4.16479e+05  1.84173e+44 -4.07657e-07
 4.98558e+00  4.76850e+05  3.26629e+44  4.76850e+05  3.33776e+44  4.45643e+05  3.16050e+44  4.16479e+05  1.97741e+44 -4.07657e-07
 5.14853e+00  4.76850e+05  3.47221e+44  4.76850e+05  3.69583e+44  4.45643e+05  3.23829e+44  4.16479e+05  2.13293e+44 -4.07657e-07
 5.31679e+00  4.76850e+05  3.77015e+44  4.60983e+05  3.84524e+44  4.45643e+05  3.36843e+44  4.02620e+05  2.20847e+44 -4.07657e-07
 5.49056e+00  4.76850e+05  4.16134e+44  4.60983e+05  3.92464e+44  4.45643e+05  3.55147e+44  4.02620e+05  2.26549e+44 -4.07657e-07
 5.67001e+00  4.60983e+05  4.43247e+44  4.60983e+05  4.08754e+44  4.45643e+05  3.78816e+44  4.02620e+05  2.34355e+44 -4.07657e-07
 5.85532e+00  4.60983e+05  4.50145e+44  4.60983e+05  4.33460e+44  4.45643e+05  4.07949e+44  4.02620e+05  2.44296e+44 -4.07657e-07
 6.04668e+00  4.60983e+05  4.66671e+44  4.60983e+05  4.66685e+44  4.45643e+05  4.42666e+44  4.02620e+05  2.56414e+44 -4.07657e-07
 6.24430e+00  4.60983e+05  4.92893e+44  4.60983e+05  5.08566e+44  4.30814e+05  4.56800e+44  4.02620e+05  2.70758e+44 -4.07657e-07
 6.44838e+00  4.60983e+05  5.28920e+44  4.45643e+05  5.45509e+44  4.30814e+05  4.68232e+44  4.02620e+05  2.87389e+44 -4.07657e-07
 6.65913e+00  4.60983e+05  5.74902e+44  4.45643e+05  5.54350e+44  4.30814e+05  4.85497e+44  4.02620e+05  3.06374e+44 -4.07657e-07
 6.87677e+00  4.45643e+05  6.29005e+44  4.45643e+05  5.72210e+44  4.30814e+05  5.08667e+44  4.02620e+05  3.27793e+44 -4.07657e-07
 7.10152e+00  4.45643e+05  6.36760e+44  4.45643e+05  5.99163e+44  4.30814e+05  5.37838e+44  4.02620e+05  3.51734e+44 -4.07657e-07
 7.33362e+00  4.45643e+05  6.54915e+44  4.45643e+05  6.35320e+44  4.30814e+05  5.73131e+44  3.89223e+05  3.60134e+44 -4.07657e-07
 7.57330e+00  4.45643e+05  6.83546e+44  4.45643e+05  6.80831e+44  4.30814e+05  6.14691e+44  3.89223e+05  3.70120e+44 -4.07657e-07
 7.82082e+00  4.45643e+05  7.22771e+44  4.45643e+05  7.35885e+44  4.30814e+05  6.62691e+44  3.89223e+05  3.82803e+44 -4.07657e-07
 8.07642e+00  4.45643e+05  7.72752e+44  4.30814e+05  7.86692e+44  4.16479e+05  6.79651e+44  3.89223e+05  3.98236e+44 -4.07657e-07
 8.34038e+00  4.45643e+05  8.33697e+44  4.30814e+05  8.01288e+44  4.16479e+05  6.97850e+44  3.89223e+05  4.16483e+44 -4.07657e-07
 8.61296e+00  4.45643e+05  9.05857e+44  4.30814e+05  8.25925e+44  4.16479e+05  7.22833e+44  3.89223e+05  4.37618e+44 -4.07657e-07
 8.89446e+00  4.30814e+05  9.20223e+44  4.30814e+05  8.60705e+44  4.16479e+05  7.54702e+44  3.89223e+05  4.61731e+44 -4.07657e-07
 9.18515e+00  4.30814e+05  9.45923e+44  4.30814e+05  9.05772e+44  4.16479e+05  7.93591e+44  3.89223e+05  4.88920e+44 -4.07657e-07
 9.48535e+00  4.30814e+05  9.83302e+44  4.30814e+05  9.61312e+44  4.16479e+05  8.39660e+44  3.89223e+05  5.19298e+44 -4.07657e-07
 9.79535e+00  4.30814e+05  1.03252e+45  4.30814e+05  1.02756e+45  4.16479e+05  8.93099e+44  3.89223e+05  5.52990e+44 -4.07657e-07
 1.01155e+01  4.30814e+05  1.09377e+45  4.30814e+05  1.10478e+45  4.16479e+05  9.54131e+44  3.89223e+05  5.90136e+44 -4.07657e-07
 1.04461e+01  4.30814e+05  1.16731e+45  4.16479e+05  1.16751e+45  4.16479e+05  1.02301e+45  3.76271e+05  6.13020e+44 -4.07657e-07
 1.07875e+01  4.30814e+05  1.25345e+45  4.16479e+05  1.19293e+45  4.02620e+05  1.04848e+45  3.76271e+05  6.28528e+44 -4.07657e-07
 1.11401e+01  4.16479e+05  1.34314e+45  4.16479e+05  1.23001e+45  4.02620e+05  1.07686e+45  3.76271e+05  6.47803e+44 -4.07657e-07
 1.15041e+01  4.16479e+05  1.36933e+45  4.16479e+05  1.27890e+45  4.02620e+05  1.11359e+45  3.76271e+05  6.70924e+44 -4.07657e-07
 1.18801e+01  4.16479e+05  1.40895e+45  4.16479e+05  1.33981e+45  4.02620e+05  1.15882e+45  3.76271e+05  6.97988e+44 -4.07657e-07
 1.22684e+01  4.16479e+05  1.46217e+45  4.16479e+05  1.41300e+45  4.02620e+05  1.21275e+45  3.76271e+05  7.29105e+44 -4.07657e-07
 1.26694e+01  4.16479e+05  1.52920e+45  4.16479e+05  1.49875e+45  4.02620e+05  1.27559e+45  3.76271e+05  7.64406e+44 -4.07657e-07
 1.30834e+01  4.16479e+05  1.61032e+45  4.16479e+05  1.59743e+45  4.02620e+05  1.34760e+45  3.76271e+05  8.04035e+44 -4.07657e-07
 1.35110e+01  4.16479e+05  1.70588e+45  4.16479e+05  1.70945e+45  4.02620e+05  1.42909e+45  3.76271e+05  8.48158e+44 -4.07657e-07
 1.39526e+01  4.16479e+05  1.81626e+45  4.02620e+05  1.79845e+45  4.02620e+05  1.52039e+45  3.76271e+05  8.96956e+44 -4.07657e-07
 1.44086e+01  4.16479e+05  1.94192e+45  4.02620e+05  1.84003e+45  4.02620e+05  1.62188e+45  3.76271e+05  9.50631e+44 -4.07657e-07
 1.48795e+01  4.02620e+05  2.06772e+45  4.02620e+05  1.89595e+45  3.89223e+05  1.68333e+45  3.76271e+05  1.00941e+45 -4.07657e-07
 1.53658e+01  4.02620e+05  2.11185e+45  4.02620e+05  1.96644e+45  3.89223e+05  1.72551e+45  3.76271e+05  1.07353e+45 -4.07657e-07
 1.58680e+01  4.02620e+05  2.17249e+45  4.02620e+05  2.05179e+45  3.89223e+05  1.77873e+45  3.63750e+05  1.11165e+45 -4.07657e-07
 1.63866e+01  4.02620e+05  2.24988e+45  4.02620e+05  2.15236e+45  3.89223e+05  1.84321e+45  3.63750e+05  1.13920e+45 -4.07657e-07
 1.69222e+01  4.02620e+05  2.34434e+45  4.02620e+05  2.26856e+45  3.89223e+05  1.91921e+45  3.63750e+05  1.17263e+45 -4.07657e-07
 1.74753e+01  4.02620e+05  2.45628e+45  4.02620e+05  2.40087e+45  3.89223e+05  2.00705e+45  3.63750e+05  1.21208e+45 -4.07657e-07
 1.80464e+01  4.02620e+05  2.58614e+45  4.02620e+05  2.54985e+45  3.89223e+05  2.10709e+45  3.63750e+05  1.25770e+45 -4.07657e-07
 1.86362e+01  4.02620e+05  2.73447e+45  4.02620e+05  2.71610e+45  3.89223e+05  2.21975e+45  3.63750e+05  1.30971e+45 -4.07657e-07
 1.92453e+01  4.02620e+05  2.90189e+45  3.89223e+05  2.88755e+45  3.89223e+05  2.34548e+45  3.63750e+05  1.36829e+45 -4.07657e-07
 1.98743e+01  4.02620e+05  3.08908e+45  3.89223e+05  2.95053e+45  3.89223e+05  2.48482e+45  3.63750e+05  1.43371e+45 -4.07657e-07
 2.05238e+01  4.02620e+05  3.29681e+45  3.89223e+05  3.03246e+45  3.89223e+05  2.63835e+45  3.63750e+05  1.50622e+45 -4.07657e-07
 2.11946e+01  3.89223e+05  3.38783e+45  3.89223e+05  3.13365e+45  3.89223e+05  2.80668e+45  3.63750e+05  1.58613e+45 -4.07657e-07
 2.18873e+01  3.89223e+05  3.47723e+45  3.89223e+05  3.25454e+45  3.76271e+05  2.88015e+45  3.63750e+05  1.67377e+45 -4.07657e-07
 2.26026e+01  3.89223e+05  3.58878e+45  3.89223e+05  3.39563e+45  3.76271e+05  2.95485e+45  3.63750e+05  1.76951e+45 -4.07657e-07
 2.33413e+01  3.89223e+05  3.72295e+45  3.89223e+05  3.55749e+45  3.76271e+05  3.04567e+45  3.63750e+05  1.87373e+45 -4.07657e-07
 2.41042e+01  3.89223e+05  3.88030e+45  3.89223e+05  3.74080e+45  3.76271e+05  3.15298e+45  3.63750e+05  1.98687e+45 -4.07657e-07
 2.48920e+01  3.89223e+05  4.06146e+45  3.89223e+05  3.94632e+45  3.76271e+05  3.27725e+45  3.51646e+05  2.09668e+45 -4.07657e-07
 2.57055e+01  3.89223e+05  4.26720e+45  3.89223e+05  4.17489e+45  3.76271e+05  3.41897e+45  3.51646e+05  2.14217e+45 -4.07657e-07
 2.65456e+01  3.89223e+05  4.49837e+45  3.89223e+05  4.42746e+45  3.76271e+05  3.57873e+45  3.51646e+05  2.19770e+45 -4.07657e-07
 2.74132e+01  3.89223e+05  4.75591e+45  3.89223e+05  4.70509e+45  3.76271e+05  3.75721e+45  3.51646e+05  2.26349e+45 -4.07657e-07
 2.83091e+01  3.89223e+05  5.04091e+45  3.76271e+05  4.93422e+45  3.76271e+05  3.95512e+45  3.51646e+05  2.33980e+45 -4.07657e-07
 2.92343e+01  3.89223e+05  5.35453e+45  3.76271e+05  5.04882e+45  3.76271e+05  4.17330e+45  3.51646e+05  2.42697e+45 -4.07657e-07
 3.01898e+01  3.76271e+05  5.67087e+45  3.76271e+05  5.19104e+45  3.76271e+05  4.41265e+45  3.51646e+05  2.52535e+45 -4.07657e-07
 3.11765e+01  3.76271e+05  5.79575e+45  3.76271e+05  5.36147e+45  3.76271e+05  4.67416e+45  3.51646e+05  2.63534e+45 -4.07657e-07
 3.21954e+01  3.76271e+05  5.95238e+45  3.76271e+05  5.56081e+45  3.76271e+05  4.95890e+45  3.51646e+05  2.75741e+45 -4.07657e-07
 3.32476e+01  3.76271e+05  6.14140e+45  3.76271e+05  5.78989e+45  3.63750e+05  5.13209e+45  3.51646e+05  2.89205e+45 -4.07657e-07
 3.43343e+01  3.76271e+05  6.36361e+45  3.76271e+05  6.04966e+45  3.63750e+05  5.25573e+45  3.51646e+05  3.03983e+45 -4.07657e-07
 3.54564e+01  3.76271e+05  6.61993e+45  3.76271e+05  6.34119e+45  3.63750e+05  5.40501e+45  3.51646e+05  3.20135e+45 -4.07657e-07
 3.66152e+01  3.76271e+05  6.91140e+45  3.76271e+05  6.66569e+45  3.63750e+05  5.58056e+45  3.51646e+05  3.37729e+45 -4.07657e-07
 3.78119e+01  3.76271e+05  7.23924e+45  3.76271e+05  7.02449e+45  3.63750e+05  5.78310e+45  3.51646e+05  3.56837e+45 -4.07657e-07
 3.90477e+01  3.76271e+05  7.60480e+45  3.76271e+05  7.41909e+45  3.63750e+05  6.01347e+45  3.51646e+05  3.77538e+45 -4.07657e-07
 4.03238e+01  3.76271e+05  8.00960e+45  3.76271e+05  7.85112e+45  3.63750e+05  6.27262e+45  3.51646e+05  3.99919e+45 -4.07657e-07
 4.16417e+01  3.76271e+05  8.45532e+45  3.76271e+05  8.32237e+45  3.63750e+05  6.56163e+45  3.39945e+05  4.20149e+45 -4.07657e-07
 4.30027e+01  3.76271e+05  8.94379e+45  3.63750e+05  8.79604e+45  3.63750e+05  6.88168e+45  3.39945e+05  4.29111e+45 -4.07657e-07
 4.44081e+01  3.76271e+05  9.47704e+45  3.63750e+05  8.98663e+45  3.63750e+05  7.23412e+45  3.39945e+05  4.39967e+45 -4.07657e-07
 4.58595e+01  3.76271e+05  1.00573e+46  3.63750e+05  9.22114e+45  3.63750e+05  7.62038e+45  3.39945e+05  4.52759e+45 -4.07657e-07
 4.73583e+01  3.63750e+05  1.03203e+46  3.63750e+05  9.50053e+45  3.63750e+05  8.04208e+45  3.39945e+05  4.67542e+45 -4.07657e-07
 4.89061e+01  3.63750e+05  1.05790e+46  3.63750e+05  9.82597e+45  3.63750e+05  8.50096e+45  3.39945e+05  4.84376e+45 -4.07657e-07
 5.05045e+01  3.63750e+05  1.08893e+46  3.63750e+05  1.01988e+46  3.63750e+05  8.99891e+45  3.39945e+05  5.03331e+45 -4.07657e-07
 5.21551e+01  3.63750e+05  1.12524e+46  3.63750e+05  1.06206e+46  3.63750e+05  9.53800e+45  3.39945e+05  5.24486e+45 -4.07657e-07
 5.38597e+01  3.63750e+05  1.16698e+46  3.63750e+05  1.10930e+46  3.51646e+05  9.74000e+45  3.39945e+05  5.47928e+45 -4.07657e-07
 5.56199e+01  3.63750e+05  1.21433e+46  3.63750e+05  1.16181e+46  3.51646e+05  9.98124e+45  3.39945e+05  5.73754e+45 -4.07657e-07
 5.74378e+01  3.63750e+05  1.26748e+46  3.63750e+05  1.21979e+46  3.51646e+05  1.02677e+46  3.39945e+05  6.02071e+45 -4.07657e-07
 5.93150e+01  3.63750e+05  1.32665e+46  3.63750e+05  1.28350e+46  3.51646e+05  1.06005e+46  3.39945e+05  6.32996e+45 -4.07657e-07
 6.12535e+01  3.63750e+05  1.39209e+46  3.63750e+05  1.35319e+46  3.51646e+05  1.09811e+46  3.39945e+05  6.66658e+45 -4.07657e-07
 6.32555e+01  3.63750e+05  1.46406e+46  3.63750e+05  1.42916e+46  3.51646e+05  1.14110e+46  3.39945e+05  7.03195e+45 -4.07657e-07
 6.53228e+01  3.63750e+05  1.54287e+46  3.63750e+05  1.51171e+46  3.51646e+05  1.18921e+46  3.39945e+05  7.42759e+45 -4.07657e-07
 6.74577e+01  3.63750e+05  1.62885e+46  3.63750e+05  1.60119e+46  3.51646e+05  1.24263e+46  3.39945e+05  7.85513e+45 -4.07657e-07
 6.96624e+01  3.63750e+05  1.72234e+46  3.51646e+05  1.66813e+46  3.51646e+05  1.30157e+46  3.39945e+05  8.31634e+45 -4.07657e-07
 7.19392e+01  3.63750e+05  1.82373e+46  3.51646e+05  1.70576e+46  3.51646e+05  1.36630e+46  3.28633e+05  8.79301e+45 -4.07657e-07
 7.42903e+01  3.51646e+05  1.91720e+46  3.51646e+05  1.75112e+46  3.51646e+05  1.43707e+46  3.28633e+05  8.96862e+45 -4.07657e-07
 7.67183e+01  3.51646e+05  1.95857e+46  3.51646e+05  1.80441e+46  3.51646e+05  1.51417e+46  3.28633e+05  9.18252e+45 -4.07657e-07
 7.92257e+01  3.51646e+05  2.00883e+46  3.51646e+05  1.86583e+46  3.51646e+05  1.59793e+46  3.28633e+05  9.43558e+45 -4.07657e-07
 8.18150e+01  3.51646e+05  2.06817e+46  3.51646e+05  1.93565e+46  3.51646e+05  1.68870e+46  3.28633e+05  9.72886e+45 -4.07657e-07
 8.44889e+01  3.51646e+05  2.13685e+46  3.51646e+05  2.01415e+46  3.51646e+05  1.78684e+46  3.28633e+05  1.00636e+46 -4.07657e-07
 8.72502e+01  3.51646e+05  2.21515e+46  3.51646e+05  2.10165e+46  3.39945e+05  1.89097e+46  3.28633e+05  1.04411e+46 -4.07657e-07
 9.01018e+01  3.51646e+05  2.30339e+46  3.51646e+05  2.19853e+46  3.39945e+05  1.92926e+46  3.28633e+05  1.08630e+46 -4.07657e-07
 9.30466e+01  3.51646e+05  2.40194e+46  3.51646e+05  2.30518e+46  3.39945e+05  1.97592e+46  3.28633e+05  1.13310e+46 -4.07657e-07
 9.60876e+01  3.51646e+05  2.51121e+46  3.51646e+05  2.42204e+46  3.39945e+05  2.03115e+46  3.28633e+05  1.18471e+46 -4.07657e-07
 9.92280e+01  3.51646e+05  2.63164e+46  3.51646e+05  2.54960e+46  3.39945e+05  2.09518e+46  3.28633e+05  1.24133e+46 -4.07657e-07
 1.02471e+02  3.51646e+05  2.76375e+46  3.51646e+05  2.68838e+46  3.39945e+05  2.16827e+46  3.28633e+05  1.30321e+46 -4.07657e-07
 1.05820e+02  3.51646e+05  2.90807e+46  3.51646e+05  2.83896e+46  3.39945e+05  2.25072e+46  3.28633e+05  1.37060e+46 -4.07657e-07
 1.09278e+02  3.51646e+05  3.06520e+46  3.51646e+05  3.00196e+46  3.39945e+05  2.34287e+46  3.28633e+05  1.44378e+46 -4.07657e-07
 1.12850e+02  3.51646e+05  3.23579e+46  3.51646e+05  3.17806e+46  3.39945e+05  2.44511e+46  3.28633e+05  1.52305e+46 -4.07657e-07
 1.16538e+02  3.51646e+05  3.42055e+46  3.39945e+05  3.30447e+46  3.39945e+05  2.55786e+46  3.28633e+05  1.60874e+46 -4.07657e-07
 1.20347e+02  3.51646e+05  3.62024e+46  3.39945e+05  3.37743e+46  3.39945e+05  2.68158e+46  3.28633e+05  1.70121e+46 -4.07657e-07
 1.24280e+02  3.39945e+05  3.79820e+46  3.39945e+05  3.46503e+46  3.39945e+05  2.81679e+46  3.28633e+05  1.80083e+46 -4.07657e-07
 1.28342e+02  3.39945e+05  3.87850e+46  3.39945e+05  3.56765e+46  3.39945e+05  2.96405e+46  3.28633e+05  1.90802e+46 -4.07657e-07
 1.32537e+02  3.39945e+05  3.97562e+46  3.39945e+05  3.68570e+46  3.39945e+05  3.12396e+46  3.17698e+05  1.96422e+46 -4.07657e-07
 1.36868e+02  3.39945e+05  4.08997e+46  3.39945e+05  3.81968e+46  3.39945e+05  3.29719e+46  3.17698e+05  2.00735e+46 -4.07657e-07
 1.41341e+02  3.39945e+05  4.22203e+46  3.39945e+05  3.97014e+46  3.39945e+05  3.48446e+46  3.17698e+05  2.05890e+46 -4.07657e-07
 1.45961e+02  3.39945e+05  4.37233e+46  3.39945e+05  4.13770e+46  3.39945e+05  3.68653e+46  3.17698e+05  2.11908e+46 -4.07657e-07
 1.50731e+02  3.39945e+05  4.54151e+46  3.39945e+05  4.32306e+46  3.39945e+05  3.90426e+46  3.17698e+05  2.18816e+46 -4.07657e-07
 1.55658e+02  3.39945e+05  4.73025e+46  3.39945e+05  4.52698e+46  3.28633e+05  4.00078e+46  3.17698e+05  2.26640e+46 -4.07657e-07
 1.60745e+02  3.39945e+05  4.93935e+46  3.39945e+05  4.75031e+46  3.28633e+05  4.09256e+46  3.17698e+05  2.35415e+46 -4.07657e-07
 1.65998e+02  3.39945e+05  5.16967e+46  3.39945e+05  4.99397e+46  3.28633e+05  4.20168e+46  3.17698e+05  2.45175e+46 -4.07657e-07
 1.71424e+02  3.39945e+05  5.42216e+46  3.39945e+05  5.25897e+46  3.28633e+05  4.32857e+46  3.17698e+05  2.55961e+46 -4.07657e-07
 1.77026e+02  3.39945e+05  5.69786e+46  3.39945e+05  5.54640e+46  3.28633e+05  4.47377e+46  3.17698e+05  2.67819e+46 -4.07657e-07
 1.82812e+02  3.39945e+05  5.99792e+46  3.39945e+05  5.85747e+46  3.28633e+05  4.63787e+46  3.17698e+05  2.80796e+46 -4.07657e-07
 1.88787e+02  3.39945e+05  6.32358e+46  3.39945e+05  6.19344e+46  3.28633e+05  4.82155e+46  3.17698e+05  2.94947e+46 -4.07657e-07
 1.94957e+02  3.39945e+05  6.67619e+46  3.39945e+05  6.55572e+46  3.28633e+05  5.02557e+46  3.17698e+05  3.10331e+46 -4.07657e-07
 2.01328e+02  3.39945e+05  7.05720e+46  3.28633e+05  6.85643e+46  3.28633e+05  5.25079e+46  3.17698e+05  3.27010e+46 -4.07657e-07
 2.07908e+02  3.39945e+05  7.46820e+46  3.28633e+05  6.99948e+46  3.28633e+05  5.49812e+46  3.17698e+05  3.45054e+46 -4.07657e-07
 2.14703e+02  3.28633e+05  7.88301e+46  3.28633e+05  7.17217e+46  3.28633e+05  5.76860e+46  3.17698e+05  3.64538e+46 -4.07657e-07
 2.21720e+02  3.28633e+05  8.04021e+46  3.28633e+05  7.37522e+46  3.28633e+05  6.06334e+46  3.17698e+05  3.85542e+46 -4.07657e-07
 2.28967e+02  3.28633e+05  8.23145e+46  3.28633e+05  7.60946e+46  3.28633e+05  6.38356e+46  3.17698e+05  4.08154e+46 -4.07657e-07
 2.36450e+02  3.28633e+05  8.45755e+46  3.28633e+05  7.87586e+46  3.28633e+05  6.73059e+46  3.17698e+05  4.32466e+46 -4.07657e-07
 2.44178e+02  3.28633e+05  8.71941e+46  3.28633e+05  8.17553e+46  3.28633e+05  7.10586e+46  3.07126e+05  4.52109e+46 -4.07657e-07
 2.52158e+02  3.28633e+05  9.01814e+46  3.28633e+05  8.50971e+46  3.28633e+05  7.51094e+46  3.07126e+05  4.61059e+46 -4.07657e-07
 2.60399e+02  3.28633e+05  9.35497e+46  3.28633e+05  8.87978e+46  3.28633e+05  7.94748e+46  3.07126e+05  4.71928e+46 -4.07657e-07
 2.68910e+02  3.28633e+05  9.73129e+46  3.28633e+05  9.28726e+46  3.28633e+05  8.41730e+46  3.07126e+05  4.84761e+46 -4.07657e-07
 2.77699e+02  3.28633e+05  1.01487e+47  3.28633e+05  9.73386e+46  3.17698e+05  8.71214e+46  3.07126e+05  4.99613e+46 -4.07657e-07
 2.86774e+02  3.28633e+05  1.06088e+47  3.28633e+05  1.02214e+47  3.17698e+05  8.89776e+46  3.07126e+05  5.16544e+46 -4.07657e-07
 2.96147e+02  3.28633e+05  1.11136e+47  3.28633e+05  1.07519e+47  3.17698e+05  9.12060e+46  3.07126e+05  5.35624e+46 -4.07657e-07
 3.05826e+02  3.28633e+05  1.16652e+47  3.28633e+05  1.13276e+47  3.17698e+05  9.38157e+46  3.07126e+05  5.56932e+46 -4.07657e-07
 3.15821e+02  3.28633e+05  1.22659e+47  3.28633e+05  1.19509e+47  3.17698e+05  9.68176e+46  3.07126e+05  5.80557e+46 -4.07657e-07
 3.26143e+02  3.28633e+05  1.29181e+47  3.28633e+05  1.26242e+47  3.17698e+05  1.00224e+47  3.07126e+05  6.06596e+46 -4.07657e-07
 3.36802e+02  3.28633e+05  1.36245e+47  3.28633e+05  1.33505e+47  3.17698e+05  1.04049e+47  3.07126e+05  6.35158e+46 -4.07657e-07
 3.47810e+02  3.28633e+05  1.43881e+47  3.28633e+05  1.41328e+47  3.17698e+05  1.08309e+47  3.07126e+05  6.66359e+46 -4.07657e-07
 3.59177e+02  3.28633e+05  1.52120e+47  3.17698e+05  1.49430e+47  3.17698e+05  1.13021e+47  3.07126e+05  7.00330e+46 -4.07657e-07
 3.70916e+02  3.28633e+05  1.60996e+47  3.17698e+05  1.52303e+47  3.17698e+05  1.18204e+47  3.07126e+05  7.37211e+46 -4.07657e-07
 3.83038e+02  3.28633e+05  1.70547e+47  3.17698e+05  1.55813e+47  3.17698e+05  1.23880e+47  3.07126e+05  7.77154e+46 -4.07657e-07
 3.95557e+02  3.17698e+05  1.75015e+47  3.17698e+05  1.59974e+47  3.17698e+05  1.30073e+47  3.07126e+05  8.20325e+46 -4.07657e-07
 4.08485e+02  3.17698e+05  1.78892e+47  3.17698e+05  1.64804e+47  3.17698e+05  1.36809e+47  3.07126e+05  8.66903e+46 -4.07657e-07
 4.21835e+02  3.17698e+05  1.83517e+47  3.17698e+05  1.70323e+47  3.17698e+05  1.44114e+47  3.07126e+05  9.17080e+46 -4.07657e-07
 4.35622e+02  3.17698e+05  1.88910e+47  3.17698e+05  1.76553e+47  3.17698e+05  1.52019e+47  3.07126e+05  9.71064e+46 -4.07657e-07
 4.49859e+02  3.17698e+05  1.95092e+47  3.17698e+05  1.83521e+47  3.17698e+05  1.60558e+47  3.07126e+05  1.02908e+47 -4.07657e-07
 4.64562e+02  3.17698e+05  2.02090e+47  3.17698e+05  1.91255e+47  3.17698e+05  1.69765e+47  3.07126e+05  1.09136e+47 -4.07657e-07
 4.79745e+02  3.17698e+05  2.09931e+47  3.17698e+05  1.99787e+47  3.17698e+05  1.79678e+47  2.96907e+05  1.11430e+47 -4.07657e-07
 4.95424e+02  3.17698e+05  2.18649e+47  3.17698e+05  2.09152e+47  3.17698e+05  1.90339e+47  2.96907e+05  1.13807e+47 -4.07657e-07
 5.11616e+02  3.17698e+05  2.28280e+47  3.17698e+05  2.19390e+47  3.07126e+05  1.99597e+47  2.96907e+05  1.16655e+47 -4.07657e-07
 5.28337e+02  3.17698e+05  2.38863e+47  3.17698e+05  2.30543e+47  3.07126e+05  2.03475e+47  2.96907e+05  1.19988e+47 -4.07657e-07
 5.45604e+02  3.17698e+05  2.50443e+47  3.17698e+05  2.42656e+47  3.07126e+05  2.08199e+47  2.96907e+05  1.23818e+47 -4.07657e-07
 5.63436e+02  3.17698e+05  2.63066e+47  3.17698e+05  2.55781e+47  3.07126e+05  2.13788e+47  2.96907e+05  1.28162e+47 -4.07657e-07
 5.81850e+02  3.17698e+05  2.76787e+47  3.17698e+05  2.69971e+47  3.07126e+05  2.20266e+47  2.96907e+05  1.33037e+47 -4.07657e-07
 6.00867e+02  3.17698e+05  2.91660e+47  3.17698e+05  2.85284e+47  3.07126e+05  2.27659e+47  2.96907e+05  1.38465e+47 -4.07657e-07
 6.20505e+02  3.17698e+05  3.07748e+47  3.17698e+05  3.01785e+47  3.07126e+05  2.35998e+47  2.96907e+05  1.44466e+47 -4.07657e-07
 6.40784e+02  3.17698e+05  3.25118e+47  3.17698e+05  3.19542e+47  3.07126e+05  2.45318e+47  2.96907e+05  1.51066e+47 -4.07657e-07
 6.61727e+02  3.17698e+05  3.43841e+47  3.17698e+05  3.38628e+47  3.07126e+05  2.55657e+47  2.96907e+05  1.58293e+47 -4.07657e-07
 6.83354e+02  3.17698e+05  3.63994e+47  3.07126e+05  3.48626e+47  3.07126e+05  2.67058e+47  2.96907e+05  1.66176e+47 -4.07657e-07
 7.05688e+02  3.17698e+05  3.85662e+47  3.07126e+05  3.56012e+47  3.07126e+05  2.79568e+47  2.96907e+05  1.74748e+47 -4.07657e-07
 7.28751e+02  3.07126e+05  4.00788e+47  3.07126e+05  3.64878e+47  3.07126e+05  2.93239e+47  2.96907e+05  1.84044e+47 -4.07657e-07
 7.52569e+02  3.07126e+05  4.08919e+47  3.07126e+05  3.75261e+47  3.07126e+05  3.08127e+47  2.96907e+05  1.94103e+47 -4.07657e-07
 7.77165e+02  3.07126e+05  4.18749e+47  3.07126e+05  3.87204e+47  3.07126e+05  3.24295e+47  2.96907e+05  2.04967e+47 -4.07657e-07
 8.02565e+02  3.07126e+05  4.30320e+47  3.07126e+05  4.00756e+47  3.07126e+05  3.41808e+47  2.96907e+05  2.16679e+47 -4.07657e-07
 8.28794e+02  3.07126e+05  4.43680e+47  3.07126e+05  4.15973e+47  3.07126e+05  3.60740e+47  2.96907e+05  2.29290e+47 -4.07657e-07
 8.55882e+02  3.07126e+05  4.58884e+47  3.07126e+05  4.32918e+47  3.07126e+05  3.81169e+47  2.96907e+05  2.42851e+47 -4.07657e-07
 8.83854e+02  3.07126e+05  4.75994e+47  3.07126e+05  4.51662e+47  3.07126e+05  4.03179e+47  2.96907e+05  2.57418e+47 -4.07657e-07
 9.12741e+02  3.07126e+05  4.95082e+47  3.07126e+05  4.72282e+47  3.07126e+05  4.26861e+47  2.96907e+05  2.73052e+47 -4.07657e-07
 9.42571e+02  3.07126e+05  5.16227e+47  3.07126e+05  4.94862e+47  3.07126e+05  4.52314e+47  2.87027e+05  2.83452e+47 -4.07657e-07
 9.73377e+02  3.07126e+05  5.39516e+47  3.07126e+05  5.19498e+47  3.07126e+05  4.79643e+47  2.87027e+05  2.88842e+47 -4.07657e-07
 1.00519e+03  3.07126e+05  5.65046e+47  3.07126e+05  5.46290e+47  2.96907e+05  4.89837e+47  2.87027e+05  2.95428e+47 -4.07657e-07
 1.03804e+03  3.07126e+05  5.92921e+47  3.07126e+05  5.75350e+47  2.96907e+05  5.00248e+47  2.87027e+05  3.03239e+47 -4.07657e-07
 1.07197e+03  3.07126e+05  6.23259e+47  3.07126e+05  6.06797e+47  2.96907e+05  5.12733e+47  2.87027e+05  3.12305e+47 -4.07657e-07
 1.10700e+03  3.07126e+05  6.56183e+47  3.07126e+05  6.40763e+47  2.96907e+05  5.27344e+47  2.87027e+05  3.22665e+47 -4.07657e-07
 1.14318e+03  3.07126e+05  6.91831e+47  3.07126e+05  6.77387e+47  2.96907e+05  5.44141e+47  2.87027e+05  3.34361e+47 -4.07657e-07
 1.18054e+03  3.07126e+05  7.30349e+47  3.07126e+05  7.16821e+47  2.96907e+05  5.63195e+47  2.87027e+05  3.47443e+47 -4.07657e-07
 1.21913e+03  3.07126e+05  7.71898e+47  3.07126e+05  7.59228e+47  2.96907e+05  5.84582e+47  2.87027e+05  3.61963e+47 -4.07657e-07
 1.25897e+03  3.07126e+05  8.16649e+47  3.07126e+05  8.04784e+47  2.96907e+05  6.08393e+47  2.87027e+05  3.77982e+47 -4.07657e-07
 1.30012e+03  3.07126e+05  8.64788e+47  2.96907e+05  8.40153e+47  2.96907e+05  6.34726e+47  2.87027e+05  3.95567e+47 -4.07657e-07
 1.34261e+03  3.07126e+05  9.16513e+47  2.96907e+05  8.56277e+47  2.96907e+05  6.63689e+47  2.87027e+05  4.14791e+47 -4.07657e-07
 1.38649e+03  2.96907e+05  9.66316e+47  2.96907e+05  8.75951e+47  2.96907e+05  6.95403e+47  2.87027e+05  4.35731e+47 -4.07657e-07
 1.43180e+03  2.96907e+05  9.83977e+47  2.96907e+05  8.99257e+47  2.96907e+05  7.29999e+47  2.87027e+05  4.58477e+47 -4.07657e-07
 1.47860e+03  2.96907e+05  1.00572e+48  2.96907e+05  9.26291e+47  2.96907e+05  7.67619e+47  2.87027e+05  4.83121e+47 -4.07657e-07
 1.52692e+03  2.96907e+05  1.03163e+48  2.96907e+05  9.57165e+47  2.96907e+05  8.08421e+47  2.87027e+05  5.09765e+47 -4.07657e-07
 1.57683e+03  2.96907e+05  1.06182e+48  2.96907e+05  9.92007e+47  2.96907e+05  8.52571e+47  2.87027e+05  5.38520e+47 -4.07657e-07
 1.62836e+03  2.96907e+05  1.09641e+48  2.96907e+05  1.03096e+48  2.96907e+05  9.00254e+47  2.87027e+05  5.69505e+47 -4.07657e-07
 1.68158e+03  2.96907e+05  1.13554e+48  2.96907e+05  1.07419e+48  2.96907e+05  9.51667e+47  2.87027e+05  6.02848e+47 -4.07657e-07
 1.73654e+03  2.96907e+05  1.17938e+48  2.96907e+05  1.12187e+48  2.96907e+05  1.00702e+48  2.87027e+05  6.38688e+47 -4.07657e-07
 1.79329e+03  2.96907e+05  1.22811e+48  2.96907e+05  1.17420e+48  2.96907e+05  1.06655e+48  2.87027e+05  6.77171e+47 -4.07657e-07
 1.85190e+03  2.96907e+05  1.28194e+48  2.96907e+05  1.23139e+48  2.96907e+05  1.13049e+48  2.87027e+05  7.18458e+47 -4.07657e-07
 1.91243e+03  2.96907e+05  1.34107e+48  2.96907e+05  1.29369e+48  2.96907e+05  1.19912e+48  2.77476e+05  7.58574e+47 -4.07657e-07
 1.97493e+03  2.96907e+05  1.40576e+48  2.96907e+05  1.36135e+48  2.87027e+05  1.24136e+48  2.77476e+05  7.71245e+47 -4.07657e-07
 2.03948e+03  2.96907e+05  1.47628e+48  2.96907e+05  1.43465e+48  2.87027e+05  1.26523e+48  2.77476e+05  7.87109e+47 -4.07657e-07
 2.10613e+03  2.96907e+05  1.55291e+48  2.96907e+05  1.51389e+48  2.87027e+05  1.29434e+48  2.77476e+05  8.06232e+47 -4.07657e-07
 2.17497e+03  2.96907e+05  1.63598e+48  2.96907e+05  1.59941e+48  2.87027e+05  1.32881e+48  2.77476e+05  8.28693e+47 -4.07657e-07
 2.24605e+03  2.96907e+05  1.72583e+48  2.96907e+05  1.69155e+48  2.87027e+05  1.36878e+48  2.77476e+05  8.54584e+47 -4.07657e-07
 2.31946e+03  2.96907e+05  1.82283e+48  2.96907e+05  1.79070e+48  2.87027e+05  1.41442e+48  2.77476e+05  8.84013e+47 -4.07657e-07
 2.39526e+03  2.96907e+05  1.92738e+48  2.96907e+05  1.89726e+48  2.87027e+05  1.46592e+48  2.77476e+05  9.17102e+47 -4.07657e-07
 2.47355e+03  2.96907e+05  2.03991e+48  2.96907e+05  2.01169e+48  2.87027e+05  1.52349e+48  2.77476e+05  9.53987e+47 -4.07657e-07
 2.55439e+03  2.96907e+05  2.16089e+48  2.87027e+05  2.13148e+48  2.87027e+05  1.58737e+48  2.77476e+05  9.94821e+47 -4.07657e-07
 2.63787e+03  2.96907e+05  2.29082e+48  2.87027e+05  2.16800e+48  2.87027e+05  1.65782e+48  2.77476e+05  1.03977e+48 -4.07657e-07
 2.72409e+03  2.96907e+05  2.43025e+48  2.87027e+05  2.21349e+48  2.87027e+05  1.73513e+48  2.77476e+05  1.08903e+48 -4.07657e-07
 2.81312e+03  2.87027e+05  2.49249e+48  2.87027e+05  2.26815e+48  2.87027e+05  1.81963e+48  2.77476e+05  1.14280e+48 -4.07657e-07
 2.90506e+03  2.87027e+05  2.54255e+48  2.87027e+05  2.33220e+48  2.87027e+05  1.91167e+48  2.77476e+05  1.20129e+48 -4.07657e-07
 3.00000e+03  2.87027e+05  2.60314e+48  2.87027e+05  2.40591e+48  2.87027e+05  2.01162e+48  2.77476e+05  1.26476e+48 -4.07657e-07
