radius_rg T_0deg chi2_0deg T_15deg chi2_15deg T_30deg chi2_30deg T_45deg chi2_45deg nuLnusavg_last
 2.00000e-01  1.18907e+06  5.49610e+44  1.18907e+06  4.32174e+44  1.03853e+06  1.73935e+44  8.47687e+05  3.25765e+43 -5.42531e-10
 2.06537e-01  1.18907e+06  5.21996e+44  1.14951e+06  4.10806e+44  1.03853e+06  1.65662e+44  8.47687e+05  3.08944e+43 -5.42531e-10
 2.13287e-01  1.18907e+06  5.02473e+44  1.14951e+06  3.94119e+44  1.00397e+06  1.59730e+44  8.19480e+05  3.01527e+43 -5.42531e-10
 2.20257e-01  1.14951e+06  4.80061e+44  1.11126e+06  3.77749e+44  1.00397e+06  1.49904e+44  8.19480e+05  2.75471e+43 -5.42531e-10
 2.27456e-01  1.14951e+06  4.58936e+44  1.11126e+06  3.59372e+44  1.00397e+06  1.43700e+44  8.19480e+05  2.60532e+43 -5.42531e-10
 2.34890e-01  1.11126e+06  4.42329e+44  1.11126e+06  3.47618e+44  9.70565e+05  1.36590e+44  7.92211e+05  2.55612e+43 -5.42531e-10
 2.42567e-01  1.11126e+06  4.19289e+44  1.07428e+06  3.28142e+44  9.70565e+05  1.28614e+44  7.92211e+05  2.30694e+43 -5.42531e-10
 2.50494e-01  1.11126e+06  4.03916e+44  1.07428e+06  3.14297e+44  9.70565e+05  1.24170e+44  7.92211e+05  2.16707e+43 -5.42531e-10
 2.58681e-01  1.07428e+06  3.83776e+44  1.03853e+06  3.00701e+44  9.38269e+05  1.16100e+44  7.92211e+05  2.13592e+43 -5.42531e-10
 2.67136e-01  1.07428e+06  3.66025e+44  1.03853e+06  2.84503e+44  9.38269e+05  1.09669e+44  7.65850e+05  1.91276e+43 -5.42531e-10
 2.75866e-01  1.03853e+06  3.52713e+44  1.03853e+06  2.74620e+44  9.07048e+05  1.06499e+44  7.65850e+05  1.77313e+43 -5.42531e-10
 2.84882e-01  1.03853e+06  3.32276e+44  1.00397e+06  2.58572e+44  9.07048e+05  9.79154e+43  7.65850e+05  1.74061e+43 -5.42531e-10
 2.94193e-01  1.03853e+06  3.19146e+44  1.00397e+06  2.45955e+44  9.07048e+05  9.27375e+43  7.40366e+05  1.57329e+43 -5.42531e-10
 3.03808e-01  1.00397e+06  3.03060e+44  9.70565e+05  2.36917e+44  8.76865e+05  8.93072e+43  7.40366e+05  1.42459e+43 -5.42531e-10
 3.13737e-01  1.00397e+06  2.86804e+44  9.70565e+05  2.21297e+44  8.76865e+05  8.17593e+43  7.40366e+05  1.38154e+43 -5.42531e-10
 3.23991e-01  1.00397e+06  2.77666e+44  9.70565e+05  2.11730e+44  8.76865e+05  7.75506e+43  7.15730e+05  1.29266e+43 -5.42531e-10
 3.34580e-01  9.70565e+05  2.59162e+44  9.38269e+05  2.01138e+44  8.47687e+05  7.42176e+43  7.15730e+05  1.12538e+43 -5.42531e-10
 3.45515e-01  9.70565e+05  2.46468e+44  9.38269e+05  1.88197e+44  8.47687e+05  6.74199e+43  7.15730e+05  1.06251e+43 -5.42531e-10
 3.56807e-01  9.38269e+05  2.36789e+44  9.38269e+05  1.81171e+44  8.47687e+05  6.39022e+43  6.91914e+05  1.07840e+43 -5.42531e-10
 3.68468e-01  9.38269e+05  2.20224e+44  9.07048e+05  1.69465e+44  8.19480e+05  6.10844e+43  6.91914e+05  8.82762e+42 -5.42531e-10
 3.80511e-01  9.38269e+05  2.10501e+44  9.07048e+05  1.58698e+44  8.19480e+05  5.47548e+43  6.91914e+05  7.90531e+42 -5.42531e-10
 3.92947e-01  9.07048e+05  1.99602e+44  9.07048e+05  1.53725e+44  8.19480e+05  5.16527e+43  6.91914e+05  8.01330e+42 -5.42531e-10
 4.05790e-01  9.07048e+05  1.85582e+44  8.76865e+05  1.41423e+44  7.92211e+05  4.98382e+43  6.68890e+05  7.07890e+42 -5.42531e-10
 4.19052e-01  9.07048e+05  1.78262e+44  8.76865e+05  1.32341e+44  7.92211e+05  4.36950e+43  6.68890e+05  5.76336e+42 -5.42531e-10
 4.32748e-01  8.76865e+05  1.66743e+44  8.76865e+05  1.28943e+44  7.92211e+05  4.07334e+43  6.68890e+05  5.46927e+42 -5.42531e-10
 4.46891e-01  8.76865e+05  1.54699e+44  8.47687e+05  1.16649e+44  7.65850e+05  4.04937e+43  6.46632e+05  6.16627e+42 -5.42531e-10
 4.61496e-01  8.76865e+05  1.49226e+44  8.47687e+05  1.08772e+44  7.65850e+05  3.42524e+43  6.46632e+05  4.35189e+42 -5.42531e-10
 4.76579e-01  8.47687e+05  1.37791e+44  8.47687e+05  1.06481e+44  7.65850e+05  3.11537e+43  6.46632e+05  3.55310e+42 -5.42531e-10
 4.92155e-01  8.47687e+05  1.27165e+44  8.19480e+05  9.49014e+43  7.65850e+05  3.11847e+43  6.46632e+05  3.76661e+42 -5.42531e-10
 5.08240e-01  8.47687e+05  1.22997e+44  8.19480e+05  8.77542e+43  7.40366e+05  2.65306e+43  6.25115e+05  3.87999e+42 -5.42531e-10
 5.24851e-01  8.19480e+05  1.12464e+44  8.19480e+05  8.61066e+43  7.40366e+05  2.30107e+43  6.25115e+05  2.46597e+42 -5.42531e-10
 5.42004e-01  8.19480e+05  1.02706e+44  7.92211e+05  7.60660e+43  7.40366e+05  2.25868e+43  6.25115e+05  2.05975e+42 -5.42531e-10
 5.59718e-01  8.19480e+05  9.93046e+43  7.92211e+05  6.91747e+43  7.15730e+05  2.07398e+43  6.25115e+05  2.65964e+42 -5.42531e-10
 5.78011e-01  7.92211e+05  9.06320e+43  7.92211e+05  6.77062e+43  7.15730e+05  1.65045e+43  6.04314e+05  2.47884e+42 -5.42531e-10
 5.96902e-01  7.92211e+05  8.11908e+43  7.65850e+05  6.01697e+43  7.15730e+05  1.53382e+43  6.04314e+05  1.33531e+42 -5.42531e-10
 6.16411e-01  7.92211e+05  7.80168e+43  7.65850e+05  5.30551e+43  6.91914e+05  1.72192e+43  6.04314e+05  1.19489e+42 -5.42531e-10
 6.36557e-01  7.65850e+05  7.23263e+43  7.65850e+05  5.12965e+43  6.91914e+05  1.19584e+43  6.04314e+05  2.05701e+42 -5.42531e-10
 6.57361e-01  7.65850e+05  6.26453e+43  7.40366e+05  4.73990e+43  6.91914e+05  9.74788e+42  5.84205e+05  1.94328e+42 -5.42531e-10
 6.78845e-01  7.65850e+05  5.91547e+43  7.40366e+05  3.95706e+43  6.91914e+05  1.05786e+43  5.84205e+05  9.35052e+41 -5.42531e-10
 7.01032e-01  7.40366e+05  5.77657e+43  7.40366e+05  3.70425e+43  6.68890e+05  9.84940e+42  5.84205e+05  9.28280e+41 -5.42531e-10
 7.23943e-01  7.40366e+05  4.72753e+43  7.15730e+05  3.81272e+43  6.68890e+05  6.27157e+42  5.84205e+05  1.92294e+42 -5.42531e-10
 7.47603e-01  7.40366e+05  4.29117e+43  7.15730e+05  2.90761e+43  6.68890e+05  5.72054e+42  5.64766e+05  2.33614e+42 -5.42531e-10
 7.72037e-01  7.40366e+05  4.46567e+43  7.15730e+05  2.52818e+43  6.68890e+05  8.19403e+42  5.64766e+05  1.31876e+42 -5.42531e-10
 7.97269e-01  7.15730e+05  3.54953e+43  7.15730e+05  2.67287e+43  6.46632e+05  5.55410e+42  5.64766e+05  1.30442e+42 -5.42531e-10
 8.23326e-01  7.15730e+05  2.96819e+43  6.91914e+05  2.21422e+43  6.46632e+05  3.27909e+42  5.64766e+05  2.29307e+42 -5.42531e-10
 8.50234e-01  7.15730e+05  2.99226e+43  6.91914e+05  1.65592e+43  6.46632e+05  4.01849e+42  5.45973e+05  3.83577e+42 -5.42531e-10
 8.78022e-01  6.91914e+05  2.79718e+43  6.91914e+05  1.61811e+43  6.46632e+05  7.77537e+42  5.45973e+05  2.64974e+42 -5.42531e-10
 9.06718e-01  6.91914e+05  2.01015e+43  6.68890e+05  1.96098e+43  6.25115e+05  4.11168e+42  5.45973e+05  2.47226e+42 -5.42531e-10
 9.36352e-01  6.91914e+05  1.82456e+43  6.68890e+05  1.16773e+43  6.25115e+05  2.74750e+42  5.45973e+05  3.30260e+42 -5.42531e-10
 9.66955e-01  6.91914e+05  2.23963e+43  6.68890e+05  8.92957e+42  6.25115e+05  4.39553e+42  5.45973e+05  5.14420e+42 -5.42531e-10
 9.98557e-01  6.68890e+05  1.51073e+43  6.68890e+05  1.13553e+43  6.25115e+05  9.06260e+42  5.27805e+05  5.26129e+42 -5.42531e-10
 1.03119e+00  6.68890e+05  1.05216e+43  6.46632e+05  1.17715e+43  6.04314e+05  5.52017e+42  5.27805e+05  4.74190e+42 -5.42531e-10
 1.06489e+00  6.68890e+05  1.19107e+43  6.46632e+05  6.05911e+42  6.04314e+05  4.65134e+42  5.27805e+05  5.23973e+42 -5.42531e-10
 1.09970e+00  6.46632e+05  1.60247e+43  6.46632e+05  5.50833e+42  6.04314e+05  6.80260e+42  5.27805e+05  6.75683e+42 -5.42531e-10
 1.13564e+00  6.46632e+05  8.01694e+42  6.46632e+05  1.01168e+43  6.04314e+05  1.19829e+43  5.27805e+05  9.29949e+42 -5.42531e-10
 1.17276e+00  6.46632e+05  5.97345e+42  6.25115e+05  9.07977e+42  5.84205e+05  1.00740e+43  5.10242e+05  8.70488e+42 -5.42531e-10
 1.21108e+00  6.46632e+05  9.88581e+42  6.25115e+05  4.90849e+42  5.84205e+05  9.24598e+42  5.10242e+05  8.65866e+42 -5.42531e-10
 1.25067e+00  6.25115e+05  1.24944e+43  6.25115e+05  5.89403e+42  5.84205e+05  1.14570e+43  5.10242e+05  9.64587e+42 -5.42531e-10
 1.29154e+00  6.25115e+05  6.26852e+42  6.25115e+05  1.20405e+43  5.84205e+05  1.67163e+43  5.10242e+05  1.16706e+43 -5.42531e-10
 1.33375e+00  6.25115e+05  5.99966e+42  6.04314e+05  1.15634e+43  5.64766e+05  1.85033e+43  5.10242e+05  1.47412e+43 -5.42531e-10
 1.37734e+00  6.25115e+05  1.16868e+43  6.04314e+05  8.21290e+42  5.64766e+05  1.71989e+43  4.93264e+05  1.46557e+43 -5.42531e-10
 1.42236e+00  6.04314e+05  1.51402e+43  6.04314e+05  1.00328e+43  5.64766e+05  1.89665e+43  4.93264e+05  1.48412e+43 -5.42531e-10
 1.46884e+00  6.04314e+05  9.85887e+42  6.04314e+05  1.70308e+43  5.64766e+05  2.38135e+43  4.93264e+05  1.60857e+43 -5.42531e-10
 1.51685e+00  6.04314e+05  1.05494e+43  5.84205e+05  1.97760e+43  5.64766e+05  3.17598e+43  4.93264e+05  1.83944e+43 -5.42531e-10
 1.56642e+00  6.04314e+05  1.72147e+43  5.84205e+05  1.64566e+43  5.45973e+05  2.98386e+43  4.93264e+05  2.17768e+43 -5.42531e-10
 1.61762e+00  5.84205e+05  2.46206e+43  5.84205e+05  1.83419e+43  5.45973e+05  3.05635e+43  4.76850e+05  2.46517e+43 -5.42531e-10
 1.67049e+00  5.84205e+05  1.93659e+43  5.84205e+05  2.54395e+43  5.45973e+05  3.44157e+43  4.76850e+05  2.47146e+43 -5.42531e-10
 1.72508e+00  5.84205e+05  2.01225e+43  5.64766e+05  3.50441e+43  5.45973e+05  4.14111e+43  4.76850e+05  2.58775e+43 -5.42531e-10
 1.78146e+00  5.84205e+05  2.68935e+43  5.64766e+05  3.08551e+43  5.27805e+05  4.96652e+43  4.76850e+05  2.81450e+43 -5.42531e-10
 1.83968e+00  5.84205e+05  3.97069e+43  5.64766e+05  3.19304e+43  5.27805e+05  4.85846e+43  4.76850e+05  3.15266e+43 -5.42531e-10
 1.89981e+00  5.64766e+05  3.62228e+43  5.64766e+05  3.82743e+43  5.27805e+05  5.07058e+43  4.76850e+05  3.60363e+43 -5.42531e-10
 1.96190e+00  5.64766e+05  3.60282e+43  5.64766e+05  4.99131e+43  5.27805e+05  5.60378e+43  4.76850e+05  4.16927e+43 -5.42531e-10
 2.02602e+00  5.64766e+05  4.19139e+43  5.45973e+05  5.38001e+43  5.27805e+05  6.46025e+43  4.60983e+05  4.34182e+43 -5.42531e-10
 2.09224e+00  5.64766e+05  5.39041e+43  5.45973e+05  5.30189e+43  5.27805e+05  7.64354e+43  4.60983e+05  4.50275e+43 -5.42531e-10
 2.16062e+00  5.45973e+05  6.32398e+43  5.45973e+05  5.75935e+43  5.10242e+05  7.69324e+43  4.60983e+05  4.78206e+43 -5.42531e-10
 2.23123e+00  5.45973e+05  6.08764e+43  5.45973e+05  6.75430e+43  5.10242e+05  7.96219e+43  4.60983e+05  5.18093e+43 -5.42531e-10
 2.30415e+00  5.45973e+05  6.46960e+43  5.45973e+05  8.29085e+43  5.10242e+05  8.56418e+43  4.60983e+05  5.70099e+43 -5.42531e-10
 2.37946e+00  5.45973e+05  7.47145e+43  5.27805e+05  8.57974e+43  5.10242e+05  9.50169e+43  4.60983e+05  6.34441e+43 -5.42531e-10
 2.45723e+00  5.45973e+05  9.09734e+43  5.27805e+05  8.73125e+43  5.10242e+05  1.07786e+44  4.60983e+05  7.11384e+43 -5.42531e-10
 2.53753e+00  5.27805e+05  9.95832e+43  5.27805e+05  9.43254e+43  4.93264e+05  1.20594e+44  4.60983e+05  8.01247e+43 -5.42531e-10
 2.62047e+00  5.27805e+05  9.98342e+43  5.27805e+05  1.06865e+44  4.93264e+05  1.22609e+44  4.45643e+05  9.00520e+43 -5.42531e-10
 2.70611e+00  5.27805e+05  1.06430e+44  5.27805e+05  1.24984e+44  4.93264e+05  1.28131e+44  4.45643e+05  9.32147e+43 -5.42531e-10
 2.79455e+00  5.27805e+05  1.19396e+44  5.10242e+05  1.35038e+44  4.93264e+05  1.37185e+44  4.45643e+05  9.77606e+43 -5.42531e-10
 2.88589e+00  5.27805e+05  1.38789e+44  5.10242e+05  1.37391e+44  4.93264e+05  1.49808e+44  4.45643e+05  1.03709e+44 -5.42531e-10
 2.98021e+00  5.10242e+05  1.56248e+44  5.10242e+05  1.45448e+44  4.93264e+05  1.66051e+44  4.45643e+05  1.11084e+44 -5.42531e-10
 3.07761e+00  5.10242e+05  1.57410e+44  5.10242e+05  1.59244e+44  4.93264e+05  1.85982e+44  4.45643e+05  1.19916e+44 -5.42531e-10
 3.17819e+00  5.10242e+05  1.65154e+44  5.10242e+05  1.78836e+44  4.76850e+05  1.96905e+44  4.45643e+05  1.30242e+44 -5.42531e-10
 3.28206e+00  5.10242e+05  1.79513e+44  5.10242e+05  2.04304e+44  4.76850e+05  2.03605e+44  4.45643e+05  1.42105e+44 -5.42531e-10
 3.38933e+00  5.10242e+05  2.00547e+44  4.93264e+05  2.12822e+44  4.76850e+05  2.14149e+44  4.45643e+05  1.55553e+44 -5.42531e-10
 3.50010e+00  5.10242e+05  2.28341e+44  4.93264e+05  2.19828e+44  4.76850e+05  2.28580e+44  4.45643e+05  1.70643e+44 -5.42531e-10
 3.61449e+00  4.93264e+05  2.44849e+44  4.93264e+05  2.32881e+44  4.76850e+05  2.46957e+44  4.45643e+05  1.87436e+44 -5.42531e-10
 3.73262e+00  4.93264e+05  2.51296e+44  4.93264e+05  2.52034e+44  4.76850e+05  2.69358e+44  4.45643e+05  2.06003e+44 -5.42531e-10
 3.85462e+00  4.93264e+05  2.64713e+44  4.93264e+05  2.77367e+44  4.76850e+05  2.95874e+44  4.45643e+05  2.26420e+44 -5.42531e-10
 3.98060e+00  4.93264e+05  2.85157e+44  4.93264e+05  3.08984e+44  4.76850e+05  3.26615e+44  4.45643e+05  2.48772e+44 -5.42531e-10
 4.11069e+00  4.93264e+05  3.12712e+44  4.76850e+05  3.41557e+44  4.60983e+05  3.47268e+44  4.45643e+05  2.73150e+44 -5.42531e-10
 4.24504e+00  4.93264e+05  3.47493e+44  4.76850e+05  3.50256e+44  4.60983e+05  3.60040e+44  4.45643e+05  2.99657e+44 -5.42531e-10
 4.38378e+00  4.93264e+05  3.89643e+44  4.76850e+05  3.65542e+44  4.60983e+05  3.77303e+44  4.30814e+05  3.16395e+44 -5.42531e-10
 4.52705e+00  4.76850e+05  4.01383e+44  4.76850e+05  3.87477e+44  4.60983e+05  3.99128e+44  4.30814e+05  3.30231e+44 -5.42531e-10
 4.67501e+00  4.76850e+05  4.17230e+44  4.76850e+05  4.16152e+44  4.60983e+05  4.25606e+44  4.30814e+05  3.46431e+44 -5.42531e-10
 4.82780e+00  4.76850e+05  4.40736e+44  4.76850e+05  4.51686e+44  4.60983e+05  4.56846e+44  4.30814e+05  3.65063e+44 -5.42531e-10
 4.98558e+00  4.76850e+05  4.71996e+44  4.76850e+05  4.94225e+44  4.60983e+05  4.92978e+44  4.30814e+05  3.86202e+44 -5.42531e-10
 5.14853e+00  4.76850e+05  5.11141e+44  4.76850e+05  5.43947e+44  4.60983e+05  5.34151e+44  4.30814e+05  4.09938e+44 -5.42531e-10
 5.31679e+00  4.76850e+05  5.58333e+44  4.60983e+05  5.98681e+44  4.60983e+05  5.80535e+44  4.30814e+05  4.36368e+44 -5.42531e-10
 5.49056e+00  4.76850e+05  6.13766e+44  4.60983e+05  6.17191e+44  4.60983e+05  6.32322e+44  4.30814e+05  4.65601e+44 -5.42531e-10
 5.67001e+00  4.76850e+05  6.77670e+44  4.60983e+05  6.43391e+44  4.60983e+05  6.89727e+44  4.30814e+05  4.97759e+44 -5.42531e-10
 5.85532e+00  4.60983e+05  7.06822e+44  4.60983e+05  6.77391e+44  4.45643e+05  7.32073e+44  4.30814e+05  5.32974e+44 -5.42531e-10
 6.04668e+00  4.60983e+05  7.34967e+44  4.60983e+05  7.19330e+44  4.45643e+05  7.60071e+44  4.30814e+05  5.71393e+44 -5.42531e-10
 6.24430e+00  4.60983e+05  7.72084e+44  4.60983e+05  7.69382e+44  4.45643e+05  7.94214e+44  4.30814e+05  6.13174e+44 -5.42531e-10
 6.44838e+00  4.60983e+05  8.18328e+44  4.60983e+05  8.27756e+44  4.45643e+05  8.34646e+44  4.30814e+05  6.58490e+44 -5.42531e-10
 6.65913e+00  4.60983e+05  8.73889e+44  4.60983e+05  8.94691e+44  4.45643e+05  8.81532e+44  4.30814e+05  7.07529e+44 -5.42531e-10
 6.87677e+00  4.60983e+05  9.38998e+44  4.60983e+05  9.70466e+44  4.45643e+05  9.35067e+44  4.30814e+05  7.60493e+44 -5.42531e-10
 7.10152e+00  4.60983e+05  1.01392e+45  4.60983e+05  1.05539e+45  4.45643e+05  9.95473e+44  4.30814e+05  8.17602e+44 -5.42531e-10
 7.33362e+00  4.60983e+05  1.09898e+45  4.60983e+05  1.14982e+45  4.45643e+05  1.06300e+45  4.30814e+05  8.79093e+44 -5.42531e-10
 7.57330e+00  4.60983e+05  1.19451e+45  4.60983e+05  1.25415e+45  4.45643e+05  1.13793e+45  4.30814e+05  9.45219e+44 -5.42531e-10
 7.82082e+00  4.60983e+05  1.30092e+45  4.45643e+05  1.29805e+45  4.45643e+05  1.22056e+45  4.30814e+05  1.01625e+45 -5.42531e-10
 8.07642e+00  4.60983e+05  1.41864e+45  4.45643e+05  1.35176e+45  4.45643e+05  1.31125e+45  4.30814e+05  1.09249e+45 -5.42531e-10
 8.34038e+00  4.45643e+05  1.48598e+45  4.45643e+05  1.41621e+45  4.45643e+05  1.41037e+45  4.30814e+05  1.17425e+45 -5.42531e-10
 8.61296e+00  4.45643e+05  1.54511e+45  4.45643e+05  1.49165e+45  4.45643e+05  1.51832e+45  4.30814e+05  1.26187e+45 -5.42531e-10
 8.89446e+00  4.45643e+05  1.61657e+45  4.45643e+05  1.57840e+45  4.45643e+05  1.63556e+45  4.30814e+05  1.35570e+45 -5.42531e-10
 9.18515e+00  4.45643e+05  1.70065e+45  4.45643e+05  1.67682e+45  4.45643e+05  1.76257e+45  4.30814e+05  1.45614e+45 -5.42531e-10
 9.48535e+00  4.45643e+05  1.79771e+45  4.45643e+05  1.78732e+45  4.45643e+05  1.89987e+45  4.30814e+05  1.56361e+45 -5.42531e-10
 9.79535e+00  4.45643e+05  1.90813e+45  4.45643e+05  1.91035e+45  4.45643e+05  2.04804e+45  4.30814e+05  1.67854e+45 -5.42531e-10
 1.01155e+01  4.45643e+05  2.03238e+45  4.45643e+05  2.04642e+45  4.45643e+05  2.20768e+45  4.30814e+05  1.80142e+45 -5.42531e-10
 1.04461e+01  4.45643e+05  2.17097e+45  4.45643e+05  2.19610e+45  4.30814e+05  2.29788e+45  4.30814e+05  1.93276e+45 -5.42531e-10
 1.07875e+01  4.45643e+05  2.32448e+45  4.45643e+05  2.36000e+45  4.30814e+05  2.38531e+45  4.30814e+05  2.07308e+45 -5.42531e-10
 1.11401e+01  4.45643e+05  2.49353e+45  4.45643e+05  2.53881e+45  4.30814e+05  2.48561e+45  4.30814e+05  2.22299e+45 -5.42531e-10
 1.15041e+01  4.45643e+05  2.67884e+45  4.45643e+05  2.73326e+45  4.30814e+05  2.59920e+45  4.30814e+05  2.38309e+45 -5.42531e-10
 1.18801e+01  4.45643e+05  2.88117e+45  4.45643e+05  2.94416e+45  4.30814e+05  2.72654e+45  4.30814e+05  2.55405e+45 -5.42531e-10
 1.22684e+01  4.45643e+05  3.10135e+45  4.45643e+05  3.17237e+45  4.30814e+05  2.86817e+45  4.30814e+05  2.73658e+45 -5.42531e-10
 1.26694e+01  4.45643e+05  3.34030e+45  4.45643e+05  3.41886e+45  4.30814e+05  3.02467e+45  4.16479e+05  2.90533e+45 -5.42531e-10
 1.30834e+01  4.45643e+05  3.59900e+45  4.45643e+05  3.68463e+45  4.30814e+05  3.19669e+45  4.16479e+05  3.00260e+45 -5.42531e-10
 1.35110e+01  4.45643e+05  3.87853e+45  4.30814e+05  3.91934e+45  4.30814e+05  3.38494e+45  4.16479e+05  3.11330e+45 -5.42531e-10
 1.39526e+01  4.45643e+05  4.18004e+45  4.30814e+05  4.05916e+45  4.30814e+05  3.59020e+45  4.16479e+05  3.23787e+45 -5.42531e-10
 1.44086e+01  4.30814e+05  4.49113e+45  4.30814e+05  4.22092e+45  4.30814e+05  3.81332e+45  4.16479e+05  3.37685e+45 -5.42531e-10
 1.48795e+01  4.30814e+05  4.64669e+45  4.30814e+05  4.40528e+45  4.30814e+05  4.05522e+45  4.16479e+05  3.53079e+45 -5.42531e-10
 1.53658e+01  4.30814e+05  4.82742e+45  4.30814e+05  4.61300e+45  4.30814e+05  4.31690e+45  4.16479e+05  3.70035e+45 -5.42531e-10
 1.58680e+01  4.30814e+05  5.03406e+45  4.30814e+05  4.84496e+45  4.30814e+05  4.59945e+45  4.16479e+05  3.88622e+45 -5.42531e-10
 1.63866e+01  4.30814e+05  5.26746e+45  4.30814e+05  5.10210e+45  4.30814e+05  4.90403e+45  4.16479e+05  4.08916e+45 -5.42531e-10
 1.69222e+01  4.30814e+05  5.52859e+45  4.30814e+05  5.38550e+45  4.30814e+05  5.23192e+45  4.16479e+05  4.31003e+45 -5.42531e-10
 1.74753e+01  4.30814e+05  5.81854e+45  4.30814e+05  5.69632e+45  4.30814e+05  5.58445e+45  4.16479e+05  4.54973e+45 -5.42531e-10
 1.80464e+01  4.30814e+05  6.13849e+45  4.30814e+05  6.03585e+45  4.30814e+05  5.96309e+45  4.16479e+05  4.80926e+45 -5.42531e-10
 1.86362e+01  4.30814e+05  6.48978e+45  4.30814e+05  6.40549e+45  4.30814e+05  6.36942e+45  4.16479e+05  5.08969e+45 -5.42531e-10
 1.92453e+01  4.30814e+05  6.87386e+45  4.30814e+05  6.80678e+45  4.30814e+05  6.80510e+45  4.16479e+05  5.39218e+45 -5.42531e-10
 1.98743e+01  4.30814e+05  7.29232e+45  4.30814e+05  7.24138e+45  4.30814e+05  7.27195e+45  4.16479e+05  5.71799e+45 -5.42531e-10
 2.05238e+01  4.30814e+05  7.74688e+45  4.30814e+05  7.71108e+45  4.30814e+05  7.77189e+45  4.16479e+05  6.06845e+45 -5.42531e-10
 2.11946e+01  4.30814e+05  8.23944e+45  4.30814e+05  8.21783e+45  4.30814e+05  8.30700e+45  4.16479e+05  6.44503e+45 -5.42531e-10
 2.18873e+01  4.30814e+05  8.77203e+45  4.30814e+05  8.76372e+45  4.30814e+05  8.87949e+45  4.16479e+05  6.84928e+45 -5.42531e-10
 2.26026e+01  4.30814e+05  9.34685e+45  4.30814e+05  9.35102e+45  4.30814e+05  9.49172e+45  4.16479e+05  7.28287e+45 -5.42531e-10
 2.33413e+01  4.30814e+05  9.96628e+45  4.30814e+05  9.98216e+45  4.30814e+05  1.01462e+46  4.16479e+05  7.74759e+45 -5.42531e-10
 2.41042e+01  4.30814e+05  1.06329e+46  4.30814e+05  1.06597e+46  4.30814e+05  1.08457e+46  4.16479e+05  8.24538e+45 -5.42531e-10
 2.48920e+01  4.30814e+05  1.13494e+46  4.30814e+05  1.13866e+46  4.30814e+05  1.15931e+46  4.16479e+05  8.77829e+45 -5.42531e-10
 2.57055e+01  4.30814e+05  1.21189e+46  4.30814e+05  1.21657e+46  4.30814e+05  1.23915e+46  4.16479e+05  9.34853e+45 -5.42531e-10
 2.65456e+01  4.30814e+05  1.29444e+46  4.30814e+05  1.30002e+46  4.30814e+05  1.32442e+46  4.16479e+05  9.95845e+45 -5.42531e-10
 2.74132e+01  4.30814e+05  1.38294e+46  4.30814e+05  1.38938e+46  4.30814e+05  1.41546e+46  4.16479e+05  1.06106e+46 -5.42531e-10
 2.83091e+01  4.30814e+05  1.47776e+46  4.30814e+05  1.48499e+46  4.30814e+05  1.51267e+46  4.16479e+05  1.13076e+46 -5.42531e-10
 2.92343e+01  4.30814e+05  1.57929e+46  4.30814e+05  1.58726e+46  4.30814e+05  1.61643e+46  4.16479e+05  1.20525e+46 -5.42531e-10
 3.01898e+01  4.30814e+05  1.68795e+46  4.30814e+05  1.69662e+46  4.30814e+05  1.72719e+46  4.16479e+05  1.28482e+46 -5.42531e-10
 3.11765e+01  4.30814e+05  1.80418e+46  4.30814e+05  1.81351e+46  4.16479e+05  1.84148e+46  4.16479e+05  1.36980e+46 -5.42531e-10
 3.21954e+01  4.30814e+05  1.92848e+46  4.30814e+05  1.93842e+46  4.16479e+05  1.89984e+46  4.16479e+05  1.46056e+46 -5.42531e-10
 3.32476e+01  4.30814e+05  2.06135e+46  4.30814e+05  2.07187e+46  4.16479e+05  1.96636e+46  4.16479e+05  1.55746e+46 -5.42531e-10
 3.43343e+01  4.30814e+05  2.20334e+46  4.30814e+05  2.21440e+46  4.16479e+05  2.04132e+46  4.16479e+05  1.66091e+46 -5.42531e-10
 3.54564e+01  4.30814e+05  2.35505e+46  4.30814e+05  2.36662e+46  4.16479e+05  2.12503e+46  4.16479e+05  1.77133e+46 -5.42531e-10
 3.66152e+01  4.30814e+05  2.51709e+46  4.30814e+05  2.52914e+46  4.16479e+05  2.21783e+46  4.16479e+05  1.88918e+46 -5.42531e-10
 3.78119e+01  4.30814e+05  2.69015e+46  4.30814e+05  2.70264e+46  4.16479e+05  2.32011e+46  4.16479e+05  2.01494e+46 -5.42531e-10
 3.90477e+01  4.30814e+05  2.87493e+46  4.30814e+05  2.88783e+46  4.16479e+05  2.43229e+46  4.16479e+05  2.14915e+46 -5.42531e-10
 4.03238e+01  4.30814e+05  3.07220e+46  4.30814e+05  3.08550e+46  4.16479e+05  2.55483e+46  4.16479e+05  2.29235e+46 -5.42531e-10
 4.16417e+01  4.30814e+05  3.28278e+46  4.16479e+05  3.23572e+46  4.16479e+05  2.68825e+46  4.16479e+05  2.44514e+46 -5.42531e-10
 4.30027e+01  4.30814e+05  3.50754e+46  4.16479e+05  3.34325e+46  4.16479e+05  2.83310e+46  4.16479e+05  2.60814e+46 -5.42531e-10
 4.44081e+01  4.16479e+05  3.70931e+46  4.16479e+05  3.46512e+46  4.16479e+05  2.98997e+46  4.16479e+05  2.78204e+46 -5.42531e-10
 4.58595e+01  4.16479e+05  3.82963e+46  4.16479e+05  3.60185e+46  4.16479e+05  3.15951e+46  4.16479e+05  2.96755e+46 -5.42531e-10
 4.73583e+01  4.16479e+05  3.96639e+46  4.16479e+05  3.75400e+46  4.16479e+05  3.34243e+46  4.16479e+05  3.16545e+46 -5.42531e-10
 4.89061e+01  4.16479e+05  4.12017e+46  4.16479e+05  3.92220e+46  4.16479e+05  3.53948e+46  4.16479e+05  3.37654e+46 -5.42531e-10
 5.05045e+01  4.16479e+05  4.29158e+46  4.16479e+05  4.10715e+46  4.16479e+05  3.75149e+46  4.16479e+05  3.60171e+46 -5.42531e-10
 5.21551e+01  4.16479e+05  4.48135e+46  4.16479e+05  4.30960e+46  4.16479e+05  3.97931e+46  4.16479e+05  3.84188e+46 -5.42531e-10
 5.38597e+01  4.16479e+05  4.69026e+46  4.16479e+05  4.53040e+46  4.16479e+05  4.22391e+46  4.16479e+05  4.09805e+46 -5.42531e-10
 5.56199e+01  4.16479e+05  4.91917e+46  4.16479e+05  4.77047e+46  4.16479e+05  4.48628e+46  4.16479e+05  4.37128e+46 -5.42531e-10
 5.74378e+01  4.16479e+05  5.16904e+46  4.16479e+05  5.03079e+46  4.16479e+05  4.76752e+46  4.16479e+05  4.66270e+46 -5.42531e-10
 5.93150e+01  4.16479e+05  5.44088e+46  4.16479e+05  5.31245e+46  4.16479e+05  5.06879e+46  4.16479e+05  4.97352e+46 -5.42531e-10
 6.12535e+01  4.16479e+05  5.73584e+46  4.16479e+05  5.61660e+46  4.16479e+05  5.39134e+46  4.16479e+05  5.30502e+46 -5.42531e-10
 6.32555e+01  4.16479e+05  6.05513e+46  4.16479e+05  5.94452e+46  4.16479e+05  5.73650e+46  4.16479e+05  5.65857e+46 -5.42531e-10
 6.53228e+01  4.16479e+05  6.40007e+46  4.16479e+05  6.29754e+46  4.16479e+05  6.10570e+46  4.16479e+05  6.03564e+46 -5.42531e-10
 6.74577e+01  4.16479e+05  6.77209e+46  4.16479e+05  6.67715e+46  4.16479e+05  6.50047e+46  4.16479e+05  6.43779e+46 -5.42531e-10
 6.96624e+01  4.16479e+05  7.17273e+46  4.16479e+05  7.08490e+46  4.16479e+05  6.92244e+46  4.16479e+05  6.86668e+46 -5.42531e-10
 7.19392e+01  4.16479e+05  7.60365e+46  4.16479e+05  7.52248e+46  4.16479e+05  7.37336e+46  4.16479e+05  7.32409e+46 -5.42531e-10
 7.42903e+01  4.16479e+05  8.06662e+46  4.16479e+05  7.99171e+46  4.16479e+05  7.85509e+46  4.16479e+05  7.81191e+46 -5.42531e-10
 7.67183e+01  4.16479e+05  8.56358e+46  4.16479e+05  8.49453e+46  4.16479e+05  8.36964e+46  4.02620e+05  8.13429e+46 -5.42531e-10
 7.92257e+01  4.16479e+05  9.09656e+46  4.16479e+05  9.03301e+46  4.16479e+05  8.91911e+46  4.02620e+05  8.39654e+46 -5.42531e-10
 8.18150e+01  4.16479e+05  9.66779e+46  4.16479e+05  9.60939e+46  4.16479e+05  9.50581e+46  4.02620e+05  8.69363e+46 -5.42531e-10
 8.44889e+01  4.16479e+05  1.02796e+47  4.16479e+05  1.02261e+47  4.16479e+05  1.01321e+47  4.02620e+05  9.02680e+46 -5.42531e-10
 8.72502e+01  4.16479e+05  1.09346e+47  4.16479e+05  1.08856e+47  4.16479e+05  1.08007e+47  4.02620e+05  9.39743e+46 -5.42531e-10
 9.01018e+01  4.16479e+05  1.16354e+47  4.16479e+05  1.15906e+47  4.16479e+05  1.15143e+47  4.02620e+05  9.80705e+46 -5.42531e-10
 9.30466e+01  4.16479e+05  1.23849e+47  4.16479e+05  1.23442e+47  4.16479e+05  1.22758e+47  4.02620e+05  1.02574e+47 -5.42531e-10
 9.60876e+01  4.16479e+05  1.31863e+47  4.16479e+05  1.31493e+47  4.16479e+05  1.30884e+47  4.02620e+05  1.07502e+47 -5.42531e-10
 9.92280e+01  4.16479e+05  1.40429e+47  4.16479e+05  1.40094e+47  4.16479e+05  1.39555e+47  4.02620e+05  1.12877e+47 -5.42531e-10
 1.02471e+02  4.16479e+05  1.49582e+47  4.16479e+05  1.49279e+47  4.16479e+05  1.48806e+47  4.02620e+05  1.18719e+47 -5.42531e-10
 1.05820e+02  4.16479e+05  1.59360e+47  4.16479e+05  1.59088e+47  4.16479e+05  1.58676e+47  4.02620e+05  1.25054e+47 -5.42531e-10
 1.09278e+02  4.16479e+05  1.69803e+47  4.16479e+05  1.69560e+47  4.16479e+05  1.69206e+47  4.02620e+05  1.31907e+47 -5.42531e-10
 1.12850e+02  4.16479e+05  1.80955e+47  4.16479e+05  1.80739e+47  4.16479e+05  1.80439e+47  4.02620e+05  1.39308e+47 -5.42531e-10
 1.16538e+02  4.16479e+05  1.92861e+47  4.16479e+05  1.92671e+47  4.16479e+05  1.92422e+47  4.02620e+05  1.47286e+47 -5.42531e-10
 1.20347e+02  4.16479e+05  2.05572e+47  4.16479e+05  2.05405e+47  4.16479e+05  2.05204e+47  4.02620e+05  1.55874e+47 -5.42531e-10
 1.24280e+02  4.16479e+05  2.19139e+47  4.16479e+05  2.18995e+47  4.16479e+05  2.18839e+47  4.02620e+05  1.65108e+47 -5.42531e-10
 1.28342e+02  4.16479e+05  2.33620e+47  4.16479e+05  2.33496e+47  4.16479e+05  2.33382e+47  4.02620e+05  1.75027e+47 -5.42531e-10
 1.32537e+02  4.16479e+05  2.49072e+47  4.16479e+05  2.48969e+47  4.16479e+05  2.48893e+47  4.02620e+05  1.85671e+47 -5.42531e-10
 1.36868e+02  4.16479e+05  2.65562e+47  4.16479e+05  2.65477e+47  4.16479e+05  2.65438e+47  4.02620e+05  1.97085e+47 -5.42531e-10
 1.41341e+02  4.16479e+05  2.83157e+47  4.16479e+05  2.83089e+47  4.16479e+05  2.83085e+47  4.02620e+05  2.09315e+47 -5.42531e-10
 1.45961e+02  4.16479e+05  3.01929e+47  4.16479e+05  3.01877e+47  4.16479e+05  3.01906e+47  4.02620e+05  2.22412e+47 -5.42531e-10
 1.50731e+02  4.16479e+05  3.21957e+47  4.16479e+05  3.21920e+47  4.16479e+05  3.21979e+47  4.02620e+05  2.36431e+47 -5.42531e-10
 1.55658e+02  4.16479e+05  3.43323e+47  4.16479e+05  3.43301e+47  4.16479e+05  3.43388e+47  4.02620e+05  2.51429e+47 -5.42531e-10
 1.60745e+02  4.16479e+05  3.66116e+47  4.16479e+05  3.66107e+47  4.16479e+05  3.66221e+47  4.02620e+05  2.67469e+47 -5.42531e-10
 1.65998e+02  4.16479e+05  3.90430e+47  4.16479e+05  3.90434e+47  4.16479e+05  3.90573e+47  4.02620e+05  2.84616e+47 -5.42531e-10
 1.71424e+02  4.16479e+05  4.16366e+47  4.16479e+05  4.16381e+47  4.16479e+05  4.16544e+47  4.02620e+05  3.02943e+47 -5.42531e-10
 1.77026e+02  4.16479e+05  4.44031e+47  4.16479e+05  4.44057e+47  4.16479e+05  4.44241e+47  4.02620e+05  3.22524e+47 -5.42531e-10
 1.82812e+02  4.16479e+05  4.73539e+47  4.16479e+05  4.73576e+47  4.16479e+05  4.73781e+47  4.02620e+05  3.43441e+47 -5.42531e-10
 1.88787e+02  4.16479e+05  5.05013e+47  4.16479e+05  5.05059e+47  4.16479e+05  5.05284e+47  4.02620e+05  3.65780e+47 -5.42531e-10
 1.94957e+02  4.16479e+05  5.38583e+47  4.16479e+05  5.38638e+47  4.02620e+05  5.35979e+47  4.02620e+05  3.89634e+47 -5.42531e-10
 2.01328e+02  4.16479e+05  5.74387e+47  4.16479e+05  5.74451e+47  4.02620e+05  5.52300e+47  4.02620e+05  4.15102e+47 -5.42531e-10
 2.07908e+02  4.16479e+05  6.12575e+47  4.16479e+05  6.12647e+47  4.02620e+05  5.70909e+47  4.02620e+05  4.42288e+47 -5.42531e-10
 2.14703e+02  4.16479e+05  6.53304e+47  4.16479e+05  6.53383e+47  4.02620e+05  5.91884e+47  4.02620e+05  4.71306e+47 -5.42531e-10
 2.21720e+02  4.16479e+05  6.96742e+47  4.16479e+05  6.96829e+47  4.02620e+05  6.15312e+47  4.02620e+05  5.02275e+47 -5.42531e-10
 2.28967e+02  4.16479e+05  7.43070e+47  4.16479e+05  7.43163e+47  4.02620e+05  6.41289e+47  4.02620e+05  5.35324e+47 -5.42531e-10
 2.36450e+02  4.16479e+05  7.92479e+47  4.16479e+05  7.92578e+47  4.02620e+05  6.69923e+47  4.02620e+05  5.70589e+47 -5.42531e-10
 2.44178e+02  4.16479e+05  8.45173e+47  4.16479e+05  8.45278e+47  4.02620e+05  7.01333e+47  4.02620e+05  6.08217e+47 -5.42531e-10
 2.52158e+02  4.16479e+05  9.01371e+47  4.16479e+05  9.01482e+47  4.02620e+05  7.35648e+47  4.02620e+05  6.48363e+47 -5.42531e-10
 2.60399e+02  4.16479e+05  9.61306e+47  4.02620e+05  9.40870e+47  4.02620e+05  7.73010e+47  4.02620e+05  6.91193e+47 -5.42531e-10
 2.68910e+02  4.16479e+05  1.02522e+48  4.02620e+05  9.70946e+47  4.02620e+05  8.13575e+47  4.02620e+05  7.36884e+47 -5.42531e-10
 2.77699e+02  4.02620e+05  1.07888e+48  4.02620e+05  1.00504e+48  4.02620e+05  8.57509e+47  4.02620e+05  7.85626e+47 -5.42531e-10
 2.86774e+02  4.02620e+05  1.11253e+48  4.02620e+05  1.04331e+48  4.02620e+05  9.04995e+47  4.02620e+05  8.37621e+47 -5.42531e-10
 2.96147e+02  4.02620e+05  1.15079e+48  4.02620e+05  1.08589e+48  4.02620e+05  9.56230e+47  4.02620e+05  8.93082e+47 -5.42531e-10
 3.05826e+02  4.02620e+05  1.19382e+48  4.02620e+05  1.13298e+48  4.02620e+05  1.01142e+48  4.02620e+05  9.52241e+47 -5.42531e-10
 3.15821e+02  4.02620e+05  1.24180e+48  4.02620e+05  1.18476e+48  4.02620e+05  1.07081e+48  4.02620e+05  1.01534e+48 -5.42531e-10
 3.26143e+02  4.02620e+05  1.29492e+48  4.02620e+05  1.24145e+48  4.02620e+05  1.13463e+48  4.02620e+05  1.08265e+48 -5.42531e-10
 3.36802e+02  4.02620e+05  1.35341e+48  4.02620e+05  1.30328e+48  4.02620e+05  1.20314e+48  4.02620e+05  1.15443e+48 -5.42531e-10
 3.47810e+02  4.02620e+05  1.41750e+48  4.02620e+05  1.37050e+48  4.02620e+05  1.27664e+48  4.02620e+05  1.23099e+48 -5.42531e-10
 3.59177e+02  4.02620e+05  1.48747e+48  4.02620e+05  1.44341e+48  4.02620e+05  1.35543e+48  4.02620e+05  1.31265e+48 -5.42531e-10
 3.70916e+02  4.02620e+05  1.56360e+48  4.02620e+05  1.52230e+48  4.02620e+05  1.43982e+48  4.02620e+05  1.39975e+48 -5.42531e-10
 3.83038e+02  4.02620e+05  1.64620e+48  4.02620e+05  1.60748e+48  4.02620e+05  1.53018e+48  4.02620e+05  1.49263e+48 -5.42531e-10
 3.95557e+02  4.02620e+05  1.73562e+48  4.02620e+05  1.69933e+48  4.02620e+05  1.62688e+48  4.02620e+05  1.59170e+48 -5.42531e-10
 4.08485e+02  4.02620e+05  1.83224e+48  4.02620e+05  1.79822e+48  4.02620e+05  1.73031e+48  4.02620e+05  1.69735e+48 -5.42531e-10
 4.21835e+02  4.02620e+05  1.93644e+48  4.02620e+05  1.90455e+48  4.02620e+05  1.84090e+48  4.02620e+05  1.81003e+48 -5.42531e-10
 4.35622e+02  4.02620e+05  2.04866e+48  4.02620e+05  2.01877e+48  4.02620e+05  1.95912e+48  4.02620e+05  1.93020e+48 -5.42531e-10
 4.49859e+02  4.02620e+05  2.16936e+48  4.02620e+05  2.14135e+48  4.02620e+05  2.08545e+48  4.02620e+05  2.05835e+48 -5.42531e-10
 4.64562e+02  4.02620e+05  2.29905e+48  4.02620e+05  2.27279e+48  4.02620e+05  2.22041e+48  4.02620e+05  2.19503e+48 -5.42531e-10
 4.79745e+02  4.02620e+05  2.43826e+48  4.02620e+05  2.41365e+48  4.02620e+05  2.36456e+48  4.02620e+05  2.34079e+48 -5.42531e-10
 4.95424e+02  4.02620e+05  2.58757e+48  4.02620e+05  2.56450e+48  4.02620e+05  2.51850e+48  4.02620e+05  2.49625e+48 -5.42531e-10
 5.11616e+02  4.02620e+05  2.74759e+48  4.02620e+05  2.72597e+48  4.02620e+05  2.68287e+48  4.02620e+05  2.66203e+48 -5.42531e-10
 5.28337e+02  4.02620e+05  2.91898e+48  4.02620e+05  2.89872e+48  4.02620e+05  2.85834e+48  4.02620e+05  2.83883e+48 -5.42531e-10
 5.45604e+02  4.02620e+05  3.10246e+48  4.02620e+05  3.08348e+48  4.02620e+05  3.04564e+48  4.02620e+05  3.02738e+48 -5.42531e-10
 5.63436e+02  4.02620e+05  3.29879e+48  4.02620e+05  3.28100e+48  4.02620e+05  3.24555e+48  4.02620e+05  3.22846e+48 -5.42531e-10
 5.81850e+02  4.02620e+05  3.50878e+48  4.02620e+05  3.49211e+48  4.02620e+05  3.45890e+48  4.02620e+05  3.44290e+48 -5.42531e-10
 6.00867e+02  4.02620e+05  3.73329e+48  4.02620e+05  3.71767e+48  4.02620e+05  3.68657e+48  4.02620e+05  3.67159e+48 -5.42531e-10
 6.20505e+02  4.02620e+05  3.97326e+48  4.02620e+05  3.95863e+48  4.02620e+05  3.92949e+48  4.02620e+05  3.91548e+48 -5.42531e-10
 6.40784e+02  4.02620e+05  4.22968e+48  4.02620e+05  4.21597e+48  4.02620e+05  4.18868e+48  3.89223e+05  4.03783e+48 -5.42531e-10
 6.61727e+02  4.02620e+05  4.50361e+48  4.02620e+05  4.49076e+48  4.02620e+05  4.46520e+48  3.89223e+05  4.16774e+48 -5.42531e-10
 6.83354e+02  4.02620e+05  4.79618e+48  4.02620e+05  4.78415e+48  4.02620e+05  4.76021e+48  3.89223e+05  4.31491e+48 -5.42531e-10
 7.05688e+02  4.02620e+05  5.10861e+48  4.02620e+05  5.09733e+48  4.02620e+05  5.07492e+48  3.89223e+05  4.47993e+48 -5.42531e-10
 7.28751e+02  4.02620e+05  5.44218e+48  4.02620e+05  5.43162e+48  4.02620e+05  5.41064e+48  3.89223e+05  4.66349e+48 -5.42531e-10
 7.52569e+02  4.02620e+05  5.79828e+48  4.02620e+05  5.78840e+48  4.02620e+05  5.76875e+48  3.89223e+05  4.86635e+48 -5.42531e-10
 7.77165e+02  4.02620e+05  6.17839e+48  4.02620e+05  6.16913e+48  4.02620e+05  6.15074e+48  3.89223e+05  5.08935e+48 -5.42531e-10
 8.02565e+02  4.02620e+05  6.58407e+48  4.02620e+05  6.57540e+48  4.02620e+05  6.55819e+48  3.89223e+05  5.33341e+48 -5.42531e-10
 8.28794e+02  4.02620e+05  7.01700e+48  4.02620e+05  7.00888e+48  4.02620e+05  6.99278e+48  3.89223e+05  5.59955e+48 -5.42531e-10
 8.55882e+02  4.02620e+05  7.47898e+48  4.02620e+05  7.47138e+48  4.02620e+05  7.45631e+48  3.89223e+05  5.88886e+48 -5.42531e-10
 8.83854e+02  4.02620e+05  7.97191e+48  4.02620e+05  7.96480e+48  4.02620e+05  7.95070e+48  3.89223e+05  6.20255e+48 -5.42531e-10
 9.12741e+02  4.02620e+05  8.49785e+48  4.02620e+05  8.49119e+48  4.02620e+05  8.47800e+48  3.89223e+05  6.54190e+48 -5.42531e-10
 9.42571e+02  4.02620e+05  9.05896e+48  4.02620e+05  9.05272e+48  4.02620e+05  9.04039e+48  3.89223e+05  6.90833e+48 -5.42531e-10
 9.73377e+02  4.02620e+05  9.65756e+48  4.02620e+05  9.65173e+48  4.02620e+05  9.64019e+48  3.89223e+05  7.30335e+48 -5.42531e-10
 1.00519e+03  4.02620e+05  1.02961e+49  4.02620e+05  1.02907e+49  4.02620e+05  1.02799e+49  3.89223e+05  7.72860e+48 -5.42531e-10
 1.03804e+03  4.02620e+05  1.09773e+49  4.02620e+05  1.09722e+49  4.02620e+05  1.09621e+49  3.89223e+05  8.18583e+48 -5.42531e-10
 1.07197e+03  4.02620e+05  1.17040e+49  4.02620e+05  1.16992e+49  4.02620e+05  1.16898e+49  3.89223e+05  8.67694e+48 -5.42531e-10
 1.10700e+03  4.02620e+05  1.24790e+49  4.02620e+05  1.24746e+49  4.02620e+05  1.24658e+49  3.89223e+05  9.20395e+48 -5.42531e-10
 1.14318e+03  4.02620e+05  1.33057e+49  4.02620e+05  1.33016e+49  4.02620e+05  1.32934e+49  3.89223e+05  9.76906e+48 -5.42531e-10
 1.18054e+03  4.02620e+05  1.41875e+49  4.02620e+05  1.41836e+49  4.02620e+05  1.41760e+49  3.89223e+05  1.03746e+49 -5.42531e-10
 1.21913e+03  4.02620e+05  1.51281e+49  4.02620e+05  1.51244e+49  4.02620e+05  1.51172e+49  3.89223e+05  1.10231e+49 -5.42531e-10
 1.25897e+03  4.02620e+05  1.61312e+49  4.02620e+05  1.61278e+49  4.02620e+05  1.61211e+49  3.89223e+05  1.17172e+49 -5.42531e-10
 1.30012e+03  4.02620e+05  1.72011e+49  4.02620e+05  1.71979e+49  4.02620e+05  1.71916e+49  3.89223e+05  1.24598e+49 -5.42531e-10
 1.34261e+03  4.02620e+05  1.83421e+49  4.02620e+05  1.83392e+49  4.02620e+05  1.83334e+49  3.89223e+05  1.32539e+49 -5.42531e-10
 1.38649e+03  4.02620e+05  1.95591e+49  4.02620e+05  1.95564e+49  4.02620e+05  1.95509e+49  3.89223e+05  1.41029e+49 -5.42531e-10
 1.43180e+03  4.02620e+05  2.08571e+49  4.02620e+05  2.08545e+49  4.02620e+05  2.08494e+49  3.89223e+05  1.50103e+49 -5.42531e-10
 1.47860e+03  4.02620e+05  2.22414e+49  4.02620e+05  2.22389e+49  4.02620e+05  2.22342e+49  3.89223e+05  1.59798e+49 -5.42531e-10
 1.52692e+03  4.02620e+05  2.37177e+49  4.02620e+05  2.37154e+49  4.02620e+05  2.37110e+49  3.89223e+05  1.70154e+49 -5.42531e-10
 1.57683e+03  4.02620e+05  2.52922e+49  4.02620e+05  2.52900e+49  4.02620e+05  2.52860e+49  3.89223e+05  1.81214e+49 -5.42531e-10
 1.62836e+03  4.02620e+05  2.69713e+49  4.02620e+05  2.69693e+49  4.02620e+05  2.69656e+49  3.89223e+05  1.93025e+49 -5.42531e-10
 1.68158e+03  4.02620e+05  2.87621e+49  4.02620e+05  2.87603e+49  3.89223e+05  2.82313e+49  3.89223e+05  2.05634e+49 -5.42531e-10
 1.73654e+03  4.02620e+05  3.06719e+49  4.02620e+05  3.06702e+49  3.89223e+05  2.90997e+49  3.89223e+05  2.19094e+49 -5.42531e-10
 1.79329e+03  4.02620e+05  3.27087e+49  4.02620e+05  3.27071e+49  3.89223e+05  3.00884e+49  3.89223e+05  2.33461e+49 -5.42531e-10
 1.85190e+03  4.02620e+05  3.48808e+49  4.02620e+05  3.48793e+49  3.89223e+05  3.12017e+49  3.89223e+05  2.48794e+49 -5.42531e-10
 1.91243e+03  4.02620e+05  3.71973e+49  4.02620e+05  3.71959e+49  3.89223e+05  3.24441e+49  3.89223e+05  2.65157e+49 -5.42531e-10
 1.97493e+03  4.02620e+05  3.96677e+49  4.02620e+05  3.96664e+49  3.89223e+05  3.38208e+49  3.89223e+05  2.82617e+49 -5.42531e-10
 2.03948e+03  4.02620e+05  4.23023e+49  4.02620e+05  4.23011e+49  3.89223e+05  3.53374e+49  3.89223e+05  3.01247e+49 -5.42531e-10
 2.10613e+03  4.02620e+05  4.51120e+49  4.02620e+05  4.51109e+49  3.89223e+05  3.70003e+49  3.89223e+05  3.21123e+49 -5.42531e-10
 2.17497e+03  4.02620e+05  4.81084e+49  4.02620e+05  4.81073e+49  3.89223e+05  3.88163e+49  3.89223e+05  3.42329e+49 -5.42531e-10
 2.24605e+03  4.02620e+05  5.13038e+49  3.89223e+05  4.95641e+49  3.89223e+05  4.07930e+49  3.89223e+05  3.64951e+49 -5.42531e-10
 2.31946e+03  4.02620e+05  5.47116e+49  3.89223e+05  5.11632e+49  3.89223e+05  4.29384e+49  3.89223e+05  3.89083e+49 -5.42531e-10
 2.39526e+03  3.89223e+05  5.68302e+49  3.89223e+05  5.29740e+49  3.89223e+05  4.52616e+49  3.89223e+05  4.14826e+49 -5.42531e-10
 2.47355e+03  3.89223e+05  5.86200e+49  3.89223e+05  5.50040e+49  3.89223e+05  4.77721e+49  3.89223e+05  4.42285e+49 -5.42531e-10
 2.55439e+03  3.89223e+05  6.06524e+49  3.89223e+05  5.72617e+49  3.89223e+05  5.04803e+49  3.89223e+05  4.71575e+49 -5.42531e-10
 2.63787e+03  3.89223e+05  6.29358e+49  3.89223e+05  5.97563e+49  3.89223e+05  5.33974e+49  3.89223e+05  5.02817e+49 -5.42531e-10
 2.72409e+03  3.89223e+05  6.54796e+49  3.89223e+05  6.24983e+49  3.89223e+05  5.65355e+49  3.89223e+05  5.36139e+49 -5.42531e-10
 2.81312e+03  3.89223e+05  6.82945e+49  3.89223e+05  6.54989e+49  3.89223e+05  5.99076e+49  3.89223e+05  5.71680e+49 -5.42531e-10
 2.90506e+03  3.89223e+05  7.13920e+49  3.89223e+05  6.87705e+49  3.89223e+05  6.35276e+49  3.89223e+05  6.09587e+49 -5.42531e-10
 3.00000e+03  3.89223e+05  7.47850e+49  3.89223e+05  7.23268e+49  3.89223e+05  6.74105e+49  3.89223e+05  6.50017e+49 -5.42531e-10
