radius_rg T_0deg chi2_0deg T_15deg chi2_15deg T_30deg chi2_30deg T_45deg chi2_45deg nuLnusavg_last
 2.00000e-01  9.38269e+05  4.84182e+43  9.07048e+05  3.59351e+43  8.19480e+05  1.20212e+43  6.91914e+05  1.51075e+42  5.57909e-08
 2.06537e-01  9.07048e+05  4.60109e+43  9.07048e+05  3.45619e+43  8.19480e+05  1.09541e+43  6.91914e+05  1.11754e+42  5.57909e-08
 2.13287e-01  9.07048e+05  4.21387e+43  8.76865e+05  3.17528e+43  8.19480e+05  1.07882e+43  6.91914e+05  1.03545e+42  5.57909e-08
 2.20257e-01  9.07048e+05  4.01172e+43  8.76865e+05  2.92077e+43  7.92211e+05  9.30342e+42  6.91914e+05  1.26413e+42  5.57909e-08
 2.27456e-01  8.76865e+05  3.76261e+43  8.76865e+05  2.82352e+43  7.92211e+05  8.25413e+42  6.68890e+05  7.99142e+41  5.57909e-08
 2.34890e-01  8.76865e+05  3.42566e+43  8.47687e+05  2.55158e+43  7.92211e+05  8.09484e+42  6.68890e+05  5.79109e+41  5.57909e-08
 2.42567e-01  8.76865e+05  3.27052e+43  8.47687e+05  2.32658e+43  7.65850e+05  7.08445e+42  6.68890e+05  6.67963e+41  5.57909e-08
 2.50494e-01  8.47687e+05  3.03395e+43  8.47687e+05  2.25637e+43  7.65850e+05  5.97298e+42  6.46632e+05  7.65819e+41  5.57909e-08
 2.58681e-01  8.47687e+05  2.73176e+43  8.19480e+05  2.01448e+43  7.65850e+05  5.74207e+42  6.46632e+05  3.73267e+41  5.57909e-08
 2.67136e-01  8.47687e+05  2.60850e+43  8.19480e+05  1.80568e+43  7.40366e+05  5.40601e+42  6.46632e+05  2.88748e+41  5.57909e-08
 2.75866e-01  8.19480e+05  2.40896e+43  8.19480e+05  1.74952e+43  7.40366e+05  4.14986e+42  6.46632e+05  5.11913e+41  5.57909e-08
 2.84882e-01  8.19480e+05  2.12608e+43  7.92211e+05  1.56243e+43  7.40366e+05  3.76672e+42  6.25115e+05  4.98840e+41  5.57909e-08
 2.94193e-01  8.19480e+05  2.01963e+43  7.92211e+05  1.35645e+43  7.40366e+05  4.25500e+42  6.25115e+05  2.03962e+41  5.57909e-08
 3.03808e-01  7.92211e+05  1.88589e+43  7.92211e+05  1.30125e+43  7.15730e+05  2.85563e+42  6.25115e+05  2.16418e+41  5.57909e-08
 3.13737e-01  7.92211e+05  1.60677e+43  7.65850e+05  1.19807e+43  7.15730e+05  2.23604e+42  6.25115e+05  5.36257e+41  5.57909e-08
 3.23991e-01  7.92211e+05  1.50193e+43  7.65850e+05  9.81259e+42  7.15730e+05  2.48155e+42  6.04314e+05  5.18772e+41  5.57909e-08
 3.34580e-01  7.65850e+05  1.46787e+43  7.65850e+05  9.13677e+42  6.91914e+05  2.19959e+42  6.04314e+05  2.80213e+41  5.57909e-08
 3.45515e-01  7.65850e+05  1.17666e+43  7.40366e+05  9.28877e+42  6.91914e+05  1.25414e+42  6.04314e+05  3.49302e+41  5.57909e-08
 3.56807e-01  7.65850e+05  1.05795e+43  7.40366e+05  6.87136e+42  6.91914e+05  1.16971e+42  6.04314e+05  7.26326e+41  5.57909e-08
 3.68468e-01  7.65850e+05  1.11125e+43  7.40366e+05  5.93410e+42  6.91914e+05  1.94596e+42  5.84205e+05  8.40311e+41  5.57909e-08
 3.80511e-01  7.40366e+05  8.43959e+42  7.40366e+05  6.47311e+42  6.68890e+05  9.71099e+41  5.84205e+05  6.13750e+41  5.57909e-08
 3.92947e-01  7.40366e+05  6.95407e+42  7.15730e+05  4.86571e+42  6.68890e+05  4.62759e+41  5.84205e+05  6.96217e+41  5.57909e-08
 4.05790e-01  7.40366e+05  7.17360e+42  7.15730e+05  3.52297e+42  6.68890e+05  8.12170e+41  5.84205e+05  1.08805e+42  5.57909e-08
 4.19052e-01  7.15730e+05  6.23283e+42  7.15730e+05  3.64653e+42  6.46632e+05  1.59644e+42  5.64766e+05  1.51018e+42  5.57909e-08
 4.32748e-01  7.15730e+05  4.28155e+42  6.91914e+05  3.98736e+42  6.46632e+05  5.60519e+41  5.64766e+05  1.24670e+42  5.57909e-08
 4.46891e-01  7.15730e+05  4.02427e+42  6.91914e+05  2.08583e+42  6.46632e+05  3.82757e+41  5.64766e+05  1.29487e+42  5.57909e-08
 4.61496e-01  6.91914e+05  5.37038e+42  6.91914e+05  1.64464e+42  6.46632e+05  1.06242e+42  5.64766e+05  1.65489e+42  5.57909e-08
 4.76579e-01  6.91914e+05  2.77508e+42  6.91914e+05  2.66196e+42  6.25115e+05  1.73814e+42  5.64766e+05  2.32825e+42  5.57909e-08
 4.92155e-01  6.91914e+05  1.86756e+42  6.68890e+05  1.88525e+42  6.25115e+05  9.20198e+41  5.45973e+05  2.26457e+42  5.57909e-08
 5.08240e-01  6.91914e+05  2.64404e+42  6.68890e+05  7.17892e+41  6.25115e+05  9.61905e+41  5.45973e+05  2.22413e+42  5.57909e-08
 5.24851e-01  6.68890e+05  2.74137e+42  6.68890e+05  1.00521e+42  6.25115e+05  1.86343e+42  5.45973e+05  2.49938e+42  5.57909e-08
 5.42004e-01  6.68890e+05  9.95876e+41  6.68890e+05  2.74839e+42  6.04314e+05  2.78549e+42  5.45973e+05  3.09146e+42  5.57909e-08
 5.59718e-01  6.68890e+05  9.30786e+41  6.46632e+05  1.21551e+42  6.04314e+05  2.06340e+42  5.27805e+05  3.81921e+42  5.57909e-08
 5.78011e-01  6.68890e+05  2.54583e+42  6.46632e+05  6.00111e+41  6.04314e+05  2.20568e+42  5.27805e+05  3.62561e+42  5.57909e-08
 5.96902e-01  6.46632e+05  1.81701e+42  6.46632e+05  1.43890e+42  6.04314e+05  3.21292e+42  5.27805e+05  3.75350e+42  5.57909e-08
 6.16411e-01  6.46632e+05  7.09381e+41  6.25115e+05  3.61873e+42  5.84205e+05  4.84457e+42  5.27805e+05  4.20342e+42  5.57909e-08
 6.36557e-01  6.46632e+05  1.28097e+42  6.25115e+05  1.90539e+42  5.84205e+05  4.08384e+42  5.27805e+05  4.97722e+42  5.57909e-08
 6.57361e-01  6.46632e+05  3.53415e+42  6.25115e+05  1.65164e+42  5.84205e+05  4.19584e+42  5.10242e+05  5.74453e+42  5.57909e-08
 6.78845e-01  6.25115e+05  2.51545e+42  6.25115e+05  2.85643e+42  5.84205e+05  5.18105e+42  5.10242e+05  5.64706e+42  5.57909e-08
 7.01032e-01  6.25115e+05  1.82449e+42  6.25115e+05  5.52475e+42  5.84205e+05  7.04353e+42  5.10242e+05  5.87944e+42  5.57909e-08
 7.23943e-01  6.25115e+05  2.81736e+42  6.04314e+05  3.98858e+42  5.64766e+05  7.18852e+42  5.10242e+05  6.44265e+42  5.57909e-08
 7.47603e-01  6.25115e+05  5.49818e+42  6.04314e+05  3.89244e+42  5.64766e+05  7.12149e+42  5.10242e+05  7.33901e+42  5.57909e-08
 7.72037e-01  6.04314e+05  4.87936e+42  6.04314e+05  5.26412e+42  5.64766e+05  7.93976e+42  5.10242e+05  8.57223e+42  5.57909e-08
 7.97269e-01  6.04314e+05  4.36798e+42  6.04314e+05  8.10930e+42  5.64766e+05  9.64673e+42  4.93264e+05  8.50157e+42  5.57909e-08
 8.23326e-01  6.04314e+05  5.55096e+42  5.84205e+05  7.64000e+42  5.45973e+05  1.17545e+43  4.93264e+05  8.75799e+42  5.57909e-08
 8.50234e-01  6.04314e+05  8.43320e+42  5.84205e+05  7.47631e+42  5.45973e+05  1.13325e+43  4.93264e+05  9.35715e+42  5.57909e-08
 8.78022e-01  5.84205e+05  9.11663e+42  5.84205e+05  8.79527e+42  5.45973e+05  1.18132e+43  4.93264e+05  1.03015e+43  5.57909e-08
 9.06718e-01  5.84205e+05  8.52315e+42  5.84205e+05  1.16023e+43  5.45973e+05  1.31987e+43  4.93264e+05  1.15950e+43  5.57909e-08
 9.36352e-01  5.84205e+05  9.64122e+42  5.64766e+05  1.32342e+43  5.45973e+05  1.54946e+43  4.76850e+05  1.26016e+43  5.57909e-08
 9.66955e-01  5.84205e+05  1.24755e+43  5.64766e+05  1.27460e+43  5.27805e+05  1.74369e+43  4.76850e+05  1.27702e+43  5.57909e-08
 9.98557e-01  5.64766e+05  1.56686e+43  5.64766e+05  1.37623e+43  5.27805e+05  1.73693e+43  4.76850e+05  1.32981e+43  5.57909e-08
 1.03119e+00  5.64766e+05  1.46943e+43  5.64766e+05  1.62873e+43  5.27805e+05  1.82294e+43  4.76850e+05  1.41876e+43  5.57909e-08
 1.06489e+00  5.64766e+05  1.54571e+43  5.64766e+05  2.03314e+43  5.27805e+05  2.00208e+43  4.76850e+05  1.54422e+43  5.57909e-08
 1.09970e+00  5.64766e+05  1.79601e+43  5.45973e+05  2.03285e+43  5.27805e+05  2.27509e+43  4.76850e+05  1.70673e+43  5.57909e-08
 1.13564e+00  5.64766e+05  2.22138e+43  5.45973e+05  2.07466e+43  5.10242e+05  2.55985e+43  4.60983e+05  1.88398e+43  5.57909e-08
 1.17276e+00  5.45973e+05  2.36183e+43  5.45973e+05  2.27023e+43  5.10242e+05  2.56673e+43  4.60983e+05  1.91261e+43  5.57909e-08
 1.21108e+00  5.45973e+05  2.36820e+43  5.45973e+05  2.62036e+43  5.10242e+05  2.66982e+43  4.60983e+05  1.97980e+43  5.57909e-08
 1.25067e+00  5.45973e+05  2.55200e+43  5.45973e+05  3.12651e+43  5.10242e+05  2.86954e+43  4.60983e+05  2.08584e+43  5.57909e-08
 1.29154e+00  5.45973e+05  2.91400e+43  5.27805e+05  3.07618e+43  5.10242e+05  3.16672e+43  4.60983e+05  2.23116e+43  5.57909e-08
 1.33375e+00  5.45973e+05  3.45568e+43  5.27805e+05  3.17938e+43  5.10242e+05  3.56258e+43  4.60983e+05  2.41636e+43  5.57909e-08
 1.37734e+00  5.27805e+05  3.55054e+43  5.27805e+05  3.44090e+43  4.93264e+05  3.71103e+43  4.60983e+05  2.64221e+43  5.57909e-08
 1.42236e+00  5.27805e+05  3.62659e+43  5.27805e+05  3.86184e+43  4.93264e+05  3.80307e+43  4.60983e+05  2.90964e+43  5.57909e-08
 1.46884e+00  5.27805e+05  3.88528e+43  5.27805e+05  4.44392e+43  4.93264e+05  3.99644e+43  4.45643e+05  3.00260e+43  5.57909e-08
 1.51685e+00  5.27805e+05  4.32768e+43  5.10242e+05  4.52161e+43  4.93264e+05  4.29194e+43  4.45643e+05  3.10163e+43  5.57909e-08
 1.56642e+00  5.27805e+05  4.95562e+43  5.10242e+05  4.64980e+43  4.93264e+05  4.69077e+43  4.45643e+05  3.24414e+43  5.57909e-08
 1.61762e+00  5.10242e+05  5.21377e+43  5.10242e+05  4.94241e+43  4.93264e+05  5.19461e+43  4.45643e+05  3.43073e+43  5.57909e-08
 1.67049e+00  5.10242e+05  5.31704e+43  5.10242e+05  5.40065e+43  4.76850e+05  5.40757e+43  4.45643e+05  3.66216e+43  5.57909e-08
 1.72508e+00  5.10242e+05  5.60995e+43  5.10242e+05  6.02640e+43  4.76850e+05  5.55433e+43  4.45643e+05  3.93940e+43  5.57909e-08
 1.78146e+00  5.10242e+05  6.09371e+43  4.93264e+05  6.52933e+43  4.76850e+05  5.80966e+43  4.45643e+05  4.26359e+43  5.57909e-08
 1.83968e+00  5.10242e+05  6.77031e+43  4.93264e+05  6.63324e+43  4.76850e+05  6.17461e+43  4.45643e+05  4.63607e+43  5.57909e-08
 1.89981e+00  4.93264e+05  7.54011e+43  4.93264e+05  6.90977e+43  4.76850e+05  6.65070e+43  4.45643e+05  5.05839e+43  5.57909e-08
 1.96190e+00  4.93264e+05  7.61309e+43  4.93264e+05  7.36006e+43  4.76850e+05  7.23990e+43  4.45643e+05  5.53229e+43  5.57909e-08
 2.02602e+00  4.93264e+05  7.88520e+43  4.93264e+05  7.98599e+43  4.76850e+05  7.94464e+43  4.45643e+05  6.05974e+43  5.57909e-08
 2.09224e+00  4.93264e+05  8.35757e+43  4.93264e+05  8.79013e+43  4.60983e+05  8.11298e+43  4.45643e+05  6.64291e+43  5.57909e-08
 2.16062e+00  4.93264e+05  9.03216e+43  4.76850e+05  9.46246e+43  4.60983e+05  8.38077e+43  4.45643e+05  7.28422e+43  5.57909e-08
 2.23123e+00  4.93264e+05  9.91175e+43  4.76850e+05  9.65197e+43  4.60983e+05  8.76883e+43  4.45643e+05  7.98633e+43  5.57909e-08
 2.30415e+00  4.76850e+05  1.09057e+44  4.76850e+05  1.00266e+44  4.60983e+05  9.27876e+43  4.45643e+05  8.75214e+43  5.57909e-08
 2.37946e+00  4.76850e+05  1.10742e+44  4.76850e+05  1.05879e+44  4.60983e+05  9.91268e+43  4.45643e+05  9.58481e+43  5.57909e-08
 2.45723e+00  4.76850e+05  1.14561e+44  4.76850e+05  1.13382e+44  4.60983e+05  1.06732e+44  4.45643e+05  1.04878e+44  5.57909e-08
 2.53753e+00  4.76850e+05  1.20531e+44  4.76850e+05  1.22806e+44  4.60983e+05  1.15635e+44  4.45643e+05  1.14648e+44  5.57909e-08
 2.62047e+00  4.76850e+05  1.28676e+44  4.76850e+05  1.34189e+44  4.60983e+05  1.25872e+44  4.45643e+05  1.25200e+44  5.57909e-08
 2.70611e+00  4.76850e+05  1.39029e+44  4.60983e+05  1.41060e+44  4.45643e+05  1.29053e+44  4.45643e+05  1.36576e+44  5.57909e-08
 2.79455e+00  4.76850e+05  1.51635e+44  4.60983e+05  1.44907e+44  4.45643e+05  1.33500e+44  4.30814e+05  1.43000e+44  5.57909e-08
 2.88589e+00  4.60983e+05  1.62176e+44  4.60983e+05  1.50805e+44  4.45643e+05  1.39355e+44  4.30814e+05  1.49213e+44  5.57909e-08
 2.98021e+00  4.60983e+05  1.66061e+44  4.60983e+05  1.58779e+44  4.45643e+05  1.46644e+44  4.30814e+05  1.56350e+44  5.57909e-08
 3.07761e+00  4.60983e+05  1.72310e+44  4.60983e+05  1.68861e+44  4.45643e+05  1.55394e+44  4.30814e+05  1.64440e+44  5.57909e-08
 3.17819e+00  4.60983e+05  1.80948e+44  4.60983e+05  1.81095e+44  4.45643e+05  1.65644e+44  4.30814e+05  1.73517e+44  5.57909e-08
 3.28206e+00  4.60983e+05  1.92011e+44  4.60983e+05  1.95529e+44  4.45643e+05  1.77435e+44  4.30814e+05  1.83619e+44  5.57909e-08
 3.38933e+00  4.60983e+05  2.05544e+44  4.60983e+05  2.12224e+44  4.45643e+05  1.90816e+44  4.30814e+05  1.94788e+44  5.57909e-08
 3.50010e+00  4.60983e+05  2.21605e+44  4.45643e+05  2.23313e+44  4.45643e+05  2.05843e+44  4.30814e+05  2.07069e+44  5.57909e-08
 3.61449e+00  4.60983e+05  2.40259e+44  4.45643e+05  2.29989e+44  4.45643e+05  2.22578e+44  4.30814e+05  2.20513e+44  5.57909e-08
 3.73262e+00  4.45643e+05  2.56439e+44  4.45643e+05  2.39070e+44  4.45643e+05  2.41089e+44  4.30814e+05  2.35177e+44  5.57909e-08
 3.85462e+00  4.45643e+05  2.63498e+44  4.45643e+05  2.50591e+44  4.45643e+05  2.61454e+44  4.30814e+05  2.51120e+44  5.57909e-08
 3.98060e+00  4.45643e+05  2.73323e+44  4.45643e+05  2.64601e+44  4.45643e+05  2.83757e+44  4.30814e+05  2.68409e+44  5.57909e-08
 4.11069e+00  4.45643e+05  2.85956e+44  4.45643e+05  2.81158e+44  4.45643e+05  3.08090e+44  4.30814e+05  2.87115e+44  5.57909e-08
 4.24504e+00  4.45643e+05  3.01449e+44  4.45643e+05  3.00330e+44  4.45643e+05  3.34554e+44  4.30814e+05  3.07316e+44  5.57909e-08
 4.38378e+00  4.45643e+05  3.19866e+44  4.45643e+05  3.22197e+44  4.45643e+05  3.63258e+44  4.30814e+05  3.29095e+44  5.57909e-08
 4.52705e+00  4.45643e+05  3.41282e+44  4.45643e+05  3.46849e+44  4.45643e+05  3.94322e+44  4.30814e+05  3.52543e+44  5.57909e-08
 4.67501e+00  4.45643e+05  3.65787e+44  4.45643e+05  3.74388e+44  4.45643e+05  4.27873e+44  4.30814e+05  3.77756e+44  5.57909e-08
 4.82780e+00  4.45643e+05  3.93483e+44  4.45643e+05  4.04928e+44  4.45643e+05  4.64050e+44  4.30814e+05  4.04839e+44  5.57909e-08
 4.98558e+00  4.45643e+05  4.24483e+44  4.45643e+05  4.38596e+44  4.45643e+05  5.03004e+44  4.30814e+05  4.33904e+44  5.57909e-08
 5.14853e+00  4.45643e+05  4.58916e+44  4.45643e+05  4.75530e+44  4.45643e+05  5.44896e+44  4.30814e+05  4.65071e+44  5.57909e-08
 5.31679e+00  4.45643e+05  4.96924e+44  4.45643e+05  5.15884e+44  4.30814e+05  5.80323e+44  4.30814e+05  4.98469e+44  5.57909e-08
 5.49056e+00  4.45643e+05  5.38666e+44  4.45643e+05  5.59825e+44  4.30814e+05  6.02722e+44  4.30814e+05  5.34237e+44  5.57909e-08
 5.67001e+00  4.45643e+05  5.84312e+44  4.45643e+05  6.07534e+44  4.30814e+05  6.28472e+44  4.30814e+05  5.72522e+44  5.57909e-08
 5.85532e+00  4.45643e+05  6.34054e+44  4.45643e+05  6.59209e+44  4.30814e+05  6.57678e+44  4.30814e+05  6.13483e+44  5.57909e-08
 6.04668e+00  4.45643e+05  6.88095e+44  4.45643e+05  7.15064e+44  4.30814e+05  6.90462e+44  4.30814e+05  6.57289e+44  5.57909e-08
 6.24430e+00  4.45643e+05  7.46661e+44  4.45643e+05  7.75330e+44  4.30814e+05  7.26959e+44  4.30814e+05  7.04122e+44  5.57909e-08
 6.44838e+00  4.45643e+05  8.09993e+44  4.45643e+05  8.40257e+44  4.30814e+05  7.67321e+44  4.30814e+05  7.54175e+44  5.57909e-08
 6.65913e+00  4.45643e+05  8.78353e+44  4.45643e+05  9.10112e+44  4.30814e+05  8.11714e+44  4.30814e+05  8.07656e+44  5.57909e-08
 6.87677e+00  4.45643e+05  9.52024e+44  4.45643e+05  9.85186e+44  4.30814e+05  8.60322e+44  4.30814e+05  8.64786e+44  5.57909e-08
 7.10152e+00  4.45643e+05  1.03131e+45  4.30814e+05  1.02809e+45  4.30814e+05  9.13346e+44  4.30814e+05  9.25801e+44  5.57909e-08
 7.33362e+00  4.45643e+05  1.11654e+45  4.30814e+05  1.06964e+45  4.30814e+05  9.71006e+44  4.30814e+05  9.90955e+44  5.57909e-08
 7.57330e+00  4.30814e+05  1.17677e+45  4.30814e+05  1.11706e+45  4.30814e+05  1.03354e+45  4.30814e+05  1.06052e+45  5.57909e-08
 7.82082e+00  4.30814e+05  1.22317e+45  4.30814e+05  1.17055e+45  4.30814e+05  1.10121e+45  4.30814e+05  1.13477e+45  5.57909e-08
 8.07642e+00  4.30814e+05  1.27630e+45  4.30814e+05  1.23034e+45  4.30814e+05  1.17429e+45  4.30814e+05  1.21403e+45  5.57909e-08
 8.34038e+00  4.30814e+05  1.33639e+45  4.30814e+05  1.29668e+45  4.30814e+05  1.25308e+45  4.30814e+05  1.29862e+45  5.57909e-08
 8.61296e+00  4.30814e+05  1.40369e+45  4.30814e+05  1.36983e+45  4.30814e+05  1.33792e+45  4.30814e+05  1.38889e+45  5.57909e-08
 8.89446e+00  4.30814e+05  1.47847e+45  4.30814e+05  1.45010e+45  4.30814e+05  1.42915e+45  4.30814e+05  1.48521e+45  5.57909e-08
 9.18515e+00  4.30814e+05  1.56105e+45  4.30814e+05  1.53783e+45  4.30814e+05  1.52715e+45  4.30814e+05  1.58799e+45  5.57909e-08
 9.48535e+00  4.30814e+05  1.65177e+45  4.30814e+05  1.63337e+45  4.30814e+05  1.63233e+45  4.30814e+05  1.69765e+45  5.57909e-08
 9.79535e+00  4.30814e+05  1.75099e+45  4.30814e+05  1.73712e+45  4.30814e+05  1.74512e+45  4.30814e+05  1.81464e+45  5.57909e-08
 1.01155e+01  4.30814e+05  1.85914e+45  4.30814e+05  1.84952e+45  4.30814e+05  1.86598e+45  4.30814e+05  1.93944e+45  5.57909e-08
 1.04461e+01  4.30814e+05  1.97666e+45  4.30814e+05  1.97102e+45  4.30814e+05  1.99543e+45  4.30814e+05  2.07258e+45  5.57909e-08
 1.07875e+01  4.30814e+05  2.10404e+45  4.30814e+05  2.10213e+45  4.30814e+05  2.13398e+45  4.30814e+05  2.21460e+45  5.57909e-08
 1.11401e+01  4.30814e+05  2.24180e+45  4.30814e+05  2.24339e+45  4.30814e+05  2.28223e+45  4.30814e+05  2.36609e+45  5.57909e-08
 1.15041e+01  4.30814e+05  2.39051e+45  4.30814e+05  2.39538e+45  4.30814e+05  2.44078e+45  4.30814e+05  2.52768e+45  5.57909e-08
 1.18801e+01  4.30814e+05  2.55080e+45  4.30814e+05  2.55875e+45  4.30814e+05  2.61028e+45  4.30814e+05  2.70004e+45  5.57909e-08
 1.22684e+01  4.30814e+05  2.72331e+45  4.30814e+05  2.73415e+45  4.30814e+05  2.79144e+45  4.30814e+05  2.88388e+45  5.57909e-08
 1.26694e+01  4.30814e+05  2.90878e+45  4.30814e+05  2.92232e+45  4.30814e+05  2.98501e+45  4.30814e+05  3.07996e+45  5.57909e-08
 1.30834e+01  4.30814e+05  3.10795e+45  4.30814e+05  3.12403e+45  4.30814e+05  3.19179e+45  4.30814e+05  3.28909e+45  5.57909e-08
 1.35110e+01  4.30814e+05  3.32167e+45  4.30814e+05  3.34012e+45  4.30814e+05  3.41263e+45  4.30814e+05  3.51214e+45  5.57909e-08
 1.39526e+01  4.30814e+05  3.55081e+45  4.30814e+05  3.57149e+45  4.30814e+05  3.64845e+45  4.30814e+05  3.75003e+45  5.57909e-08
 1.44086e+01  4.30814e+05  3.79632e+45  4.30814e+05  3.81910e+45  4.30814e+05  3.90023e+45  4.30814e+05  4.00375e+45  5.57909e-08
 1.48795e+01  4.30814e+05  4.05922e+45  4.30814e+05  4.08395e+45  4.30814e+05  4.16900e+45  4.30814e+05  4.27435e+45  5.57909e-08
 1.53658e+01  4.30814e+05  4.34059e+45  4.30814e+05  4.36717e+45  4.30814e+05  4.45589e+45  4.30814e+05  4.56293e+45  5.57909e-08
 1.58680e+01  4.30814e+05  4.64160e+45  4.30814e+05  4.66990e+45  4.30814e+05  4.76206e+45  4.30814e+05  4.87071e+45  5.57909e-08
 1.63866e+01  4.30814e+05  4.96350e+45  4.30814e+05  4.99342e+45  4.30814e+05  5.08881e+45  4.30814e+05  5.19896e+45  5.57909e-08
 1.69222e+01  4.30814e+05  5.30761e+45  4.30814e+05  5.33905e+45  4.30814e+05  5.43747e+45  4.30814e+05  5.54902e+45  5.57909e-08
 1.74753e+01  4.30814e+05  5.67537e+45  4.30814e+05  5.70823e+45  4.30814e+05  5.80948e+45  4.30814e+05  5.92236e+45  5.57909e-08
 1.80464e+01  4.30814e+05  6.06829e+45  4.30814e+05  6.10248e+45  4.30814e+05  6.20640e+45  4.30814e+05  6.32051e+45  5.57909e-08
 1.86362e+01  4.30814e+05  6.48800e+45  4.30814e+05  6.52344e+45  4.30814e+05  6.62985e+45  4.30814e+05  6.74513e+45  5.57909e-08
 1.92453e+01  4.30814e+05  6.93623e+45  4.30814e+05  6.97285e+45  4.30814e+05  7.08160e+45  4.30814e+05  7.19796e+45  5.57909e-08
 1.98743e+01  4.30814e+05  7.41485e+45  4.30814e+05  7.45256e+45  4.30814e+05  7.56351e+45  4.30814e+05  7.68090e+45  5.57909e-08
 2.05238e+01  4.30814e+05  7.92583e+45  4.30814e+05  7.96457e+45  4.30814e+05  8.07758e+45  4.30814e+05  8.19592e+45  5.57909e-08
 2.11946e+01  4.30814e+05  8.47129e+45  4.30814e+05  8.51100e+45  4.30814e+05  8.62593e+45  4.30814e+05  8.74517e+45  5.57909e-08
 2.18873e+01  4.30814e+05  9.05348e+45  4.30814e+05  9.09410e+45  4.30814e+05  9.21084e+45  4.30814e+05  9.33092e+45  5.57909e-08
 2.26026e+01  4.30814e+05  9.67481e+45  4.30814e+05  9.71628e+45  4.30814e+05  9.83472e+45  4.30814e+05  9.95559e+45  5.57909e-08
 2.33413e+01  4.30814e+05  1.03379e+46  4.30814e+05  1.03801e+46  4.30814e+05  1.05002e+46  4.30814e+05  1.06218e+46  5.57909e-08
 2.41042e+01  4.30814e+05  1.10454e+46  4.30814e+05  1.10884e+46  4.30814e+05  1.12099e+46  4.30814e+05  1.13322e+46  5.57909e-08
 2.48920e+01  4.30814e+05  1.18003e+46  4.30814e+05  1.18440e+46  4.30814e+05  1.19669e+46  4.30814e+05  1.20899e+46  5.57909e-08
 2.57055e+01  4.30814e+05  1.26057e+46  4.30814e+05  1.26500e+46  4.30814e+05  1.27743e+46  4.16479e+05  1.27614e+46  5.57909e-08
 2.65456e+01  4.30814e+05  1.34649e+46  4.30814e+05  1.35099e+46  4.30814e+05  1.36354e+46  4.16479e+05  1.31691e+46  5.57909e-08
 2.74132e+01  4.30814e+05  1.43816e+46  4.30814e+05  1.44271e+46  4.30814e+05  1.45538e+46  4.16479e+05  1.36316e+46  5.57909e-08
 2.83091e+01  4.30814e+05  1.53594e+46  4.30814e+05  1.54055e+46  4.30814e+05  1.55332e+46  4.16479e+05  1.41509e+46  5.57909e-08
 2.92343e+01  4.30814e+05  1.64025e+46  4.30814e+05  1.64491e+46  4.30814e+05  1.65778e+46  4.16479e+05  1.47290e+46  5.57909e-08
 3.01898e+01  4.30814e+05  1.75152e+46  4.30814e+05  1.75622e+46  4.30814e+05  1.76919e+46  4.16479e+05  1.53684e+46  5.57909e-08
 3.11765e+01  4.30814e+05  1.87020e+46  4.30814e+05  1.87495e+46  4.30814e+05  1.88801e+46  4.16479e+05  1.60716e+46  5.57909e-08
 3.21954e+01  4.30814e+05  1.99678e+46  4.30814e+05  2.00158e+46  4.30814e+05  2.01472e+46  4.16479e+05  1.68417e+46  5.57909e-08
 3.32476e+01  4.30814e+05  2.13180e+46  4.30814e+05  2.13664e+46  4.30814e+05  2.14986e+46  4.16479e+05  1.76819e+46  5.57909e-08
 3.43343e+01  4.30814e+05  2.27581e+46  4.30814e+05  2.28068e+46  4.30814e+05  2.29398e+46  4.16479e+05  1.85954e+46  5.57909e-08
 3.54564e+01  4.30814e+05  2.42941e+46  4.30814e+05  2.43431e+46  4.30814e+05  2.44767e+46  4.16479e+05  1.95863e+46  5.57909e-08
 3.66152e+01  4.30814e+05  2.59322e+46  4.30814e+05  2.59816e+46  4.30814e+05  2.61159e+46  4.16479e+05  2.06585e+46  5.57909e-08
 3.78119e+01  4.30814e+05  2.76794e+46  4.30814e+05  2.77291e+46  4.30814e+05  2.78640e+46  4.16479e+05  2.18165e+46  5.57909e-08
 3.90477e+01  4.30814e+05  2.95428e+46  4.30814e+05  2.95928e+46  4.30814e+05  2.97282e+46  4.16479e+05  2.30652e+46  5.57909e-08
 4.03238e+01  4.30814e+05  3.15301e+46  4.30814e+05  3.15804e+46  4.30814e+05  3.17163e+46  4.16479e+05  2.44095e+46  5.57909e-08
 4.16417e+01  4.30814e+05  3.36496e+46  4.30814e+05  3.37001e+46  4.30814e+05  3.38366e+46  4.16479e+05  2.58552e+46  5.57909e-08
 4.30027e+01  4.30814e+05  3.59100e+46  4.30814e+05  3.59608e+46  4.30814e+05  3.60977e+46  4.16479e+05  2.74082e+46  5.57909e-08
 4.44081e+01  4.30814e+05  3.83208e+46  4.30814e+05  3.83717e+46  4.30814e+05  3.85091e+46  4.16479e+05  2.90750e+46  5.57909e-08
 4.58595e+01  4.30814e+05  4.08917e+46  4.30814e+05  4.09429e+46  4.30814e+05  4.10807e+46  4.16479e+05  3.08624e+46  5.57909e-08
 4.73583e+01  4.30814e+05  4.36336e+46  4.30814e+05  4.36850e+46  4.30814e+05  4.38231e+46  4.16479e+05  3.27778e+46  5.57909e-08
 4.89061e+01  4.30814e+05  4.65578e+46  4.30814e+05  4.66093e+46  4.30814e+05  4.67478e+46  4.16479e+05  3.48291e+46  5.57909e-08
 5.05045e+01  4.30814e+05  4.96762e+46  4.30814e+05  4.97279e+46  4.16479e+05  4.86019e+46  4.16479e+05  3.70249e+46  5.57909e-08
 5.21551e+01  4.30814e+05  5.30020e+46  4.30814e+05  5.30539e+46  4.16479e+05  5.02217e+46  4.16479e+05  3.93742e+46  5.57909e-08
 5.38597e+01  4.30814e+05  5.65488e+46  4.30814e+05  5.66008e+46  4.16479e+05  5.20503e+46  4.16479e+05  4.18868e+46  5.57909e-08
 5.56199e+01  4.30814e+05  6.03312e+46  4.30814e+05  6.03834e+46  4.16479e+05  5.40952e+46  4.16479e+05  4.45731e+46  5.57909e-08
 5.74378e+01  4.30814e+05  6.43651e+46  4.30814e+05  6.44173e+46  4.16479e+05  5.63647e+46  4.16479e+05  4.74441e+46  5.57909e-08
 5.93150e+01  4.30814e+05  6.86669e+46  4.30814e+05  6.87193e+46  4.16479e+05  5.88684e+46  4.16479e+05  5.05118e+46  5.57909e-08
 6.12535e+01  4.30814e+05  7.32547e+46  4.30814e+05  7.33072e+46  4.16479e+05  6.16166e+46  4.16479e+05  5.37888e+46  5.57909e-08
 6.32555e+01  4.30814e+05  7.81472e+46  4.30814e+05  7.81999e+46  4.16479e+05  6.46206e+46  4.16479e+05  5.72887e+46  5.57909e-08
 6.53228e+01  4.30814e+05  8.33649e+46  4.16479e+05  8.28187e+46  4.16479e+05  6.78929e+46  4.16479e+05  6.10260e+46  5.57909e-08
 6.74577e+01  4.30814e+05  8.89292e+46  4.16479e+05  8.54340e+46  4.16479e+05  7.14470e+46  4.16479e+05  6.50162e+46  5.57909e-08
 6.96624e+01  4.30814e+05  9.48632e+46  4.16479e+05  8.84044e+46  4.16479e+05  7.52977e+46  4.16479e+05  6.92757e+46  5.57909e-08
 7.19392e+01  4.16479e+05  9.79004e+46  4.16479e+05  9.17421e+46  4.16479e+05  7.94609e+46  4.16479e+05  7.38223e+46  5.57909e-08
 7.42903e+01  4.16479e+05  1.01232e+47  4.16479e+05  9.54609e+46  4.16479e+05  8.39537e+46  4.16479e+05  7.86747e+46  5.57909e-08
 7.67183e+01  4.16479e+05  1.04985e+47  4.16479e+05  9.95763e+46  4.16479e+05  8.87948e+46  4.16479e+05  8.38529e+46  5.57909e-08
 7.92257e+01  4.16479e+05  1.09173e+47  4.16479e+05  1.04105e+47  4.16479e+05  9.40043e+46  4.16479e+05  8.93785e+46  5.57909e-08
 8.18150e+01  4.16479e+05  1.13815e+47  4.16479e+05  1.09066e+47  4.16479e+05  9.96037e+46  4.16479e+05  9.52743e+46  5.57909e-08
 8.44889e+01  4.16479e+05  1.18930e+47  4.16479e+05  1.14480e+47  4.16479e+05  1.05616e+47  4.16479e+05  1.01565e+47  5.57909e-08
 8.72502e+01  4.16479e+05  1.24539e+47  4.16479e+05  1.20369e+47  4.16479e+05  1.12066e+47  4.16479e+05  1.08276e+47  5.57909e-08
 9.01018e+01  4.16479e+05  1.30664e+47  4.16479e+05  1.26758e+47  4.16479e+05  1.18981e+47  4.16479e+05  1.15435e+47  5.57909e-08
 9.30466e+01  4.16479e+05  1.37332e+47  4.16479e+05  1.33673e+47  4.16479e+05  1.26390e+47  4.16479e+05  1.23073e+47  5.57909e-08
 9.60876e+01  4.16479e+05  1.44571e+47  4.16479e+05  1.41143e+47  4.16479e+05  1.34322e+47  4.16479e+05  1.31220e+47  5.57909e-08
 9.92280e+01  4.16479e+05  1.52409e+47  4.16479e+05  1.49198e+47  4.16479e+05  1.42811e+47  4.16479e+05  1.39910e+47  5.57909e-08
 1.02471e+02  4.16479e+05  1.60879e+47  4.16479e+05  1.57872e+47  4.16479e+05  1.51892e+47  4.16479e+05  1.49180e+47  5.57909e-08
 1.05820e+02  4.16479e+05  1.70017e+47  4.16479e+05  1.67200e+47  4.16479e+05  1.61602e+47  4.16479e+05  1.59067e+47  5.57909e-08
 1.09278e+02  4.16479e+05  1.79861e+47  4.16479e+05  1.77222e+47  4.16479e+05  1.71982e+47  4.16479e+05  1.69613e+47  5.57909e-08
 1.12850e+02  4.16479e+05  1.90450e+47  4.16479e+05  1.87980e+47  4.16479e+05  1.83074e+47  4.16479e+05  1.80862e+47  5.57909e-08
 1.16538e+02  4.16479e+05  2.01829e+47  4.16479e+05  1.99516e+47  4.16479e+05  1.94925e+47  4.16479e+05  1.92859e+47  5.57909e-08
 1.20347e+02  4.16479e+05  2.14045e+47  4.16479e+05  2.11880e+47  4.16479e+05  2.07584e+47  4.16479e+05  2.05654e+47  5.57909e-08
 1.24280e+02  4.16479e+05  2.27149e+47  4.16479e+05  2.25121e+47  4.16479e+05  2.21102e+47  4.16479e+05  2.19301e+47  5.57909e-08
 1.28342e+02  4.16479e+05  2.41194e+47  4.16479e+05  2.39296e+47  4.16479e+05  2.35536e+47  4.16479e+05  2.33856e+47  5.57909e-08
 1.32537e+02  4.16479e+05  2.56239e+47  4.16479e+05  2.54463e+47  4.16479e+05  2.50946e+47  4.16479e+05  2.49379e+47  5.57909e-08
 1.36868e+02  4.16479e+05  2.72346e+47  4.16479e+05  2.70684e+47  4.16479e+05  2.67396e+47  4.16479e+05  2.65934e+47  5.57909e-08
 1.41341e+02  4.16479e+05  2.89582e+47  4.16479e+05  2.88027e+47  4.16479e+05  2.84953e+47  4.16479e+05  2.83590e+47  5.57909e-08
 1.45961e+02  4.16479e+05  3.08019e+47  4.16479e+05  3.06564e+47  4.16479e+05  3.03689e+47  4.16479e+05  3.02420e+47  5.57909e-08
 1.50731e+02  4.16479e+05  3.27731e+47  4.16479e+05  3.26370e+47  4.16479e+05  3.23684e+47  4.16479e+05  3.22502e+47  5.57909e-08
 1.55658e+02  4.16479e+05  3.48802e+47  4.16479e+05  3.47529e+47  4.16479e+05  3.45019e+47  4.16479e+05  3.43919e+47  5.57909e-08
 1.60745e+02  4.16479e+05  3.71317e+47  4.16479e+05  3.70127e+47  4.16479e+05  3.67783e+47  4.16479e+05  3.66760e+47  5.57909e-08
 1.65998e+02  4.16479e+05  3.95371e+47  4.16479e+05  3.94259e+47  4.16479e+05  3.92069e+47  4.16479e+05  3.91118e+47  5.57909e-08
 1.71424e+02  4.16479e+05  4.21063e+47  4.16479e+05  4.20024e+47  4.16479e+05  4.17979e+47  4.16479e+05  4.17096e+47  5.57909e-08
 1.77026e+02  4.16479e+05  4.48500e+47  4.16479e+05  4.47528e+47  4.16479e+05  4.45620e+47  4.16479e+05  4.44800e+47  5.57909e-08
 1.82812e+02  4.16479e+05  4.77794e+47  4.16479e+05  4.76886e+47  4.16479e+05  4.75106e+47  4.16479e+05  4.74345e+47  5.57909e-08
 1.88787e+02  4.16479e+05  5.09067e+47  4.16479e+05  5.08219e+47  4.16479e+05  5.06558e+47  4.16479e+05  5.05853e+47  5.57909e-08
 1.94957e+02  4.16479e+05  5.42448e+47  4.16479e+05  5.41656e+47  4.16479e+05  5.40108e+47  4.16479e+05  5.39455e+47  5.57909e-08
 2.01328e+02  4.16479e+05  5.78076e+47  4.16479e+05  5.77337e+47  4.16479e+05  5.75894e+47  4.16479e+05  5.75290e+47  5.57909e-08
 2.07908e+02  4.16479e+05  6.16098e+47  4.16479e+05  6.15408e+47  4.16479e+05  6.14065e+47  4.16479e+05  6.13506e+47  5.57909e-08
 2.14703e+02  4.16479e+05  6.56671e+47  4.16479e+05  6.56028e+47  4.16479e+05  6.54777e+47  4.16479e+05  6.54262e+47  5.57909e-08
 2.21720e+02  4.16479e+05  6.99964e+47  4.16479e+05  6.99364e+47  4.16479e+05  6.98200e+47  4.16479e+05  6.97725e+47  5.57909e-08
 2.28967e+02  4.16479e+05  7.46155e+47  4.16479e+05  7.45596e+47  4.16479e+05  7.44513e+47  4.16479e+05  7.44076e+47  5.57909e-08
 2.36450e+02  4.16479e+05  7.95436e+47  4.16479e+05  7.94915e+47  4.16479e+05  7.93909e+47  4.16479e+05  7.93507e+47  5.57909e-08
 2.44178e+02  4.16479e+05  8.48010e+47  4.16479e+05  8.47525e+47  4.16479e+05  8.46590e+47  4.16479e+05  8.46222e+47  5.57909e-08
 2.52158e+02  4.16479e+05  9.04095e+47  4.16479e+05  9.03644e+47  4.16479e+05  9.02777e+47  4.16479e+05  9.02440e+47  5.57909e-08
 2.60399e+02  4.16479e+05  9.63924e+47  4.16479e+05  9.63504e+47  4.16479e+05  9.62700e+47  4.16479e+05  9.62392e+47  5.57909e-08
 2.68910e+02  4.16479e+05  1.02774e+48  4.16479e+05  1.02735e+48  4.16479e+05  1.02661e+48  4.16479e+05  1.02633e+48  5.57909e-08
 2.77699e+02  4.16479e+05  1.09582e+48  4.16479e+05  1.09546e+48  4.16479e+05  1.09477e+48  4.16479e+05  1.09451e+48  5.57909e-08
 2.86774e+02  4.16479e+05  1.16843e+48  4.16479e+05  1.16809e+48  4.16479e+05  1.16745e+48  4.02620e+05  1.14356e+48  5.57909e-08
 2.96147e+02  4.16479e+05  1.24588e+48  4.16479e+05  1.24556e+48  4.16479e+05  1.24498e+48  4.02620e+05  1.17998e+48  5.57909e-08
 3.05826e+02  4.16479e+05  1.32848e+48  4.16479e+05  1.32819e+48  4.16479e+05  1.32765e+48  4.02620e+05  1.22127e+48  5.57909e-08
 3.15821e+02  4.16479e+05  1.41659e+48  4.16479e+05  1.41632e+48  4.16479e+05  1.41582e+48  4.02620e+05  1.26762e+48  5.57909e-08
 3.26143e+02  4.16479e+05  1.51056e+48  4.16479e+05  1.51031e+48  4.16479e+05  1.50985e+48  4.02620e+05  1.31922e+48  5.57909e-08
 3.36802e+02  4.16479e+05  1.61078e+48  4.16479e+05  1.61055e+48  4.16479e+05  1.61013e+48  4.02620e+05  1.37628e+48  5.57909e-08
 3.47810e+02  4.16479e+05  1.71767e+48  4.16479e+05  1.71746e+48  4.16479e+05  1.71707e+48  4.02620e+05  1.43903e+48  5.57909e-08
 3.59177e+02  4.16479e+05  1.83167e+48  4.16479e+05  1.83148e+48  4.16479e+05  1.83112e+48  4.02620e+05  1.50774e+48  5.57909e-08
 3.70916e+02  4.16479e+05  1.95326e+48  4.16479e+05  1.95308e+48  4.16479e+05  1.95275e+48  4.02620e+05  1.58269e+48  5.57909e-08
 3.83038e+02  4.16479e+05  2.08292e+48  4.16479e+05  2.08276e+48  4.16479e+05  2.08246e+48  4.02620e+05  1.66419e+48  5.57909e-08
 3.95557e+02  4.16479e+05  2.22121e+48  4.16479e+05  2.22106e+48  4.16479e+05  2.22079e+48  4.02620e+05  1.75258e+48  5.57909e-08
 4.08485e+02  4.16479e+05  2.36870e+48  4.16479e+05  2.36856e+48  4.16479e+05  2.36832e+48  4.02620e+05  1.84822e+48  5.57909e-08
 4.21835e+02  4.16479e+05  2.52598e+48  4.16479e+05  2.52586e+48  4.16479e+05  2.52564e+48  4.02620e+05  1.95151e+48  5.57909e-08
 4.35622e+02  4.16479e+05  2.69373e+48  4.16479e+05  2.69361e+48  4.16479e+05  2.69342e+48  4.02620e+05  2.06288e+48  5.57909e-08
 4.49859e+02  4.16479e+05  2.87262e+48  4.16479e+05  2.87252e+48  4.16479e+05  2.87234e+48  4.02620e+05  2.18278e+48  5.57909e-08
 4.64562e+02  4.16479e+05  3.06340e+48  4.16479e+05  3.06331e+48  4.16479e+05  3.06316e+48  4.02620e+05  2.31172e+48  5.57909e-08
 4.79745e+02  4.16479e+05  3.26687e+48  4.16479e+05  3.26678e+48  4.16479e+05  3.26665e+48  4.02620e+05  2.45022e+48  5.57909e-08
 4.95424e+02  4.16479e+05  3.48385e+48  4.16479e+05  3.48377e+48  4.16479e+05  3.48366e+48  4.02620e+05  2.59887e+48  5.57909e-08
 5.11616e+02  4.16479e+05  3.71525e+48  4.16479e+05  3.71518e+48  4.16479e+05  3.71508e+48  4.02620e+05  2.75827e+48  5.57909e-08
 5.28337e+02  4.16479e+05  3.96203e+48  4.16479e+05  3.96197e+48  4.16479e+05  3.96189e+48  4.02620e+05  2.92908e+48  5.57909e-08
 5.45604e+02  4.16479e+05  4.22521e+48  4.16479e+05  4.22516e+48  4.02620e+05  4.22118e+48  4.02620e+05  3.11202e+48  5.57909e-08
 5.63436e+02  4.16479e+05  4.50588e+48  4.16479e+05  4.50583e+48  4.02620e+05  4.34790e+48  4.02620e+05  3.30784e+48  5.57909e-08
 5.81850e+02  4.16479e+05  4.80519e+48  4.16479e+05  4.80515e+48  4.02620e+05  4.49261e+48  4.02620e+05  3.51735e+48  5.57909e-08
 6.00867e+02  4.16479e+05  5.12440e+48  4.16479e+05  5.12436e+48  4.02620e+05  4.65591e+48  4.02620e+05  3.74141e+48  5.57909e-08
 6.20505e+02  4.16479e+05  5.46481e+48  4.16479e+05  5.46478e+48  4.02620e+05  4.83848e+48  4.02620e+05  3.98096e+48  5.57909e-08
 6.40784e+02  4.16479e+05  5.82784e+48  4.16479e+05  5.82782e+48  4.02620e+05  5.04107e+48  4.02620e+05  4.23698e+48  5.57909e-08
 6.61727e+02  4.16479e+05  6.21499e+48  4.16479e+05  6.21497e+48  4.02620e+05  5.26453e+48  4.02620e+05  4.51054e+48  5.57909e-08
 6.83354e+02  4.16479e+05  6.62786e+48  4.16479e+05  6.62785e+48  4.02620e+05  5.50978e+48  4.02620e+05  4.80276e+48  5.57909e-08
 7.05688e+02  4.16479e+05  7.06816e+48  4.16479e+05  7.06815e+48  4.02620e+05  5.77783e+48  4.02620e+05  5.11486e+48  5.57909e-08
 7.28751e+02  4.16479e+05  7.53772e+48  4.02620e+05  7.40840e+48  4.02620e+05  6.06979e+48  4.02620e+05  5.44813e+48  5.57909e-08
 7.52569e+02  4.16479e+05  8.03847e+48  4.02620e+05  7.64209e+48  4.02620e+05  6.38687e+48  4.02620e+05  5.80395e+48  5.57909e-08
 7.77165e+02  4.02620e+05  8.49591e+48  4.02620e+05  7.90740e+48  4.02620e+05  6.73039e+48  4.02620e+05  6.18379e+48  5.57909e-08
 8.02565e+02  4.02620e+05  8.75729e+48  4.02620e+05  8.20544e+48  4.02620e+05  7.10176e+48  4.02620e+05  6.58921e+48  5.57909e-08
 8.28794e+02  4.02620e+05  9.05490e+48  4.02620e+05  8.53743e+48  4.02620e+05  7.50252e+48  4.02620e+05  7.02191e+48  5.57909e-08
 8.55882e+02  4.02620e+05  9.39000e+48  4.02620e+05  8.90477e+48  4.02620e+05  7.93433e+48  4.02620e+05  7.48367e+48  5.57909e-08
 8.83854e+02  4.02620e+05  9.76395e+48  4.02620e+05  9.30895e+48  4.02620e+05  8.39897e+48  4.02620e+05  7.97640e+48  5.57909e-08
 9.12741e+02  4.02620e+05  1.01783e+49  4.02620e+05  9.75166e+48  4.02620e+05  8.89838e+48  4.02620e+05  8.50214e+48  5.57909e-08
 9.42571e+02  4.02620e+05  1.06348e+49  4.02620e+05  1.02347e+49  4.02620e+05  9.43461e+48  4.02620e+05  9.06306e+48  5.57909e-08
 9.73377e+02  4.02620e+05  1.11353e+49  4.02620e+05  1.07602e+49  4.02620e+05  1.00099e+49  4.02620e+05  9.66149e+48  5.57909e-08
 1.00519e+03  4.02620e+05  1.16819e+49  4.02620e+05  1.13301e+49  4.02620e+05  1.06266e+49  4.02620e+05  1.02999e+49  5.57909e-08
 1.03804e+03  4.02620e+05  1.22768e+49  4.02620e+05  1.19470e+49  4.02620e+05  1.12873e+49  4.02620e+05  1.09810e+49  5.57909e-08
 1.07197e+03  4.02620e+05  1.29226e+49  4.02620e+05  1.26133e+49  4.02620e+05  1.19947e+49  4.02620e+05  1.17074e+49  5.57909e-08
 1.10700e+03  4.02620e+05  1.36218e+49  4.02620e+05  1.33317e+49  4.02620e+05  1.27517e+49  4.02620e+05  1.24824e+49  5.57909e-08
 1.14318e+03  4.02620e+05  1.43774e+49  4.02620e+05  1.41054e+49  4.02620e+05  1.35615e+49  4.02620e+05  1.33090e+49  5.57909e-08
 1.18054e+03  4.02620e+05  1.51925e+49  4.02620e+05  1.49375e+49  4.02620e+05  1.44275e+49  4.02620e+05  1.41906e+49  5.57909e-08
 1.21913e+03  4.02620e+05  1.60704e+49  4.02620e+05  1.58313e+49  4.02620e+05  1.53531e+49  4.02620e+05  1.51311e+49  5.57909e-08
 1.25897e+03  4.02620e+05  1.70149e+49  4.02620e+05  1.67907e+49  4.02620e+05  1.63423e+49  4.02620e+05  1.61341e+49  5.57909e-08
 1.30012e+03  4.02620e+05  1.80298e+49  4.02620e+05  1.78196e+49  4.02620e+05  1.73991e+49  4.02620e+05  1.72039e+49  5.57909e-08
 1.34261e+03  4.02620e+05  1.91193e+49  4.02620e+05  1.89222e+49  4.02620e+05  1.85279e+49  4.02620e+05  1.83449e+49  5.57909e-08
 1.38649e+03  4.02620e+05  2.02880e+49  4.02620e+05  2.01031e+49  4.02620e+05  1.97334e+49  4.02620e+05  1.95618e+49  5.57909e-08
 1.43180e+03  4.02620e+05  2.15406e+49  4.02620e+05  2.13672e+49  4.02620e+05  2.10206e+49  4.02620e+05  2.08596e+49  5.57909e-08
 1.47860e+03  4.02620e+05  2.28823e+49  4.02620e+05  2.27198e+49  4.02620e+05  2.23947e+49  4.02620e+05  2.22438e+49  5.57909e-08
 1.52692e+03  4.02620e+05  2.43188e+49  4.02620e+05  2.41664e+49  4.02620e+05  2.38616e+49  4.02620e+05  2.37201e+49  5.57909e-08
 1.57683e+03  4.02620e+05  2.58559e+49  4.02620e+05  2.57130e+49  4.02620e+05  2.54272e+49  4.02620e+05  2.52945e+49  5.57909e-08
 1.62836e+03  4.02620e+05  2.75000e+49  4.02620e+05  2.73660e+49  4.02620e+05  2.70980e+49  4.02620e+05  2.69736e+49  5.57909e-08
 1.68158e+03  4.02620e+05  2.92579e+49  4.02620e+05  2.91322e+49  4.02620e+05  2.88810e+49  4.02620e+05  2.87643e+49  5.57909e-08
 1.73654e+03  4.02620e+05  3.11369e+49  4.02620e+05  3.10191e+49  4.02620e+05  3.07834e+49  4.02620e+05  3.06741e+49  5.57909e-08
 1.79329e+03  4.02620e+05  3.31448e+49  4.02620e+05  3.30343e+49  4.02620e+05  3.28133e+49  4.02620e+05  3.27108e+49  5.57909e-08
 1.85190e+03  4.02620e+05  3.52898e+49  4.02620e+05  3.51862e+49  4.02620e+05  3.49790e+49  4.02620e+05  3.48829e+49  5.57909e-08
 1.91243e+03  4.02620e+05  3.75809e+49  4.02620e+05  3.74837e+49  4.02620e+05  3.72895e+49  4.02620e+05  3.71993e+49  5.57909e-08
 1.97493e+03  4.02620e+05  4.00275e+49  4.02620e+05  3.99364e+49  4.02620e+05  3.97542e+49  4.02620e+05  3.96697e+49  5.57909e-08
 2.03948e+03  4.02620e+05  4.26397e+49  4.02620e+05  4.25543e+49  4.02620e+05  4.23835e+49  4.02620e+05  4.23043e+49  5.57909e-08
 2.10613e+03  4.02620e+05  4.54284e+49  4.02620e+05  4.53483e+49  4.02620e+05  4.51882e+49  4.02620e+05  4.51139e+49  5.57909e-08
 2.17497e+03  4.02620e+05  4.84052e+49  4.02620e+05  4.83301e+49  4.02620e+05  4.81799e+49  4.02620e+05  4.81102e+49  5.57909e-08
 2.24605e+03  4.02620e+05  5.15822e+49  4.02620e+05  5.15118e+49  4.02620e+05  5.13710e+49  4.02620e+05  5.13057e+49  5.57909e-08
 2.31946e+03  4.02620e+05  5.49727e+49  4.02620e+05  5.49067e+49  4.02620e+05  5.47747e+49  4.02620e+05  5.47134e+49  5.57909e-08
 2.39526e+03  4.02620e+05  5.85907e+49  4.02620e+05  5.85288e+49  4.02620e+05  5.84051e+49  4.02620e+05  5.83476e+49  5.57909e-08
 2.47355e+03  4.02620e+05  6.24512e+49  4.02620e+05  6.23932e+49  4.02620e+05  6.22771e+49  4.02620e+05  6.22233e+49  5.57909e-08
 2.55439e+03  4.02620e+05  6.65702e+49  4.02620e+05  6.65158e+49  4.02620e+05  6.64070e+49  4.02620e+05  6.63565e+49  5.57909e-08
 2.63787e+03  4.02620e+05  7.09647e+49  4.02620e+05  7.09136e+49  4.02620e+05  7.08116e+49  4.02620e+05  7.07643e+49  5.57909e-08
 2.72409e+03  4.02620e+05  7.56528e+49  4.02620e+05  7.56050e+49  4.02620e+05  7.55093e+49  4.02620e+05  7.54649e+49  5.57909e-08
 2.81312e+03  4.02620e+05  8.06540e+49  4.02620e+05  8.06092e+49  4.02620e+05  8.05195e+49  4.02620e+05  8.04779e+49  5.57909e-08
 2.90506e+03  4.02620e+05  8.59890e+49  4.02620e+05  8.59470e+49  4.02620e+05  8.58629e+49  4.02620e+05  8.58239e+49  5.57909e-08
 3.00000e+03  4.02620e+05  9.16799e+49  4.02620e+05  9.16405e+49  4.02620e+05  9.15616e+49  4.02620e+05  9.15251e+49  5.57909e-08
