radius_rg T_0deg chi2_0deg T_15deg chi2_15deg T_30deg chi2_30deg T_45deg chi2_45deg nuLnusavg_last
 2.00000e-01  1.11126e+06  1.42862e+44  1.07428e+06  1.05933e+44  9.70565e+05  3.17582e+43  7.92211e+05  1.02161e+42  1.39241e-03
 2.06537e-01  1.07428e+06  1.35313e+44  1.07428e+06  1.01409e+44  9.38269e+05  3.05361e+43  7.92211e+05  9.37810e+41  1.39241e-03
 2.13287e-01  1.07428e+06  1.24245e+44  1.03853e+06  9.21066e+43  9.38269e+05  2.60897e+43  7.65850e+05  1.45693e+42  1.39241e-03
 2.20257e-01  1.07428e+06  1.17908e+44  1.03853e+06  8.56825e+43  9.38269e+05  2.38673e+43  7.65850e+05  5.53499e+41  1.39241e-03
 2.27456e-01  1.03853e+06  1.08789e+44  1.00397e+06  8.13172e+43  9.07048e+05  2.27376e+43  7.65850e+05  3.33617e+41  1.39241e-03
 2.34890e-01  1.03853e+06  1.00273e+44  1.00397e+06  7.27930e+43  9.07048e+05  1.88537e+43  7.65850e+05  7.96375e+41  1.39241e-03
 2.42567e-01  1.03853e+06  9.63900e+43  1.00397e+06  6.82221e+43  9.07048e+05  1.71637e+43  7.40366e+05  6.25521e+41  1.39241e-03
 2.50494e-01  1.00397e+06  8.59681e+43  9.70565e+05  6.31497e+43  8.76865e+05  1.64201e+43  7.40366e+05  1.95646e+41  1.39241e-03
 2.58681e-01  1.00397e+06  7.96138e+43  9.70565e+05  5.62211e+43  8.76865e+05  1.29059e+43  7.40366e+05  4.47840e+41  1.39241e-03
 2.67136e-01  9.70565e+05  7.54692e+43  9.70565e+05  5.31771e+43  8.76865e+05  1.15611e+43  7.15730e+05  1.37040e+42  1.39241e-03
 2.75866e-01  9.70565e+05  6.64043e+43  9.38269e+05  4.77447e+43  8.47687e+05  1.15560e+43  7.15730e+05  6.48985e+41  1.39241e-03
 2.84882e-01  9.70565e+05  6.18312e+43  9.38269e+05  4.20817e+43  8.47687e+05  8.21586e+42  7.15730e+05  6.11516e+41  1.39241e-03
 2.94193e-01  9.38269e+05  5.73251e+43  9.38269e+05  4.02448e+43  8.47687e+05  7.02566e+42  7.15730e+05  1.25784e+42  1.39241e-03
 3.03808e-01  9.38269e+05  4.97384e+43  9.07048e+05  3.48682e+43  8.47687e+05  7.98046e+42  6.91914e+05  1.87544e+42  1.39241e-03
 3.13737e-01  9.38269e+05  4.65745e+43  9.07048e+05  3.01441e+43  8.19480e+05  4.81608e+42  6.91914e+05  1.45918e+42  1.39241e-03
 3.23991e-01  9.07048e+05  4.21914e+43  9.07048e+05  2.91966e+43  8.19480e+05  3.58387e+42  6.91914e+05  1.73023e+42  1.39241e-03
 3.34580e-01  9.07048e+05  3.57030e+43  8.76865e+05  2.43740e+43  8.19480e+05  4.48243e+42  6.91914e+05  2.68970e+42  1.39241e-03
 3.45515e-01  9.07048e+05  3.35792e+43  8.76865e+05  2.02612e+43  7.92211e+05  2.81411e+42  6.68890e+05  3.23712e+42  1.39241e-03
 3.56807e-01  8.76865e+05  2.98996e+43  8.76865e+05  1.98842e+43  7.92211e+05  1.33382e+42  6.68890e+05  3.03335e+42  1.39241e-03
 3.68468e-01  8.76865e+05  2.41287e+43  8.47687e+05  1.62136e+43  7.92211e+05  1.97497e+42  6.68890e+05  3.52339e+42  1.39241e-03
 3.80511e-01  8.76865e+05  2.26745e+43  8.47687e+05  1.23790e+43  7.65850e+05  2.40954e+42  6.68890e+05  4.70927e+42  1.39241e-03
 3.92947e-01  8.47687e+05  2.03951e+43  8.47687e+05  1.22476e+43  7.65850e+05  4.61283e+41  6.46632e+05  5.50134e+42  1.39241e-03
 4.05790e-01  8.47687e+05  1.49545e+43  8.19480e+05  1.04502e+43  7.65850e+05  6.30858e+41  6.46632e+05  5.40800e+42  1.39241e-03
 4.19052e-01  8.47687e+05  1.37928e+43  8.19480e+05  6.55007e+42  7.65850e+05  2.91897e+42  6.46632e+05  6.01830e+42  1.39241e-03
 4.32748e-01  8.19480e+05  1.37540e+43  8.19480e+05  6.32900e+42  7.40366e+05  1.26305e+42  6.46632e+05  7.33476e+42  1.39241e-03
 4.46891e-01  8.19480e+05  8.24421e+42  7.92211e+05  7.28006e+42  7.40366e+05  7.28599e+41  6.25115e+05  8.80240e+42  1.39241e-03
 4.61496e-01  8.19480e+05  6.98554e+42  7.92211e+05  2.95373e+42  7.40366e+05  2.31309e+42  6.25115e+05  8.70285e+42  1.39241e-03
 4.76579e-01  8.19480e+05  9.97272e+42  7.92211e+05  2.29161e+42  7.15730e+05  4.18107e+42  6.25115e+05  9.32057e+42  1.39241e-03
 4.92155e-01  7.92211e+05  4.20926e+42  7.92211e+05  5.29096e+42  7.15730e+05  2.68462e+42  6.25115e+05  1.06581e+43  1.39241e-03
 5.08240e-01  7.92211e+05  2.44554e+42  7.65850e+05  1.92469e+42  7.15730e+05  3.31521e+42  6.25115e+05  1.27211e+43  1.39241e-03
 5.24851e-01  7.92211e+05  4.90890e+42  7.65850e+05  4.46836e+41  7.15730e+05  6.07544e+42  6.04314e+05  1.31620e+43  1.39241e-03
 5.42004e-01  7.65850e+05  3.24274e+42  7.65850e+05  2.62282e+42  6.91914e+05  7.10128e+42  6.04314e+05  1.36530e+43  1.39241e-03
 5.59718e-01  7.65850e+05  5.38618e+41  7.40366e+05  3.99467e+42  6.91914e+05  6.49431e+42  6.04314e+05  1.48817e+43  1.39241e-03
 5.78011e-01  7.65850e+05  2.05368e+42  7.40366e+05  1.29366e+42  6.91914e+05  8.03016e+42  6.04314e+05  1.68533e+43  1.39241e-03
 5.96902e-01  7.40366e+05  5.96797e+42  7.40366e+05  2.24998e+42  6.91914e+05  1.17152e+43  5.84205e+05  1.92280e+43  1.39241e-03
 6.16411e-01  7.40366e+05  1.84965e+42  7.40366e+05  6.86760e+42  6.68890e+05  1.26650e+43  5.84205e+05  1.94251e+43  1.39241e-03
 6.36557e-01  7.40366e+05  1.95594e+42  7.15730e+05  5.57606e+42  6.68890e+05  1.26577e+43  5.84205e+05  2.03839e+43  1.39241e-03
 6.57361e-01  7.40366e+05  6.28729e+42  7.15730e+05  4.87367e+42  6.68890e+05  1.48187e+43  5.84205e+05  2.21084e+43  1.39241e-03
 6.78845e-01  7.15730e+05  7.24991e+42  7.15730e+05  7.84344e+42  6.68890e+05  1.91570e+43  5.84205e+05  2.46056e+43  1.39241e-03
 7.01032e-01  7.15730e+05  5.43677e+42  6.91914e+05  1.43690e+43  6.46632e+05  2.10635e+43  5.64766e+05  2.73659e+43  1.39241e-03
 7.23943e-01  7.15730e+05  7.86308e+42  6.91914e+05  1.15089e+43  6.46632e+05  2.13335e+43  5.64766e+05  2.78435e+43  1.39241e-03
 7.47603e-01  7.15730e+05  1.45389e+43  6.91914e+05  1.23483e+43  6.46632e+05  2.38076e+43  5.64766e+05  2.91176e+43  1.39241e-03
 7.72037e-01  6.91914e+05  1.36841e+43  6.91914e+05  1.68908e+43  6.46632e+05  2.84962e+43  5.64766e+05  3.11935e+43  1.39241e-03
 7.97269e-01  6.91914e+05  1.36439e+43  6.68890e+05  2.36081e+43  6.25115e+05  3.27801e+43  5.64766e+05  3.40797e+43  1.39241e-03
 8.23326e-01  6.91914e+05  1.78772e+43  6.68890e+05  2.17554e+43  6.25115e+05  3.29549e+43  5.64766e+05  3.77882e+43  1.39241e-03
 8.50234e-01  6.91914e+05  2.64014e+43  6.68890e+05  2.36447e+43  6.25115e+05  3.53820e+43  5.45973e+05  3.90364e+43  1.39241e-03
 8.78022e-01  6.68890e+05  2.52365e+43  6.68890e+05  2.92838e+43  6.25115e+05  4.00714e+43  5.45973e+05  4.04192e+43  1.39241e-03
 9.06718e-01  6.68890e+05  2.63966e+43  6.46632e+05  3.80359e+43  6.25115e+05  4.70426e+43  5.45973e+05  4.26504e+43  1.39241e-03
 9.36352e-01  6.68890e+05  3.18829e+43  6.46632e+05  3.66234e+43  6.04314e+05  4.83696e+43  5.45973e+05  4.57395e+43  1.39241e-03
 9.66955e-01  6.68890e+05  4.17181e+43  6.46632e+05  3.90145e+43  6.04314e+05  5.03172e+43  5.45973e+05  4.96991e+43  1.39241e-03
 9.98557e-01  6.46632e+05  4.22781e+43  6.46632e+05  4.52190e+43  6.04314e+05  5.45890e+43  5.27805e+05  5.43822e+43  1.39241e-03
 1.03119e+00  6.46632e+05  4.40006e+43  6.46632e+05  5.52626e+43  6.04314e+05  6.12026e+43  5.27805e+05  5.55645e+43  1.39241e-03
 1.06489e+00  6.46632e+05  5.01221e+43  6.25115e+05  5.69110e+43  5.84205e+05  6.90909e+43  5.27805e+05  5.76579e+43  1.39241e-03
 1.09970e+00  6.46632e+05  6.06680e+43  6.25115e+05  5.91707e+43  5.84205e+05  7.00151e+43  5.27805e+05  6.06712e+43  1.39241e-03
 1.13564e+00  6.25115e+05  6.57542e+43  6.25115e+05  6.53272e+43  5.84205e+05  7.33451e+43  5.27805e+05  6.46169e+43  1.39241e-03
 1.17276e+00  6.25115e+05  6.73021e+43  6.25115e+05  7.54060e+43  5.84205e+05  7.90945e+43  5.27805e+05  6.95112e+43  1.39241e-03
 1.21108e+00  6.25115e+05  7.33455e+43  6.04314e+05  8.41572e+43  5.84205e+05  8.72872e+43  5.27805e+05  7.53745e+43  1.39241e-03
 1.25067e+00  6.25115e+05  8.39094e+43  6.04314e+05  8.55238e+43  5.64766e+05  9.69545e+43  5.10242e+05  7.90453e+43  1.39241e-03
 1.29154e+00  6.04314e+05  9.74779e+43  6.04314e+05  9.08963e+43  5.64766e+05  9.86491e+43  5.10242e+05  8.15083e+43  1.39241e-03
 1.33375e+00  6.04314e+05  9.79643e+43  6.04314e+05  1.00297e+44  5.64766e+05  1.02868e+44  5.10242e+05  8.49900e+43  1.39241e-03
 1.37734e+00  6.04314e+05  1.03073e+44  6.04314e+05  1.13765e+44  5.64766e+05  1.09628e+44  5.10242e+05  8.95047e+43  1.39241e-03
 1.42236e+00  6.04314e+05  1.12825e+44  5.84205e+05  1.20605e+44  5.64766e+05  1.18959e+44  5.10242e+05  9.50710e+43  1.39241e-03
 1.46884e+00  6.04314e+05  1.27261e+44  5.84205e+05  1.24269e+44  5.64766e+05  1.30897e+44  5.10242e+05  1.01712e+44  1.39241e-03
 1.51685e+00  5.84205e+05  1.38963e+44  5.84205e+05  1.32100e+44  5.45973e+05  1.36447e+44  5.10242e+05  1.09455e+44  1.39241e-03
 1.56642e+00  5.84205e+05  1.42060e+44  5.84205e+05  1.44129e+44  5.45973e+05  1.40876e+44  4.93264e+05  1.18301e+44  1.39241e-03
 1.61762e+00  5.84205e+05  1.49963e+44  5.84205e+05  1.60407e+44  5.45973e+05  1.48004e+44  4.93264e+05  1.21520e+44  1.39241e-03
 1.67049e+00  5.84205e+05  1.62703e+44  5.64766e+05  1.69601e+44  5.45973e+05  1.57861e+44  4.93264e+05  1.25923e+44  1.39241e-03
 1.72508e+00  5.84205e+05  1.80333e+44  5.64766e+05  1.74684e+44  5.45973e+05  1.70487e+44  4.93264e+05  1.31528e+44  1.39241e-03
 1.78146e+00  5.64766e+05  1.95186e+44  5.64766e+05  1.84142e+44  5.45973e+05  1.85934e+44  4.93264e+05  1.38359e+44  1.39241e-03
 1.83968e+00  5.64766e+05  1.99865e+44  5.64766e+05  1.98014e+44  5.27805e+05  1.91774e+44  4.93264e+05  1.46444e+44  1.39241e-03
 1.89981e+00  5.64766e+05  2.09590e+44  5.64766e+05  2.16358e+44  5.27805e+05  1.98296e+44  4.93264e+05  1.55816e+44  1.39241e-03
 1.96190e+00  5.64766e+05  2.24398e+44  5.45973e+05  2.35096e+44  5.27805e+05  2.07754e+44  4.93264e+05  1.66514e+44  1.39241e-03
 2.02602e+00  5.64766e+05  2.44352e+44  5.45973e+05  2.40390e+44  5.27805e+05  2.20188e+44  4.93264e+05  1.78582e+44  1.39241e-03
 2.09224e+00  5.64766e+05  2.69534e+44  5.45973e+05  2.50331e+44  5.27805e+05  2.35649e+44  4.93264e+05  1.92071e+44  1.39241e-03
 2.16062e+00  5.45973e+05  2.75650e+44  5.45973e+05  2.64960e+44  5.27805e+05  2.54201e+44  4.93264e+05  2.07036e+44  1.39241e-03
 2.23123e+00  5.45973e+05  2.85857e+44  5.45973e+05  2.84338e+44  5.10242e+05  2.70205e+44  4.93264e+05  2.23539e+44  1.39241e-03
 2.30415e+00  5.45973e+05  3.01465e+44  5.45973e+05  3.08544e+44  5.10242e+05  2.77673e+44  4.76850e+05  2.32769e+44  1.39241e-03
 2.37946e+00  5.45973e+05  3.22537e+44  5.27805e+05  3.29341e+44  5.10242e+05  2.88405e+44  4.76850e+05  2.41725e+44  1.39241e-03
 2.45723e+00  5.45973e+05  3.49160e+44  5.27805e+05  3.38030e+44  5.10242e+05  3.02448e+44  4.76850e+05  2.52363e+44  1.39241e-03
 2.53753e+00  5.27805e+05  3.78765e+44  5.27805e+05  3.51771e+44  5.10242e+05  3.19858e+44  4.76850e+05  2.64726e+44  1.39241e-03
 2.62047e+00  5.27805e+05  3.87428e+44  5.27805e+05  3.70619e+44  5.10242e+05  3.40708e+44  4.76850e+05  2.78866e+44  1.39241e-03
 2.70611e+00  5.27805e+05  4.01910e+44  5.27805e+05  3.94653e+44  5.10242e+05  3.65083e+44  4.76850e+05  2.94841e+44  1.39241e-03
 2.79455e+00  5.27805e+05  4.22273e+44  5.27805e+05  4.23972e+44  5.10242e+05  3.93086e+44  4.76850e+05  3.12718e+44  1.39241e-03
 2.88589e+00  5.27805e+05  4.48600e+44  5.27805e+05  4.58698e+44  4.93264e+05  4.10267e+44  4.76850e+05  3.32570e+44  1.39241e-03
 2.98021e+00  5.27805e+05  4.81001e+44  5.10242e+05  4.74711e+44  4.93264e+05  4.23605e+44  4.76850e+05  3.54480e+44  1.39241e-03
 3.07761e+00  5.27805e+05  5.19609e+44  5.10242e+05  4.90342e+44  4.93264e+05  4.40813e+44  4.76850e+05  3.78538e+44  1.39241e-03
 3.17819e+00  5.10242e+05  5.44833e+44  5.10242e+05  5.11653e+44  4.93264e+05  4.61960e+44  4.76850e+05  4.04844e+44  1.39241e-03
 3.28206e+00  5.10242e+05  5.61343e+44  5.10242e+05  5.38734e+44  4.93264e+05  4.87135e+44  4.76850e+05  4.33507e+44  1.39241e-03
 3.38933e+00  5.10242e+05  5.84393e+44  5.10242e+05  5.71697e+44  4.93264e+05  5.16442e+44  4.76850e+05  4.64645e+44  1.39241e-03
 3.50010e+00  5.10242e+05  6.14078e+44  5.10242e+05  6.10678e+44  4.93264e+05  5.50003e+44  4.76850e+05  4.98387e+44  1.39241e-03
 3.61449e+00  5.10242e+05  6.50522e+44  5.10242e+05  6.55838e+44  4.93264e+05  5.87955e+44  4.76850e+05  5.34873e+44  1.39241e-03
 3.73262e+00  5.10242e+05  6.93875e+44  4.93264e+05  7.02540e+44  4.93264e+05  6.30456e+44  4.76850e+05  5.74254e+44  1.39241e-03
 3.85462e+00  5.10242e+05  7.44316e+44  4.93264e+05  7.22154e+44  4.93264e+05  6.77683e+44  4.76850e+05  6.16692e+44  1.39241e-03
 3.98060e+00  5.10242e+05  8.02055e+44  4.93264e+05  7.48409e+44  4.93264e+05  7.29830e+44  4.76850e+05  6.62364e+44  1.39241e-03
 4.11069e+00  4.93264e+05  8.27830e+44  4.93264e+05  7.81413e+44  4.76850e+05  7.75092e+44  4.76850e+05  7.11458e+44  1.39241e-03
 4.24504e+00  4.93264e+05  8.56324e+44  4.93264e+05  8.21303e+44  4.76850e+05  8.02252e+44  4.76850e+05  7.64178e+44  1.39241e-03
 4.38378e+00  4.93264e+05  8.92579e+44  4.93264e+05  8.68244e+44  4.76850e+05  8.34848e+44  4.76850e+05  8.20742e+44  1.39241e-03
 4.52705e+00  4.93264e+05  9.36745e+44  4.93264e+05  9.22430e+44  4.76850e+05  8.73016e+44  4.76850e+05  8.81384e+44  1.39241e-03
 4.67501e+00  4.93264e+05  9.89005e+44  4.93264e+05  9.84086e+44  4.76850e+05  9.16912e+44  4.76850e+05  9.46354e+44  1.39241e-03
 4.82780e+00  4.93264e+05  1.04957e+45  4.93264e+05  1.05347e+45  4.76850e+05  9.66719e+44  4.76850e+05  1.01592e+45  1.39241e-03
 4.98558e+00  4.93264e+05  1.11870e+45  4.93264e+05  1.13086e+45  4.76850e+05  1.02264e+45  4.76850e+05  1.09038e+45  1.39241e-03
 5.14853e+00  4.93264e+05  1.19668e+45  4.93264e+05  1.21658e+45  4.76850e+05  1.08491e+45  4.76850e+05  1.17002e+45  1.39241e-03
 5.31679e+00  4.93264e+05  1.28383e+45  4.93264e+05  1.31099e+45  4.76850e+05  1.15379e+45  4.76850e+05  1.25519e+45  1.39241e-03
 5.49056e+00  4.93264e+05  1.38050e+45  4.76850e+05  1.36515e+45  4.76850e+05  1.22956e+45  4.76850e+05  1.34624e+45  1.39241e-03
 5.67001e+00  4.93264e+05  1.48711e+45  4.76850e+05  1.41655e+45  4.76850e+05  1.31253e+45  4.76850e+05  1.44354e+45  1.39241e-03
 5.85532e+00  4.76850e+05  1.56389e+45  4.76850e+05  1.47747e+45  4.76850e+05  1.40305e+45  4.76850e+05  1.54749e+45  1.39241e-03
 6.04668e+00  4.76850e+05  1.62068e+45  4.76850e+05  1.54816e+45  4.76850e+05  1.50149e+45  4.76850e+05  1.65854e+45  1.39241e-03
 6.24430e+00  4.76850e+05  1.68841e+45  4.76850e+05  1.62890e+45  4.76850e+05  1.60827e+45  4.76850e+05  1.77712e+45  1.39241e-03
 6.44838e+00  4.76850e+05  1.76733e+45  4.76850e+05  1.72004e+45  4.76850e+05  1.72381e+45  4.76850e+05  1.90374e+45  1.39241e-03
 6.65913e+00  4.76850e+05  1.85779e+45  4.76850e+05  1.82194e+45  4.76850e+05  1.84860e+45  4.60983e+05  2.02757e+45  1.39241e-03
 6.87677e+00  4.76850e+05  1.96015e+45  4.76850e+05  1.93504e+45  4.76850e+05  1.98316e+45  4.60983e+05  2.09983e+45  1.39241e-03
 7.10152e+00  4.76850e+05  2.07484e+45  4.76850e+05  2.05980e+45  4.76850e+05  2.12805e+45  4.60983e+05  2.18147e+45  1.39241e-03
 7.33362e+00  4.76850e+05  2.20234e+45  4.76850e+05  2.19674e+45  4.76850e+05  2.28385e+45  4.60983e+05  2.27281e+45  1.39241e-03
 7.57330e+00  4.76850e+05  2.34316e+45  4.76850e+05  2.34642e+45  4.76850e+05  2.45123e+45  4.60983e+05  2.37425e+45  1.39241e-03
 7.82082e+00  4.76850e+05  2.49790e+45  4.76850e+05  2.50946e+45  4.76850e+05  2.63086e+45  4.60983e+05  2.48619e+45  1.39241e-03
 8.07642e+00  4.76850e+05  2.66720e+45  4.76850e+05  2.68654e+45  4.76850e+05  2.82350e+45  4.60983e+05  2.60910e+45  1.39241e-03
 8.34038e+00  4.76850e+05  2.85174e+45  4.76850e+05  2.87839e+45  4.76850e+05  3.02994e+45  4.60983e+05  2.74349e+45  1.39241e-03
 8.61296e+00  4.76850e+05  3.05231e+45  4.76850e+05  3.08580e+45  4.76850e+05  3.25103e+45  4.60983e+05  2.88991e+45  1.39241e-03
 8.89446e+00  4.76850e+05  3.26973e+45  4.76850e+05  3.30963e+45  4.76850e+05  3.48770e+45  4.60983e+05  3.04898e+45  1.39241e-03
 9.18515e+00  4.76850e+05  3.50490e+45  4.76850e+05  3.55082e+45  4.76850e+05  3.74091e+45  4.60983e+05  3.22134e+45  1.39241e-03
 9.48535e+00  4.76850e+05  3.75878e+45  4.76850e+05  3.81035e+45  4.76850e+05  4.01172e+45  4.60983e+05  3.40772e+45  1.39241e-03
 9.79535e+00  4.76850e+05  4.03244e+45  4.76850e+05  4.08930e+45  4.76850e+05  4.30125e+45  4.60983e+05  3.60888e+45  1.39241e-03
 1.01155e+01  4.76850e+05  4.32701e+45  4.76850e+05  4.38883e+45  4.76850e+05  4.61070e+45  4.60983e+05  3.82566e+45  1.39241e-03
 1.04461e+01  4.76850e+05  4.64370e+45  4.76850e+05  4.71017e+45  4.76850e+05  4.94134e+45  4.60983e+05  4.05895e+45  1.39241e-03
 1.07875e+01  4.76850e+05  4.98382e+45  4.76850e+05  5.05466e+45  4.76850e+05  5.29455e+45  4.60983e+05  4.30972e+45  1.39241e-03
 1.11401e+01  4.76850e+05  5.34879e+45  4.76850e+05  5.42372e+45  4.76850e+05  5.67178e+45  4.60983e+05  4.57901e+45  1.39241e-03
 1.15041e+01  4.76850e+05  5.74011e+45  4.76850e+05  5.81887e+45  4.76850e+05  6.07461e+45  4.60983e+05  4.86793e+45  1.39241e-03
 1.18801e+01  4.76850e+05  6.15940e+45  4.76850e+05  6.24176e+45  4.76850e+05  6.50469e+45  4.60983e+05  5.17767e+45  1.39241e-03
 1.22684e+01  4.76850e+05  6.60839e+45  4.76850e+05  6.69413e+45  4.60983e+05  6.86871e+45  4.60983e+05  5.50953e+45  1.39241e-03
 1.26694e+01  4.76850e+05  7.08896e+45  4.76850e+05  7.17786e+45  4.60983e+05  7.11778e+45  4.60983e+05  5.86486e+45  1.39241e-03
 1.30834e+01  4.76850e+05  7.60308e+45  4.76850e+05  7.69494e+45  4.60983e+05  7.39842e+45  4.60983e+05  6.24515e+45  1.39241e-03
 1.35110e+01  4.76850e+05  8.15288e+45  4.76850e+05  8.24752e+45  4.60983e+05  7.71180e+45  4.60983e+05  6.65197e+45  1.39241e-03
 1.39526e+01  4.76850e+05  8.74063e+45  4.76850e+05  8.83789e+45  4.60983e+05  8.05921e+45  4.60983e+05  7.08700e+45  1.39241e-03
 1.44086e+01  4.76850e+05  9.36878e+45  4.76850e+05  9.46848e+45  4.60983e+05  8.44209e+45  4.60983e+05  7.55203e+45  1.39241e-03
 1.48795e+01  4.76850e+05  1.00399e+46  4.76850e+05  1.01419e+46  4.60983e+05  8.86202e+45  4.60983e+05  8.04900e+45  1.39241e-03
 1.53658e+01  4.76850e+05  1.07568e+46  4.76850e+05  1.08610e+46  4.60983e+05  9.32074e+45  4.60983e+05  8.57997e+45  1.39241e-03
 1.58680e+01  4.76850e+05  1.15225e+46  4.76850e+05  1.16286e+46  4.60983e+05  9.82015e+45  4.60983e+05  9.14712e+45  1.39241e-03
 1.63866e+01  4.76850e+05  1.23400e+46  4.60983e+05  1.20916e+46  4.60983e+05  1.03623e+46  4.60983e+05  9.75281e+45  1.39241e-03
 1.69222e+01  4.76850e+05  1.32128e+46  4.60983e+05  1.25479e+46  4.60983e+05  1.09495e+46  4.60983e+05  1.03995e+46  1.39241e-03
 1.74753e+01  4.60983e+05  1.38468e+46  4.60983e+05  1.30598e+46  4.60983e+05  1.15841e+46  4.60983e+05  1.10900e+46  1.39241e-03
 1.80464e+01  4.60983e+05  1.43588e+46  4.60983e+05  1.36294e+46  4.60983e+05  1.22687e+46  4.60983e+05  1.18270e+46  1.39241e-03
 1.86362e+01  4.60983e+05  1.49346e+46  4.60983e+05  1.42591e+46  4.60983e+05  1.30063e+46  4.60983e+05  1.26137e+46  1.39241e-03
 1.92453e+01  4.60983e+05  1.55763e+46  4.60983e+05  1.49514e+46  4.60983e+05  1.37998e+46  4.60983e+05  1.34532e+46  1.39241e-03
 1.98743e+01  4.60983e+05  1.62867e+46  4.60983e+05  1.57092e+46  4.60983e+05  1.46525e+46  4.60983e+05  1.43491e+46  1.39241e-03
 2.05238e+01  4.60983e+05  1.70687e+46  4.60983e+05  1.65358e+46  4.60983e+05  1.55679e+46  4.60983e+05  1.53051e+46  1.39241e-03
 2.11946e+01  4.60983e+05  1.79256e+46  4.60983e+05  1.74343e+46  4.60983e+05  1.65499e+46  4.60983e+05  1.63250e+46  1.39241e-03
 2.18873e+01  4.60983e+05  1.88609e+46  4.60983e+05  1.84087e+46  4.60983e+05  1.76026e+46  4.60983e+05  1.74133e+46  1.39241e-03
 2.26026e+01  4.60983e+05  1.98785e+46  4.60983e+05  1.94630e+46  4.60983e+05  1.87301e+46  4.60983e+05  1.85742e+46  1.39241e-03
 2.33413e+01  4.60983e+05  2.09825e+46  4.60983e+05  2.06014e+46  4.60983e+05  1.99373e+46  4.60983e+05  1.98127e+46  1.39241e-03
 2.41042e+01  4.60983e+05  2.21776e+46  4.60983e+05  2.18288e+46  4.60983e+05  2.12292e+46  4.60983e+05  2.11339e+46  1.39241e-03
 2.48920e+01  4.60983e+05  2.34687e+46  4.60983e+05  2.31501e+46  4.60983e+05  2.26110e+46  4.60983e+05  2.25433e+46  1.39241e-03
 2.57055e+01  4.60983e+05  2.48612e+46  4.60983e+05  2.45709e+46  4.60983e+05  2.40885e+46  4.60983e+05  2.40466e+46  1.39241e-03
 2.65456e+01  4.60983e+05  2.63607e+46  4.60983e+05  2.60970e+46  4.60983e+05  2.56678e+46  4.60983e+05  2.56501e+46  1.39241e-03
 2.74132e+01  4.60983e+05  2.79736e+46  4.60983e+05  2.77348e+46  4.60983e+05  2.73554e+46  4.60983e+05  2.73604e+46  1.39241e-03
 2.83091e+01  4.60983e+05  2.97064e+46  4.60983e+05  2.94910e+46  4.60983e+05  2.91584e+46  4.60983e+05  2.91847e+46  1.39241e-03
 2.92343e+01  4.60983e+05  3.15664e+46  4.60983e+05  3.13729e+46  4.60983e+05  3.10841e+46  4.60983e+05  3.11304e+46  1.39241e-03
 3.01898e+01  4.60983e+05  3.35612e+46  4.60983e+05  3.33883e+46  4.60983e+05  3.31407e+46  4.60983e+05  3.32056e+46  1.39241e-03
 3.11765e+01  4.60983e+05  3.56992e+46  4.60983e+05  3.55456e+46  4.60983e+05  3.53364e+46  4.60983e+05  3.54189e+46  1.39241e-03
 3.21954e+01  4.60983e+05  3.79891e+46  4.60983e+05  3.78535e+46  4.60983e+05  3.76806e+46  4.60983e+05  3.77795e+46  1.39241e-03
 3.32476e+01  4.60983e+05  4.04404e+46  4.60983e+05  4.03218e+46  4.60983e+05  4.01828e+46  4.60983e+05  4.02972e+46  1.39241e-03
 3.43343e+01  4.60983e+05  4.30634e+46  4.60983e+05  4.29606e+46  4.60983e+05  4.28534e+46  4.60983e+05  4.29822e+46  1.39241e-03
 3.54564e+01  4.60983e+05  4.58687e+46  4.60983e+05  4.57809e+46  4.60983e+05  4.57034e+46  4.60983e+05  4.58459e+46  1.39241e-03
 3.66152e+01  4.60983e+05  4.88681e+46  4.60983e+05  4.87943e+46  4.60983e+05  4.87447e+46  4.60983e+05  4.88999e+46  1.39241e-03
 3.78119e+01  4.60983e+05  5.20740e+46  4.60983e+05  5.20132e+46  4.60983e+05  5.19899e+46  4.60983e+05  5.21570e+46  1.39241e-03
 3.90477e+01  4.60983e+05  5.54995e+46  4.60983e+05  5.54511e+46  4.60983e+05  5.54523e+46  4.60983e+05  5.56306e+46  1.39241e-03
 4.03238e+01  4.60983e+05  5.91590e+46  4.60983e+05  5.91221e+46  4.60983e+05  5.91464e+46  4.60983e+05  5.93351e+46  1.39241e-03
 4.16417e+01  4.60983e+05  6.30675e+46  4.60983e+05  6.30414e+46  4.60983e+05  6.30873e+46  4.60983e+05  6.32859e+46  1.39241e-03
 4.30027e+01  4.60983e+05  6.72413e+46  4.60983e+05  6.72253e+46  4.60983e+05  6.72914e+46  4.60983e+05  6.74993e+46  1.39241e-03
 4.44081e+01  4.60983e+05  7.16975e+46  4.60983e+05  7.16910e+46  4.60983e+05  7.17762e+46  4.60983e+05  7.19926e+46  1.39241e-03
 4.58595e+01  4.60983e+05  7.64547e+46  4.60983e+05  7.64571e+46  4.60983e+05  7.65601e+46  4.60983e+05  7.67846e+46  1.39241e-03
 4.73583e+01  4.60983e+05  8.15324e+46  4.60983e+05  8.15432e+46  4.60983e+05  8.16629e+46  4.45643e+05  8.10230e+46  1.39241e-03
 4.89061e+01  4.60983e+05  8.69519e+46  4.60983e+05  8.69705e+46  4.60983e+05  8.71058e+46  4.45643e+05  8.37352e+46  1.39241e-03
 5.05045e+01  4.60983e+05  9.27354e+46  4.60983e+05  9.27613e+46  4.60983e+05  9.29114e+46  4.45643e+05  8.67946e+46  1.39241e-03
 5.21551e+01  4.60983e+05  9.89068e+46  4.60983e+05  9.89397e+46  4.60983e+05  9.91035e+46  4.45643e+05  9.02138e+46  1.39241e-03
 5.38597e+01  4.60983e+05  1.05492e+47  4.60983e+05  1.05531e+47  4.60983e+05  1.05708e+47  4.45643e+05  9.40072e+46  1.39241e-03
 5.56199e+01  4.60983e+05  1.12518e+47  4.60983e+05  1.12563e+47  4.60983e+05  1.12752e+47  4.45643e+05  9.81902e+46  1.39241e-03
 5.74378e+01  4.60983e+05  1.20013e+47  4.60983e+05  1.20064e+47  4.60983e+05  1.20265e+47  4.45643e+05  1.02780e+47  1.39241e-03
 5.93150e+01  4.60983e+05  1.28010e+47  4.60983e+05  1.28066e+47  4.60983e+05  1.28277e+47  4.45643e+05  1.07796e+47  1.39241e-03
 6.12535e+01  4.60983e+05  1.36540e+47  4.60983e+05  1.36602e+47  4.60983e+05  1.36823e+47  4.45643e+05  1.13259e+47  1.39241e-03
 6.32555e+01  4.60983e+05  1.45640e+47  4.60983e+05  1.45706e+47  4.60983e+05  1.45937e+47  4.45643e+05  1.19192e+47  1.39241e-03
 6.53228e+01  4.60983e+05  1.55347e+47  4.60983e+05  1.55418e+47  4.60983e+05  1.55656e+47  4.45643e+05  1.25618e+47  1.39241e-03
 6.74577e+01  4.60983e+05  1.65701e+47  4.60983e+05  1.65776e+47  4.60983e+05  1.66023e+47  4.45643e+05  1.32565e+47  1.39241e-03
 6.96624e+01  4.60983e+05  1.76745e+47  4.60983e+05  1.76823e+47  4.60983e+05  1.77078e+47  4.45643e+05  1.40061e+47  1.39241e-03
 7.19392e+01  4.60983e+05  1.88524e+47  4.60983e+05  1.88606e+47  4.60983e+05  1.88869e+47  4.45643e+05  1.48137e+47  1.39241e-03
 7.42903e+01  4.60983e+05  2.01088e+47  4.60983e+05  2.01174e+47  4.60983e+05  2.01443e+47  4.45643e+05  1.56827e+47  1.39241e-03
 7.67183e+01  4.60983e+05  2.14489e+47  4.60983e+05  2.14577e+47  4.60983e+05  2.14853e+47  4.45643e+05  1.66167e+47  1.39241e-03
 7.92257e+01  4.60983e+05  2.28781e+47  4.60983e+05  2.28872e+47  4.60983e+05  2.29154e+47  4.45643e+05  1.76195e+47  1.39241e-03
 8.18150e+01  4.60983e+05  2.44024e+47  4.60983e+05  2.44118e+47  4.60983e+05  2.44405e+47  4.45643e+05  1.86953e+47  1.39241e-03
 8.44889e+01  4.60983e+05  2.60281e+47  4.60983e+05  2.60378e+47  4.60983e+05  2.60671e+47  4.45643e+05  1.98486e+47  1.39241e-03
 8.72502e+01  4.60983e+05  2.77620e+47  4.60983e+05  2.77720e+47  4.45643e+05  2.73427e+47  4.45643e+05  2.10840e+47  1.39241e-03
 9.01018e+01  4.60983e+05  2.96112e+47  4.60983e+05  2.96214e+47  4.45643e+05  2.82735e+47  4.45643e+05  2.24068e+47  1.39241e-03
 9.30466e+01  4.60983e+05  3.15834e+47  4.60983e+05  3.15937e+47  4.45643e+05  2.93214e+47  4.45643e+05  2.38224e+47  1.39241e-03
 9.60876e+01  4.60983e+05  3.36866e+47  4.60983e+05  3.36972e+47  4.45643e+05  3.04909e+47  4.45643e+05  2.53366e+47  1.39241e-03
 9.92280e+01  4.60983e+05  3.59297e+47  4.60983e+05  3.59405e+47  4.45643e+05  3.17868e+47  4.45643e+05  2.69558e+47  1.39241e-03
 1.02471e+02  4.60983e+05  3.83220e+47  4.60983e+05  3.83329e+47  4.45643e+05  3.32145e+47  4.45643e+05  2.86866e+47  1.39241e-03
 1.05820e+02  4.60983e+05  4.08732e+47  4.60983e+05  4.08844e+47  4.45643e+05  3.47799e+47  4.45643e+05  3.05361e+47  1.39241e-03
 1.09278e+02  4.60983e+05  4.35940e+47  4.60983e+05  4.36053e+47  4.45643e+05  3.64893e+47  4.45643e+05  3.25121e+47  1.39241e-03
 1.12850e+02  4.60983e+05  4.64957e+47  4.60983e+05  4.65071e+47  4.45643e+05  3.83500e+47  4.45643e+05  3.46228e+47  1.39241e-03
 1.16538e+02  4.60983e+05  4.95902e+47  4.45643e+05  4.80757e+47  4.45643e+05  4.03697e+47  4.45643e+05  3.68767e+47  1.39241e-03
 1.20347e+02  4.60983e+05  5.28903e+47  4.45643e+05  4.97803e+47  4.45643e+05  4.25566e+47  4.45643e+05  3.92834e+47  1.39241e-03
 1.24280e+02  4.45643e+05  5.50818e+47  4.45643e+05  5.16912e+47  4.45643e+05  4.49198e+47  4.45643e+05  4.18527e+47  1.39241e-03
 1.28342e+02  4.45643e+05  5.69950e+47  4.45643e+05  5.38164e+47  4.45643e+05  4.74692e+47  4.45643e+05  4.45953e+47  1.39241e-03
 1.32537e+02  4.45643e+05  5.91444e+47  4.45643e+05  5.61647e+47  4.45643e+05  5.02152e+47  4.45643e+05  4.75225e+47  1.39241e-03
 1.36868e+02  4.45643e+05  6.15390e+47  4.45643e+05  5.87458e+47  4.45643e+05  5.31692e+47  4.45643e+05  5.06464e+47  1.39241e-03
 1.41341e+02  4.45643e+05  6.41887e+47  4.45643e+05  6.15704e+47  4.45643e+05  5.63435e+47  4.45643e+05  5.39800e+47  1.39241e-03
 1.45961e+02  4.45643e+05  6.71045e+47  4.45643e+05  6.46501e+47  4.45643e+05  5.97511e+47  4.45643e+05  5.75370e+47  1.39241e-03
 1.50731e+02  4.45643e+05  7.02984e+47  4.45643e+05  6.79978e+47  4.45643e+05  6.34063e+47  4.45643e+05  6.13323e+47  1.39241e-03
 1.55658e+02  4.45643e+05  7.37837e+47  4.45643e+05  7.16272e+47  4.45643e+05  6.73241e+47  4.45643e+05  6.53814e+47  1.39241e-03
 1.60745e+02  4.45643e+05  7.75747e+47  4.45643e+05  7.55535e+47  4.45643e+05  7.15207e+47  4.45643e+05  6.97012e+47  1.39241e-03
 1.65998e+02  4.45643e+05  8.16873e+47  4.45643e+05  7.97927e+47  4.45643e+05  7.60135e+47  4.45643e+05  7.43095e+47  1.39241e-03
 1.71424e+02  4.45643e+05  8.61382e+47  4.45643e+05  8.43626e+47  4.45643e+05  8.08211e+47  4.45643e+05  7.92254e+47  1.39241e-03
 1.77026e+02  4.45643e+05  9.09461e+47  4.45643e+05  8.92819e+47  4.45643e+05  8.59634e+47  4.45643e+05  8.44693e+47  1.39241e-03
 1.82812e+02  4.45643e+05  9.61308e+47  4.45643e+05  9.45711e+47  4.45643e+05  9.14616e+47  4.45643e+05  9.00627e+47  1.39241e-03
 1.88787e+02  4.45643e+05  1.01714e+48  4.45643e+05  1.00252e+48  4.45643e+05  9.73386e+47  4.45643e+05  9.60290e+47  1.39241e-03
 1.94957e+02  4.45643e+05  1.07718e+48  4.45643e+05  1.06348e+48  4.45643e+05  1.03619e+48  4.45643e+05  1.02393e+48  1.39241e-03
 2.01328e+02  4.45643e+05  1.14169e+48  4.45643e+05  1.12885e+48  4.45643e+05  1.10328e+48  4.45643e+05  1.09180e+48  1.39241e-03
 2.07908e+02  4.45643e+05  1.21092e+48  4.45643e+05  1.19889e+48  4.45643e+05  1.17493e+48  4.45643e+05  1.16420e+48  1.39241e-03
 2.14703e+02  4.45643e+05  1.28517e+48  4.45643e+05  1.27390e+48  4.45643e+05  1.25146e+48  4.45643e+05  1.24141e+48  1.39241e-03
 2.21720e+02  4.45643e+05  1.36474e+48  4.45643e+05  1.35418e+48  4.45643e+05  1.33316e+48  4.45643e+05  1.32376e+48  1.39241e-03
 2.28967e+02  4.45643e+05  1.44997e+48  4.45643e+05  1.44007e+48  4.45643e+05  1.42039e+48  4.45643e+05  1.41159e+48  1.39241e-03
 2.36450e+02  4.45643e+05  1.54120e+48  4.45643e+05  1.53193e+48  4.45643e+05  1.51349e+48  4.45643e+05  1.50527e+48  1.39241e-03
 2.44178e+02  4.45643e+05  1.63881e+48  4.45643e+05  1.63013e+48  4.45643e+05  1.61286e+48  4.45643e+05  1.60517e+48  1.39241e-03
 2.52158e+02  4.45643e+05  1.74321e+48  4.45643e+05  1.73507e+48  4.45643e+05  1.71890e+48  4.45643e+05  1.71172e+48  1.39241e-03
 2.60399e+02  4.45643e+05  1.85482e+48  4.45643e+05  1.84720e+48  4.45643e+05  1.83207e+48  4.45643e+05  1.82535e+48  1.39241e-03
 2.68910e+02  4.45643e+05  1.97412e+48  4.45643e+05  1.96698e+48  4.45643e+05  1.95281e+48  4.45643e+05  1.94653e+48  1.39241e-03
 2.77699e+02  4.45643e+05  2.10159e+48  4.45643e+05  2.09491e+48  4.45643e+05  2.08164e+48  4.45643e+05  2.07578e+48  1.39241e-03
 2.86774e+02  4.45643e+05  2.23776e+48  4.45643e+05  2.23151e+48  4.45643e+05  2.21909e+48  4.45643e+05  2.21361e+48  1.39241e-03
 2.96147e+02  4.45643e+05  2.38320e+48  4.45643e+05  2.37734e+48  4.45643e+05  2.36572e+48  4.45643e+05  2.36061e+48  1.39241e-03
 3.05826e+02  4.45643e+05  2.53851e+48  4.45643e+05  2.53302e+48  4.45643e+05  2.52215e+48  4.45643e+05  2.51737e+48  1.39241e-03
 3.15821e+02  4.45643e+05  2.70432e+48  4.45643e+05  2.69918e+48  4.45643e+05  2.68901e+48  4.45643e+05  2.68456e+48  1.39241e-03
 3.26143e+02  4.45643e+05  2.88133e+48  4.45643e+05  2.87652e+48  4.45643e+05  2.86701e+48  4.45643e+05  2.86285e+48  1.39241e-03
 3.36802e+02  4.45643e+05  3.07027e+48  4.45643e+05  3.06577e+48  4.45643e+05  3.05687e+48  4.45643e+05  3.05299e+48  1.39241e-03
 3.47810e+02  4.45643e+05  3.27192e+48  4.45643e+05  3.26771e+48  4.45643e+05  3.25939e+48  4.45643e+05  3.25577e+48  1.39241e-03
 3.59177e+02  4.45643e+05  3.48711e+48  4.45643e+05  3.48317e+48  4.45643e+05  3.47539e+48  4.45643e+05  3.47203e+48  1.39241e-03
 3.70916e+02  4.45643e+05  3.71674e+48  4.45643e+05  3.71306e+48  4.45643e+05  3.70578e+48  4.45643e+05  3.70265e+48  1.39241e-03
 3.83038e+02  4.45643e+05  3.96176e+48  4.45643e+05  3.95831e+48  4.45643e+05  3.95151e+48  4.45643e+05  3.94859e+48  1.39241e-03
 3.95557e+02  4.45643e+05  4.22317e+48  4.45643e+05  4.21995e+48  4.45643e+05  4.21360e+48  4.45643e+05  4.21088e+48  1.39241e-03
 4.08485e+02  4.45643e+05  4.50207e+48  4.45643e+05  4.49905e+48  4.45643e+05  4.49312e+48  4.45643e+05  4.49060e+48  1.39241e-03
 4.21835e+02  4.45643e+05  4.79960e+48  4.45643e+05  4.79678e+48  4.45643e+05  4.79124e+48  4.30814e+05  4.76145e+48  1.39241e-03
 4.35622e+02  4.45643e+05  5.11700e+48  4.45643e+05  5.11437e+48  4.45643e+05  5.10920e+48  4.30814e+05  4.91449e+48  1.39241e-03
 4.49859e+02  4.45643e+05  5.45558e+48  4.45643e+05  5.45312e+48  4.45643e+05  5.44829e+48  4.30814e+05  5.08786e+48  1.39241e-03
 4.64562e+02  4.45643e+05  5.81674e+48  4.45643e+05  5.81444e+48  4.45643e+05  5.80994e+48  4.30814e+05  5.28230e+48  1.39241e-03
 4.79745e+02  4.45643e+05  6.20198e+48  4.45643e+05  6.19983e+48  4.45643e+05  6.19564e+48  4.30814e+05  5.49859e+48  1.39241e-03
 4.95424e+02  4.45643e+05  6.61289e+48  4.45643e+05  6.61089e+48  4.45643e+05  6.60697e+48  4.30814e+05  5.73764e+48  1.39241e-03
 5.11616e+02  4.45643e+05  7.05117e+48  4.45643e+05  7.04930e+48  4.45643e+05  7.04566e+48  4.30814e+05  6.00044e+48  1.39241e-03
 5.28337e+02  4.45643e+05  7.51864e+48  4.45643e+05  7.51689e+48  4.45643e+05  7.51350e+48  4.30814e+05  6.28807e+48  1.39241e-03
 5.45604e+02  4.45643e+05  8.01723e+48  4.45643e+05  8.01560e+48  4.45643e+05  8.01244e+48  4.30814e+05  6.60172e+48  1.39241e-03
 5.63436e+02  4.45643e+05  8.54900e+48  4.45643e+05  8.54748e+48  4.45643e+05  8.54454e+48  4.30814e+05  6.94270e+48  1.39241e-03
 5.81850e+02  4.45643e+05  9.11615e+48  4.45643e+05  9.11473e+48  4.45643e+05  9.11200e+48  4.30814e+05  7.31241e+48  1.39241e-03
 6.00867e+02  4.45643e+05  9.72103e+48  4.45643e+05  9.71971e+48  4.45643e+05  9.71717e+48  4.30814e+05  7.71238e+48  1.39241e-03
 6.20505e+02  4.45643e+05  1.03662e+49  4.45643e+05  1.03649e+49  4.45643e+05  1.03626e+49  4.30814e+05  8.14427e+48  1.39241e-03
 6.40784e+02  4.45643e+05  1.10542e+49  4.45643e+05  1.10530e+49  4.45643e+05  1.10508e+49  4.30814e+05  8.60986e+48  1.39241e-03
 6.61727e+02  4.45643e+05  1.17880e+49  4.45643e+05  1.17869e+49  4.45643e+05  1.17849e+49  4.30814e+05  9.11109e+48  1.39241e-03
 6.83354e+02  4.45643e+05  1.25705e+49  4.45643e+05  1.25695e+49  4.45643e+05  1.25676e+49  4.30814e+05  9.65002e+48  1.39241e-03
 7.05688e+02  4.45643e+05  1.34051e+49  4.45643e+05  1.34042e+49  4.45643e+05  1.34024e+49  4.30814e+05  1.02289e+49  1.39241e-03
 7.28751e+02  4.45643e+05  1.42952e+49  4.45643e+05  1.42943e+49  4.45643e+05  1.42927e+49  4.30814e+05  1.08501e+49  1.39241e-03
 7.52569e+02  4.45643e+05  1.52444e+49  4.45643e+05  1.52436e+49  4.45643e+05  1.52421e+49  4.30814e+05  1.15162e+49  1.39241e-03
 7.77165e+02  4.45643e+05  1.62567e+49  4.45643e+05  1.62560e+49  4.30814e+05  1.60664e+49  4.30814e+05  1.22300e+49  1.39241e-03
 8.02565e+02  4.45643e+05  1.73363e+49  4.45643e+05  1.73357e+49  4.30814e+05  1.65918e+49  4.30814e+05  1.29943e+49  1.39241e-03
 8.28794e+02  4.45643e+05  1.84877e+49  4.45643e+05  1.84871e+49  4.30814e+05  1.71858e+49  4.30814e+05  1.38125e+49  1.39241e-03
 8.55882e+02  4.45643e+05  1.97156e+49  4.45643e+05  1.97150e+49  4.30814e+05  1.78510e+49  4.30814e+05  1.46878e+49  1.39241e-03
 8.83854e+02  4.45643e+05  2.10250e+49  4.45643e+05  2.10245e+49  4.30814e+05  1.85900e+49  4.30814e+05  1.56239e+49  1.39241e-03
 9.12741e+02  4.45643e+05  2.24215e+49  4.45643e+05  2.24210e+49  4.30814e+05  1.94060e+49  4.30814e+05  1.66247e+49  1.39241e-03
 9.42571e+02  4.45643e+05  2.39108e+49  4.45643e+05  2.39104e+49  4.30814e+05  2.03023e+49  4.30814e+05  1.76943e+49  1.39241e-03
 9.73377e+02  4.45643e+05  2.54990e+49  4.45643e+05  2.54986e+49  4.30814e+05  2.12826e+49  4.30814e+05  1.88370e+49  1.39241e-03
 1.00519e+03  4.45643e+05  2.71928e+49  4.45643e+05  2.71924e+49  4.30814e+05  2.23509e+49  4.30814e+05  2.00578e+49  1.39241e-03
 1.03804e+03  4.45643e+05  2.89991e+49  4.30814e+05  2.82317e+49  4.30814e+05  2.35118e+49  4.30814e+05  2.13616e+49  1.39241e-03
 1.07197e+03  4.45643e+05  3.09255e+49  4.30814e+05  2.91958e+49  4.30814e+05  2.47700e+49  4.30814e+05  2.27537e+49  1.39241e-03
 1.10700e+03  4.30814e+05  3.23559e+49  4.30814e+05  3.02808e+49  4.30814e+05  2.61307e+49  4.30814e+05  2.42401e+49  1.39241e-03
 1.14318e+03  4.30814e+05  3.34369e+49  4.30814e+05  3.14911e+49  4.30814e+05  2.75996e+49  4.30814e+05  2.58267e+49  1.39241e-03
 1.18054e+03  4.30814e+05  3.46563e+49  4.30814e+05  3.28317e+49  4.30814e+05  2.91826e+49  4.30814e+05  2.75202e+49  1.39241e-03
 1.21913e+03  4.30814e+05  3.60191e+49  4.30814e+05  3.43082e+49  4.30814e+05  3.08865e+49  4.30814e+05  2.93277e+49  1.39241e-03
 1.25897e+03  4.30814e+05  3.75310e+49  4.30814e+05  3.59267e+49  4.30814e+05  3.27182e+49  4.30814e+05  3.12565e+49  1.39241e-03
 1.30012e+03  4.30814e+05  3.91982e+49  4.30814e+05  3.76939e+49  4.30814e+05  3.46852e+49  4.30814e+05  3.33146e+49  1.39241e-03
 1.34261e+03  4.30814e+05  4.10277e+49  4.30814e+05  3.96170e+49  4.30814e+05  3.67958e+49  4.30814e+05  3.55106e+49  1.39241e-03
 1.38649e+03  4.30814e+05  4.30269e+49  4.30814e+05  4.17042e+49  4.30814e+05  3.90587e+49  4.30814e+05  3.78536e+49  1.39241e-03
 1.43180e+03  4.30814e+05  4.52043e+49  4.30814e+05  4.39639e+49  4.30814e+05  4.14833e+49  4.30814e+05  4.03532e+49  1.39241e-03
 1.47860e+03  4.30814e+05  4.75686e+49  4.30814e+05  4.64056e+49  4.30814e+05  4.40795e+49  4.30814e+05  4.30199e+49  1.39241e-03
 1.52692e+03  4.30814e+05  5.01299e+49  4.30814e+05  4.90393e+49  4.30814e+05  4.68581e+49  4.30814e+05  4.58646e+49  1.39241e-03
 1.57683e+03  4.30814e+05  5.28986e+49  4.30814e+05  5.18760e+49  4.30814e+05  4.98307e+49  4.30814e+05  4.88990e+49  1.39241e-03
 1.62836e+03  4.30814e+05  5.58863e+49  4.30814e+05  5.49273e+49  4.30814e+05  5.30095e+49  4.30814e+05  5.21359e+49  1.39241e-03
 1.68158e+03  4.30814e+05  5.91052e+49  4.30814e+05  5.82060e+49  4.30814e+05  5.64077e+49  4.30814e+05  5.55885e+49  1.39241e-03
 1.73654e+03  4.30814e+05  6.25687e+49  4.30814e+05  6.17256e+49  4.30814e+05  6.00393e+49  4.30814e+05  5.92712e+49  1.39241e-03
 1.79329e+03  4.30814e+05  6.62912e+49  4.30814e+05  6.55006e+49  4.30814e+05  6.39194e+49  4.30814e+05  6.31991e+49  1.39241e-03
 1.85190e+03  4.30814e+05  7.02881e+49  4.30814e+05  6.95467e+49  4.30814e+05  6.80640e+49  4.30814e+05  6.73886e+49  1.39241e-03
 1.91243e+03  4.30814e+05  7.45758e+49  4.30814e+05  7.38806e+49  4.30814e+05  7.24903e+49  4.30814e+05  7.18570e+49  1.39241e-03
 1.97493e+03  4.30814e+05  7.91721e+49  4.30814e+05  7.85202e+49  4.30814e+05  7.72166e+49  4.30814e+05  7.66228e+49  1.39241e-03
 2.03948e+03  4.30814e+05  8.40961e+49  4.30814e+05  8.34849e+49  4.30814e+05  8.22624e+49  4.30814e+05  8.17057e+49  1.39241e-03
 2.10613e+03  4.30814e+05  8.93682e+49  4.30814e+05  8.87950e+49  4.30814e+05  8.76488e+49  4.30814e+05  8.71267e+49  1.39241e-03
 2.17497e+03  4.30814e+05  9.50101e+49  4.30814e+05  9.44726e+49  4.30814e+05  9.33978e+49  4.30814e+05  9.29083e+49  1.39241e-03
 2.24605e+03  4.30814e+05  1.01045e+50  4.30814e+05  1.00541e+50  4.30814e+05  9.95333e+49  4.30814e+05  9.90743e+49  1.39241e-03
 2.31946e+03  4.30814e+05  1.07498e+50  4.30814e+05  1.07026e+50  4.30814e+05  1.06081e+50  4.30814e+05  1.05650e+50  1.39241e-03
 2.39526e+03  4.30814e+05  1.14397e+50  4.30814e+05  1.13953e+50  4.30814e+05  1.13067e+50  4.30814e+05  1.12664e+50  1.39241e-03
 2.47355e+03  4.30814e+05  1.21768e+50  4.30814e+05  1.21353e+50  4.30814e+05  1.20522e+50  4.30814e+05  1.20143e+50  1.39241e-03
 2.55439e+03  4.30814e+05  1.29644e+50  4.30814e+05  1.29254e+50  4.30814e+05  1.28475e+50  4.30814e+05  1.28120e+50  1.39241e-03
 2.63787e+03  4.30814e+05  1.38056e+50  4.30814e+05  1.37690e+50  4.30814e+05  1.36960e+50  4.30814e+05  1.36627e+50  1.39241e-03
 2.72409e+03  4.30814e+05  1.47039e+50  4.30814e+05  1.46697e+50  4.30814e+05  1.46011e+50  4.30814e+05  1.45700e+50  1.39241e-03
 2.81312e+03  4.30814e+05  1.56631e+50  4.30814e+05  1.56310e+50  4.30814e+05  1.55667e+50  4.30814e+05  1.55375e+50  1.39241e-03
 2.90506e+03  4.30814e+05  1.66871e+50  4.30814e+05  1.66570e+50  4.30814e+05  1.65968e+50  4.30814e+05  1.65693e+50  1.39241e-03
 3.00000e+03  4.30814e+05  1.77802e+50  4.30814e+05  1.77519e+50  4.30814e+05  1.76955e+50  4.30814e+05  1.76697e+50  1.39241e-03
