radius_rg T_0deg chi2_0deg T_15deg chi2_15deg T_30deg chi2_30deg T_45deg chi2_45deg nuLnusavg_last
 2.00000e-01  1.00397e+06  1.35841e+44  9.70565e+05  1.05738e+44  8.76865e+05  4.45712e+43  7.65850e+05  1.05520e+43  1.36357e-08
 2.06537e-01  9.70565e+05  1.28899e+44  9.38269e+05  1.01703e+44  8.76865e+05  4.28861e+43  7.65850e+05  9.77583e+42  1.36357e-08
 2.13287e-01  9.70565e+05  1.23076e+44  9.38269e+05  9.59834e+43  8.47687e+05  4.07497e+43  7.65850e+05  9.59961e+42  1.36357e-08
 2.20257e-01  9.38269e+05  1.19389e+44  9.38269e+05  9.25668e+43  8.47687e+05  3.80596e+43  7.40366e+05  8.66404e+42  1.36357e-08
 2.27456e-01  9.38269e+05  1.12152e+44  9.07048e+05  8.79955e+43  8.47687e+05  3.66979e+43  7.40366e+05  7.83609e+42  1.36357e-08
 2.34890e-01  9.38269e+05  1.07580e+44  9.07048e+05  8.32061e+43  8.19480e+05  3.46448e+43  7.40366e+05  7.60000e+42  1.36357e-08
 2.42567e-01  9.07048e+05  1.03297e+44  9.07048e+05  8.06672e+43  8.19480e+05  3.21928e+43  7.15730e+05  7.10403e+42  1.36357e-08
 2.50494e-01  9.07048e+05  9.71500e+43  8.76865e+05  7.57393e+43  8.19480e+05  3.10449e+43  7.15730e+05  6.17114e+42  1.36357e-08
 2.58681e-01  9.07048e+05  9.36056e+43  8.76865e+05  7.16897e+43  7.92211e+05  2.92473e+43  7.15730e+05  5.82322e+42  1.36357e-08
 2.67136e-01  8.76865e+05  8.89348e+43  8.76865e+05  6.98427e+43  7.92211e+05  2.69225e+43  6.91914e+05  5.91325e+42  1.36357e-08
 2.75866e-01  8.76865e+05  8.36552e+43  8.47687e+05  6.47665e+43  7.92211e+05  2.58801e+43  6.91914e+05  4.82074e+42  1.36357e-08
 2.84882e-01  8.76865e+05  8.09226e+43  8.47687e+05  6.12715e+43  7.65850e+05  2.45366e+43  6.91914e+05  4.30764e+42  1.36357e-08
 2.94193e-01  8.47687e+05  7.61057e+43  8.47687e+05  5.99360e+43  7.65850e+05  2.22289e+43  6.91914e+05  4.37180e+42  1.36357e-08
 3.03808e-01  8.47687e+05  7.14785e+43  8.19480e+05  5.49522e+43  7.65850e+05  2.11840e+43  6.68890e+05  3.84570e+42  1.36357e-08
 3.13737e-01  8.47687e+05  6.93481e+43  8.19480e+05  5.18306e+43  7.40366e+05  2.05241e+43  6.68890e+05  3.11185e+42  1.36357e-08
 3.23991e-01  8.19480e+05  6.46645e+43  8.19480e+05  5.08294e+43  7.40366e+05  1.81225e+43  6.68890e+05  2.95033e+42  1.36357e-08
 3.34580e-01  8.19480e+05  6.04794e+43  7.92211e+05  4.62159e+43  7.40366e+05  1.69668e+43  6.46632e+05  3.33189e+42  1.36357e-08
 3.45515e-01  8.19480e+05  5.87454e+43  7.92211e+05  4.32888e+43  7.40366e+05  1.70522e+43  6.46632e+05  2.31857e+42  1.36357e-08
 3.56807e-01  7.92211e+05  5.45174e+43  7.92211e+05  4.24470e+43  7.15730e+05  1.46480e+43  6.46632e+05  1.87429e+42  1.36357e-08
 3.68468e-01  7.92211e+05  5.05668e+43  7.65850e+05  3.85239e+43  7.15730e+05  1.32714e+43  6.46632e+05  1.99721e+42  1.36357e-08
 3.80511e-01  7.92211e+05  4.90264e+43  7.65850e+05  3.56136e+43  7.15730e+05  1.31206e+43  6.25115e+05  2.03990e+42  1.36357e-08
 3.92947e-01  7.65850e+05  4.56255e+43  7.65850e+05  3.47567e+43  6.91914e+05  1.18884e+43  6.25115e+05  1.25165e+42  1.36357e-08
 4.05790e-01  7.65850e+05  4.17029e+43  7.40366e+05  3.18937e+43  6.91914e+05  1.01779e+43  6.25115e+05  1.02802e+42  1.36357e-08
 4.19052e-01  7.65850e+05  4.01538e+43  7.40366e+05  2.88213e+43  6.91914e+05  9.68027e+42  6.25115e+05  1.36809e+42  1.36357e-08
 4.32748e-01  7.40366e+05  3.80092e+43  7.40366e+05  2.77742e+43  6.68890e+05  9.97143e+42  6.04314e+05  1.22565e+42  1.36357e-08
 4.46891e-01  7.40366e+05  3.39070e+43  7.15730e+05  2.63989e+43  6.68890e+05  7.80920e+42  6.04314e+05  5.90809e+41  1.36357e-08
 4.61496e-01  7.40366e+05  3.21460e+43  7.15730e+05  2.29828e+43  6.68890e+05  6.85013e+42  6.04314e+05  5.17861e+41  1.36357e-08
 4.76579e-01  7.15730e+05  3.17543e+43  7.15730e+05  2.15678e+43  6.68890e+05  7.09025e+42  6.04314e+05  1.00650e+42  1.36357e-08
 4.92155e-01  7.15730e+05  2.72615e+43  7.15730e+05  2.21480e+43  6.46632e+05  6.33987e+42  5.84205e+05  8.66795e+41  1.36357e-08
 5.08240e-01  7.15730e+05  2.50825e+43  6.91914e+05  1.82306e+43  6.46632e+05  4.79836e+42  5.84205e+05  3.11450e+41  1.36357e-08
 5.24851e-01  7.15730e+05  2.52081e+43  6.91914e+05  1.62654e+43  6.46632e+05  4.44754e+42  5.84205e+05  3.16840e+41  1.36357e-08
 5.42004e-01  6.91914e+05  2.19210e+43  6.91914e+05  1.62735e+43  6.46632e+05  5.28598e+42  5.84205e+05  8.82987e+41  1.36357e-08
 5.59718e-01  6.91914e+05  1.91122e+43  6.68890e+05  1.47691e+43  6.25115e+05  3.75321e+42  5.64766e+05  9.77770e+41  1.36357e-08
 5.78011e-01  6.91914e+05  1.85834e+43  6.68890e+05  1.20642e+43  6.25115e+05  2.68568e+42  5.64766e+05  4.24099e+41  1.36357e-08
 5.96902e-01  6.68890e+05  1.81233e+43  6.68890e+05  1.13151e+43  6.25115e+05  2.80010e+42  5.64766e+05  4.31629e+41  1.36357e-08
 6.16411e-01  6.68890e+05  1.44646e+43  6.68890e+05  1.25189e+43  6.04314e+05  4.01849e+42  5.64766e+05  1.00039e+42  1.36357e-08
 6.36557e-01  6.68890e+05  1.30665e+43  6.46632e+05  9.24317e+42  6.04314e+05  2.09682e+42  5.45973e+05  1.61905e+42  1.36357e-08
 6.57361e-01  6.68890e+05  1.39235e+43  6.46632e+05  7.54238e+42  6.04314e+05  1.35466e+42  5.45973e+05  9.83261e+41  1.36357e-08
 6.78845e-01  6.46632e+05  1.14648e+43  6.46632e+05  7.77881e+42  6.04314e+05  1.78895e+42  5.45973e+05  9.10988e+41  1.36357e-08
 7.01032e-01  6.46632e+05  8.97133e+42  6.25115e+05  8.18202e+42  5.84205e+05  3.06620e+42  5.45973e+05  1.40193e+42  1.36357e-08
 7.23943e-01  6.46632e+05  8.71590e+42  6.25115e+05  5.32089e+42  5.84205e+05  1.31978e+42  5.45973e+05  2.45812e+42  1.36357e-08
 7.47603e-01  6.25115e+05  1.05552e+43  6.25115e+05  4.38779e+42  5.84205e+05  7.49664e+41  5.27805e+05  2.10137e+42  1.36357e-08
 7.72037e-01  6.25115e+05  6.72359e+42  6.25115e+05  5.37886e+42  5.84205e+05  1.35349e+42  5.27805e+05  1.85898e+42  1.36357e-08
 7.97269e-01  6.25115e+05  5.12071e+42  6.04314e+05  5.13693e+42  5.84205e+05  3.13376e+42  5.27805e+05  2.18374e+42  1.36357e-08
 8.23326e-01  6.25115e+05  5.73990e+42  6.04314e+05  2.81405e+42  5.64766e+05  1.44714e+42  5.27805e+05  3.07698e+42  1.36357e-08
 8.50234e-01  6.04314e+05  6.89007e+42  6.04314e+05  2.40882e+42  5.64766e+05  8.87671e+41  5.10242e+05  3.97134e+42  1.36357e-08
 8.78022e-01  6.04314e+05  3.68322e+42  6.04314e+05  3.91957e+42  5.64766e+05  1.50271e+42  5.10242e+05  3.45627e+42  1.36357e-08
 9.06718e-01  6.04314e+05  2.69248e+42  5.84205e+05  3.67430e+42  5.64766e+05  3.29482e+42  5.10242e+05  3.51495e+42  1.36357e-08
 9.36352e-01  6.04314e+05  3.91375e+42  5.84205e+05  1.63647e+42  5.45973e+05  2.59935e+42  5.10242e+05  4.14763e+42  1.36357e-08
 9.66955e-01  5.84205e+05  5.12240e+42  5.84205e+05  1.51143e+42  5.45973e+05  1.87686e+42  5.10242e+05  5.35691e+42  1.36357e-08
 9.98557e-01  5.84205e+05  2.24623e+42  5.84205e+05  3.29864e+42  5.45973e+05  2.33298e+42  4.93264e+05  5.99597e+42  1.36357e-08
 1.03119e+00  5.84205e+05  1.58023e+42  5.64766e+05  3.84301e+42  5.45973e+05  3.96959e+42  4.93264e+05  5.67142e+42  1.36357e-08
 1.06489e+00  5.84205e+05  3.12163e+42  5.64766e+05  1.82382e+42  5.27805e+05  5.02334e+42  4.93264e+05  5.92979e+42  1.36357e-08
 1.09970e+00  5.64766e+05  5.31225e+42  5.64766e+05  1.71819e+42  5.27805e+05  3.94603e+42  4.93264e+05  6.77215e+42  1.36357e-08
 1.13564e+00  5.64766e+05  2.45740e+42  5.64766e+05  3.52567e+42  5.27805e+05  4.05588e+42  4.93264e+05  8.20198e+42  1.36357e-08
 1.17276e+00  5.64766e+05  1.81359e+42  5.45973e+05  5.85248e+42  5.27805e+05  5.35336e+42  4.76850e+05  9.09573e+42  1.36357e-08
 1.21108e+00  5.64766e+05  3.37815e+42  5.45973e+05  3.56498e+42  5.27805e+05  7.84384e+42  4.76850e+05  8.84097e+42  1.36357e-08
 1.25067e+00  5.64766e+05  7.15757e+42  5.45973e+05  3.19824e+42  5.10242e+05  7.49254e+42  4.76850e+05  9.18225e+42  1.36357e-08
 1.29154e+00  5.45973e+05  4.54034e+42  5.45973e+05  4.75075e+42  5.10242e+05  7.04350e+42  4.76850e+05  1.01210e+43  1.36357e-08
 1.33375e+00  5.45973e+05  3.59318e+42  5.45973e+05  8.22893e+42  5.10242e+05  7.79445e+42  4.76850e+05  1.16610e+43  1.36357e-08
 1.37734e+00  5.45973e+05  4.86176e+42  5.27805e+05  7.25215e+42  5.10242e+05  9.74849e+42  4.60983e+05  1.35643e+43  1.36357e-08
 1.42236e+00  5.45973e+05  8.35133e+42  5.27805e+05  6.31475e+42  5.10242e+05  1.29137e+43  4.60983e+05  1.32319e+43  1.36357e-08
 1.46884e+00  5.27805e+05  8.95612e+42  5.27805e+05  7.30949e+42  4.93264e+05  1.19054e+43  4.60983e+05  1.35137e+43  1.36357e-08
 1.51685e+00  5.27805e+05  7.34610e+42  5.27805e+05  1.02405e+43  4.93264e+05  1.18666e+43  4.60983e+05  1.44109e+43  1.36357e-08
 1.56642e+00  5.27805e+05  7.96735e+42  5.10242e+05  1.35630e+43  4.93264e+05  1.30477e+43  4.60983e+05  1.59272e+43  1.36357e-08
 1.61762e+00  5.27805e+05  1.08224e+43  5.10242e+05  1.17023e+43  4.93264e+05  1.54537e+43  4.60983e+05  1.80689e+43  1.36357e-08
 1.67049e+00  5.27805e+05  1.59232e+43  5.10242e+05  1.17960e+43  4.93264e+05  1.90945e+43  4.45643e+05  1.94281e+43  1.36357e-08
 1.72508e+00  5.10242e+05  1.38166e+43  5.10242e+05  1.38446e+43  4.76850e+05  1.84996e+43  4.45643e+05  1.94639e+43  1.36357e-08
 1.78146e+00  5.10242e+05  1.33918e+43  5.10242e+05  1.78565e+43  4.76850e+05  1.86188e+43  4.45643e+05  2.01397e+43  1.36357e-08
 1.83968e+00  5.10242e+05  1.52232e+43  4.93264e+05  2.03993e+43  4.76850e+05  1.99860e+43  4.45643e+05  2.14582e+43  1.36357e-08
 1.89981e+00  5.10242e+05  1.93185e+43  4.93264e+05  1.91875e+43  4.76850e+05  2.26067e+43  4.45643e+05  2.34250e+43  1.36357e-08
 1.96190e+00  4.93264e+05  2.42212e+43  4.93264e+05  1.99612e+43  4.76850e+05  2.64917e+43  4.45643e+05  2.60482e+43  1.36357e-08
 2.02602e+00  4.93264e+05  2.22796e+43  4.93264e+05  2.27234e+43  4.60983e+05  2.79147e+43  4.45643e+05  2.93387e+43  1.36357e-08
 2.09224e+00  4.93264e+05  2.26311e+43  4.93264e+05  2.74857e+43  4.60983e+05  2.78818e+43  4.45643e+05  3.33100e+43  1.36357e-08
 2.16062e+00  4.93264e+05  2.52771e+43  4.76850e+05  3.10701e+43  4.60983e+05  2.91351e+43  4.45643e+05  3.79786e+43  1.36357e-08
 2.23123e+00  4.93264e+05  3.02286e+43  4.76850e+05  3.00858e+43  4.60983e+05  3.16799e+43  4.30814e+05  4.16439e+43  1.36357e-08
 2.30415e+00  4.76850e+05  3.64881e+43  4.76850e+05  3.11321e+43  4.60983e+05  3.55266e+43  4.30814e+05  4.32088e+43  1.36357e-08
 2.37946e+00  4.76850e+05  3.47971e+43  4.76850e+05  3.42133e+43  4.60983e+05  4.06912e+43  4.30814e+05  4.55120e+43  1.36357e-08
 2.45723e+00  4.76850e+05  3.54510e+43  4.76850e+05  3.93420e+43  4.45643e+05  4.09421e+43  4.30814e+05  4.85630e+43  1.36357e-08
 2.53753e+00  4.76850e+05  3.84525e+43  4.76850e+05  4.65396e+43  4.45643e+05  4.16846e+43  4.30814e+05  5.23743e+43  1.36357e-08
 2.62047e+00  4.76850e+05  4.38141e+43  4.60983e+05  4.54276e+43  4.45643e+05  4.37704e+43  4.30814e+05  5.69619e+43  1.36357e-08
 2.70611e+00  4.76850e+05  5.15578e+43  4.60983e+05  4.62449e+43  4.45643e+05  4.72083e+43  4.30814e+05  6.23447e+43  1.36357e-08
 2.79455e+00  4.60983e+05  5.25854e+43  4.60983e+05  4.91595e+43  4.45643e+05  5.20123e+43  4.30814e+05  6.85449e+43  1.36357e-08
 2.88589e+00  4.60983e+05  5.29577e+43  4.60983e+05  5.41836e+43  4.45643e+05  5.82025e+43  4.30814e+05  7.55882e+43  1.36357e-08
 2.98021e+00  4.60983e+05  5.57500e+43  4.60983e+05  6.13380e+43  4.45643e+05  6.58044e+43  4.30814e+05  8.35038e+43  1.36357e-08
 3.07761e+00  4.60983e+05  6.09738e+43  4.45643e+05  6.74665e+43  4.45643e+05  7.48494e+43  4.30814e+05  9.23244e+43  1.36357e-08
 3.17819e+00  4.60983e+05  6.86509e+43  4.45643e+05  6.73858e+43  4.30814e+05  8.33395e+43  4.30814e+05  1.02087e+44  1.36357e-08
 3.28206e+00  4.45643e+05  7.82940e+43  4.45643e+05  6.94900e+43  4.30814e+05  8.60483e+43  4.30814e+05  1.12831e+44  1.36357e-08
 3.38933e+00  4.45643e+05  7.76049e+43  4.45643e+05  7.37877e+43  4.30814e+05  9.02840e+43  4.30814e+05  1.24601e+44  1.36357e-08
 3.50010e+00  4.45643e+05  7.94378e+43  4.45643e+05  8.02968e+43  4.30814e+05  9.60642e+43  4.30814e+05  1.37447e+44  1.36357e-08
 3.61449e+00  4.45643e+05  8.38003e+43  4.45643e+05  8.90443e+43  4.30814e+05  1.03413e+44  4.30814e+05  1.51420e+44  1.36357e-08
 3.73262e+00  4.45643e+05  9.07105e+43  4.45643e+05  1.00066e+44  4.30814e+05  1.12360e+44  4.30814e+05  1.66580e+44  1.36357e-08
 3.85462e+00  4.45643e+05  1.00197e+44  4.45643e+05  1.13408e+44  4.30814e+05  1.22943e+44  4.30814e+05  1.82989e+44  1.36357e-08
 3.98060e+00  4.45643e+05  1.12299e+44  4.45643e+05  1.29126e+44  4.30814e+05  1.35206e+44  4.30814e+05  2.00715e+44  1.36357e-08
 4.11069e+00  4.45643e+05  1.27067e+44  4.30814e+05  1.36222e+44  4.30814e+05  1.49200e+44  4.30814e+05  2.19830e+44  1.36357e-08
 4.24504e+00  4.45643e+05  1.44561e+44  4.30814e+05  1.41745e+44  4.30814e+05  1.64981e+44  4.30814e+05  2.40415e+44  1.36357e-08
 4.38378e+00  4.30814e+05  1.56205e+44  4.30814e+05  1.49762e+44  4.30814e+05  1.82616e+44  4.30814e+05  2.62554e+44  1.36357e-08
 4.52705e+00  4.30814e+05  1.61907e+44  4.30814e+05  1.60304e+44  4.30814e+05  2.02178e+44  4.30814e+05  2.86339e+44  1.36357e-08
 4.67501e+00  4.30814e+05  1.70481e+44  4.30814e+05  1.73416e+44  4.30814e+05  2.23747e+44  4.30814e+05  3.11869e+44  1.36357e-08
 4.82780e+00  4.30814e+05  1.81960e+44  4.30814e+05  1.89151e+44  4.30814e+05  2.47414e+44  4.30814e+05  3.39249e+44  1.36357e-08
 4.98558e+00  4.30814e+05  1.96394e+44  4.30814e+05  2.07575e+44  4.30814e+05  2.73274e+44  4.30814e+05  3.68592e+44  1.36357e-08
 5.14853e+00  4.30814e+05  2.13841e+44  4.30814e+05  2.28764e+44  4.30814e+05  3.01437e+44  4.30814e+05  4.00020e+44  1.36357e-08
 5.31679e+00  4.30814e+05  2.34374e+44  4.30814e+05  2.52806e+44  4.30814e+05  3.32018e+44  4.30814e+05  4.33663e+44  1.36357e-08
 5.49056e+00  4.30814e+05  2.58078e+44  4.30814e+05  2.79800e+44  4.30814e+05  3.65144e+44  4.30814e+05  4.69660e+44  1.36357e-08
 5.67001e+00  4.30814e+05  2.85051e+44  4.30814e+05  3.09858e+44  4.30814e+05  4.00952e+44  4.30814e+05  5.08160e+44  1.36357e-08
 5.85532e+00  4.30814e+05  3.15404e+44  4.30814e+05  3.43105e+44  4.30814e+05  4.39590e+44  4.30814e+05  5.49323e+44  1.36357e-08
 6.04668e+00  4.30814e+05  3.49264e+44  4.30814e+05  3.79677e+44  4.30814e+05  4.81218e+44  4.30814e+05  5.93318e+44  1.36357e-08
 6.24430e+00  4.30814e+05  3.86770e+44  4.30814e+05  4.19727e+44  4.30814e+05  5.26008e+44  4.30814e+05  6.40328e+44  1.36357e-08
 6.44838e+00  4.30814e+05  4.28077e+44  4.30814e+05  4.63419e+44  4.30814e+05  5.74146e+44  4.30814e+05  6.90548e+44  1.36357e-08
 6.65913e+00  4.30814e+05  4.73357e+44  4.30814e+05  5.10936e+44  4.30814e+05  6.25831e+44  4.30814e+05  7.44185e+44  1.36357e-08
 6.87677e+00  4.30814e+05  5.22796e+44  4.30814e+05  5.62473e+44  4.30814e+05  6.81277e+44  4.30814e+05  8.01461e+44  1.36357e-08
 7.10152e+00  4.30814e+05  5.76600e+44  4.30814e+05  6.18244e+44  4.30814e+05  7.40713e+44  4.30814e+05  8.62614e+44  1.36357e-08
 7.33362e+00  4.30814e+05  6.34991e+44  4.30814e+05  6.78479e+44  4.30814e+05  8.04386e+44  4.30814e+05  9.27895e+44  1.36357e-08
 7.57330e+00  4.30814e+05  6.98211e+44  4.30814e+05  7.43428e+44  4.30814e+05  8.72558e+44  4.30814e+05  9.97577e+44  1.36357e-08
 7.82082e+00  4.30814e+05  7.66521e+44  4.30814e+05  8.13360e+44  4.30814e+05  9.45512e+44  4.30814e+05  1.07195e+45  1.36357e-08
 8.07642e+00  4.30814e+05  8.40205e+44  4.30814e+05  8.88564e+44  4.30814e+05  1.02355e+45  4.30814e+05  1.15131e+45  1.36357e-08
 8.34038e+00  4.30814e+05  9.19566e+44  4.30814e+05  9.69351e+44  4.30814e+05  1.10699e+45  4.30814e+05  1.23600e+45  1.36357e-08
 8.61296e+00  4.30814e+05  1.00493e+45  4.30814e+05  1.05606e+45  4.30814e+05  1.19619e+45  4.30814e+05  1.32636e+45  1.36357e-08
 8.89446e+00  4.30814e+05  1.09666e+45  4.30814e+05  1.14904e+45  4.30814e+05  1.29151e+45  4.30814e+05  1.42277e+45  1.36357e-08
 9.18515e+00  4.30814e+05  1.19513e+45  4.30814e+05  1.24868e+45  4.30814e+05  1.39334e+45  4.30814e+05  1.52563e+45  1.36357e-08
 9.48535e+00  4.30814e+05  1.30074e+45  4.30814e+05  1.35540e+45  4.30814e+05  1.50211e+45  4.30814e+05  1.63537e+45  1.36357e-08
 9.79535e+00  4.30814e+05  1.41394e+45  4.30814e+05  1.46963e+45  4.30814e+05  1.61827e+45  4.30814e+05  1.75243e+45  1.36357e-08
 1.01155e+01  4.30814e+05  1.53519e+45  4.30814e+05  1.59185e+45  4.30814e+05  1.74230e+45  4.30814e+05  1.87730e+45  1.36357e-08
 1.04461e+01  4.30814e+05  1.66499e+45  4.30814e+05  1.72256e+45  4.30814e+05  1.87470e+45  4.30814e+05  2.01050e+45  1.36357e-08
 1.07875e+01  4.30814e+05  1.80389e+45  4.30814e+05  1.86231e+45  4.30814e+05  2.01604e+45  4.30814e+05  2.15258e+45  1.36357e-08
 1.11401e+01  4.30814e+05  1.95245e+45  4.30814e+05  2.01167e+45  4.30814e+05  2.16689e+45  4.30814e+05  2.30413e+45  1.36357e-08
 1.15041e+01  4.30814e+05  2.11129e+45  4.30814e+05  2.17126e+45  4.30814e+05  2.32788e+45  4.30814e+05  2.46577e+45  1.36357e-08
 1.18801e+01  4.30814e+05  2.28108e+45  4.30814e+05  2.34175e+45  4.30814e+05  2.49967e+45  4.30814e+05  2.63818e+45  1.36357e-08
 1.22684e+01  4.30814e+05  2.46250e+45  4.30814e+05  2.52383e+45  4.30814e+05  2.68298e+45  4.30814e+05  2.82206e+45  1.36357e-08
 1.26694e+01  4.30814e+05  2.65631e+45  4.30814e+05  2.71826e+45  4.30814e+05  2.87857e+45  4.30814e+05  3.01819e+45  1.36357e-08
 1.30834e+01  4.30814e+05  2.86332e+45  4.30814e+05  2.92585e+45  4.30814e+05  3.08724e+45  4.30814e+05  3.22736e+45  1.36357e-08
 1.35110e+01  4.30814e+05  3.08438e+45  4.30814e+05  3.14745e+45  4.30814e+05  3.30985e+45  4.30814e+05  3.45045e+45  1.36357e-08
 1.39526e+01  4.30814e+05  3.32040e+45  4.30814e+05  3.38398e+45  4.30814e+05  3.54733e+45  4.30814e+05  3.68838e+45  1.36357e-08
 1.44086e+01  4.30814e+05  3.57237e+45  4.30814e+05  3.63643e+45  4.30814e+05  3.80067e+45  4.30814e+05  3.94213e+45  1.36357e-08
 1.48795e+01  4.30814e+05  3.84132e+45  4.30814e+05  3.90583e+45  4.30814e+05  4.07090e+45  4.30814e+05  4.21275e+45  1.36357e-08
 1.53658e+01  4.30814e+05  4.12837e+45  4.30814e+05  4.19330e+45  4.30814e+05  4.35915e+45  4.30814e+05  4.50137e+45  1.36357e-08
 1.58680e+01  4.30814e+05  4.43471e+45  4.30814e+05  4.50002e+45  4.30814e+05  4.66662e+45  4.30814e+05  4.80918e+45  1.36357e-08
 1.63866e+01  4.30814e+05  4.76159e+45  4.30814e+05  4.82728e+45  4.30814e+05  4.99456e+45  4.30814e+05  5.13745e+45  1.36357e-08
 1.69222e+01  4.30814e+05  5.11039e+45  4.30814e+05  5.17642e+45  4.30814e+05  5.34435e+45  4.16479e+05  5.35802e+45  1.36357e-08
 1.74753e+01  4.30814e+05  5.48254e+45  4.30814e+05  5.54890e+45  4.30814e+05  5.71743e+45  4.16479e+05  5.53903e+45  1.36357e-08
 1.80464e+01  4.30814e+05  5.87957e+45  4.30814e+05  5.94624e+45  4.30814e+05  6.11533e+45  4.16479e+05  5.74353e+45  1.36357e-08
 1.86362e+01  4.30814e+05  6.30314e+45  4.30814e+05  6.37009e+45  4.30814e+05  6.53972e+45  4.16479e+05  5.97235e+45  1.36357e-08
 1.92453e+01  4.30814e+05  6.75499e+45  4.30814e+05  6.82221e+45  4.30814e+05  6.99234e+45  4.16479e+05  6.22645e+45  1.36357e-08
 1.98743e+01  4.30814e+05  7.23701e+45  4.30814e+05  7.30447e+45  4.30814e+05  7.47507e+45  4.16479e+05  6.50688e+45  1.36357e-08
 2.05238e+01  4.30814e+05  7.75117e+45  4.30814e+05  7.81887e+45  4.30814e+05  7.98991e+45  4.16479e+05  6.81480e+45  1.36357e-08
 2.11946e+01  4.30814e+05  8.29961e+45  4.30814e+05  8.36753e+45  4.30814e+05  8.53898e+45  4.16479e+05  7.15148e+45  1.36357e-08
 2.18873e+01  4.30814e+05  8.88460e+45  4.30814e+05  8.95273e+45  4.30814e+05  9.12457e+45  4.16479e+05  7.51831e+45  1.36357e-08
 2.26026e+01  4.30814e+05  9.50856e+45  4.30814e+05  9.57688e+45  4.30814e+05  9.74908e+45  4.16479e+05  7.91682e+45  1.36357e-08
 2.33413e+01  4.30814e+05  1.01741e+46  4.30814e+05  1.02426e+46  4.16479e+05  1.02511e+46  4.16479e+05  8.34865e+45  1.36357e-08
 2.41042e+01  4.30814e+05  1.08839e+46  4.30814e+05  1.09526e+46  4.16479e+05  1.05903e+46  4.16479e+05  8.81559e+45  1.36357e-08
 2.48920e+01  4.30814e+05  1.16409e+46  4.30814e+05  1.17098e+46  4.16479e+05  1.09745e+46  4.16479e+05  9.31957e+45  1.36357e-08
 2.57055e+01  4.30814e+05  1.24484e+46  4.30814e+05  1.25174e+46  4.16479e+05  1.14053e+46  4.16479e+05  9.86268e+45  1.36357e-08
 2.65456e+01  4.30814e+05  1.33095e+46  4.30814e+05  1.33787e+46  4.16479e+05  1.18845e+46  4.16479e+05  1.04472e+46  1.36357e-08
 2.74132e+01  4.30814e+05  1.42280e+46  4.30814e+05  1.42972e+46  4.16479e+05  1.24141e+46  4.16479e+05  1.10755e+46  1.36357e-08
 2.83091e+01  4.30814e+05  1.52075e+46  4.30814e+05  1.52769e+46  4.16479e+05  1.29961e+46  4.16479e+05  1.17501e+46  1.36357e-08
 2.92343e+01  4.30814e+05  1.62521e+46  4.16479e+05  1.61445e+46  4.16479e+05  1.36332e+46  4.16479e+05  1.24740e+46  1.36357e-08
 3.01898e+01  4.30814e+05  1.73663e+46  4.16479e+05  1.66716e+46  4.16479e+05  1.43278e+46  4.16479e+05  1.32500e+46  1.36357e-08
 3.11765e+01  4.16479e+05  1.85099e+46  4.16479e+05  1.72696e+46  4.16479e+05  1.50829e+46  4.16479e+05  1.40815e+46  1.36357e-08
 3.21954e+01  4.16479e+05  1.90996e+46  4.16479e+05  1.79410e+46  4.16479e+05  1.59016e+46  4.16479e+05  1.49718e+46  1.36357e-08
 3.32476e+01  4.16479e+05  1.97705e+46  4.16479e+05  1.86886e+46  4.16479e+05  1.67873e+46  4.16479e+05  1.59245e+46  1.36357e-08
 3.43343e+01  4.16479e+05  2.05255e+46  4.16479e+05  1.95154e+46  4.16479e+05  1.77436e+46  4.16479e+05  1.69438e+46  1.36357e-08
 3.54564e+01  4.16479e+05  2.13676e+46  4.16479e+05  2.04249e+46  4.16479e+05  1.87745e+46  4.16479e+05  1.80337e+46  1.36357e-08
 3.66152e+01  4.16479e+05  2.23003e+46  4.16479e+05  2.14208e+46  4.16479e+05  1.98843e+46  4.16479e+05  1.91989e+46  1.36357e-08
 3.78119e+01  4.16479e+05  2.33276e+46  4.16479e+05  2.25072e+46  4.16479e+05  2.10775e+46  4.16479e+05  2.04440e+46  1.36357e-08
 3.90477e+01  4.16479e+05  2.44535e+46  4.16479e+05  2.36887e+46  4.16479e+05  2.23592e+46  4.16479e+05  2.17743e+46  1.36357e-08
 4.03238e+01  4.16479e+05  2.56829e+46  4.16479e+05  2.49702e+46  4.16479e+05  2.37345e+46  4.16479e+05  2.31953e+46  1.36357e-08
 4.16417e+01  4.16479e+05  2.70208e+46  4.16479e+05  2.63569e+46  4.16479e+05  2.52092e+46  4.16479e+05  2.47128e+46  1.36357e-08
 4.30027e+01  4.16479e+05  2.84726e+46  4.16479e+05  2.78546e+46  4.16479e+05  2.67895e+46  4.16479e+05  2.63332e+46  1.36357e-08
 4.44081e+01  4.16479e+05  3.00446e+46  4.16479e+05  2.94694e+46  4.16479e+05  2.84817e+46  4.16479e+05  2.80631e+46  1.36357e-08
 4.58595e+01  4.16479e+05  3.17430e+46  4.16479e+05  3.12081e+46  4.16479e+05  3.02931e+46  4.16479e+05  2.99097e+46  1.36357e-08
 4.73583e+01  4.16479e+05  3.35750e+46  4.16479e+05  3.30779e+46  4.16479e+05  3.22309e+46  4.16479e+05  3.18806e+46  1.36357e-08
 4.89061e+01  4.16479e+05  3.55482e+46  4.16479e+05  3.50865e+46  4.16479e+05  3.43033e+46  4.16479e+05  3.39841e+46  1.36357e-08
 5.05045e+01  4.16479e+05  3.76707e+46  4.16479e+05  3.72422e+46  4.16479e+05  3.65189e+46  4.16479e+05  3.62287e+46  1.36357e-08
 5.21551e+01  4.16479e+05  3.99513e+46  4.16479e+05  3.95539e+46  4.16479e+05  3.88867e+46  4.16479e+05  3.86238e+46  1.36357e-08
 5.38597e+01  4.16479e+05  4.23994e+46  4.16479e+05  4.20312e+46  4.16479e+05  4.14167e+46  4.16479e+05  4.11794e+46  1.36357e-08
 5.56199e+01  4.16479e+05  4.50252e+46  4.16479e+05  4.46844e+46  4.16479e+05  4.41192e+46  4.16479e+05  4.39059e+46  1.36357e-08
 5.74378e+01  4.16479e+05  4.78396e+46  4.16479e+05  4.75244e+46  4.16479e+05  4.70055e+46  4.16479e+05  4.68146e+46  1.36357e-08
 5.93150e+01  4.16479e+05  5.08541e+46  4.16479e+05  5.05630e+46  4.16479e+05  5.00875e+46  4.16479e+05  4.99177e+46  1.36357e-08
 6.12535e+01  4.16479e+05  5.40812e+46  4.16479e+05  5.38128e+46  4.16479e+05  5.33779e+46  4.16479e+05  5.32279e+46  1.36357e-08
 6.32555e+01  4.16479e+05  5.75344e+46  4.16479e+05  5.72871e+46  4.16479e+05  5.68904e+46  4.16479e+05  5.67590e+46  1.36357e-08
 6.53228e+01  4.16479e+05  6.12279e+46  4.16479e+05  6.10004e+46  4.16479e+05  6.06395e+46  4.16479e+05  6.05255e+46  1.36357e-08
 6.74577e+01  4.16479e+05  6.51770e+46  4.16479e+05  6.49681e+46  4.16479e+05  6.46408e+46  4.16479e+05  6.45430e+46  1.36357e-08
 6.96624e+01  4.16479e+05  6.93980e+46  4.16479e+05  6.92066e+46  4.16479e+05  6.89107e+46  4.16479e+05  6.88283e+46  1.36357e-08
 7.19392e+01  4.16479e+05  7.39084e+46  4.16479e+05  7.37334e+46  4.16479e+05  7.34670e+46  4.16479e+05  7.33989e+46  1.36357e-08
 7.42903e+01  4.16479e+05  7.87269e+46  4.16479e+05  7.85672e+46  4.16479e+05  7.83285e+46  4.16479e+05  7.82738e+46  1.36357e-08
 7.67183e+01  4.16479e+05  8.38734e+46  4.16479e+05  8.37281e+46  4.16479e+05  8.35153e+46  4.16479e+05  8.34732e+46  1.36357e-08
 7.92257e+01  4.16479e+05  8.93692e+46  4.16479e+05  8.92374e+46  4.16479e+05  8.90489e+46  4.16479e+05  8.90187e+46  1.36357e-08
 8.18150e+01  4.16479e+05  9.52371e+46  4.16479e+05  9.51179e+46  4.16479e+05  9.49522e+46  4.16479e+05  9.49331e+46  1.36357e-08
 8.44889e+01  4.16479e+05  1.01501e+47  4.16479e+05  1.01394e+47  4.16479e+05  1.01250e+47  4.16479e+05  1.01241e+47  1.36357e-08
 8.72502e+01  4.16479e+05  1.08188e+47  4.16479e+05  1.08092e+47  4.16479e+05  1.07967e+47  4.16479e+05  1.07968e+47  1.36357e-08
 9.01018e+01  4.16479e+05  1.15324e+47  4.16479e+05  1.15238e+47  4.16479e+05  1.15133e+47  4.16479e+05  1.15143e+47  1.36357e-08
 9.30466e+01  4.16479e+05  1.22940e+47  4.16479e+05  1.22864e+47  4.16479e+05  1.22776e+47  4.16479e+05  1.22795e+47  1.36357e-08
 9.60876e+01  4.16479e+05  1.31067e+47  4.16479e+05  1.31000e+47  4.16479e+05  1.30929e+47  4.16479e+05  1.30955e+47  1.36357e-08
 9.92280e+01  4.16479e+05  1.39738e+47  4.16479e+05  1.39680e+47  4.16479e+05  1.39624e+47  4.16479e+05  1.39659e+47  1.36357e-08
 1.02471e+02  4.16479e+05  1.48990e+47  4.16479e+05  1.48940e+47  4.16479e+05  1.48899e+47  4.16479e+05  1.48940e+47  1.36357e-08
 1.05820e+02  4.16479e+05  1.58861e+47  4.16479e+05  1.58818e+47  4.16479e+05  1.58791e+47  4.16479e+05  1.58839e+47  1.36357e-08
 1.09278e+02  4.16479e+05  1.69391e+47  4.16479e+05  1.69356e+47  4.16479e+05  1.69341e+47  4.16479e+05  1.69395e+47  1.36357e-08
 1.12850e+02  4.16479e+05  1.80625e+47  4.16479e+05  1.80596e+47  4.16479e+05  1.80593e+47  4.16479e+05  1.80653e+47  1.36357e-08
 1.16538e+02  4.16479e+05  1.92608e+47  4.16479e+05  1.92586e+47  4.16479e+05  1.92594e+47  4.16479e+05  1.92660e+47  1.36357e-08
 1.20347e+02  4.16479e+05  2.05391e+47  4.16479e+05  2.05374e+47  4.16479e+05  2.05393e+47  4.16479e+05  2.05464e+47  1.36357e-08
 1.24280e+02  4.16479e+05  2.19026e+47  4.16479e+05  2.19014e+47  4.16479e+05  2.19043e+47  4.16479e+05  2.19119e+47  1.36357e-08
 1.28342e+02  4.16479e+05  2.33569e+47  4.16479e+05  2.33563e+47  4.16479e+05  2.33601e+47  4.16479e+05  2.33681e+47  1.36357e-08
 1.32537e+02  4.16479e+05  2.49081e+47  4.16479e+05  2.49080e+47  4.16479e+05  2.49127e+47  4.16479e+05  2.49211e+47  1.36357e-08
 1.36868e+02  4.16479e+05  2.65627e+47  4.16479e+05  2.65630e+47  4.16479e+05  2.65685e+47  4.16479e+05  2.65773e+47  1.36357e-08
 1.41341e+02  4.16479e+05  2.83273e+47  4.16479e+05  2.83281e+47  4.16479e+05  2.83343e+47  4.16479e+05  2.83435e+47  1.36357e-08
 1.45961e+02  4.16479e+05  3.02095e+47  4.16479e+05  3.02106e+47  4.16479e+05  3.02176e+47  4.16479e+05  3.02271e+47  1.36357e-08
 1.50731e+02  4.16479e+05  3.22168e+47  4.16479e+05  3.22183e+47  4.16479e+05  3.22260e+47  4.16479e+05  3.22359e+47  1.36357e-08
 1.55658e+02  4.16479e+05  3.43577e+47  4.16479e+05  3.43596e+47  4.16479e+05  3.43679e+47  4.16479e+05  3.43781e+47  1.36357e-08
 1.60745e+02  4.16479e+05  3.66411e+47  4.16479e+05  3.66433e+47  4.16479e+05  3.66521e+47  4.16479e+05  3.66626e+47  1.36357e-08
 1.65998e+02  4.16479e+05  3.90763e+47  4.16479e+05  3.90788e+47  4.16479e+05  3.90882e+47  4.16479e+05  3.90989e+47  1.36357e-08
 1.71424e+02  4.16479e+05  4.16734e+47  4.16479e+05  4.16762e+47  4.16479e+05  4.16861e+47  4.16479e+05  4.16971e+47  1.36357e-08
 1.77026e+02  4.16479e+05  4.44432e+47  4.16479e+05  4.44462e+47  4.16479e+05  4.44567e+47  4.16479e+05  4.44679e+47  1.36357e-08
 1.82812e+02  4.16479e+05  4.73971e+47  4.16479e+05  4.74004e+47  4.16479e+05  4.74113e+47  4.02620e+05  4.73382e+47  1.36357e-08
 1.88787e+02  4.16479e+05  5.05474e+47  4.16479e+05  5.05510e+47  4.16479e+05  5.05623e+47  4.02620e+05  4.87633e+47  1.36357e-08
 1.94957e+02  4.16479e+05  5.39072e+47  4.16479e+05  5.39109e+47  4.16479e+05  5.39227e+47  4.02620e+05  5.03903e+47  1.36357e-08
 2.01328e+02  4.16479e+05  5.74902e+47  4.16479e+05  5.74942e+47  4.16479e+05  5.75063e+47  4.02620e+05  5.22259e+47  1.36357e-08
 2.07908e+02  4.16479e+05  6.13114e+47  4.16479e+05  6.13156e+47  4.16479e+05  6.13280e+47  4.02620e+05  5.42776e+47  1.36357e-08
 2.14703e+02  4.16479e+05  6.53865e+47  4.16479e+05  6.53909e+47  4.16479e+05  6.54037e+47  4.02620e+05  5.65541e+47  1.36357e-08
 2.21720e+02  4.16479e+05  6.97325e+47  4.16479e+05  6.97370e+47  4.16479e+05  6.97501e+47  4.02620e+05  5.90646e+47  1.36357e-08
 2.28967e+02  4.16479e+05  7.43672e+47  4.16479e+05  7.43719e+47  4.16479e+05  7.43853e+47  4.02620e+05  6.18197e+47  1.36357e-08
 2.36450e+02  4.16479e+05  7.93100e+47  4.16479e+05  7.93148e+47  4.16479e+05  7.93285e+47  4.02620e+05  6.48306e+47  1.36357e-08
 2.44178e+02  4.16479e+05  8.45812e+47  4.16479e+05  8.45862e+47  4.16479e+05  8.46001e+47  4.02620e+05  6.81099e+47  1.36357e-08
 2.52158e+02  4.16479e+05  9.02026e+47  4.16479e+05  9.02077e+47  4.16479e+05  9.02219e+47  4.02620e+05  7.16711e+47  1.36357e-08
 2.60399e+02  4.16479e+05  9.61976e+47  4.16479e+05  9.62028e+47  4.02620e+05  9.36598e+47  4.02620e+05  7.55290e+47  1.36357e-08
 2.68910e+02  4.16479e+05  1.02591e+48  4.16479e+05  1.02596e+48  4.02620e+05  9.67000e+47  4.02620e+05  7.96995e+47  1.36357e-08
 2.77699e+02  4.16479e+05  1.09409e+48  4.16479e+05  1.09414e+48  4.02620e+05  1.00140e+48  4.02620e+05  8.41999e+47  1.36357e-08
 2.86774e+02  4.16479e+05  1.16680e+48  4.16479e+05  1.16686e+48  4.02620e+05  1.03995e+48  4.02620e+05  8.90488e+47  1.36357e-08
 2.96147e+02  4.16479e+05  1.24434e+48  4.16479e+05  1.24440e+48  4.02620e+05  1.08281e+48  4.02620e+05  9.42663e+47  1.36357e-08
 3.05826e+02  4.16479e+05  1.32704e+48  4.16479e+05  1.32709e+48  4.02620e+05  1.13015e+48  4.02620e+05  9.98740e+47  1.36357e-08
 3.15821e+02  4.16479e+05  1.41522e+48  4.16479e+05  1.41528e+48  4.02620e+05  1.18216e+48  4.02620e+05  1.05895e+48  1.36357e-08
 3.26143e+02  4.16479e+05  1.50927e+48  4.02620e+05  1.47704e+48  4.02620e+05  1.23907e+48  4.02620e+05  1.12354e+48  1.36357e-08
 3.36802e+02  4.16479e+05  1.60957e+48  4.02620e+05  1.52425e+48  4.02620e+05  1.30111e+48  4.02620e+05  1.19279e+48  1.36357e-08
 3.47810e+02  4.02620e+05  1.69370e+48  4.02620e+05  1.57776e+48  4.02620e+05  1.36853e+48  4.02620e+05  1.26697e+48  1.36357e-08
 3.59177e+02  4.02620e+05  1.74652e+48  4.02620e+05  1.63780e+48  4.02620e+05  1.44162e+48  4.02620e+05  1.34639e+48  1.36357e-08
 3.70916e+02  4.02620e+05  1.80656e+48  4.02620e+05  1.70463e+48  4.02620e+05  1.52068e+48  4.02620e+05  1.43139e+48  1.36357e-08
 3.83038e+02  4.02620e+05  1.87409e+48  4.02620e+05  1.77851e+48  4.02620e+05  1.60603e+48  4.02620e+05  1.52231e+48  1.36357e-08
 3.95557e+02  4.02620e+05  1.94937e+48  4.02620e+05  1.85975e+48  4.02620e+05  1.69802e+48  4.02620e+05  1.61953e+48  1.36357e-08
 4.08485e+02  4.02620e+05  2.03273e+48  4.02620e+05  1.94869e+48  4.02620e+05  1.79705e+48  4.02620e+05  1.72346e+48  1.36357e-08
 4.21835e+02  4.02620e+05  2.12449e+48  4.02620e+05  2.04570e+48  4.02620e+05  1.90351e+48  4.02620e+05  1.83452e+48  1.36357e-08
 4.35622e+02  4.02620e+05  2.22506e+48  4.02620e+05  2.15117e+48  4.02620e+05  2.01786e+48  4.02620e+05  1.95317e+48  1.36357e-08
 4.49859e+02  4.02620e+05  2.33483e+48  4.02620e+05  2.26555e+48  4.02620e+05  2.14055e+48  4.02620e+05  2.07990e+48  1.36357e-08
 4.64562e+02  4.02620e+05  2.45426e+48  4.02620e+05  2.38931e+48  4.02620e+05  2.27211e+48  4.02620e+05  2.21524e+48  1.36357e-08
 4.79745e+02  4.02620e+05  2.58386e+48  4.02620e+05  2.52295e+48  4.02620e+05  2.41307e+48  4.02620e+05  2.35975e+48  1.36357e-08
 4.95424e+02  4.02620e+05  2.72415e+48  4.02620e+05  2.66704e+48  4.02620e+05  2.56401e+48  4.02620e+05  2.51403e+48  1.36357e-08
 5.11616e+02  4.02620e+05  2.87572e+48  4.02620e+05  2.82217e+48  4.02620e+05  2.72557e+48  4.02620e+05  2.67871e+48  1.36357e-08
 5.28337e+02  4.02620e+05  3.03919e+48  4.02620e+05  2.98898e+48  4.02620e+05  2.89841e+48  4.02620e+05  2.85448e+48  1.36357e-08
 5.45604e+02  4.02620e+05  3.21524e+48  4.02620e+05  3.16817e+48  4.02620e+05  3.08325e+48  4.02620e+05  3.04206e+48  1.36357e-08
 5.63436e+02  4.02620e+05  3.40460e+48  4.02620e+05  3.36046e+48  4.02620e+05  3.28084e+48  4.02620e+05  3.24223e+48  1.36357e-08
 5.81850e+02  4.02620e+05  3.60805e+48  4.02620e+05  3.56667e+48  4.02620e+05  3.49202e+48  4.02620e+05  3.45582e+48  1.36357e-08
 6.00867e+02  4.02620e+05  3.82644e+48  4.02620e+05  3.78763e+48  4.02620e+05  3.71765e+48  4.02620e+05  3.68372e+48  1.36357e-08
 6.20505e+02  4.02620e+05  4.06066e+48  4.02620e+05  4.02428e+48  4.02620e+05  3.95866e+48  4.02620e+05  3.92685e+48  1.36357e-08
 6.40784e+02  4.02620e+05  4.31169e+48  4.02620e+05  4.27758e+48  4.02620e+05  4.21606e+48  4.02620e+05  4.18624e+48  1.36357e-08
 6.61727e+02  4.02620e+05  4.58056e+48  4.02620e+05  4.54858e+48  4.02620e+05  4.49091e+48  4.02620e+05  4.46296e+48  1.36357e-08
 6.83354e+02  4.02620e+05  4.86840e+48  4.02620e+05  4.83841e+48  4.02620e+05  4.78434e+48  4.02620e+05  4.75814e+48  1.36357e-08
 7.05688e+02  4.02620e+05  5.17638e+48  4.02620e+05  5.14827e+48  4.02620e+05  5.09758e+48  4.02620e+05  5.07302e+48  1.36357e-08
 7.28751e+02  4.02620e+05  5.50579e+48  4.02620e+05  5.47943e+48  4.02620e+05  5.43191e+48  4.02620e+05  5.40889e+48  1.36357e-08
 7.52569e+02  4.02620e+05  5.85799e+48  4.02620e+05  5.83328e+48  4.02620e+05  5.78873e+48  4.02620e+05  5.76715e+48  1.36357e-08
 7.77165e+02  4.02620e+05  6.23443e+48  4.02620e+05  6.21126e+48  4.02620e+05  6.16950e+48  4.02620e+05  6.14927e+48  1.36357e-08
 8.02565e+02  4.02620e+05  6.63667e+48  4.02620e+05  6.61495e+48  4.02620e+05  6.57580e+48  4.02620e+05  6.55685e+48  1.36357e-08
 8.28794e+02  4.02620e+05  7.06638e+48  4.02620e+05  7.04602e+48  4.02620e+05  7.00932e+48  4.02620e+05  6.99156e+48  1.36357e-08
 8.55882e+02  4.02620e+05  7.52534e+48  4.02620e+05  7.50626e+48  4.02620e+05  7.47185e+48  4.02620e+05  7.45520e+48  1.36357e-08
 8.83854e+02  4.02620e+05  8.01545e+48  4.02620e+05  7.99755e+48  4.02620e+05  7.96530e+48  4.02620e+05  7.94970e+48  1.36357e-08
 9.12741e+02  4.02620e+05  8.53872e+48  4.02620e+05  8.52195e+48  4.02620e+05  8.49172e+48  4.02620e+05  8.47710e+48  1.36357e-08
 9.42571e+02  4.02620e+05  9.09734e+48  4.02620e+05  9.08162e+48  4.02620e+05  9.05328e+48  4.02620e+05  9.03958e+48  1.36357e-08
 9.73377e+02  4.02620e+05  9.69361e+48  4.02620e+05  9.67887e+48  4.02620e+05  9.65231e+48  4.02620e+05  9.63947e+48  1.36357e-08
 1.00519e+03  4.02620e+05  1.03300e+49  4.02620e+05  1.03162e+49  4.02620e+05  1.02913e+49  4.02620e+05  1.02793e+49  1.36357e-08
 1.03804e+03  4.02620e+05  1.10091e+49  4.02620e+05  1.09962e+49  4.02620e+05  1.09729e+49  4.02620e+05  1.09616e+49  1.36357e-08
 1.07197e+03  4.02620e+05  1.17338e+49  4.02620e+05  1.17217e+49  4.02620e+05  1.16998e+49  4.02620e+05  1.16893e+49  1.36357e-08
 1.10700e+03  4.02620e+05  1.25071e+49  4.02620e+05  1.24957e+49  4.02620e+05  1.24752e+49  4.02620e+05  1.24653e+49  1.36357e-08
 1.14318e+03  4.02620e+05  1.33321e+49  4.02620e+05  1.33215e+49  4.02620e+05  1.33023e+49  4.02620e+05  1.32930e+49  1.36357e-08
 1.18054e+03  4.02620e+05  1.42123e+49  4.02620e+05  1.42023e+49  4.02620e+05  1.41843e+49  4.02620e+05  1.41757e+49  1.36357e-08
 1.21913e+03  4.02620e+05  1.51514e+49  4.02620e+05  1.51420e+49  4.02620e+05  1.51251e+49  4.02620e+05  1.51170e+49  1.36357e-08
 1.25897e+03  4.02620e+05  1.61531e+49  4.02620e+05  1.61443e+49  4.02620e+05  1.61285e+49  4.02620e+05  1.61209e+49  1.36357e-08
 1.30012e+03  4.02620e+05  1.72217e+49  4.02620e+05  1.72134e+49  4.02620e+05  1.71986e+49  4.02620e+05  1.71915e+49  1.36357e-08
 1.34261e+03  4.02620e+05  1.83615e+49  4.02620e+05  1.83538e+49  4.02620e+05  1.83399e+49  4.02620e+05  1.83333e+49  1.36357e-08
 1.38649e+03  4.02620e+05  1.95774e+49  4.02620e+05  1.95701e+49  4.02620e+05  1.95571e+49  4.02620e+05  1.95509e+49  1.36357e-08
 1.43180e+03  4.02620e+05  2.08742e+49  4.02620e+05  2.08675e+49  4.02620e+05  2.08553e+49  4.02620e+05  2.08494e+49  1.36357e-08
 1.47860e+03  4.02620e+05  2.22575e+49  4.02620e+05  2.22511e+49  4.02620e+05  2.22397e+49  4.02620e+05  2.22343e+49  1.36357e-08
 1.52692e+03  4.02620e+05  2.37329e+49  4.02620e+05  2.37269e+49  4.02620e+05  2.37162e+49  4.02620e+05  2.37111e+49  1.36357e-08
 1.57683e+03  4.02620e+05  2.53064e+49  4.02620e+05  2.53009e+49  4.02620e+05  2.52909e+49  4.02620e+05  2.52861e+49  1.36357e-08
 1.62836e+03  4.02620e+05  2.69848e+49  4.02620e+05  2.69795e+49  4.02620e+05  2.69702e+49  4.02620e+05  2.69657e+49  1.36357e-08
 1.68158e+03  4.02620e+05  2.87748e+49  4.02620e+05  2.87699e+49  4.02620e+05  2.87611e+49  4.02620e+05  2.87569e+49  1.36357e-08
 1.73654e+03  4.02620e+05  3.06839e+49  4.02620e+05  3.06793e+49  4.02620e+05  3.06710e+49  4.02620e+05  3.06671e+49  1.36357e-08
 1.79329e+03  4.02620e+05  3.27199e+49  4.02620e+05  3.27156e+49  4.02620e+05  3.27079e+49  4.02620e+05  3.27043e+49  1.36357e-08
 1.85190e+03  4.02620e+05  3.48914e+49  4.02620e+05  3.48874e+49  4.02620e+05  3.48802e+49  4.02620e+05  3.48767e+49  1.36357e-08
 1.91243e+03  4.02620e+05  3.72073e+49  4.02620e+05  3.72035e+49  4.02620e+05  3.71968e+49  4.02620e+05  3.71936e+49  1.36357e-08
 1.97493e+03  4.02620e+05  3.96771e+49  4.02620e+05  3.96736e+49  4.02620e+05  3.96673e+49  4.02620e+05  3.96643e+49  1.36357e-08
 2.03948e+03  4.02620e+05  4.23112e+49  4.02620e+05  4.23079e+49  4.02620e+05  4.23020e+49  4.02620e+05  4.22992e+49  1.36357e-08
 2.10613e+03  4.02620e+05  4.51204e+49  4.02620e+05  4.51173e+49  4.02620e+05  4.51118e+49  4.02620e+05  4.51091e+49  1.36357e-08
 2.17497e+03  4.02620e+05  4.81163e+49  4.02620e+05  4.81134e+49  4.02620e+05  4.81082e+49  4.02620e+05  4.81058e+49  1.36357e-08
 2.24605e+03  4.02620e+05  5.13113e+49  4.02620e+05  5.13086e+49  4.02620e+05  5.13038e+49  3.89223e+05  5.00954e+49  1.36357e-08
 2.31946e+03  4.02620e+05  5.47187e+49  4.02620e+05  5.47162e+49  4.02620e+05  5.47116e+49  3.89223e+05  5.16615e+49  1.36357e-08
 2.39526e+03  4.02620e+05  5.83526e+49  4.02620e+05  5.83502e+49  4.02620e+05  5.83459e+49  3.89223e+05  5.34413e+49  1.36357e-08
 2.47355e+03  4.02620e+05  6.22279e+49  4.02620e+05  6.22257e+49  4.02620e+05  6.22217e+49  3.89223e+05  5.54423e+49  1.36357e-08
 2.55439e+03  4.02620e+05  6.63608e+49  4.02620e+05  6.63587e+49  4.02620e+05  6.63550e+49  3.89223e+05  5.76727e+49  1.36357e-08
 2.63787e+03  4.02620e+05  7.07682e+49  4.02620e+05  7.07663e+49  4.02620e+05  7.07628e+49  3.89223e+05  6.01418e+49  1.36357e-08
 2.72409e+03  4.02620e+05  7.54686e+49  4.02620e+05  7.54668e+49  4.02620e+05  7.54636e+49  3.89223e+05  6.28598e+49  1.36357e-08
 2.81312e+03  4.02620e+05  8.04813e+49  4.02620e+05  8.04796e+49  4.02620e+05  8.04766e+49  3.89223e+05  6.58379e+49  1.36357e-08
 2.90506e+03  4.02620e+05  8.58271e+49  4.02620e+05  8.58255e+49  4.02620e+05  8.58227e+49  3.89223e+05  6.90886e+49  1.36357e-08
 3.00000e+03  4.02620e+05  9.15280e+49  4.02620e+05  9.15265e+49  4.02620e+05  9.15239e+49  3.89223e+05  7.26251e+49  1.36357e-08
