radius_rg T_0deg chi2_0deg T_15deg chi2_15deg T_30deg chi2_30deg T_45deg chi2_45deg nuLnusavg_last
 2.00000e-01  1.14951e+06  3.66066e+44  1.11126e+06  2.87439e+44  1.00397e+06  1.13830e+44  7.65850e+05  8.69186e+42  9.36851e-15
 2.06537e-01  1.11126e+06  3.52395e+44  1.07428e+06  2.78231e+44  9.70565e+05  1.07106e+44  7.65850e+05  8.50458e+42  9.36851e-15
 2.13287e-01  1.11126e+06  3.35125e+44  1.07428e+06  2.62990e+44  9.70565e+05  1.01816e+44  7.40366e+05  7.72037e+42  9.36851e-15
 2.20257e-01  1.11126e+06  3.23748e+44  1.07428e+06  2.52739e+44  9.38269e+05  9.84484e+43  7.40366e+05  6.91753e+42  9.36851e-15
 2.27456e-01  1.07428e+06  3.07311e+44  1.03853e+06  2.41402e+44  9.38269e+05  9.16915e+43  7.40366e+05  6.67133e+42  9.36851e-15
 2.34890e-01  1.07428e+06  2.94118e+44  1.03853e+06  2.29355e+44  9.38269e+05  8.75697e+43  7.15730e+05  6.31290e+42  9.36851e-15
 2.42567e-01  1.03853e+06  2.82859e+44  1.03853e+06  2.22160e+44  9.07048e+05  8.37024e+43  7.15730e+05  5.40820e+42  9.36851e-15
 2.50494e-01  1.03853e+06  2.67617e+44  1.00397e+06  2.08882e+44  9.07048e+05  7.79512e+43  7.15730e+05  5.05391e+42  9.36851e-15
 2.58681e-01  1.03853e+06  2.57989e+44  1.00397e+06  1.99600e+44  9.07048e+05  7.47783e+43  7.15730e+05  5.24856e+42  9.36851e-15
 2.67136e-01  1.00397e+06  2.44531e+44  9.70565e+05  1.91624e+44  8.76865e+05  7.06342e+43  6.91914e+05  4.20337e+42  9.36851e-15
 2.75866e-01  1.00397e+06  2.32517e+44  9.70565e+05  1.80053e+44  8.76865e+05  6.56701e+43  6.91914e+05  3.69035e+42  9.36851e-15
 2.84882e-01  9.70565e+05  2.25217e+44  9.70565e+05  1.73130e+44  8.76865e+05  6.32334e+43  6.91914e+05  3.72062e+42  9.36851e-15
 2.94193e-01  9.70565e+05  2.10580e+44  9.38269e+05  1.63881e+44  8.47687e+05  5.90717e+43  6.68890e+05  3.36296e+42  9.36851e-15
 3.03808e-01  9.70565e+05  2.01321e+44  9.38269e+05  1.54386e+44  8.47687e+05  5.46812e+43  6.68890e+05  2.63835e+42  9.36851e-15
 3.13737e-01  9.38269e+05  1.92595e+44  9.38269e+05  1.49432e+44  8.47687e+05  5.27726e+43  6.68890e+05  2.45268e+42  9.36851e-15
 3.23991e-01  9.38269e+05  1.80386e+44  9.07048e+05  1.39235e+44  8.19480e+05  4.88939e+43  6.68890e+05  2.80519e+42  9.36851e-15
 3.34580e-01  9.38269e+05  1.73430e+44  9.07048e+05  1.31431e+44  8.19480e+05  4.48668e+43  6.46632e+05  1.97921e+42  9.36851e-15
 3.45515e-01  9.07048e+05  1.63659e+44  9.07048e+05  1.28073e+44  8.19480e+05  4.32810e+43  6.46632e+05  1.52312e+42  9.36851e-15
 3.56807e-01  9.07048e+05  1.53429e+44  8.76865e+05  1.17309e+44  7.92211e+05  4.00344e+43  6.46632e+05  1.60136e+42  9.36851e-15
 3.68468e-01  9.07048e+05  1.48341e+44  8.76865e+05  1.10823e+44  7.92211e+05  3.61616e+43  6.25115e+05  1.82327e+42  9.36851e-15
 3.80511e-01  8.76865e+05  1.37966e+44  8.47687e+05  1.07650e+44  7.92211e+05  3.46941e+43  6.25115e+05  1.03807e+42  9.36851e-15
 3.92947e-01  8.76865e+05  1.29282e+44  8.47687e+05  9.78092e+43  7.65850e+05  3.24850e+43  6.25115e+05  7.85190e+41  9.36851e-15
 4.05790e-01  8.76865e+05  1.25639e+44  8.47687e+05  9.22756e+43  7.65850e+05  2.85565e+43  6.25115e+05  1.06358e+42  9.36851e-15
 4.19052e-01  8.47687e+05  1.15176e+44  8.19480e+05  8.97054e+43  7.65850e+05  2.70019e+43  6.04314e+05  1.13884e+42  9.36851e-15
 4.32748e-01  8.47687e+05  1.07614e+44  8.19480e+05  8.05294e+43  7.40366e+05  2.63021e+43  6.04314e+05  4.92564e+41  9.36851e-15
 4.46891e-01  8.47687e+05  1.05004e+44  8.19480e+05  7.55895e+43  7.40366e+05  2.21048e+43  6.04314e+05  3.76355e+41  9.36851e-15
 4.61496e-01  8.19480e+05  9.50490e+43  7.92211e+05  7.42334e+43  7.40366e+05  2.02545e+43  6.04314e+05  7.89729e+41  9.36851e-15
 4.76579e-01  8.19480e+05  8.81916e+43  7.92211e+05  6.53562e+43  7.40366e+05  2.07437e+43  5.84205e+05  9.02982e+41  9.36851e-15
 4.92155e-01  8.19480e+05  8.62057e+43  7.92211e+05  6.06522e+43  7.15730e+05  1.69301e+43  5.84205e+05  3.24982e+41  9.36851e-15
 5.08240e-01  7.92211e+05  7.74535e+43  7.92211e+05  6.01019e+43  7.15730e+05  1.45701e+43  5.84205e+05  2.76352e+41  9.36851e-15
 5.24851e-01  7.92211e+05  7.08856e+43  7.65850e+05  5.22750e+43  7.15730e+05  1.45261e+43  5.84205e+05  7.56890e+41  9.36851e-15
 5.42004e-01  7.92211e+05  6.91175e+43  7.65850e+05  4.74476e+43  6.91914e+05  1.32385e+43  5.64766e+05  1.13763e+42  9.36851e-15
 5.59718e-01  7.65850e+05  6.23732e+43  7.65850e+05  4.67193e+43  6.91914e+05  1.01461e+43  5.64766e+05  5.53063e+41  9.36851e-15
 5.78011e-01  7.65850e+05  5.56776e+43  7.40366e+05  4.13813e+43  6.91914e+05  9.35130e+42  5.64766e+05  4.98812e+41  9.36851e-15
 5.96902e-01  7.65850e+05  5.37189e+43  7.40366e+05  3.60656e+43  6.91914e+05  1.08509e+43  5.64766e+05  9.74650e+41  9.36851e-15
 6.16411e-01  7.40366e+05  4.99198e+43  7.40366e+05  3.48019e+43  6.68890e+05  7.27369e+42  5.45973e+05  1.91221e+42  9.36851e-15
 6.36557e-01  7.40366e+05  4.26729e+43  7.15730e+05  3.28951e+43  6.68890e+05  5.49913e+42  5.45973e+05  1.23985e+42  9.36851e-15
 6.57361e-01  7.40366e+05  4.01091e+43  7.15730e+05  2.67161e+43  6.68890e+05  6.00298e+42  5.45973e+05  1.10065e+42  9.36851e-15
 6.78845e-01  7.15730e+05  4.03503e+43  7.15730e+05  2.45505e+43  6.46632e+05  6.35982e+42  5.45973e+05  1.49403e+42  9.36851e-15
 7.01032e-01  7.15730e+05  3.21165e+43  7.15730e+05  2.63892e+43  6.46632e+05  3.35992e+42  5.45973e+05  2.42161e+42  9.36851e-15
 7.23943e-01  7.15730e+05  2.85221e+43  6.91914e+05  1.97487e+43  6.46632e+05  2.62958e+42  5.27805e+05  2.50957e+42  9.36851e-15
 7.47603e-01  7.15730e+05  2.95523e+43  6.91914e+05  1.63001e+43  6.46632e+05  4.16575e+42  5.27805e+05  2.19707e+42  9.36851e-15
 7.72037e-01  6.91914e+05  2.44163e+43  6.91914e+05  1.68217e+43  6.25115e+05  3.46265e+42  5.27805e+05  2.42169e+42  9.36851e-15
 7.97269e-01  6.91914e+05  1.93489e+43  6.68890e+05  1.56796e+43  6.25115e+05  1.23843e+42  5.27805e+05  3.18436e+42  9.36851e-15
 8.23326e-01  6.91914e+05  1.88681e+43  6.68890e+05  1.05460e+43  6.25115e+05  1.27498e+42  5.27805e+05  4.48822e+42  9.36851e-15
 8.50234e-01  6.68890e+05  2.01743e+43  6.68890e+05  9.35885e+42  6.25115e+05  3.57245e+42  5.10242e+05  3.98644e+42  9.36851e-15
 8.78022e-01  6.68890e+05  1.31667e+43  6.68890e+05  1.21132e+43  6.04314e+05  2.50813e+42  5.10242e+05  3.94339e+42  9.36851e-15
 9.06718e-01  6.68890e+05  1.07200e+43  6.46632e+05  7.97886e+42  6.04314e+05  7.66105e+41  5.10242e+05  4.44469e+42  9.36851e-15
 9.36352e-01  6.68890e+05  1.28242e+43  6.46632e+05  4.66401e+42  6.04314e+05  1.28290e+42  5.10242e+05  5.49240e+42  9.36851e-15
 9.66955e-01  6.46632e+05  1.07809e+43  6.46632e+05  5.27121e+42  6.04314e+05  4.06064e+42  4.93264e+05  6.79355e+42  9.36851e-15
 9.98557e-01  6.46632e+05  5.88120e+42  6.25115e+05  9.53572e+42  5.84205e+05  3.50650e+42  4.93264e+05  6.36464e+42  9.36851e-15
 1.03119e+00  6.46632e+05  5.51236e+42  6.25115e+05  3.63549e+42  5.84205e+05  1.93751e+42  4.93264e+05  6.49009e+42  9.36851e-15
 1.06489e+00  6.46632e+05  9.67286e+42  6.25115e+05  1.65306e+42  5.84205e+05  2.63217e+42  4.93264e+05  7.17042e+42  9.36851e-15
 1.09970e+00  6.25115e+05  5.39914e+42  6.25115e+05  3.58023e+42  5.84205e+05  5.59337e+42  4.93264e+05  8.40846e+42  9.36851e-15
 1.13564e+00  6.25115e+05  2.04233e+42  6.04314e+05  7.47560e+42  5.64766e+05  6.64964e+42  4.76850e+05  1.01863e+43  9.36851e-15
 1.17276e+00  6.25115e+05  3.20049e+42  6.04314e+05  2.41090e+42  5.64766e+05  4.92019e+42  4.76850e+05  9.79258e+42  9.36851e-15
 1.21108e+00  6.25115e+05  8.87840e+42  6.04314e+05  1.25893e+42  5.64766e+05  5.46675e+42  4.76850e+05  9.96737e+42  9.36851e-15
 1.25067e+00  6.04314e+05  3.75773e+42  6.04314e+05  4.01493e+42  5.64766e+05  8.29157e+42  4.76850e+05  1.07114e+43  9.36851e-15
 1.29154e+00  6.04314e+05  1.36088e+42  5.84205e+05  9.08236e+42  5.45973e+05  1.23705e+43  4.76850e+05  1.20279e+43  9.36851e-15
 1.33375e+00  6.04314e+05  3.47617e+42  5.84205e+05  4.31107e+42  5.45973e+05  1.01111e+43  4.76850e+05  1.39221e+43  9.36851e-15
 1.37734e+00  6.04314e+05  1.01124e+43  5.84205e+05  3.46037e+42  5.45973e+05  1.01491e+43  4.60983e+05  1.46371e+43  9.36851e-15
 1.42236e+00  5.84205e+05  5.87098e+42  5.84205e+05  6.52675e+42  5.45973e+05  1.24848e+43  4.60983e+05  1.47109e+43  9.36851e-15
 1.46884e+00  5.84205e+05  3.81973e+42  5.84205e+05  1.35229e+43  5.45973e+05  1.71279e+43  4.60983e+05  1.53735e+43  9.36851e-15
 1.51685e+00  5.84205e+05  6.29081e+42  5.64766e+05  9.64927e+42  5.27805e+05  1.82280e+43  4.60983e+05  1.66278e+43  9.36851e-15
 1.56642e+00  5.84205e+05  1.32944e+43  5.64766e+05  8.52910e+42  5.27805e+05  1.73469e+43  4.60983e+05  1.84790e+43  9.36851e-15
 1.61762e+00  5.64766e+05  1.21122e+43  5.64766e+05  1.13470e+43  5.27805e+05  1.87932e+43  4.60983e+05  2.09347e+43  9.36851e-15
 1.67049e+00  5.64766e+05  9.74387e+42  5.64766e+05  1.81146e+43  5.27805e+05  2.25729e+43  4.45643e+05  2.14574e+43  9.36851e-15
 1.72508e+00  5.64766e+05  1.19224e+43  5.45973e+05  1.91466e+43  5.27805e+05  2.87017e+43  4.45643e+05  2.18398e+43  9.36851e-15
 1.78146e+00  5.64766e+05  1.86568e+43  5.45973e+05  1.71251e+43  5.10242e+05  2.81783e+43  4.45643e+05  2.28405e+43  9.36851e-15
 1.83968e+00  5.45973e+05  2.33311e+43  5.45973e+05  1.90772e+43  5.10242e+05  2.82642e+43  4.45643e+05  2.44638e+43  9.36851e-15
 1.89981e+00  5.45973e+05  1.99117e+43  5.45973e+05  2.50110e+43  5.10242e+05  3.07227e+43  4.45643e+05  2.67163e+43  9.36851e-15
 1.96190e+00  5.45973e+05  2.10812e+43  5.27805e+05  3.40955e+43  5.10242e+05  3.55639e+43  4.45643e+05  2.96074e+43  9.36851e-15
 2.02602e+00  5.45973e+05  2.68445e+43  5.27805e+05  3.04509e+43  5.10242e+05  4.28080e+43  4.30814e+05  3.16502e+43  9.36851e-15
 2.09224e+00  5.45973e+05  3.72254e+43  5.27805e+05  3.08351e+43  4.93264e+05  4.26167e+43  4.30814e+05  3.21030e+43  9.36851e-15
 2.16062e+00  5.27805e+05  3.57360e+43  5.27805e+05  3.52497e+43  4.93264e+05  4.31932e+43  4.30814e+05  3.32167e+43  9.36851e-15
 2.23123e+00  5.27805e+05  3.50807e+43  5.27805e+05  4.37129e+43  4.93264e+05  4.62041e+43  4.30814e+05  3.49958e+43  9.36851e-15
 2.30415e+00  5.27805e+05  3.90770e+43  5.10242e+05  5.05131e+43  4.93264e+05  5.16619e+43  4.30814e+05  3.74478e+43  9.36851e-15
 2.37946e+00  5.27805e+05  4.77416e+43  5.10242e+05  4.85004e+43  4.93264e+05  5.95891e+43  4.30814e+05  4.05828e+43  9.36851e-15
 2.45723e+00  5.10242e+05  5.95694e+43  5.10242e+05  5.05912e+43  4.76850e+05  6.26701e+43  4.30814e+05  4.44138e+43  9.36851e-15
 2.53753e+00  5.10242e+05  5.61248e+43  5.10242e+05  5.67940e+43  4.76850e+05  6.31515e+43  4.16479e+05  4.82021e+43  9.36851e-15
 2.62047e+00  5.10242e+05  5.74189e+43  5.10242e+05  6.71347e+43  4.76850e+05  6.61499e+43  4.16479e+05  4.90160e+43  9.36851e-15
 2.70611e+00  5.10242e+05  6.34572e+43  4.93264e+05  7.51505e+43  4.76850e+05  7.16777e+43  4.16479e+05  5.05609e+43  9.36851e-15
 2.79455e+00  5.10242e+05  7.42646e+43  4.93264e+05  7.39286e+43  4.76850e+05  7.97578e+43  4.16479e+05  5.28430e+43  9.36851e-15
 2.88589e+00  4.93264e+05  8.78197e+43  4.93264e+05  7.69153e+43  4.76850e+05  9.04236e+43  4.16479e+05  5.58718e+43  9.36851e-15
 2.98021e+00  4.93264e+05  8.52600e+43  4.93264e+05  8.41231e+43  4.60983e+05  9.03984e+43  4.16479e+05  5.96599e+43  9.36851e-15
 3.07761e+00  4.93264e+05  8.75597e+43  4.93264e+05  9.55818e+43  4.60983e+05  9.26393e+43  4.16479e+05  6.42229e+43  9.36851e-15
 3.17819e+00  4.93264e+05  9.47282e+43  4.76850e+05  1.10067e+44  4.60983e+05  9.75193e+43  4.16479e+05  6.95797e+43  9.36851e-15
 3.28206e+00  4.93264e+05  1.06795e+44  4.76850e+05  1.08601e+44  4.60983e+05  1.05059e+44  4.16479e+05  7.57525e+43  9.36851e-15
 3.38933e+00  4.93264e+05  1.23811e+44  4.76850e+05  1.11486e+44  4.60983e+05  1.15288e+44  4.02620e+05  8.09807e+43  9.36851e-15
 3.50010e+00  4.76850e+05  1.25347e+44  4.76850e+05  1.18736e+44  4.60983e+05  1.28251e+44  4.02620e+05  8.30257e+43  9.36851e-15
 3.61449e+00  4.76850e+05  1.27491e+44  4.76850e+05  1.30380e+44  4.45643e+05  1.30122e+44  4.02620e+05  8.59423e+43  9.36851e-15
 3.73262e+00  4.76850e+05  1.34670e+44  4.76850e+05  1.46467e+44  4.45643e+05  1.33322e+44  4.02620e+05  8.97426e+43  9.36851e-15
 3.85462e+00  4.76850e+05  1.46912e+44  4.60983e+05  1.56605e+44  4.45643e+05  1.39329e+44  4.02620e+05  9.44423e+43  9.36851e-15
 3.98060e+00  4.76850e+05  1.64268e+44  4.60983e+05  1.58073e+44  4.45643e+05  1.48169e+44  4.02620e+05  1.00061e+44  9.36851e-15
 4.11069e+00  4.60983e+05  1.81198e+44  4.60983e+05  1.64097e+44  4.45643e+05  1.59878e+44  4.02620e+05  1.06622e+44  9.36851e-15
 4.24504e+00  4.60983e+05  1.81651e+44  4.60983e+05  1.74704e+44  4.45643e+05  1.74504e+44  4.02620e+05  1.14152e+44  9.36851e-15
 4.38378e+00  4.60983e+05  1.87363e+44  4.60983e+05  1.89936e+44  4.30814e+05  1.88466e+44  4.02620e+05  1.22682e+44  9.36851e-15
 4.52705e+00  4.60983e+05  1.98356e+44  4.60983e+05  2.09857e+44  4.30814e+05  1.91334e+44  4.02620e+05  1.32248e+44  9.36851e-15
 4.67501e+00  4.60983e+05  2.14676e+44  4.45643e+05  2.24688e+44  4.30814e+05  1.97250e+44  4.02620e+05  1.42890e+44  9.36851e-15
 4.82780e+00  4.60983e+05  2.36392e+44  4.45643e+05  2.27659e+44  4.30814e+05  2.06237e+44  4.02620e+05  1.54651e+44  9.36851e-15
 4.98558e+00  4.45643e+05  2.59451e+44  4.45643e+05  2.35475e+44  4.30814e+05  2.18334e+44  4.02620e+05  1.67579e+44  9.36851e-15
 5.14853e+00  4.45643e+05  2.61563e+44  4.45643e+05  2.48168e+44  4.30814e+05  2.33590e+44  4.02620e+05  1.81730e+44  9.36851e-15
 5.31679e+00  4.45643e+05  2.69263e+44  4.45643e+05  2.65790e+44  4.30814e+05  2.52068e+44  3.89223e+05  1.89993e+44  9.36851e-15
 5.49056e+00  4.45643e+05  2.82584e+44  4.45643e+05  2.88416e+44  4.30814e+05  2.73846e+44  3.89223e+05  1.96472e+44  9.36851e-15
 5.67001e+00  4.45643e+05  3.01580e+44  4.45643e+05  3.16138e+44  4.16479e+05  2.87618e+44  3.89223e+05  2.04291e+44  9.36851e-15
 5.85532e+00  4.45643e+05  3.26332e+44  4.30814e+05  3.28441e+44  4.16479e+05  2.94487e+44  3.89223e+05  2.13484e+44  9.36851e-15
 6.04668e+00  4.45643e+05  3.56940e+44  4.30814e+05  3.35871e+44  4.16479e+05  3.04830e+44  3.89223e+05  2.24088e+44  9.36851e-15
 6.24430e+00  4.30814e+05  3.78111e+44  4.30814e+05  3.48593e+44  4.16479e+05  3.18691e+44  3.89223e+05  2.36148e+44  9.36851e-15
 6.44838e+00  4.30814e+05  3.85252e+44  4.30814e+05  3.66660e+44  4.16479e+05  3.36126e+44  3.89223e+05  2.49713e+44  9.36851e-15
 6.65913e+00  4.30814e+05  3.98493e+44  4.30814e+05  3.90148e+44  4.16479e+05  3.57208e+44  3.89223e+05  2.64840e+44  9.36851e-15
 6.87677e+00  4.30814e+05  4.17890e+44  4.30814e+05  4.19153e+44  4.16479e+05  3.82023e+44  3.89223e+05  2.81590e+44  9.36851e-15
 7.10152e+00  4.30814e+05  4.43523e+44  4.30814e+05  4.53796e+44  4.16479e+05  4.10676e+44  3.89223e+05  3.00034e+44  9.36851e-15
 7.33362e+00  4.30814e+05  4.75498e+44  4.30814e+05  4.94219e+44  4.16479e+05  4.43283e+44  3.89223e+05  3.20248e+44  9.36851e-15
 7.57330e+00  4.30814e+05  5.13947e+44  4.16479e+05  5.03376e+44  4.02620e+05  4.79866e+44  3.89223e+05  3.42315e+44  9.36851e-15
 7.82082e+00  4.30814e+05  5.59030e+44  4.16479e+05  5.18065e+44  4.02620e+05  4.91100e+44  3.89223e+05  3.66327e+44  9.36851e-15
 8.07642e+00  4.16479e+05  5.78251e+44  4.16479e+05  5.38801e+44  4.02620e+05  5.06622e+44  3.89223e+05  3.92383e+44  9.36851e-15
 8.34038e+00  4.16479e+05  5.93573e+44  4.16479e+05  5.65669e+44  4.02620e+05  5.26496e+44  3.89223e+05  4.20590e+44  9.36851e-15
 8.61296e+00  4.16479e+05  6.15859e+44  4.16479e+05  5.98781e+44  4.02620e+05  5.50805e+44  3.89223e+05  4.51067e+44  9.36851e-15
 8.89446e+00  4.16479e+05  6.45200e+44  4.16479e+05  6.38274e+44  4.02620e+05  5.79650e+44  3.89223e+05  4.83938e+44  9.36851e-15
 9.18515e+00  4.16479e+05  6.81717e+44  4.16479e+05  6.84311e+44  4.02620e+05  6.13148e+44  3.89223e+05  5.19340e+44  9.36851e-15
 9.48535e+00  4.16479e+05  7.25562e+44  4.16479e+05  7.37083e+44  4.02620e+05  6.51440e+44  3.89223e+05  5.57419e+44  9.36851e-15
 9.79535e+00  4.16479e+05  7.76916e+44  4.16479e+05  7.96807e+44  4.02620e+05  6.94683e+44  3.89223e+05  5.98333e+44  9.36851e-15
 1.01155e+01  4.16479e+05  8.35992e+44  4.02620e+05  8.39769e+44  4.02620e+05  7.43057e+44  3.89223e+05  6.42251e+44  9.36851e-15
 1.04461e+01  4.16479e+05  9.03035e+44  4.02620e+05  8.62655e+44  4.02620e+05  7.96762e+44  3.89223e+05  6.89355e+44  9.36851e-15
 1.07875e+01  4.02620e+05  9.64683e+44  4.02620e+05  8.93015e+44  4.02620e+05  8.56019e+44  3.89223e+05  7.39840e+44  9.36851e-15
 1.11401e+01  4.02620e+05  9.89088e+44  4.02620e+05  9.30973e+44  4.02620e+05  9.21075e+44  3.89223e+05  7.93915e+44  9.36851e-15
 1.15041e+01  4.02620e+05  1.02209e+45  4.02620e+05  9.76686e+44  4.02620e+05  9.92199e+44  3.89223e+05  8.51803e+44  9.36851e-15
 1.18801e+01  4.02620e+05  1.06383e+45  4.02620e+05  1.03034e+45  4.02620e+05  1.06968e+45  3.89223e+05  9.13745e+44  9.36851e-15
 1.22684e+01  4.02620e+05  1.11448e+45  4.02620e+05  1.09217e+45  3.89223e+05  1.13578e+45  3.89223e+05  9.79996e+44  9.36851e-15
 1.26694e+01  4.02620e+05  1.17425e+45  4.02620e+05  1.16242e+45  3.89223e+05  1.17091e+45  3.89223e+05  1.05083e+45  9.36851e-15
 1.30834e+01  4.02620e+05  1.24339e+45  4.02620e+05  1.24138e+45  3.89223e+05  1.21313e+45  3.89223e+05  1.12654e+45  9.36851e-15
 1.35110e+01  4.02620e+05  1.32218e+45  4.02620e+05  1.32938e+45  3.89223e+05  1.26264e+45  3.89223e+05  1.20744e+45  9.36851e-15
 1.39526e+01  4.02620e+05  1.41094e+45  4.02620e+05  1.42678e+45  3.89223e+05  1.31962e+45  3.89223e+05  1.29387e+45  9.36851e-15
 1.44086e+01  4.02620e+05  1.51005e+45  4.02620e+05  1.53400e+45  3.89223e+05  1.38432e+45  3.89223e+05  1.38618e+45  9.36851e-15
 1.48795e+01  4.02620e+05  1.61992e+45  4.02620e+05  1.65146e+45  3.89223e+05  1.45700e+45  3.89223e+05  1.48476e+45  9.36851e-15
 1.53658e+01  4.02620e+05  1.74100e+45  4.02620e+05  1.77966e+45  3.89223e+05  1.53797e+45  3.89223e+05  1.59000e+45  9.36851e-15
 1.58680e+01  4.02620e+05  1.87379e+45  4.02620e+05  1.91913e+45  3.89223e+05  1.62757e+45  3.89223e+05  1.70236e+45  9.36851e-15
 1.63866e+01  4.02620e+05  2.01884e+45  3.89223e+05  1.99447e+45  3.89223e+05  1.72615e+45  3.89223e+05  1.82229e+45  9.36851e-15
 1.69222e+01  4.02620e+05  2.17675e+45  3.89223e+05  2.06094e+45  3.89223e+05  1.83413e+45  3.89223e+05  1.95028e+45  9.36851e-15
 1.74753e+01  3.89223e+05  2.28693e+45  3.89223e+05  2.13984e+45  3.89223e+05  1.95196e+45  3.89223e+05  2.08688e+45  9.36851e-15
 1.80464e+01  3.89223e+05  2.36034e+45  3.89223e+05  2.23151e+45  3.89223e+05  2.08012e+45  3.89223e+05  2.23264e+45  9.36851e-15
 1.86362e+01  3.89223e+05  2.44803e+45  3.89223e+05  2.33631e+45  3.89223e+05  2.21914e+45  3.89223e+05  2.38817e+45  9.36851e-15
 1.92453e+01  3.89223e+05  2.55036e+45  3.89223e+05  2.45468e+45  3.89223e+05  2.36961e+45  3.89223e+05  2.55411e+45  9.36851e-15
 1.98743e+01  3.89223e+05  2.66774e+45  3.89223e+05  2.58711e+45  3.89223e+05  2.53213e+45  3.76271e+05  2.70250e+45  9.36851e-15
 2.05238e+01  3.89223e+05  2.80067e+45  3.89223e+05  2.73416e+45  3.89223e+05  2.70740e+45  3.76271e+05  2.78407e+45  9.36851e-15
 2.11946e+01  3.89223e+05  2.94970e+45  3.89223e+05  2.89642e+45  3.89223e+05  2.89612e+45  3.76271e+05  2.87769e+45  9.36851e-15
 2.18873e+01  3.89223e+05  3.11545e+45  3.89223e+05  3.07457e+45  3.89223e+05  3.09908e+45  3.76271e+05  2.98375e+45  9.36851e-15
 2.26026e+01  3.89223e+05  3.29859e+45  3.89223e+05  3.26935e+45  3.89223e+05  3.31712e+45  3.76271e+05  3.10268e+45  9.36851e-15
 2.33413e+01  3.89223e+05  3.49989e+45  3.89223e+05  3.48156e+45  3.89223e+05  3.55115e+45  3.76271e+05  3.23498e+45  9.36851e-15
 2.41042e+01  3.89223e+05  3.72018e+45  3.89223e+05  3.71208e+45  3.89223e+05  3.80213e+45  3.76271e+05  3.38120e+45  9.36851e-15
 2.48920e+01  3.89223e+05  3.96037e+45  3.89223e+05  3.96186e+45  3.89223e+05  4.07110e+45  3.76271e+05  3.54194e+45  9.36851e-15
 2.57055e+01  3.89223e+05  4.22146e+45  3.89223e+05  4.23195e+45  3.89223e+05  4.35918e+45  3.76271e+05  3.71787e+45  9.36851e-15
 2.65456e+01  3.89223e+05  4.50453e+45  3.89223e+05  4.52345e+45  3.89223e+05  4.66754e+45  3.76271e+05  3.90971e+45  9.36851e-15
 2.74132e+01  3.89223e+05  4.81075e+45  3.89223e+05  4.83758e+45  3.89223e+05  4.99749e+45  3.76271e+05  4.11826e+45  9.36851e-15
 2.83091e+01  3.89223e+05  5.14138e+45  3.89223e+05  5.17562e+45  3.89223e+05  5.35037e+45  3.76271e+05  4.34438e+45  9.36851e-15
 2.92343e+01  3.89223e+05  5.49779e+45  3.89223e+05  5.53899e+45  3.89223e+05  5.72764e+45  3.76271e+05  4.58900e+45  9.36851e-15
 3.01898e+01  3.89223e+05  5.88146e+45  3.89223e+05  5.92919e+45  3.89223e+05  6.13088e+45  3.76271e+05  4.85315e+45  9.36851e-15
 3.11765e+01  3.89223e+05  6.29398e+45  3.89223e+05  6.34782e+45  3.89223e+05  6.56174e+45  3.76271e+05  5.13791e+45  9.36851e-15
 3.21954e+01  3.89223e+05  6.73706e+45  3.89223e+05  6.79663e+45  3.89223e+05  7.02202e+45  3.76271e+05  5.44446e+45  9.36851e-15
 3.32476e+01  3.89223e+05  7.21252e+45  3.89223e+05  7.27747e+45  3.89223e+05  7.51361e+45  3.76271e+05  5.77407e+45  9.36851e-15
 3.43343e+01  3.89223e+05  7.72234e+45  3.89223e+05  7.79233e+45  3.89223e+05  8.03855e+45  3.76271e+05  6.12810e+45  9.36851e-15
 3.54564e+01  3.89223e+05  8.26862e+45  3.89223e+05  8.34334e+45  3.89223e+05  8.59902e+45  3.76271e+05  6.50802e+45  9.36851e-15
 3.66152e+01  3.89223e+05  8.85363e+45  3.89223e+05  8.93278e+45  3.89223e+05  9.19732e+45  3.76271e+05  6.91540e+45  9.36851e-15
 3.78119e+01  3.89223e+05  9.47978e+45  3.89223e+05  9.56309e+45  3.89223e+05  9.83595e+45  3.76271e+05  7.35193e+45  9.36851e-15
 3.90477e+01  3.89223e+05  1.01497e+46  3.89223e+05  1.02369e+46  3.89223e+05  1.05175e+46  3.76271e+05  7.81942e+45  9.36851e-15
 4.03238e+01  3.89223e+05  1.08661e+46  3.89223e+05  1.09569e+46  3.89223e+05  1.12449e+46  3.76271e+05  8.31979e+45  9.36851e-15
 4.16417e+01  3.89223e+05  1.16320e+46  3.89223e+05  1.17262e+46  3.89223e+05  1.20211e+46  3.76271e+05  8.85512e+45  9.36851e-15
 4.30027e+01  3.89223e+05  1.24505e+46  3.89223e+05  1.25480e+46  3.89223e+05  1.28492e+46  3.76271e+05  9.42763e+45  9.36851e-15
 4.44081e+01  3.89223e+05  1.33250e+46  3.89223e+05  1.34256e+46  3.89223e+05  1.37328e+46  3.76271e+05  1.00397e+46  9.36851e-15
 4.58595e+01  3.89223e+05  1.42592e+46  3.89223e+05  1.43626e+46  3.89223e+05  1.46755e+46  3.76271e+05  1.06938e+46  9.36851e-15
 4.73583e+01  3.89223e+05  1.52570e+46  3.89223e+05  1.53630e+46  3.89223e+05  1.56812e+46  3.76271e+05  1.13927e+46  9.36851e-15
 4.89061e+01  3.89223e+05  1.63223e+46  3.89223e+05  1.64308e+46  3.76271e+05  1.63019e+46  3.76271e+05  1.21393e+46  9.36851e-15
 5.05045e+01  3.89223e+05  1.74598e+46  3.89223e+05  1.75706e+46  3.76271e+05  1.68140e+46  3.76271e+05  1.29367e+46  9.36851e-15
 5.21551e+01  3.89223e+05  1.86740e+46  3.89223e+05  1.87870e+46  3.76271e+05  1.73979e+46  3.76271e+05  1.37881e+46  9.36851e-15
 5.38597e+01  3.89223e+05  1.99699e+46  3.89223e+05  2.00850e+46  3.76271e+05  1.80560e+46  3.76271e+05  1.46971e+46  9.36851e-15
 5.56199e+01  3.89223e+05  2.13531e+46  3.89223e+05  2.14700e+46  3.76271e+05  1.87911e+46  3.76271e+05  1.56674e+46  9.36851e-15
 5.74378e+01  3.89223e+05  2.28291e+46  3.89223e+05  2.29478e+46  3.76271e+05  1.96062e+46  3.76271e+05  1.67032e+46  9.36851e-15
 5.93150e+01  3.89223e+05  2.44041e+46  3.89223e+05  2.45245e+46  3.76271e+05  2.05048e+46  3.76271e+05  1.78085e+46  9.36851e-15
 6.12535e+01  3.89223e+05  2.60846e+46  3.89223e+05  2.62066e+46  3.76271e+05  2.14904e+46  3.76271e+05  1.89882e+46  9.36851e-15
 6.32555e+01  3.89223e+05  2.78775e+46  3.76271e+05  2.78081e+46  3.76271e+05  2.25672e+46  3.76271e+05  2.02469e+46  9.36851e-15
 6.53228e+01  3.89223e+05  2.97903e+46  3.76271e+05  2.86293e+46  3.76271e+05  2.37397e+46  3.76271e+05  2.15899e+46  9.36851e-15
 6.74577e+01  3.89223e+05  3.18309e+46  3.76271e+05  2.95729e+46  3.76271e+05  2.50127e+46  3.76271e+05  2.30228e+46  9.36851e-15
 6.96624e+01  3.76271e+05  3.28216e+46  3.76271e+05  3.06428e+46  3.76271e+05  2.63915e+46  3.76271e+05  2.45515e+46  9.36851e-15
 7.19392e+01  3.76271e+05  3.38774e+46  3.76271e+05  3.18434e+46  3.76271e+05  2.78817e+46  3.76271e+05  2.61824e+46  9.36851e-15
 7.42903e+01  3.76271e+05  3.50779e+46  3.76271e+05  3.31797e+46  3.76271e+05  2.94896e+46  3.76271e+05  2.79221e+46  9.36851e-15
 7.67183e+01  3.76271e+05  3.64280e+46  3.76271e+05  3.46572e+46  3.76271e+05  3.12217e+46  3.76271e+05  2.97780e+46  9.36851e-15
 7.92257e+01  3.76271e+05  3.79335e+46  3.76271e+05  3.62820e+46  3.76271e+05  3.30854e+46  3.76271e+05  3.17575e+46  9.36851e-15
 8.18150e+01  3.76271e+05  3.96004e+46  3.76271e+05  3.80609e+46  3.76271e+05  3.50882e+46  3.76271e+05  3.38691e+46  9.36851e-15
 8.44889e+01  3.76271e+05  4.14357e+46  3.76271e+05  4.00012e+46  3.76271e+05  3.72385e+46  3.76271e+05  3.61213e+46  9.36851e-15
 8.72502e+01  3.76271e+05  4.34470e+46  3.76271e+05  4.21110e+46  3.76271e+05  3.95451e+46  3.76271e+05  3.85236e+46  9.36851e-15
 9.01018e+01  3.76271e+05  4.56426e+46  3.76271e+05  4.43989e+46  3.76271e+05  4.20177e+46  3.76271e+05  4.10858e+46  9.36851e-15
 9.30466e+01  3.76271e+05  4.80316e+46  3.76271e+05  4.68745e+46  3.76271e+05  4.46664e+46  3.76271e+05  4.38185e+46  9.36851e-15
 9.60876e+01  3.76271e+05  5.06239e+46  3.76271e+05  4.95479e+46  3.76271e+05  4.75022e+46  3.76271e+05  4.67331e+46  9.36851e-15
 9.92280e+01  3.76271e+05  5.34302e+46  3.76271e+05  5.24303e+46  3.76271e+05  5.05368e+46  3.76271e+05  4.98417e+46  9.36851e-15
 1.02471e+02  3.76271e+05  5.64621e+46  3.76271e+05  5.55336e+46  3.76271e+05  5.37829e+46  3.76271e+05  5.31571e+46  9.36851e-15
 1.05820e+02  3.76271e+05  5.97322e+46  3.76271e+05  5.88707e+46  3.76271e+05  5.72538e+46  3.76271e+05  5.66929e+46  9.36851e-15
 1.09278e+02  3.76271e+05  6.32540e+46  3.76271e+05  6.24552e+46  3.76271e+05  6.09639e+46  3.76271e+05  6.04640e+46  9.36851e-15
 1.12850e+02  3.76271e+05  6.70421e+46  3.76271e+05  6.63022e+46  3.76271e+05  6.49285e+46  3.76271e+05  6.44857e+46  9.36851e-15
 1.16538e+02  3.76271e+05  7.11122e+46  3.76271e+05  7.04274e+46  3.76271e+05  6.91641e+46  3.76271e+05  6.87749e+46  9.36851e-15
 1.20347e+02  3.76271e+05  7.54810e+46  3.76271e+05  7.48480e+46  3.76271e+05  7.36882e+46  3.76271e+05  7.33493e+46  9.36851e-15
 1.24280e+02  3.76271e+05  8.01667e+46  3.76271e+05  7.95822e+46  3.76271e+05  7.85195e+46  3.76271e+05  7.82277e+46  9.36851e-15
 1.28342e+02  3.76271e+05  8.51887e+46  3.76271e+05  8.46497e+46  3.76271e+05  8.36780e+46  3.76271e+05  8.34304e+46  9.36851e-15
 1.32537e+02  3.76271e+05  9.05678e+46  3.76271e+05  9.00715e+46  3.76271e+05  8.91850e+46  3.76271e+05  8.89788e+46  9.36851e-15
 1.36868e+02  3.76271e+05  9.63262e+46  3.76271e+05  9.58698e+46  3.76271e+05  9.50634e+46  3.76271e+05  9.48961e+46  9.36851e-15
 1.41341e+02  3.76271e+05  1.02488e+47  3.76271e+05  1.02069e+47  3.76271e+05  1.01337e+47  3.76271e+05  1.01207e+47  9.36851e-15
 1.45961e+02  3.76271e+05  1.09078e+47  3.76271e+05  1.08694e+47  3.76271e+05  1.08033e+47  3.76271e+05  1.07936e+47  9.36851e-15
 1.50731e+02  3.76271e+05  1.16124e+47  3.76271e+05  1.15773e+47  3.76271e+05  1.15178e+47  3.76271e+05  1.15114e+47  9.36851e-15
 1.55658e+02  3.76271e+05  1.23655e+47  3.76271e+05  1.23335e+47  3.76271e+05  1.22802e+47  3.76271e+05  1.22768e+47  9.36851e-15
 1.60745e+02  3.76271e+05  1.31703e+47  3.76271e+05  1.31412e+47  3.76271e+05  1.30937e+47  3.76271e+05  1.30930e+47  9.36851e-15
 1.65998e+02  3.76271e+05  1.40300e+47  3.76271e+05  1.40036e+47  3.76271e+05  1.39615e+47  3.76271e+05  1.39635e+47  9.36851e-15
 1.71424e+02  3.76271e+05  1.49482e+47  3.76271e+05  1.49244e+47  3.76271e+05  1.48874e+47  3.76271e+05  1.48918e+47  9.36851e-15
 1.77026e+02  3.76271e+05  1.59287e+47  3.76271e+05  1.59073e+47  3.76271e+05  1.58751e+47  3.76271e+05  1.58819e+47  9.36851e-15
 1.82812e+02  3.76271e+05  1.69756e+47  3.76271e+05  1.69564e+47  3.76271e+05  1.69287e+47  3.76271e+05  1.69377e+47  9.36851e-15
 1.88787e+02  3.76271e+05  1.80932e+47  3.76271e+05  1.80761e+47  3.76271e+05  1.80526e+47  3.76271e+05  1.80636e+47  9.36851e-15
 1.94957e+02  3.76271e+05  1.92861e+47  3.76271e+05  1.92710e+47  3.76271e+05  1.92514e+47  3.76271e+05  1.92644e+47  9.36851e-15
 2.01328e+02  3.76271e+05  2.05593e+47  3.76271e+05  2.05461e+47  3.76271e+05  2.05302e+47  3.76271e+05  2.05449e+47  9.36851e-15
 2.07908e+02  3.76271e+05  2.19180e+47  3.76271e+05  2.19065e+47  3.76271e+05  2.18941e+47  3.76271e+05  2.19105e+47  9.36851e-15
 2.14703e+02  3.76271e+05  2.33679e+47  3.76271e+05  2.33580e+47  3.76271e+05  2.33489e+47  3.76271e+05  2.33669e+47  9.36851e-15
 2.21720e+02  3.76271e+05  2.49149e+47  3.76271e+05  2.49066e+47  3.76271e+05  2.49005e+47  3.76271e+05  2.49200e+47  9.36851e-15
 2.28967e+02  3.76271e+05  2.65655e+47  3.76271e+05  2.65586e+47  3.76271e+05  2.65554e+47  3.76271e+05  2.65762e+47  9.36851e-15
 2.36450e+02  3.76271e+05  2.83265e+47  3.76271e+05  2.83209e+47  3.76271e+05  2.83204e+47  3.63750e+05  2.74706e+47  9.36851e-15
 2.44178e+02  3.76271e+05  3.02052e+47  3.76271e+05  3.02009e+47  3.76271e+05  3.02028e+47  3.63750e+05  2.82975e+47  9.36851e-15
 2.52158e+02  3.76271e+05  3.22093e+47  3.76271e+05  3.22062e+47  3.76271e+05  3.22105e+47  3.63750e+05  2.92415e+47  9.36851e-15
 2.60399e+02  3.76271e+05  3.43472e+47  3.76271e+05  3.43452e+47  3.76271e+05  3.43517e+47  3.63750e+05  3.03065e+47  9.36851e-15
 2.68910e+02  3.76271e+05  3.66277e+47  3.76271e+05  3.66267e+47  3.76271e+05  3.66353e+47  3.63750e+05  3.14970e+47  9.36851e-15
 2.77699e+02  3.76271e+05  3.90602e+47  3.76271e+05  3.90601e+47  3.76271e+05  3.90707e+47  3.63750e+05  3.28180e+47  9.36851e-15
 2.86774e+02  3.76271e+05  4.16548e+47  3.76271e+05  4.16556e+47  3.76271e+05  4.16680e+47  3.63750e+05  3.42748e+47  9.36851e-15
 2.96147e+02  3.76271e+05  4.44222e+47  3.76271e+05  4.44239e+47  3.76271e+05  4.44380e+47  3.63750e+05  3.58735e+47  9.36851e-15
 3.05826e+02  3.76271e+05  4.73739e+47  3.76271e+05  4.73765e+47  3.76271e+05  4.73921e+47  3.63750e+05  3.76207e+47  9.36851e-15
 3.15821e+02  3.76271e+05  5.05222e+47  3.76271e+05  5.05255e+47  3.76271e+05  5.05426e+47  3.63750e+05  3.95237e+47  9.36851e-15
 3.26143e+02  3.76271e+05  5.38799e+47  3.76271e+05  5.38839e+47  3.76271e+05  5.39025e+47  3.63750e+05  4.15902e+47  9.36851e-15
 3.36802e+02  3.76271e+05  5.74611e+47  3.76271e+05  5.74658e+47  3.76271e+05  5.74857e+47  3.63750e+05  4.38290e+47  9.36851e-15
 3.47810e+02  3.76271e+05  6.12806e+47  3.76271e+05  6.12859e+47  3.76271e+05  6.13070e+47  3.63750e+05  4.62492e+47  9.36851e-15
 3.59177e+02  3.76271e+05  6.53541e+47  3.76271e+05  6.53599e+47  3.76271e+05  6.53823e+47  3.63750e+05  4.88608e+47  9.36851e-15
 3.70916e+02  3.76271e+05  6.96985e+47  3.76271e+05  6.97049e+47  3.76271e+05  6.97283e+47  3.63750e+05  5.16747e+47  9.36851e-15
 3.83038e+02  3.76271e+05  7.43318e+47  3.76271e+05  7.43387e+47  3.76271e+05  7.43632e+47  3.63750e+05  5.47026e+47  9.36851e-15
 3.95557e+02  3.76271e+05  7.92732e+47  3.76271e+05  7.92806e+47  3.76271e+05  7.93060e+47  3.63750e+05  5.79568e+47  9.36851e-15
 4.08485e+02  3.76271e+05  8.45431e+47  3.76271e+05  8.45510e+47  3.76271e+05  8.45772e+47  3.63750e+05  6.14510e+47  9.36851e-15
 4.21835e+02  3.76271e+05  9.01634e+47  3.76271e+05  9.01716e+47  3.76271e+05  9.01987e+47  3.63750e+05  6.51995e+47  9.36851e-15
 4.35622e+02  3.76271e+05  9.61572e+47  3.76271e+05  9.61658e+47  3.76271e+05  9.61938e+47  3.63750e+05  6.92179e+47  9.36851e-15
 4.49859e+02  3.76271e+05  1.02549e+48  3.76271e+05  1.02558e+48  3.76271e+05  1.02587e+48  3.63750e+05  7.35228e+47  9.36851e-15
 4.64562e+02  3.76271e+05  1.09366e+48  3.76271e+05  1.09376e+48  3.76271e+05  1.09405e+48  3.63750e+05  7.81320e+47  9.36851e-15
 4.79745e+02  3.76271e+05  1.16637e+48  3.76271e+05  1.16646e+48  3.76271e+05  1.16676e+48  3.63750e+05  8.30646e+47  9.36851e-15
 4.95424e+02  3.76271e+05  1.24390e+48  3.76271e+05  1.24400e+48  3.76271e+05  1.24430e+48  3.63750e+05  8.83411e+47  9.36851e-15
 5.11616e+02  3.76271e+05  1.32658e+48  3.76271e+05  1.32669e+48  3.76271e+05  1.32700e+48  3.63750e+05  9.39832e+47  9.36851e-15
 5.28337e+02  3.76271e+05  1.41476e+48  3.76271e+05  1.41487e+48  3.76271e+05  1.41519e+48  3.63750e+05  1.00014e+48  9.36851e-15
 5.45604e+02  3.76271e+05  1.50880e+48  3.76271e+05  1.50891e+48  3.76271e+05  1.50923e+48  3.63750e+05  1.06459e+48  9.36851e-15
 5.63436e+02  3.76271e+05  1.60909e+48  3.76271e+05  1.60920e+48  3.63750e+05  1.59664e+48  3.63750e+05  1.13345e+48  9.36851e-15
 5.81850e+02  3.76271e+05  1.71604e+48  3.76271e+05  1.71615e+48  3.63750e+05  1.64131e+48  3.63750e+05  1.20700e+48  9.36851e-15
 6.00867e+02  3.76271e+05  1.83010e+48  3.76271e+05  1.83021e+48  3.63750e+05  1.69277e+48  3.63750e+05  1.28554e+48  9.36851e-15
 6.20505e+02  3.76271e+05  1.95173e+48  3.76271e+05  1.95185e+48  3.63750e+05  1.75124e+48  3.63750e+05  1.36941e+48  9.36851e-15
 6.40784e+02  3.76271e+05  2.08145e+48  3.76271e+05  2.08157e+48  3.63750e+05  1.81696e+48  3.63750e+05  1.45894e+48  9.36851e-15
 6.61727e+02  3.76271e+05  2.21979e+48  3.76271e+05  2.21991e+48  3.63750e+05  1.89020e+48  3.63750e+05  1.55451e+48  9.36851e-15
 6.83354e+02  3.76271e+05  2.36732e+48  3.76271e+05  2.36744e+48  3.63750e+05  1.97127e+48  3.63750e+05  1.65651e+48  9.36851e-15
 7.05688e+02  3.76271e+05  2.52464e+48  3.76271e+05  2.52477e+48  3.63750e+05  2.06049e+48  3.63750e+05  1.76537e+48  9.36851e-15
 7.28751e+02  3.76271e+05  2.69243e+48  3.76271e+05  2.69255e+48  3.63750e+05  2.15825e+48  3.63750e+05  1.88154e+48  9.36851e-15
 7.52569e+02  3.76271e+05  2.87135e+48  3.63750e+05  2.79960e+48  3.63750e+05  2.26494e+48  3.63750e+05  2.00549e+48  9.36851e-15
 7.77165e+02  3.76271e+05  3.06217e+48  3.63750e+05  2.88233e+48  3.63750e+05  2.38101e+48  3.63750e+05  2.13775e+48  9.36851e-15
 8.02565e+02  3.63750e+05  3.21209e+48  3.63750e+05  2.97700e+48  3.63750e+05  2.50693e+48  3.63750e+05  2.27885e+48  9.36851e-15
 8.28794e+02  3.63750e+05  3.30442e+48  3.63750e+05  3.08399e+48  3.63750e+05  2.64323e+48  3.63750e+05  2.42938e+48  9.36851e-15
 8.55882e+02  3.63750e+05  3.41044e+48  3.63750e+05  3.20375e+48  3.63750e+05  2.79047e+48  3.63750e+05  2.58997e+48  9.36851e-15
 8.83854e+02  3.63750e+05  3.53057e+48  3.63750e+05  3.33677e+48  3.63750e+05  2.94926e+48  3.63750e+05  2.76127e+48  9.36851e-15
 9.12741e+02  3.63750e+05  3.66533e+48  3.63750e+05  3.48360e+48  3.63750e+05  3.12025e+48  3.63750e+05  2.94401e+48  9.36851e-15
 9.42571e+02  3.63750e+05  3.81525e+48  3.63750e+05  3.64485e+48  3.63750e+05  3.30417e+48  3.63750e+05  3.13893e+48  9.36851e-15
 9.73377e+02  3.63750e+05  3.98097e+48  3.63750e+05  3.82120e+48  3.63750e+05  3.50176e+48  3.63750e+05  3.34684e+48  9.36851e-15
 1.00519e+03  3.63750e+05  4.16317e+48  3.63750e+05  4.01336e+48  3.63750e+05  3.71384e+48  3.63750e+05  3.56860e+48  9.36851e-15
 1.03804e+03  3.63750e+05  4.36260e+48  3.63750e+05  4.22213e+48  3.63750e+05  3.94130e+48  3.63750e+05  3.80513e+48  9.36851e-15
 1.07197e+03  3.63750e+05  4.58009e+48  3.63750e+05  4.44838e+48  3.63750e+05  4.18507e+48  3.63750e+05  4.05740e+48  9.36851e-15
 1.10700e+03  3.63750e+05  4.81654e+48  3.63750e+05  4.69304e+48  3.63750e+05  4.44616e+48  3.63750e+05  4.32647e+48  9.36851e-15
 1.14318e+03  3.63750e+05  5.07292e+48  3.63750e+05  4.95713e+48  3.63750e+05  4.72565e+48  3.63750e+05  4.61345e+48  9.36851e-15
 1.18054e+03  3.63750e+05  5.35031e+48  3.63750e+05  5.24174e+48  3.63750e+05  5.02470e+48  3.63750e+05  4.91952e+48  9.36851e-15
 1.21913e+03  3.63750e+05  5.64984e+48  3.63750e+05  5.54804e+48  3.63750e+05  5.34455e+48  3.63750e+05  5.24594e+48  9.36851e-15
 1.25897e+03  3.63750e+05  5.97276e+48  3.63750e+05  5.87731e+48  3.63750e+05  5.68652e+48  3.63750e+05  5.59408e+48  9.36851e-15
 1.30012e+03  3.63750e+05  6.32040e+48  3.63750e+05  6.23091e+48  3.63750e+05  6.05203e+48  3.63750e+05  5.96537e+48  9.36851e-15
 1.34261e+03  3.63750e+05  6.69420e+48  3.63750e+05  6.61029e+48  3.63750e+05  6.44258e+48  3.63750e+05  6.36135e+48  9.36851e-15
 1.38649e+03  3.63750e+05  7.09571e+48  3.63750e+05  7.01704e+48  3.63750e+05  6.85980e+48  3.63750e+05  6.78365e+48  9.36851e-15
 1.43180e+03  3.63750e+05  7.52659e+48  3.63750e+05  7.45283e+48  3.63750e+05  7.30541e+48  3.63750e+05  7.23403e+48  9.36851e-15
 1.47860e+03  3.63750e+05  7.98862e+48  3.63750e+05  7.91946e+48  3.63750e+05  7.78125e+48  3.63750e+05  7.71435e+48  9.36851e-15
 1.52692e+03  3.63750e+05  8.48372e+48  3.63750e+05  8.41888e+48  3.63750e+05  8.28930e+48  3.63750e+05  8.22659e+48  9.36851e-15
 1.57683e+03  3.63750e+05  9.01393e+48  3.63750e+05  8.95314e+48  3.63750e+05  8.83166e+48  3.63750e+05  8.77288e+48  9.36851e-15
 1.62836e+03  3.63750e+05  9.58145e+48  3.63750e+05  9.52445e+48  3.63750e+05  9.41057e+48  3.63750e+05  9.35548e+48  9.36851e-15
 1.68158e+03  3.63750e+05  1.01886e+49  3.63750e+05  1.01352e+49  3.63750e+05  1.00284e+49  3.63750e+05  9.97679e+48  9.36851e-15
 1.73654e+03  3.63750e+05  1.08380e+49  3.63750e+05  1.07879e+49  3.63750e+05  1.06878e+49  3.63750e+05  1.06394e+49  9.36851e-15
 1.79329e+03  3.63750e+05  1.15322e+49  3.63750e+05  1.14852e+49  3.63750e+05  1.13914e+49  3.63750e+05  1.13460e+49  9.36851e-15
 1.85190e+03  3.63750e+05  1.22741e+49  3.63750e+05  1.22301e+49  3.63750e+05  1.21421e+49  3.63750e+05  1.20996e+49  9.36851e-15
 1.91243e+03  3.63750e+05  1.30668e+49  3.63750e+05  1.30256e+49  3.63750e+05  1.29431e+49  3.63750e+05  1.29033e+49  9.36851e-15
 1.97493e+03  3.63750e+05  1.39137e+49  3.63750e+05  1.38750e+49  3.63750e+05  1.37977e+49  3.63750e+05  1.37603e+49  9.36851e-15
 2.03948e+03  3.63750e+05  1.48181e+49  3.63750e+05  1.47818e+49  3.63750e+05  1.47093e+49  3.63750e+05  1.46744e+49  9.36851e-15
 2.10613e+03  3.63750e+05  1.57838e+49  3.63750e+05  1.57498e+49  3.63750e+05  1.56819e+49  3.63750e+05  1.56491e+49  9.36851e-15
 2.17497e+03  3.63750e+05  1.68148e+49  3.63750e+05  1.67830e+49  3.63750e+05  1.67193e+49  3.63750e+05  1.66886e+49  9.36851e-15
 2.24605e+03  3.63750e+05  1.79155e+49  3.63750e+05  1.78856e+49  3.63750e+05  1.78259e+49  3.63750e+05  1.77972e+49  9.36851e-15
 2.31946e+03  3.63750e+05  1.90903e+49  3.63750e+05  1.90623e+49  3.63750e+05  1.90063e+49  3.63750e+05  1.89794e+49  9.36851e-15
 2.39526e+03  3.63750e+05  2.03441e+49  3.63750e+05  2.03178e+49  3.63750e+05  2.02654e+49  3.63750e+05  2.02402e+49  9.36851e-15
 2.47355e+03  3.63750e+05  2.16821e+49  3.63750e+05  2.16575e+49  3.63750e+05  2.16083e+49  3.63750e+05  2.15847e+49  9.36851e-15
 2.55439e+03  3.63750e+05  2.31098e+49  3.63750e+05  2.30867e+49  3.63750e+05  2.30407e+49  3.63750e+05  2.30186e+49  9.36851e-15
 2.63787e+03  3.63750e+05  2.46332e+49  3.63750e+05  2.46116e+49  3.63750e+05  2.45684e+49  3.63750e+05  2.45477e+49  9.36851e-15
 2.72409e+03  3.63750e+05  2.62585e+49  3.63750e+05  2.62383e+49  3.63750e+05  2.61978e+49  3.63750e+05  2.61784e+49  9.36851e-15
 2.81312e+03  3.63750e+05  2.79925e+49  3.63750e+05  2.79735e+49  3.63750e+05  2.79356e+49  3.63750e+05  2.79175e+49  9.36851e-15
 2.90506e+03  3.63750e+05  2.98424e+49  3.63750e+05  2.98246e+49  3.63750e+05  2.97891e+49  3.63750e+05  2.97720e+49  9.36851e-15
 3.00000e+03  3.63750e+05  3.18157e+49  3.63750e+05  3.17990e+49  3.63750e+05  3.17658e+49  3.63750e+05  3.17498e+49  9.36851e-15
