radius_rg T_0deg chi2_0deg T_15deg chi2_15deg T_30deg chi2_30deg T_45deg chi2_45deg nuLnusavg_last
 2.00000e-01  1.36144e+06  1.08417e+45  1.31613e+06  8.48986e+44  1.18907e+06  3.41247e+44  9.70565e+05  6.28978e+43  2.91880e-04
 2.06537e-01  1.36144e+06  1.03687e+45  1.31613e+06  8.10661e+44  1.14951e+06  3.25015e+44  9.70565e+05  6.03875e+43  2.91880e-04
 2.13287e-01  1.31613e+06  9.92976e+44  1.27234e+06  7.76363e+44  1.14951e+06  3.06634e+44  9.38269e+05  5.56103e+43  2.91880e-04
 2.20257e-01  1.31613e+06  9.45181e+44  1.27234e+06  7.37021e+44  1.14951e+06  2.95126e+44  9.38269e+05  5.16728e+43  2.91880e-04
 2.27456e-01  1.27234e+06  9.09344e+44  1.23000e+06  7.10244e+44  1.11126e+06  2.75690e+44  9.38269e+05  5.00567e+43  2.91880e-04
 2.34890e-01  1.27234e+06  8.60458e+44  1.23000e+06  6.69379e+44  1.11126e+06  2.62110e+44  9.07048e+05  4.49736e+43  2.91880e-04
 2.42567e-01  1.27234e+06  8.26135e+44  1.23000e+06  6.40812e+44  1.07428e+06  2.48706e+44  9.07048e+05  4.17804e+43  2.91880e-04
 2.50494e-01  1.23000e+06  7.82796e+44  1.18907e+06  6.07909e+44  1.07428e+06  2.32771e+44  8.76865e+05  4.06102e+43  2.91880e-04
 2.58681e-01  1.23000e+06  7.46468e+44  1.18907e+06  5.77057e+44  1.07428e+06  2.23404e+44  8.76865e+05  3.57131e+43  2.91880e-04
 2.67136e-01  1.18907e+06  7.12397e+44  1.14951e+06  5.52890e+44  1.03853e+06  2.07470e+44  8.76865e+05  3.30714e+43  2.91880e-04
 2.75866e-01  1.18907e+06  6.73501e+44  1.14951e+06  5.19265e+44  1.03853e+06  1.95347e+44  8.47687e+05  3.22289e+43  2.91880e-04
 2.84882e-01  1.18907e+06  6.48395e+44  1.14951e+06  4.97317e+44  1.00397e+06  1.86659e+44  8.47687e+05  2.77249e+43  2.91880e-04
 2.94193e-01  1.14951e+06  6.07550e+44  1.11126e+06  4.67816e+44  1.00397e+06  1.71483e+44  8.47687e+05  2.54432e+43  2.91880e-04
 3.03808e-01  1.14951e+06  5.79032e+44  1.11126e+06  4.42383e+44  1.00397e+06  1.62621e+44  8.19480e+05  2.52669e+43  2.91880e-04
 3.13737e-01  1.11126e+06  5.49056e+44  1.07428e+06  4.23215e+44  9.70565e+05  1.52354e+44  8.19480e+05  2.09586e+43  2.91880e-04
 3.23991e-01  1.11126e+06  5.16573e+44  1.07428e+06  3.93809e+44  9.70565e+05  1.40043e+44  8.19480e+05  1.88446e+43  2.91880e-04
 3.34580e-01  1.11126e+06  4.97231e+44  1.07428e+06  3.75560e+44  9.70565e+05  1.33915e+44  8.19480e+05  1.89164e+43  2.91880e-04
 3.45515e-01  1.07428e+06  4.61589e+44  1.03853e+06  3.52218e+44  9.38269e+05  1.22536e+44  7.92211e+05  1.54232e+43  2.91880e-04
 3.56807e-01  1.07428e+06  4.37482e+44  1.03853e+06  3.29312e+44  9.38269e+05  1.12562e+44  7.92211e+05  1.32813e+43  2.91880e-04
 3.68468e-01  1.03853e+06  4.14805e+44  1.03853e+06  3.17298e+44  9.38269e+05  1.08658e+44  7.92211e+05  1.33021e+43  2.91880e-04
 3.80511e-01  1.03853e+06  3.85370e+44  1.00397e+06  2.90320e+44  9.07048e+05  9.67259e+43  7.65850e+05  1.11968e+43  2.91880e-04
 3.92947e-01  1.03853e+06  3.68532e+44  1.00397e+06  2.72976e+44  9.07048e+05  8.85743e+43  7.65850e+05  8.82504e+42  2.91880e-04
 4.05790e-01  1.00397e+06  3.41771e+44  9.70565e+05  2.59515e+44  9.07048e+05  8.63933e+43  7.65850e+05  8.59748e+42  2.91880e-04
 4.19052e-01  1.00397e+06  3.18826e+44  9.70565e+05  2.36327e+44  8.76865e+05  7.45698e+43  7.40366e+05  8.44028e+42  2.91880e-04
 4.32748e-01  9.70565e+05  3.07774e+44  9.70565e+05  2.23645e+44  8.76865e+05  6.77318e+43  7.40366e+05  5.62688e+42  2.91880e-04
 4.46891e-01  9.70565e+05  2.78117e+44  9.38269e+05  2.08451e+44  8.76865e+05  6.67783e+43  7.40366e+05  4.94447e+42  2.91880e-04
 4.61496e-01  9.70565e+05  2.60613e+44  9.38269e+05  1.89247e+44  8.47687e+05  5.58521e+43  7.40366e+05  6.39021e+42  2.91880e-04
 4.76579e-01  9.38269e+05  2.47688e+44  9.38269e+05  1.80353e+44  8.47687e+05  4.98192e+43  7.15730e+05  3.93620e+42  2.91880e-04
 4.92155e-01  9.38269e+05  2.22687e+44  9.07048e+05  1.64390e+44  8.47687e+05  4.95966e+43  7.15730e+05  2.57889e+42  2.91880e-04
 5.08240e-01  9.38269e+05  2.09610e+44  9.07048e+05  1.48289e+44  8.19480e+05  4.05076e+43  7.15730e+05  3.33995e+42  2.91880e-04
 5.24851e-01  9.07048e+05  1.95934e+44  9.07048e+05  1.42330e+44  8.19480e+05  3.47646e+43  6.91914e+05  4.12926e+42  2.91880e-04
 5.42004e-01  9.07048e+05  1.74565e+44  8.76865e+05  1.26742e+44  8.19480e+05  3.47696e+43  6.91914e+05  1.85746e+42  2.91880e-04
 5.59718e-01  9.07048e+05  1.64920e+44  8.76865e+05  1.12875e+44  7.92211e+05  2.86439e+43  6.91914e+05  1.70105e+42  2.91880e-04
 5.78011e-01  8.76865e+05  1.51826e+44  8.76865e+05  1.09004e+44  7.92211e+05  2.26616e+43  6.91914e+05  3.65937e+42  2.91880e-04
 5.96902e-01  8.76865e+05  1.33078e+44  8.47687e+05  9.51522e+43  7.92211e+05  2.23772e+43  6.68890e+05  3.29873e+42  2.91880e-04
 6.16411e-01  8.76865e+05  1.25883e+44  8.47687e+05  8.26493e+43  7.65850e+05  2.05736e+43  6.68890e+05  1.96598e+42  2.91880e-04
 6.36557e-01  8.47687e+05  1.14955e+44  8.47687e+05  8.00165e+43  7.65850e+05  1.37998e+43  6.68890e+05  2.74906e+42  2.91880e-04
 6.57361e-01  8.47687e+05  9.78171e+43  8.19480e+05  6.95273e+43  7.65850e+05  1.26873e+43  6.68890e+05  5.65122e+42  2.91880e-04
 6.78845e-01  8.47687e+05  9.20864e+43  8.19480e+05  5.75065e+43  7.40366e+05  1.68620e+43  6.46632e+05  4.84186e+42  2.91880e-04
 7.01032e-01  8.19480e+05  8.52164e+43  8.19480e+05  5.52518e+43  7.40366e+05  8.70986e+42  6.46632e+05  4.16353e+42  2.91880e-04
 7.23943e-01  8.19480e+05  6.86641e+43  7.92211e+05  5.00740e+43  7.40366e+05  6.19791e+42  6.46632e+05  5.61012e+42  2.91880e-04
 7.47603e-01  8.19480e+05  6.33981e+43  7.92211e+05  3.76284e+43  7.40366e+05  9.31571e+42  6.46632e+05  9.18762e+42  2.91880e-04
 7.72037e-01  7.92211e+05  6.28560e+43  7.92211e+05  3.48666e+43  7.15730e+05  8.22974e+42  6.25115e+05  8.87234e+42  2.91880e-04
 7.97269e-01  7.92211e+05  4.58353e+43  7.65850e+05  3.73559e+43  7.15730e+05  3.70020e+42  6.25115e+05  8.53813e+42  2.91880e-04
 8.23326e-01  7.92211e+05  4.00065e+43  7.65850e+05  2.35375e+43  7.15730e+05  4.79008e+42  6.25115e+05  1.03469e+43  2.91880e-04
 8.50234e-01  7.92211e+05  4.53453e+43  7.65850e+05  1.93447e+43  7.15730e+05  1.15039e+43  6.25115e+05  1.43063e+43  2.91880e-04
 8.78022e-01  7.65850e+05  2.99451e+43  7.65850e+05  2.47600e+43  6.91914e+05  6.37264e+42  6.04314e+05  1.57912e+43  2.91880e-04
 9.06718e-01  7.65850e+05  2.24803e+43  7.40366e+05  1.61770e+43  6.91914e+05  4.77043e+42  6.04314e+05  1.54487e+43  2.91880e-04
 9.36352e-01  7.65850e+05  2.61106e+43  7.40366e+05  9.57119e+42  6.91914e+05  8.79205e+42  6.04314e+05  1.72778e+43  2.91880e-04
 9.66955e-01  7.40366e+05  2.20989e+43  7.40366e+05  1.25331e+43  6.68890e+05  1.59277e+43  6.04314e+05  2.12862e+43  2.91880e-04
 9.98557e-01  7.40366e+05  1.18571e+43  7.15730e+05  1.70282e+43  6.68890e+05  1.08789e+43  5.84205e+05  2.64564e+43  2.91880e-04
 1.03119e+00  7.40366e+05  1.26666e+43  7.15730e+05  6.94414e+42  6.68890e+05  1.14792e+43  5.84205e+05  2.56848e+43  2.91880e-04
 1.06489e+00  7.15730e+05  2.40310e+43  7.15730e+05  6.41690e+42  6.68890e+05  1.77311e+43  5.84205e+05  2.71271e+43  2.91880e-04
 1.09970e+00  7.15730e+05  9.77346e+42  7.15730e+05  1.54443e+43  6.46632e+05  2.54655e+43  5.84205e+05  3.07894e+43  2.91880e-04
 1.13564e+00  7.15730e+05  6.55845e+42  6.91914e+05  1.35415e+43  6.46632e+05  2.17921e+43  5.84205e+05  3.66868e+43  2.91880e-04
 1.17276e+00  7.15730e+05  1.43727e+43  6.91914e+05  8.37816e+42  6.46632e+05  2.38130e+43  5.64766e+05  4.07897e+43  2.91880e-04
 1.21108e+00  6.91914e+05  1.86604e+43  6.91914e+05  1.27776e+43  6.46632e+05  3.15366e+43  5.64766e+05  4.13288e+43  2.91880e-04
 1.25067e+00  6.91914e+05  1.00867e+43  6.91914e+05  2.67581e+43  6.25115e+05  4.29960e+43  5.64766e+05  4.41466e+43  2.91880e-04
 1.29154e+00  6.91914e+05  1.25568e+43  6.68890e+05  2.12748e+43  6.25115e+05  3.97926e+43  5.64766e+05  4.92548e+43  2.91880e-04
 1.33375e+00  6.91914e+05  2.60811e+43  6.68890e+05  1.97839e+43  6.25115e+05  4.23579e+43  5.64766e+05  5.66745e+43  2.91880e-04
 1.37734e+00  6.68890e+05  2.65939e+43  6.68890e+05  2.79030e+43  6.25115e+05  5.07025e+43  5.45973e+05  6.27036e+43  2.91880e-04
 1.42236e+00  6.68890e+05  2.22504e+43  6.68890e+05  4.56658e+43  6.25115e+05  6.48612e+43  5.45973e+05  6.39924e+43  2.91880e-04
 1.46884e+00  6.68890e+05  2.90012e+43  6.46632e+05  4.03874e+43  6.04314e+05  6.65283e+43  5.45973e+05  6.76538e+43  2.91880e-04
 1.51685e+00  6.68890e+05  4.68741e+43  6.46632e+05  4.12197e+43  6.04314e+05  6.86112e+43  5.45973e+05  7.37028e+43  2.91880e-04
 1.56642e+00  6.46632e+05  4.80430e+43  6.46632e+05  5.17508e+43  6.04314e+05  7.65821e+43  5.45973e+05  8.21646e+43  2.91880e-04
 1.61762e+00  6.46632e+05  4.63596e+43  6.46632e+05  7.20242e+43  6.04314e+05  9.04740e+43  5.45973e+05  9.30741e+43  2.91880e-04
 1.67049e+00  6.46632e+05  5.58702e+43  6.25115e+05  7.21640e+43  5.84205e+05  1.05249e+44  5.27805e+05  9.70936e+43  2.91880e-04
 1.72508e+00  6.46632e+05  7.66141e+43  6.25115e+05  7.38034e+43  5.84205e+05  1.05578e+44  5.27805e+05  1.00807e+44  2.91880e-04
 1.78146e+00  6.25115e+05  8.45376e+43  6.25115e+05  8.52764e+43  5.84205e+05  1.11948e+44  5.27805e+05  1.07046e+44  2.91880e-04
 1.83968e+00  6.25115e+05  8.37499e+43  6.25115e+05  1.06630e+44  5.84205e+05  1.24385e+44  5.27805e+05  1.15835e+44  2.91880e-04
 1.89981e+00  6.25115e+05  9.43109e+43  6.04314e+05  1.19606e+44  5.84205e+05  1.42942e+44  5.27805e+05  1.27211e+44  2.91880e-04
 1.96190e+00  6.25115e+05  1.16264e+44  6.04314e+05  1.20269e+44  5.64766e+05  1.58992e+44  5.27805e+05  1.41221e+44  2.91880e-04
 2.02602e+00  6.04314e+05  1.39619e+44  6.04314e+05  1.30958e+44  5.64766e+05  1.62140e+44  5.10242e+05  1.52213e+44  2.91880e-04
 2.09224e+00  6.04314e+05  1.37650e+44  6.04314e+05  1.51718e+44  5.64766e+05  1.71564e+44  5.10242e+05  1.57302e+44  2.91880e-04
 2.16062e+00  6.04314e+05  1.47254e+44  6.04314e+05  1.82633e+44  5.64766e+05  1.87301e+44  5.10242e+05  1.65149e+44  2.91880e-04
 2.23123e+00  6.04314e+05  1.68469e+44  5.84205e+05  1.86033e+44  5.64766e+05  2.09418e+44  5.10242e+05  1.75787e+44  2.91880e-04
 2.30415e+00  6.04314e+05  2.01384e+44  5.84205e+05  1.93800e+44  5.45973e+05  2.37677e+44  5.10242e+05  1.89261e+44  2.91880e-04
 2.37946e+00  5.84205e+05  2.14431e+44  5.84205e+05  2.11897e+44  5.45973e+05  2.41842e+44  5.10242e+05  2.05625e+44  2.91880e-04
 2.45723e+00  5.84205e+05  2.20587e+44  5.84205e+05  2.40398e+44  5.45973e+05  2.52612e+44  5.10242e+05  2.24948e+44  2.91880e-04
 2.53753e+00  5.84205e+05  2.38658e+44  5.84205e+05  2.79423e+44  5.45973e+05  2.70032e+44  5.10242e+05  2.47310e+44  2.91880e-04
 2.62047e+00  5.84205e+05  2.68719e+44  5.64766e+05  2.83381e+44  5.45973e+05  2.94173e+44  4.93264e+05  2.61813e+44  2.91880e-04
 2.70611e+00  5.84205e+05  3.10895e+44  5.64766e+05  2.96086e+44  5.45973e+05  3.25136e+44  4.93264e+05  2.72109e+44  2.91880e-04
 2.79455e+00  5.64766e+05  3.25560e+44  5.64766e+05  3.19544e+44  5.27805e+05  3.58605e+44  4.93264e+05  2.85638e+44  2.91880e-04
 2.88589e+00  5.64766e+05  3.37306e+44  5.64766e+05  3.53852e+44  5.27805e+05  3.68018e+44  4.93264e+05  3.02456e+44  2.91880e-04
 2.98021e+00  5.64766e+05  3.61450e+44  5.64766e+05  3.99154e+44  5.27805e+05  3.84558e+44  4.93264e+05  3.22635e+44  2.91880e-04
 3.07761e+00  5.64766e+05  3.98092e+44  5.45973e+05  4.21892e+44  5.27805e+05  4.08294e+44  4.93264e+05  3.46256e+44  2.91880e-04
 3.17819e+00  5.64766e+05  4.47384e+44  5.45973e+05  4.36527e+44  5.27805e+05  4.39324e+44  4.93264e+05  3.73417e+44  2.91880e-04
 3.28206e+00  5.45973e+05  4.85068e+44  5.45973e+05  4.62497e+44  5.27805e+05  4.77776e+44  4.93264e+05  4.04232e+44  2.91880e-04
 3.38933e+00  5.45973e+05  4.98887e+44  5.45973e+05  4.99909e+44  5.27805e+05  5.23809e+44  4.93264e+05  4.38828e+44  2.91880e-04
 3.50010e+00  5.45973e+05  5.25772e+44  5.45973e+05  5.48918e+44  5.10242e+05  5.63055e+44  4.93264e+05  4.77347e+44  2.91880e-04
 3.61449e+00  5.45973e+05  5.65835e+44  5.45973e+05  6.09727e+44  5.10242e+05  5.81797e+44  4.93264e+05  5.19949e+44  2.91880e-04
 3.73262e+00  5.45973e+05  6.19242e+44  5.27805e+05  6.38440e+44  5.10242e+05  6.08551e+44  4.76850e+05  5.46456e+44  2.91880e-04
 3.85462e+00  5.45973e+05  6.86213e+44  5.27805e+05  6.62388e+44  5.10242e+05  6.43427e+44  4.76850e+05  5.69154e+44  2.91880e-04
 3.98060e+00  5.27805e+05  7.32728e+44  5.27805e+05  6.98605e+44  5.10242e+05  6.86570e+44  4.76850e+05  5.96316e+44  2.91880e-04
 4.11069e+00  5.27805e+05  7.57051e+44  5.27805e+05  7.47241e+44  5.10242e+05  7.38159e+44  4.76850e+05  6.28053e+44  2.91880e-04
 4.24504e+00  5.27805e+05  7.95509e+44  5.27805e+05  8.08498e+44  5.10242e+05  7.98406e+44  4.76850e+05  6.64497e+44  2.91880e-04
 4.38378e+00  5.27805e+05  8.48261e+44  5.27805e+05  8.82629e+44  5.10242e+05  8.67562e+44  4.76850e+05  7.05799e+44  2.91880e-04
 4.52705e+00  5.27805e+05  9.15526e+44  5.27805e+05  9.69940e+44  5.10242e+05  9.45913e+44  4.76850e+05  7.52129e+44  2.91880e-04
 4.67501e+00  5.27805e+05  9.97582e+44  5.10242e+05  1.00390e+45  4.93264e+05  9.77415e+44  4.76850e+05  8.03680e+44  2.91880e-04
 4.82780e+00  5.27805e+05  1.09477e+45  5.10242e+05  1.04444e+45  4.93264e+05  1.01783e+45  4.76850e+05  8.60664e+44  2.91880e-04
 4.98558e+00  5.10242e+05  1.15045e+45  5.10242e+05  1.09884e+45  4.93264e+05  1.06805e+45  4.76850e+05  9.23318e+44  2.91880e-04
 5.14853e+00  5.10242e+05  1.19352e+45  5.10242e+05  1.16731e+45  4.93264e+05  1.12831e+45  4.76850e+05  9.91901e+44  2.91880e-04
 5.31679e+00  5.10242e+05  1.25253e+45  5.10242e+05  1.25014e+45  4.93264e+05  1.19883e+45  4.76850e+05  1.06670e+45  2.91880e-04
 5.49056e+00  5.10242e+05  1.32772e+45  5.10242e+05  1.34767e+45  4.93264e+05  1.27992e+45  4.76850e+05  1.14801e+45  2.91880e-04
 5.67001e+00  5.10242e+05  1.41942e+45  5.10242e+05  1.46031e+45  4.93264e+05  1.37191e+45  4.76850e+05  1.23619e+45  2.91880e-04
 5.85532e+00  5.10242e+05  1.52799e+45  5.10242e+05  1.58852e+45  4.93264e+05  1.47519e+45  4.76850e+05  1.33159e+45  2.91880e-04
 6.04668e+00  5.10242e+05  1.65388e+45  4.93264e+05  1.68214e+45  4.93264e+05  1.59017e+45  4.76850e+05  1.43461e+45  2.91880e-04
 6.24430e+00  5.10242e+05  1.79763e+45  4.93264e+05  1.74451e+45  4.93264e+05  1.71734e+45  4.76850e+05  1.54567e+45  2.91880e-04
 6.44838e+00  4.93264e+05  1.92813e+45  4.93264e+05  1.82363e+45  4.93264e+05  1.85721e+45  4.76850e+05  1.66524e+45  2.91880e-04
 6.65913e+00  4.93264e+05  1.99563e+45  4.93264e+05  1.91982e+45  4.76850e+05  1.97003e+45  4.76850e+05  1.79380e+45  2.91880e-04
 6.87677e+00  4.93264e+05  2.08238e+45  4.93264e+05  2.03349e+45  4.76850e+05  2.04452e+45  4.60983e+05  1.91990e+45  2.91880e-04
 7.10152e+00  4.93264e+05  2.18876e+45  4.93264e+05  2.16510e+45  4.76850e+05  2.13308e+45  4.60983e+05  1.99127e+45  2.91880e-04
 7.33362e+00  4.93264e+05  2.31520e+45  4.93264e+05  2.31520e+45  4.76850e+05  2.23606e+45  4.60983e+05  2.07300e+45  2.91880e-04
 7.57330e+00  4.93264e+05  2.46222e+45  4.93264e+05  2.48441e+45  4.76850e+05  2.35391e+45  4.60983e+05  2.16541e+45  2.91880e-04
 7.82082e+00  4.93264e+05  2.63043e+45  4.93264e+05  2.67342e+45  4.76850e+05  2.48710e+45  4.60983e+05  2.26888e+45  2.91880e-04
 8.07642e+00  4.93264e+05  2.82053e+45  4.93264e+05  2.88303e+45  4.76850e+05  2.63618e+45  4.60983e+05  2.38386e+45  2.91880e-04
 8.34038e+00  4.93264e+05  3.03331e+45  4.93264e+05  3.11410e+45  4.76850e+05  2.80179e+45  4.60983e+05  2.51081e+45  2.91880e-04
 8.61296e+00  4.93264e+05  3.26964e+45  4.93264e+05  3.36759e+45  4.76850e+05  2.98459e+45  4.60983e+05  2.65026e+45  2.91880e-04
 8.89446e+00  4.93264e+05  3.53050e+45  4.76850e+05  3.49639e+45  4.76850e+05  3.18534e+45  4.60983e+05  2.80278e+45  2.91880e-04
 9.18515e+00  4.93264e+05  3.81698e+45  4.76850e+05  3.63749e+45  4.76850e+05  3.40488e+45  4.60983e+05  2.96901e+45  2.91880e-04
 9.48535e+00  4.76850e+05  4.00285e+45  4.76850e+05  3.80317e+45  4.76850e+05  3.64412e+45  4.60983e+05  3.14963e+45  2.91880e-04
 9.79535e+00  4.76850e+05  4.15917e+45  4.76850e+05  3.99412e+45  4.76850e+05  3.90404e+45  4.60983e+05  3.34540e+45  2.91880e-04
 1.01155e+01  4.76850e+05  4.34370e+45  4.76850e+05  4.21112e+45  4.76850e+05  4.18573e+45  4.60983e+05  3.55712e+45  2.91880e-04
 1.04461e+01  4.76850e+05  4.55722e+45  4.76850e+05  4.45508e+45  4.76850e+05  4.49034e+45  4.60983e+05  3.78567e+45  2.91880e-04
 1.07875e+01  4.76850e+05  4.80059e+45  4.76850e+05  4.72701e+45  4.76850e+05  4.81913e+45  4.60983e+05  4.03199e+45  2.91880e-04
 1.11401e+01  4.76850e+05  5.07484e+45  4.76850e+05  5.02803e+45  4.76850e+05  5.17348e+45  4.60983e+05  4.29711e+45  2.91880e-04
 1.15041e+01  4.76850e+05  5.38109e+45  4.76850e+05  5.35938e+45  4.76850e+05  5.55484e+45  4.60983e+05  4.58212e+45  2.91880e-04
 1.18801e+01  4.76850e+05  5.72061e+45  4.76850e+05  5.72244e+45  4.76850e+05  5.96479e+45  4.60983e+05  4.88819e+45  2.91880e-04
 1.22684e+01  4.76850e+05  6.09481e+45  4.76850e+05  6.11871e+45  4.76850e+05  6.40503e+45  4.60983e+05  5.21661e+45  2.91880e-04
 1.26694e+01  4.76850e+05  6.50523e+45  4.76850e+05  6.54983e+45  4.60983e+05  6.79286e+45  4.60983e+05  5.56872e+45  2.91880e-04
 1.30834e+01  4.76850e+05  6.95358e+45  4.76850e+05  7.01759e+45  4.60983e+05  7.04124e+45  4.60983e+05  5.94599e+45  2.91880e-04
 1.35110e+01  4.76850e+05  7.44170e+45  4.76850e+05  7.52391e+45  4.60983e+05  7.32436e+45  4.60983e+05  6.34997e+45  2.91880e-04
 1.39526e+01  4.76850e+05  7.97163e+45  4.76850e+05  8.07090e+45  4.60983e+05  7.64340e+45  4.60983e+05  6.78234e+45  2.91880e-04
 1.44086e+01  4.76850e+05  8.54554e+45  4.76850e+05  8.66082e+45  4.60983e+05  7.99968e+45  4.60983e+05  7.24488e+45  2.91880e-04
 1.48795e+01  4.76850e+05  9.16583e+45  4.76850e+05  9.29612e+45  4.60983e+05  8.39466e+45  4.60983e+05  7.73952e+45  2.91880e-04
 1.53658e+01  4.76850e+05  9.83505e+45  4.76850e+05  9.97941e+45  4.60983e+05  8.82999e+45  4.60983e+05  8.26829e+45  2.91880e-04
 1.58680e+01  4.76850e+05  1.05560e+46  4.76850e+05  1.07135e+46  4.60983e+05  9.30746e+45  4.60983e+05  8.83338e+45  2.91880e-04
 1.63866e+01  4.76850e+05  1.13316e+46  4.76850e+05  1.15015e+46  4.60983e+05  9.82906e+45  4.60983e+05  9.43714e+45  2.91880e-04
 1.69222e+01  4.76850e+05  1.21651e+46  4.60983e+05  1.19929e+46  4.60983e+05  1.03969e+46  4.60983e+05  1.00821e+46  2.91880e-04
 1.74753e+01  4.76850e+05  1.30599e+46  4.60983e+05  1.24509e+46  4.60983e+05  1.10135e+46  4.60983e+05  1.07708e+46  2.91880e-04
 1.80464e+01  4.60983e+05  1.37332e+46  4.60983e+05  1.29700e+46  4.60983e+05  1.16811e+46  4.60983e+05  1.15063e+46  2.91880e-04
 1.86362e+01  4.60983e+05  1.42458e+46  4.60983e+05  1.35523e+46  4.60983e+05  1.24028e+46  4.60983e+05  1.22914e+46  2.91880e-04
 1.92453e+01  4.60983e+05  1.48283e+46  4.60983e+05  1.42002e+46  4.60983e+05  1.31814e+46  4.60983e+05  1.31296e+46  2.91880e-04
 1.98743e+01  4.60983e+05  1.54832e+46  4.60983e+05  1.49164e+46  4.60983e+05  1.40201e+46  4.60983e+05  1.40242e+46  2.91880e-04
 2.05238e+01  4.60983e+05  1.62131e+46  4.60983e+05  1.57038e+46  4.60983e+05  1.49224e+46  4.60983e+05  1.49789e+46  2.91880e-04
 2.11946e+01  4.60983e+05  1.70212e+46  4.60983e+05  1.65658e+46  4.60983e+05  1.58922e+46  4.60983e+05  1.59977e+46  2.91880e-04
 2.18873e+01  4.60983e+05  1.79107e+46  4.60983e+05  1.75058e+46  4.60983e+05  1.69332e+46  4.60983e+05  1.70848e+46  2.91880e-04
 2.26026e+01  4.60983e+05  1.88853e+46  4.60983e+05  1.85279e+46  4.60983e+05  1.80500e+46  4.60983e+05  1.82448e+46  2.91880e-04
 2.33413e+01  4.60983e+05  1.99491e+46  4.60983e+05  1.96361e+46  4.60983e+05  1.92471e+46  4.60983e+05  1.94824e+46  2.91880e-04
 2.41042e+01  4.60983e+05  2.11064e+46  4.60983e+05  2.08351e+46  4.60983e+05  2.05294e+46  4.60983e+05  2.08027e+46  2.91880e-04
 2.48920e+01  4.60983e+05  2.23621e+46  4.60983e+05  2.21299e+46  4.60983e+05  2.19023e+46  4.60983e+05  2.22112e+46  2.91880e-04
 2.57055e+01  4.60983e+05  2.37214e+46  4.60983e+05  2.35258e+46  4.60983e+05  2.33714e+46  4.60983e+05  2.37137e+46  2.91880e-04
 2.65456e+01  4.60983e+05  2.51898e+46  4.60983e+05  2.50286e+46  4.60983e+05  2.49429e+46  4.60983e+05  2.53165e+46  2.91880e-04
 2.74132e+01  4.60983e+05  2.67734e+46  4.60983e+05  2.66445e+46  4.60983e+05  2.66232e+46  4.60983e+05  2.70261e+46  2.91880e-04
 2.83091e+01  4.60983e+05  2.84789e+46  4.60983e+05  2.83802e+46  4.60983e+05  2.84193e+46  4.60983e+05  2.88497e+46  2.91880e-04
 2.92343e+01  4.60983e+05  3.03132e+46  4.60983e+05  3.02428e+46  4.60983e+05  3.03386e+46  4.45643e+05  2.98721e+46  2.91880e-04
 3.01898e+01  4.60983e+05  3.22840e+46  4.60983e+05  3.22402e+46  4.60983e+05  3.23890e+46  4.45643e+05  3.09402e+46  2.91880e-04
 3.11765e+01  4.60983e+05  3.43994e+46  4.60983e+05  3.43805e+46  4.60983e+05  3.45791e+46  4.45643e+05  3.21385e+46  2.91880e-04
 3.21954e+01  4.60983e+05  3.66681e+46  4.60983e+05  3.66726e+46  4.60983e+05  3.69179e+46  4.45643e+05  3.34719e+46  2.91880e-04
 3.32476e+01  4.60983e+05  3.90996e+46  4.60983e+05  3.91260e+46  4.60983e+05  3.94151e+46  4.45643e+05  3.49460e+46  2.91880e-04
 3.43343e+01  4.60983e+05  4.17039e+46  4.60983e+05  4.17508e+46  4.60983e+05  4.20810e+46  4.45643e+05  3.65667e+46  2.91880e-04
 3.54564e+01  4.60983e+05  4.44918e+46  4.60983e+05  4.45580e+46  4.60983e+05  4.49267e+46  4.45643e+05  3.83409e+46  2.91880e-04
 3.66152e+01  4.60983e+05  4.74749e+46  4.60983e+05  4.75591e+46  4.60983e+05  4.79639e+46  4.45643e+05  4.02759e+46  2.91880e-04
 3.78119e+01  4.60983e+05  5.06654e+46  4.60983e+05  5.07666e+46  4.60983e+05  5.12052e+46  4.45643e+05  4.23797e+46  2.91880e-04
 3.90477e+01  4.60983e+05  5.40766e+46  4.60983e+05  5.41936e+46  4.60983e+05  5.46640e+46  4.45643e+05  4.46610e+46  2.91880e-04
 4.03238e+01  4.60983e+05  5.77225e+46  4.60983e+05  5.78545e+46  4.60983e+05  5.83546e+46  4.45643e+05  4.71292e+46  2.91880e-04
 4.16417e+01  4.60983e+05  6.16184e+46  4.60983e+05  6.17643e+46  4.60983e+05  6.22924e+46  4.45643e+05  4.97945e+46  2.91880e-04
 4.30027e+01  4.60983e+05  6.57803e+46  4.60983e+05  6.59393e+46  4.60983e+05  6.64935e+46  4.45643e+05  5.26681e+46  2.91880e-04
 4.44081e+01  4.60983e+05  7.02254e+46  4.60983e+05  7.03967e+46  4.60983e+05  7.09755e+46  4.45643e+05  5.57617e+46  2.91880e-04
 4.58595e+01  4.60983e+05  7.49721e+46  4.60983e+05  7.51550e+46  4.60983e+05  7.57567e+46  4.45643e+05  5.90882e+46  2.91880e-04
 4.73583e+01  4.60983e+05  8.00401e+46  4.60983e+05  8.02338e+46  4.60983e+05  8.08571e+46  4.45643e+05  6.26613e+46  2.91880e-04
 4.89061e+01  4.60983e+05  8.54504e+46  4.60983e+05  8.56541e+46  4.60983e+05  8.62977e+46  4.45643e+05  6.64959e+46  2.91880e-04
 5.05045e+01  4.60983e+05  9.12253e+46  4.60983e+05  9.14385e+46  4.60983e+05  9.21011e+46  4.45643e+05  7.06077e+46  2.91880e-04
 5.21551e+01  4.60983e+05  9.73887e+46  4.60983e+05  9.76108e+46  4.60983e+05  9.82912e+46  4.45643e+05  7.50139e+46  2.91880e-04
 5.38597e+01  4.60983e+05  1.03966e+47  4.60983e+05  1.04197e+47  4.45643e+05  1.02581e+47  4.45643e+05  7.97326e+46  2.91880e-04
 5.56199e+01  4.60983e+05  1.10985e+47  4.60983e+05  1.11223e+47  4.45643e+05  1.06155e+47  4.45643e+05  8.47834e+46  2.91880e-04
 5.74378e+01  4.60983e+05  1.18474e+47  4.60983e+05  1.18720e+47  4.45643e+05  1.10175e+47  4.45643e+05  9.01872e+46  2.91880e-04
 5.93150e+01  4.60983e+05  1.26464e+47  4.60983e+05  1.26717e+47  4.45643e+05  1.14657e+47  4.45643e+05  9.59663e+46  2.91880e-04
 6.12535e+01  4.60983e+05  1.34989e+47  4.60983e+05  1.35248e+47  4.45643e+05  1.19618e+47  4.45643e+05  1.02145e+47  2.91880e-04
 6.32555e+01  4.60983e+05  1.44083e+47  4.60983e+05  1.44348e+47  4.45643e+05  1.25080e+47  4.45643e+05  1.08748e+47  2.91880e-04
 6.53228e+01  4.60983e+05  1.53785e+47  4.60983e+05  1.54056e+47  4.45643e+05  1.31065e+47  4.45643e+05  1.15803e+47  2.91880e-04
 6.74577e+01  4.60983e+05  1.64134e+47  4.60983e+05  1.64410e+47  4.45643e+05  1.37599e+47  4.45643e+05  1.23340e+47  2.91880e-04
 6.96624e+01  4.60983e+05  1.75173e+47  4.45643e+05  1.74679e+47  4.45643e+05  1.44707e+47  4.45643e+05  1.31389e+47  2.91880e-04
 7.19392e+01  4.60983e+05  1.86949e+47  4.45643e+05  1.80466e+47  4.45643e+05  1.52420e+47  4.45643e+05  1.39984e+47  2.91880e-04
 7.42903e+01  4.60983e+05  1.99509e+47  4.45643e+05  1.87009e+47  4.45643e+05  1.60769e+47  4.45643e+05  1.49161e+47  2.91880e-04
 7.67183e+01  4.45643e+05  2.06727e+47  4.45643e+05  1.94336e+47  4.45643e+05  1.69789e+47  4.45643e+05  1.58957e+47  2.91880e-04
 7.92257e+01  4.45643e+05  2.14074e+47  4.45643e+05  2.02476e+47  4.45643e+05  1.79518e+47  4.45643e+05  1.69413e+47  2.91880e-04
 8.18150e+01  4.45643e+05  2.22317e+47  4.45643e+05  2.11464e+47  4.45643e+05  1.89995e+47  4.45643e+05  1.80572e+47  2.91880e-04
 8.44889e+01  4.45643e+05  2.31491e+47  4.45643e+05  2.21336e+47  4.45643e+05  2.01264e+47  4.45643e+05  1.92480e+47  2.91880e-04
 8.72502e+01  4.45643e+05  2.41634e+47  4.45643e+05  2.32134e+47  4.45643e+05  2.13371e+47  4.45643e+05  2.05188e+47  2.91880e-04
 9.01018e+01  4.45643e+05  2.52788e+47  4.45643e+05  2.43902e+47  4.45643e+05  2.26367e+47  4.45643e+05  2.18746e+47  2.91880e-04
 9.30466e+01  4.45643e+05  2.64999e+47  4.45643e+05  2.56689e+47  4.45643e+05  2.40306e+47  4.45643e+05  2.33212e+47  2.91880e-04
 9.60876e+01  4.45643e+05  2.78318e+47  4.45643e+05  2.70548e+47  4.45643e+05  2.55244e+47  4.45643e+05  2.48645e+47  2.91880e-04
 9.92280e+01  4.45643e+05  2.92800e+47  4.45643e+05  2.85536e+47  4.45643e+05  2.71245e+47  4.45643e+05  2.65109e+47  2.91880e-04
 1.02471e+02  4.45643e+05  3.08505e+47  4.45643e+05  3.01715e+47  4.45643e+05  2.88373e+47  4.45643e+05  2.82673e+47  2.91880e-04
 1.05820e+02  4.45643e+05  3.25497e+47  4.45643e+05  3.19153e+47  4.45643e+05  3.06701e+47  4.45643e+05  3.01408e+47  2.91880e-04
 1.09278e+02  4.45643e+05  3.43847e+47  4.45643e+05  3.37921e+47  4.45643e+05  3.26303e+47  4.45643e+05  3.21393e+47  2.91880e-04
 1.12850e+02  4.45643e+05  3.63632e+47  4.45643e+05  3.58096e+47  4.45643e+05  3.47262e+47  4.45643e+05  3.42710e+47  2.91880e-04
 1.16538e+02  4.45643e+05  3.84932e+47  4.45643e+05  3.79763e+47  4.45643e+05  3.69663e+47  4.45643e+05  3.65447e+47  2.91880e-04
 1.20347e+02  4.45643e+05  4.07836e+47  4.45643e+05  4.03012e+47  4.45643e+05  3.93600e+47  4.45643e+05  3.89699e+47  2.91880e-04
 1.24280e+02  4.45643e+05  4.32439e+47  4.45643e+05  4.27938e+47  4.45643e+05  4.19171e+47  4.45643e+05  4.15566e+47  2.91880e-04
 1.28342e+02  4.45643e+05  4.58843e+47  4.45643e+05  4.54644e+47  4.45643e+05  4.46482e+47  4.45643e+05  4.43155e+47  2.91880e-04
 1.32537e+02  4.45643e+05  4.87157e+47  4.45643e+05  4.83241e+47  4.45643e+05  4.75647e+47  4.45643e+05  4.72579e+47  2.91880e-04
 1.36868e+02  4.45643e+05  5.17497e+47  4.45643e+05  5.13848e+47  4.45643e+05  5.06786e+47  4.45643e+05  5.03962e+47  2.91880e-04
 1.41341e+02  4.45643e+05  5.49991e+47  4.45643e+05  5.46591e+47  4.45643e+05  5.40028e+47  4.45643e+05  5.37432e+47  2.91880e-04
 1.45961e+02  4.45643e+05  5.84771e+47  4.45643e+05  5.81605e+47  4.45643e+05  5.75510e+47  4.45643e+05  5.73129e+47  2.91880e-04
 1.50731e+02  4.45643e+05  6.21982e+47  4.45643e+05  6.19036e+47  4.45643e+05  6.13380e+47  4.45643e+05  6.11200e+47  2.91880e-04
 1.55658e+02  4.45643e+05  6.61779e+47  4.45643e+05  6.59038e+47  4.45643e+05  6.53794e+47  4.45643e+05  6.51802e+47  2.91880e-04
 1.60745e+02  4.45643e+05  7.04325e+47  4.45643e+05  7.01778e+47  4.45643e+05  6.96919e+47  4.45643e+05  6.95104e+47  2.91880e-04
 1.65998e+02  4.45643e+05  7.49797e+47  4.45643e+05  7.47431e+47  4.45643e+05  7.42933e+47  4.45643e+05  7.41284e+47  2.91880e-04
 1.71424e+02  4.45643e+05  7.98384e+47  4.45643e+05  7.96186e+47  4.45643e+05  7.92028e+47  4.45643e+05  7.90534e+47  2.91880e-04
 1.77026e+02  4.45643e+05  8.50285e+47  4.45643e+05  8.48247e+47  4.45643e+05  8.44407e+47  4.45643e+05  8.43058e+47  2.91880e-04
 1.82812e+02  4.45643e+05  9.05716e+47  4.45643e+05  9.03827e+47  4.45643e+05  9.00285e+47  4.45643e+05  8.99074e+47  2.91880e-04
 1.88787e+02  4.45643e+05  9.64906e+47  4.45643e+05  9.63157e+47  4.45643e+05  9.59895e+47  4.45643e+05  9.58812e+47  2.91880e-04
 1.94957e+02  4.45643e+05  1.02810e+48  4.45643e+05  1.02648e+48  4.45643e+05  1.02348e+48  4.45643e+05  1.02252e+48  2.91880e-04
 2.01328e+02  4.45643e+05  1.09556e+48  4.45643e+05  1.09407e+48  4.45643e+05  1.09131e+48  4.45643e+05  1.09046e+48  2.91880e-04
 2.07908e+02  4.45643e+05  1.16757e+48  4.45643e+05  1.16619e+48  4.45643e+05  1.16366e+48  4.45643e+05  1.16292e+48  2.91880e-04
 2.14703e+02  4.45643e+05  1.24441e+48  4.45643e+05  1.24314e+48  4.45643e+05  1.24084e+48  4.45643e+05  1.24019e+48  2.91880e-04
 2.21720e+02  4.45643e+05  1.32642e+48  4.45643e+05  1.32525e+48  4.45643e+05  1.32315e+48  4.45643e+05  1.32260e+48  2.91880e-04
 2.28967e+02  4.45643e+05  1.41393e+48  4.45643e+05  1.41286e+48  4.45643e+05  1.41094e+48  4.30814e+05  1.38150e+48  2.91880e-04
 2.36450e+02  4.45643e+05  1.50731e+48  4.45643e+05  1.50632e+48  4.45643e+05  1.50458e+48  4.30814e+05  1.42789e+48  2.91880e-04
 2.44178e+02  4.45643e+05  1.60693e+48  4.45643e+05  1.60602e+48  4.45643e+05  1.60446e+48  4.30814e+05  1.48019e+48  2.91880e-04
 2.52158e+02  4.45643e+05  1.71321e+48  4.45643e+05  1.71238e+48  4.45643e+05  1.71097e+48  4.30814e+05  1.53861e+48  2.91880e-04
 2.60399e+02  4.45643e+05  1.82659e+48  4.45643e+05  1.82584e+48  4.45643e+05  1.82458e+48  4.30814e+05  1.60341e+48  2.91880e-04
 2.68910e+02  4.45643e+05  1.94754e+48  4.45643e+05  1.94686e+48  4.45643e+05  1.94574e+48  4.30814e+05  1.67484e+48  2.91880e-04
 2.77699e+02  4.45643e+05  2.07657e+48  4.45643e+05  2.07595e+48  4.45643e+05  2.07495e+48  4.30814e+05  1.75321e+48  2.91880e-04
 2.86774e+02  4.45643e+05  2.21420e+48  4.45643e+05  2.21364e+48  4.45643e+05  2.21277e+48  4.30814e+05  1.83883e+48  2.91880e-04
 2.96147e+02  4.45643e+05  2.36100e+48  4.45643e+05  2.36050e+48  4.45643e+05  2.35974e+48  4.30814e+05  1.93207e+48  2.91880e-04
 3.05826e+02  4.45643e+05  2.51759e+48  4.45643e+05  2.51714e+48  4.45643e+05  2.51648e+48  4.30814e+05  2.03330e+48  2.91880e-04
 3.15821e+02  4.45643e+05  2.68460e+48  4.45643e+05  2.68421e+48  4.45643e+05  2.68365e+48  4.30814e+05  2.14295e+48  2.91880e-04
 3.26143e+02  4.45643e+05  2.86274e+48  4.45643e+05  2.86239e+48  4.45643e+05  2.86193e+48  4.30814e+05  2.26147e+48  2.91880e-04
 3.36802e+02  4.45643e+05  3.05273e+48  4.45643e+05  3.05243e+48  4.45643e+05  3.05205e+48  4.30814e+05  2.38935e+48  2.91880e-04
 3.47810e+02  4.45643e+05  3.25537e+48  4.45643e+05  3.25511e+48  4.45643e+05  3.25482e+48  4.30814e+05  2.52713e+48  2.91880e-04
 3.59177e+02  4.45643e+05  3.47150e+48  4.45643e+05  3.47127e+48  4.45643e+05  3.47106e+48  4.30814e+05  2.67536e+48  2.91880e-04
 3.70916e+02  4.45643e+05  3.70200e+48  4.45643e+05  3.70181e+48  4.45643e+05  3.70166e+48  4.30814e+05  2.83467e+48  2.91880e-04
 3.83038e+02  4.45643e+05  3.94783e+48  4.45643e+05  3.94767e+48  4.45643e+05  3.94760e+48  4.30814e+05  3.00571e+48  2.91880e-04
 3.95557e+02  4.45643e+05  4.21001e+48  4.45643e+05  4.20988e+48  4.45643e+05  4.20987e+48  4.30814e+05  3.18919e+48  2.91880e-04
 4.08485e+02  4.45643e+05  4.48962e+48  4.45643e+05  4.48953e+48  4.45643e+05  4.48958e+48  4.30814e+05  3.38587e+48  2.91880e-04
 4.21835e+02  4.45643e+05  4.78783e+48  4.45643e+05  4.78776e+48  4.45643e+05  4.78787e+48  4.30814e+05  3.59656e+48  2.91880e-04
 4.35622e+02  4.45643e+05  5.10586e+48  4.45643e+05  5.10582e+48  4.30814e+05  4.94001e+48  4.30814e+05  3.82215e+48  2.91880e-04
 4.49859e+02  4.45643e+05  5.44503e+48  4.45643e+05  5.44502e+48  4.30814e+05  5.11172e+48  4.30814e+05  4.06355e+48  2.91880e-04
 4.64562e+02  4.45643e+05  5.80675e+48  4.45643e+05  5.80676e+48  4.30814e+05  5.30460e+48  4.30814e+05  4.32177e+48  2.91880e-04
 4.79745e+02  4.45643e+05  6.19251e+48  4.45643e+05  6.19254e+48  4.30814e+05  5.51943e+48  4.30814e+05  4.59788e+48  2.91880e-04
 4.95424e+02  4.45643e+05  6.60391e+48  4.45643e+05  6.60396e+48  4.30814e+05  5.75711e+48  4.30814e+05  4.89302e+48  2.91880e-04
 5.11616e+02  4.45643e+05  7.04265e+48  4.45643e+05  7.04272e+48  4.30814e+05  6.01862e+48  4.30814e+05  5.20841e+48  2.91880e-04
 5.28337e+02  4.45643e+05  7.51054e+48  4.45643e+05  7.51063e+48  4.30814e+05  6.30504e+48  4.30814e+05  5.54536e+48  2.91880e-04
 5.45604e+02  4.45643e+05  8.00953e+48  4.45643e+05  8.00963e+48  4.30814e+05  6.61756e+48  4.30814e+05  5.90526e+48  2.91880e-04
 5.63436e+02  4.45643e+05  8.54168e+48  4.30814e+05  8.41014e+48  4.30814e+05  6.95748e+48  4.30814e+05  6.28960e+48  2.91880e-04
 5.81850e+02  4.45643e+05  9.10918e+48  4.30814e+05  8.68830e+48  4.30814e+05  7.32619e+48  4.30814e+05  6.69997e+48  2.91880e-04
 6.00867e+02  4.30814e+05  9.64121e+48  4.30814e+05  9.00243e+48  4.30814e+05  7.72523e+48  4.30814e+05  7.13807e+48  2.91880e-04
 6.20505e+02  4.30814e+05  9.95279e+48  4.30814e+05  9.35382e+48  4.30814e+05  8.15624e+48  4.30814e+05  7.60571e+48  2.91880e-04
 6.40784e+02  4.30814e+05  1.03056e+49  4.30814e+05  9.74393e+48  4.30814e+05  8.62102e+48  4.30814e+05  8.10483e+48  2.91880e-04
 6.61727e+02  4.30814e+05  1.07010e+49  4.30814e+05  1.01744e+49  4.30814e+05  9.12147e+48  4.30814e+05  8.63750e+48  2.91880e-04
 6.83354e+02  4.30814e+05  1.11407e+49  4.30814e+05  1.06469e+49  4.30814e+05  9.65968e+48  4.30814e+05  9.20591e+48  2.91880e-04
 7.05688e+02  4.30814e+05  1.16266e+49  4.30814e+05  1.11636e+49  4.30814e+05  1.02379e+49  4.30814e+05  9.81243e+48  2.91880e-04
 7.28751e+02  4.30814e+05  1.21606e+49  4.30814e+05  1.17264e+49  4.30814e+05  1.08584e+49  4.30814e+05  1.04596e+49  2.91880e-04
 7.52569e+02  4.30814e+05  1.27449e+49  4.30814e+05  1.23378e+49  4.30814e+05  1.15240e+49  4.30814e+05  1.11500e+49  2.91880e-04
 7.77165e+02  4.30814e+05  1.33819e+49  4.30814e+05  1.30003e+49  4.30814e+05  1.22372e+49  4.30814e+05  1.18865e+49  2.91880e-04
 8.02565e+02  4.30814e+05  1.40744e+49  4.30814e+05  1.37165e+49  4.30814e+05  1.30010e+49  4.30814e+05  1.26723e+49  2.91880e-04
 8.28794e+02  4.30814e+05  1.48251e+49  4.30814e+05  1.44895e+49  4.30814e+05  1.38187e+49  4.30814e+05  1.35105e+49  2.91880e-04
 8.55882e+02  4.30814e+05  1.56372e+49  4.30814e+05  1.53226e+49  4.30814e+05  1.46935e+49  4.30814e+05  1.44046e+49  2.91880e-04
 8.83854e+02  4.30814e+05  1.65140e+49  4.30814e+05  1.62190e+49  4.30814e+05  1.56292e+49  4.30814e+05  1.53583e+49  2.91880e-04
 9.12741e+02  4.30814e+05  1.74592e+49  4.30814e+05  1.71826e+49  4.30814e+05  1.66296e+49  4.30814e+05  1.63756e+49  2.91880e-04
 9.42571e+02  4.30814e+05  1.84766e+49  4.30814e+05  1.82172e+49  4.30814e+05  1.76988e+49  4.30814e+05  1.74607e+49  2.91880e-04
 9.73377e+02  4.30814e+05  1.95705e+49  4.30814e+05  1.93273e+49  4.30814e+05  1.88412e+49  4.30814e+05  1.86180e+49  2.91880e-04
 1.00519e+03  4.30814e+05  2.07454e+49  4.30814e+05  2.05174e+49  4.30814e+05  2.00616e+49  4.30814e+05  1.98524e+49  2.91880e-04
 1.03804e+03  4.30814e+05  2.20062e+49  4.30814e+05  2.17924e+49  4.30814e+05  2.13651e+49  4.30814e+05  2.11689e+49  2.91880e-04
 1.07197e+03  4.30814e+05  2.33580e+49  4.30814e+05  2.31576e+49  4.30814e+05  2.27569e+49  4.30814e+05  2.25730e+49  2.91880e-04
 1.10700e+03  4.30814e+05  2.48066e+49  4.30814e+05  2.46186e+49  4.30814e+05  2.42430e+49  4.30814e+05  2.40706e+49  2.91880e-04
 1.14318e+03  4.30814e+05  2.63578e+49  4.30814e+05  2.61816e+49  4.30814e+05  2.58294e+49  4.30814e+05  2.56678e+49  2.91880e-04
 1.18054e+03  4.30814e+05  2.80181e+49  4.30814e+05  2.78528e+49  4.30814e+05  2.75227e+49  4.30814e+05  2.73712e+49  2.91880e-04
 1.21913e+03  4.30814e+05  2.97943e+49  4.30814e+05  2.96394e+49  4.30814e+05  2.93299e+49  4.30814e+05  2.91879e+49  2.91880e-04
 1.25897e+03  4.30814e+05  3.16939e+49  4.30814e+05  3.15487e+49  4.30814e+05  3.12585e+49  4.30814e+05  3.11254e+49  2.91880e-04
 1.30012e+03  4.30814e+05  3.37246e+49  4.30814e+05  3.35885e+49  4.30814e+05  3.33164e+49  4.30814e+05  3.31917e+49  2.91880e-04
 1.34261e+03  4.30814e+05  3.58950e+49  4.30814e+05  3.57673e+49  4.30814e+05  3.55122e+49  4.30814e+05  3.53953e+49  2.91880e-04
 1.38649e+03  4.30814e+05  3.82138e+49  4.30814e+05  3.80942e+49  4.30814e+05  3.78551e+49  4.30814e+05  3.77455e+49  2.91880e-04
 1.43180e+03  4.30814e+05  4.06909e+49  4.30814e+05  4.05787e+49  4.30814e+05  4.03545e+49  4.30814e+05  4.02518e+49  2.91880e-04
 1.47860e+03  4.30814e+05  4.33363e+49  4.30814e+05  4.32311e+49  4.30814e+05  4.30210e+49  4.30814e+05  4.29247e+49  2.91880e-04
 1.52692e+03  4.30814e+05  4.61611e+49  4.30814e+05  4.60625e+49  4.30814e+05  4.58655e+49  4.30814e+05  4.57753e+49  2.91880e-04
 1.57683e+03  4.30814e+05  4.91770e+49  4.30814e+05  4.90845e+49  4.30814e+05  4.88999e+49  4.30814e+05  4.88154e+49  2.91880e-04
 1.62836e+03  4.30814e+05  5.23964e+49  4.30814e+05  5.23097e+49  4.30814e+05  5.21366e+49  4.30814e+05  5.20574e+49  2.91880e-04
 1.68158e+03  4.30814e+05  5.58326e+49  4.30814e+05  5.57514e+49  4.30814e+05  5.55891e+49  4.30814e+05  5.55149e+49  2.91880e-04
 1.73654e+03  4.30814e+05  5.94999e+49  4.30814e+05  5.94237e+49  4.30814e+05  5.92717e+49  4.30814e+05  5.92021e+49  2.91880e-04
 1.79329e+03  4.30814e+05  6.34135e+49  4.30814e+05  6.33421e+49  4.30814e+05  6.31995e+49  4.30814e+05  6.31343e+49  2.91880e-04
 1.85190e+03  4.30814e+05  6.75895e+49  4.30814e+05  6.75225e+49  4.30814e+05  6.73889e+49  4.30814e+05  6.73279e+49  2.91880e-04
 1.91243e+03  4.30814e+05  7.20452e+49  4.30814e+05  7.19824e+49  4.30814e+05  7.18572e+49  4.30814e+05  7.18000e+49  2.91880e-04
 1.97493e+03  4.30814e+05  7.67991e+49  4.30814e+05  7.67403e+49  4.30814e+05  7.66229e+49  4.30814e+05  7.65693e+49  2.91880e-04
 2.03948e+03  4.30814e+05  8.18708e+49  4.30814e+05  8.18157e+49  4.30814e+05  8.17057e+49  4.30814e+05  8.16555e+49  2.91880e-04
 2.10613e+03  4.30814e+05  8.72814e+49  4.30814e+05  8.72297e+49  4.30814e+05  8.71266e+49  4.30814e+05  8.70796e+49  2.91880e-04
 2.17497e+03  4.30814e+05  9.30532e+49  4.30814e+05  9.30047e+49  4.30814e+05  9.29081e+49  4.30814e+05  9.28641e+49  2.91880e-04
 2.24605e+03  4.30814e+05  9.92101e+49  4.30814e+05  9.91647e+49  4.30814e+05  9.90741e+49  4.16479e+05  9.61462e+49  2.91880e-04
 2.31946e+03  4.30814e+05  1.05778e+50  4.30814e+05  1.05735e+50  4.30814e+05  1.05650e+50  4.16479e+05  9.93740e+49  2.91880e-04
 2.39526e+03  4.30814e+05  1.12783e+50  4.30814e+05  1.12743e+50  4.30814e+05  1.12663e+50  4.16479e+05  1.03013e+50  2.91880e-04
 2.47355e+03  4.30814e+05  1.20255e+50  4.30814e+05  1.20217e+50  4.30814e+05  1.20143e+50  4.16479e+05  1.07079e+50  2.91880e-04
 2.55439e+03  4.30814e+05  1.28224e+50  4.30814e+05  1.28189e+50  4.30814e+05  1.28120e+50  4.16479e+05  1.11587e+50  2.91880e-04
 2.63787e+03  4.30814e+05  1.36725e+50  4.30814e+05  1.36692e+50  4.30814e+05  1.36627e+50  4.16479e+05  1.16557e+50  2.91880e-04
 2.72409e+03  4.30814e+05  1.45791e+50  4.30814e+05  1.45760e+50  4.30814e+05  1.45699e+50  4.16479e+05  1.22010e+50  2.91880e-04
 2.81312e+03  4.30814e+05  1.55461e+50  4.30814e+05  1.55432e+50  4.30814e+05  1.55374e+50  4.16479e+05  1.27968e+50  2.91880e-04
 2.90506e+03  4.30814e+05  1.65773e+50  4.30814e+05  1.65747e+50  4.30814e+05  1.65693e+50  4.16479e+05  1.34455e+50  2.91880e-04
 3.00000e+03  4.30814e+05  1.76772e+50  4.30814e+05  1.76747e+50  4.30814e+05  1.76697e+50  4.16479e+05  1.41499e+50  2.91880e-04
