radius_rg T_0deg chi2_0deg T_15deg chi2_15deg T_30deg chi2_30deg T_45deg chi2_45deg nuLnusavg_last
 2.00000e-01  1.27234e+06  4.11367e+44  1.23000e+06  3.12149e+44  1.07428e+06  1.03418e+44  8.47687e+05  5.13539e+42  2.79737e-06
 2.06537e-01  1.23000e+06  3.83002e+44  1.18907e+06  2.91079e+44  1.07428e+06  9.56076e+43  8.47687e+05  3.60520e+42  2.79737e-06
 2.13287e-01  1.23000e+06  3.63658e+44  1.18907e+06  2.74306e+44  1.03853e+06  9.15181e+43  8.47687e+05  3.19099e+42  2.79737e-06
 2.20257e-01  1.18907e+06  3.42018e+44  1.14951e+06  2.59623e+44  1.03853e+06  8.16869e+43  8.19480e+05  3.52790e+42  2.79737e-06
 2.27456e-01  1.18907e+06  3.20501e+44  1.14951e+06  2.40594e+44  1.03853e+06  7.60744e+43  8.19480e+05  1.97276e+42  2.79737e-06
 2.34890e-01  1.14951e+06  3.06289e+44  1.14951e+06  2.29265e+44  1.00397e+06  7.10235e+43  8.19480e+05  1.52685e+42  2.79737e-06
 2.42567e-01  1.14951e+06  2.82203e+44  1.11126e+06  2.11366e+44  1.00397e+06  6.31190e+43  8.19480e+05  2.18831e+42  2.79737e-06
 2.50494e-01  1.14951e+06  2.67026e+44  1.11126e+06  1.97309e+44  1.00397e+06  5.93565e+43  7.92211e+05  1.06256e+42  2.79737e-06
 2.58681e-01  1.11126e+06  2.49177e+44  1.07428e+06  1.87075e+44  9.70565e+05  5.36671e+43  7.92211e+05  4.77396e+41  2.79737e-06
 2.67136e-01  1.11126e+06  2.30885e+44  1.07428e+06  1.69942e+44  9.70565e+05  4.73384e+43  7.92211e+05  9.95271e+41  2.79737e-06
 2.75866e-01  1.11126e+06  2.21289e+44  1.07428e+06  1.60216e+44  9.70565e+05  4.50864e+43  7.65850e+05  9.83436e+41  2.79737e-06
 2.84882e-01  1.07428e+06  2.00134e+44  1.03853e+06  1.47711e+44  9.38269e+05  3.91466e+43  7.65850e+05  1.43990e+41  2.79737e-06
 2.94193e-01  1.07428e+06  1.86887e+44  1.03853e+06  1.34443e+44  9.38269e+05  3.40487e+43  7.65850e+05  4.06200e+41  2.79737e-06
 3.03808e-01  1.03853e+06  1.75415e+44  1.03853e+06  1.28435e+44  9.38269e+05  3.29724e+43  7.65850e+05  1.77115e+42  2.79737e-06
 3.13737e-01  1.03853e+06  1.58104e+44  1.00397e+06  1.14112e+44  9.07048e+05  2.72487e+43  7.40366e+05  6.87111e+41  2.79737e-06
 3.23991e-01  1.03853e+06  1.49189e+44  1.00397e+06  1.04097e+44  9.07048e+05  2.30378e+43  7.40366e+05  5.71696e+41  2.79737e-06
 3.34580e-01  1.00397e+06  1.35708e+44  9.70565e+05  1.00038e+44  9.07048e+05  2.28030e+43  7.40366e+05  1.55971e+42  2.79737e-06
 3.45515e-01  1.00397e+06  1.22190e+44  9.70565e+05  8.56212e+43  8.76865e+05  1.78563e+43  7.15730e+05  2.34480e+42  2.79737e-06
 3.56807e-01  1.00397e+06  1.16918e+44  9.70565e+05  7.82628e+43  8.76865e+05  1.41853e+43  7.15730e+05  1.71603e+42  2.79737e-06
 3.68468e-01  9.70565e+05  1.02064e+44  9.38269e+05  7.39706e+43  8.76865e+05  1.44537e+43  7.15730e+05  2.19542e+42  2.79737e-06
 3.80511e-01  9.70565e+05  9.16455e+43  9.38269e+05  6.17233e+43  8.47687e+05  1.09610e+43  7.15730e+05  3.78495e+42  2.79737e-06
 3.92947e-01  9.70565e+05  8.93472e+43  9.38269e+05  5.64356e+43  8.47687e+05  7.47414e+42  6.91914e+05  4.16304e+42  2.79737e-06
 4.05790e-01  9.38269e+05  7.38879e+43  9.07048e+05  5.27337e+43  8.47687e+05  7.89893e+42  6.91914e+05  3.98414e+42  2.79737e-06
 4.19052e-01  9.38269e+05  6.58862e+43  9.07048e+05  4.20534e+43  8.19480e+05  6.68086e+42  6.91914e+05  4.92279e+42  2.79737e-06
 4.32748e-01  9.07048e+05  6.49721e+43  9.07048e+05  3.82511e+43  8.19480e+05  3.00781e+42  6.91914e+05  6.98287e+42  2.79737e-06
 4.46891e-01  9.07048e+05  5.07560e+43  8.76865e+05  3.61303e+43  8.19480e+05  3.22798e+42  6.68890e+05  7.36344e+42  2.79737e-06
 4.61496e-01  9.07048e+05  4.44912e+43  8.76865e+05  2.64086e+43  7.92211e+05  5.28664e+42  6.68890e+05  7.48254e+42  2.79737e-06
 4.76579e-01  8.76865e+05  4.55270e+43  8.76865e+05  2.35003e+43  7.92211e+05  1.03536e+42  6.68890e+05  8.73366e+42  2.79737e-06
 4.92155e-01  8.76865e+05  3.24362e+43  8.47687e+05  2.41557e+43  7.92211e+05  6.69122e+41  6.68890e+05  1.11220e+43  2.79737e-06
 5.08240e-01  8.76865e+05  2.72209e+43  8.47687e+05  1.47694e+43  7.92211e+05  4.18643e+42  6.46632e+05  1.20579e+43  2.79737e-06
 5.24851e-01  8.76865e+05  2.98595e+43  8.47687e+05  1.21483e+43  7.65850e+05  1.98723e+42  6.46632e+05  1.23052e+43  2.79737e-06
 5.42004e-01  8.47687e+05  1.89099e+43  8.47687e+05  1.62816e+43  7.65850e+05  6.23414e+41  6.46632e+05  1.37045e+43  2.79737e-06
 5.59718e-01  8.47687e+05  1.40393e+43  8.19480e+05  7.32983e+42  7.65850e+05  3.14295e+42  6.46632e+05  1.62617e+43  2.79737e-06
 5.78011e-01  8.47687e+05  1.69680e+43  8.19480e+05  4.36442e+42  7.40366e+05  6.52729e+42  6.25115e+05  1.85136e+43  2.79737e-06
 5.96902e-01  8.19480e+05  1.04081e+43  8.19480e+05  8.12117e+42  7.40366e+05  3.71375e+42  6.25115e+05  1.86924e+43  2.79737e-06
 6.16411e-01  8.19480e+05  5.14847e+42  7.92211e+05  4.54222e+42  7.40366e+05  4.79635e+42  6.25115e+05  2.00496e+43  2.79737e-06
 6.36557e-01  8.19480e+05  7.65134e+42  7.92211e+05  5.63923e+41  7.40366e+05  9.77957e+42  6.25115e+05  2.25909e+43  2.79737e-06
 6.57361e-01  7.92211e+05  7.46359e+42  7.92211e+05  3.29205e+42  7.15730e+05  1.08571e+43  6.25115e+05  2.63267e+43  2.79737e-06
 6.78845e-01  7.92211e+05  1.03791e+42  7.65850e+05  7.18098e+42  7.15730e+05  1.00103e+43  6.04314e+05  2.71044e+43  2.79737e-06
 7.01032e-01  7.92211e+05  2.35776e+42  7.65850e+05  1.46864e+42  7.15730e+05  1.30857e+43  6.04314e+05  2.81904e+43  2.79737e-06
 7.23943e-01  7.65850e+05  1.09853e+43  7.65850e+05  2.46648e+42  7.15730e+05  2.00960e+43  6.04314e+05  3.04940e+43  2.79737e-06
 7.47603e-01  7.65850e+05  2.55513e+42  7.65850e+05  1.01786e+43  6.91914e+05  2.00296e+43  6.04314e+05  3.40249e+43  2.79737e-06
 7.72037e-01  7.65850e+05  1.87673e+42  7.40366e+05  8.19466e+42  6.91914e+05  2.06498e+43  5.84205e+05  3.83523e+43  2.79737e-06
 7.97269e-01  7.65850e+05  8.94734e+42  7.40366e+05  6.69171e+42  6.91914e+05  2.52362e+43  5.84205e+05  3.88782e+43  2.79737e-06
 8.23326e-01  7.40366e+05  1.10084e+43  7.40366e+05  1.19205e+43  6.91914e+05  3.38078e+43  5.84205e+05  4.06659e+43  2.79737e-06
 8.50234e-01  7.40366e+05  7.43583e+42  7.15730e+05  2.23814e+43  6.68890e+05  3.41561e+43  5.84205e+05  4.37231e+43  2.79737e-06
 8.78022e-01  7.40366e+05  1.16353e+43  7.15730e+05  1.75114e+43  6.68890e+05  3.56966e+43  5.84205e+05  4.80622e+43  2.79737e-06
 9.06718e-01  7.40366e+05  2.36241e+43  7.15730e+05  1.94180e+43  6.68890e+05  4.12656e+43  5.64766e+05  5.34217e+43  2.79737e-06
 9.36352e-01  7.15730e+05  2.08431e+43  7.15730e+05  2.81091e+43  6.68890e+05  5.08861e+43  5.64766e+05  5.43260e+43  2.79737e-06
 9.66955e-01  7.15730e+05  2.11955e+43  6.91914e+05  3.71486e+43  6.46632e+05  5.37711e+43  5.64766e+05  5.65562e+43  2.79737e-06
 9.98557e-01  7.15730e+05  2.93769e+43  6.91914e+05  3.47687e+43  6.46632e+05  5.56125e+43  5.64766e+05  6.01216e+43  2.79737e-06
 1.03119e+00  6.91914e+05  4.47008e+43  6.91914e+05  3.92368e+43  6.46632e+05  6.15648e+43  5.64766e+05  6.50368e+43  2.79737e-06
 1.06489e+00  6.91914e+05  4.00834e+43  6.91914e+05  5.05714e+43  6.46632e+05  7.16527e+43  5.64766e+05  7.13222e+43  2.79737e-06
 1.09970e+00  6.91914e+05  4.33730e+43  6.68890e+05  6.09781e+43  6.25115e+05  8.00212e+43  5.45973e+05  7.45486e+43  2.79737e-06
 1.13564e+00  6.91914e+05  5.45834e+43  6.68890e+05  6.01255e+43  6.25115e+05  8.14349e+43  5.45973e+05  7.68673e+43  2.79737e-06
 1.17276e+00  6.68890e+05  7.18169e+43  6.68890e+05  6.62259e+43  6.25115e+05  8.70665e+43  5.45973e+05  8.06051e+43  2.79737e-06
 1.21108e+00  6.68890e+05  6.89354e+43  6.68890e+05  7.93044e+43  6.25115e+05  9.69391e+43  5.45973e+05  8.57775e+43  2.79737e-06
 1.25067e+00  6.68890e+05  7.40805e+43  6.46632e+05  9.48683e+43  6.25115e+05  1.11094e+44  5.45973e+05  9.24060e+43  2.79737e-06
 1.29154e+00  6.68890e+05  8.72734e+43  6.46632e+05  9.44520e+43  6.04314e+05  1.15082e+44  5.45973e+05  1.00518e+44  2.79737e-06
 1.33375e+00  6.68890e+05  1.08569e+44  6.46632e+05  1.01131e+44  6.04314e+05  1.19532e+44  5.27805e+05  1.03707e+44  2.79737e-06
 1.37734e+00  6.46632e+05  1.08438e+44  6.46632e+05  1.14932e+44  6.04314e+05  1.28358e+44  5.27805e+05  1.07120e+44  2.79737e-06
 1.42236e+00  6.46632e+05  1.14212e+44  6.46632e+05  1.35913e+44  6.04314e+05  1.41596e+44  5.27805e+05  1.12078e+44  2.79737e-06
 1.46884e+00  6.46632e+05  1.28200e+44  6.25115e+05  1.39647e+44  6.04314e+05  1.59300e+44  5.27805e+05  1.18601e+44  2.79737e-06
 1.51685e+00  6.46632e+05  1.50460e+44  6.25115e+05  1.45665e+44  5.84205e+05  1.62065e+44  5.27805e+05  1.26716e+44  2.79737e-06
 1.56642e+00  6.25115e+05  1.60837e+44  6.25115e+05  1.58990e+44  5.84205e+05  1.68784e+44  5.27805e+05  1.36456e+44  2.79737e-06
 1.61762e+00  6.25115e+05  1.65797e+44  6.25115e+05  1.79677e+44  5.84205e+05  1.80082e+44  5.10242e+05  1.43834e+44  2.79737e-06
 1.67049e+00  6.25115e+05  1.79185e+44  6.04314e+05  1.99187e+44  5.84205e+05  1.96006e+44  5.10242e+05  1.47814e+44  2.79737e-06
 1.72508e+00  6.25115e+05  2.01055e+44  6.04314e+05  2.03026e+44  5.84205e+05  2.16622e+44  5.10242e+05  1.53506e+44  2.79737e-06
 1.78146e+00  6.04314e+05  2.30223e+44  6.04314e+05  2.14409e+44  5.64766e+05  2.23254e+44  5.10242e+05  1.60934e+44  2.79737e-06
 1.83968e+00  6.04314e+05  2.32601e+44  6.04314e+05  2.33384e+44  5.64766e+05  2.31246e+44  5.10242e+05  1.70130e+44  2.79737e-06
 1.89981e+00  6.04314e+05  2.43683e+44  6.04314e+05  2.60028e+44  5.64766e+05  2.44076e+44  5.10242e+05  1.81130e+44  2.79737e-06
 1.96190e+00  6.04314e+05  2.63514e+44  5.84205e+05  2.78808e+44  5.64766e+05  2.61796e+44  5.10242e+05  1.93981e+44  2.79737e-06
 2.02602e+00  6.04314e+05  2.92177e+44  5.84205e+05  2.86378e+44  5.64766e+05  2.84481e+44  4.93264e+05  2.05516e+44  2.79737e-06
 2.09224e+00  5.84205e+05  3.21199e+44  5.84205e+05  3.01838e+44  5.45973e+05  3.03513e+44  4.93264e+05  2.11007e+44  2.79737e-06
 2.16062e+00  5.84205e+05  3.27794e+44  5.84205e+05  3.25250e+44  5.45973e+05  3.11386e+44  4.93264e+05  2.18474e+44  2.79737e-06
 2.23123e+00  5.84205e+05  3.43487e+44  5.84205e+05  3.56713e+44  5.45973e+05  3.24427e+44  4.93264e+05  2.27945e+44  2.79737e-06
 2.30415e+00  5.84205e+05  3.68343e+44  5.64766e+05  3.83957e+44  5.45973e+05  3.42692e+44  4.93264e+05  2.39461e+44  2.79737e-06
 2.37946e+00  5.84205e+05  4.02464e+44  5.64766e+05  3.93483e+44  5.45973e+05  3.66256e+44  4.93264e+05  2.53069e+44  2.79737e-06
 2.45723e+00  5.64766e+05  4.42155e+44  5.64766e+05  4.11342e+44  5.45973e+05  3.95217e+44  4.93264e+05  2.68825e+44  2.79737e-06
 2.53753e+00  5.64766e+05  4.50889e+44  5.64766e+05  4.37608e+44  5.27805e+05  4.18430e+44  4.93264e+05  2.86795e+44  2.79737e-06
 2.62047e+00  5.64766e+05  4.69231e+44  5.64766e+05  4.72388e+44  5.27805e+05  4.29682e+44  4.76850e+05  3.06912e+44  2.79737e-06
 2.70611e+00  5.64766e+05  4.97255e+44  5.64766e+05  5.15828e+44  5.27805e+05  4.46593e+44  4.76850e+05  3.14821e+44  2.79737e-06
 2.79455e+00  5.64766e+05  5.35079e+44  5.45973e+05  5.32447e+44  5.27805e+05  4.69233e+44  4.76850e+05  3.25134e+44  2.79737e-06
 2.88589e+00  5.64766e+05  5.82858e+44  5.45973e+05  5.50355e+44  5.27805e+05  4.97695e+44  4.76850e+05  3.37894e+44  2.79737e-06
 2.98021e+00  5.45973e+05  6.11433e+44  5.45973e+05  5.77245e+44  5.27805e+05  5.32098e+44  4.76850e+05  3.53153e+44  2.79737e-06
 3.07761e+00  5.45973e+05  6.29675e+44  5.45973e+05  6.13229e+44  5.27805e+05  5.72584e+44  4.76850e+05  3.70975e+44  2.79737e-06
 3.17819e+00  5.45973e+05  6.58264e+44  5.45973e+05  6.58454e+44  5.10242e+05  5.90595e+44  4.76850e+05  3.91433e+44  2.79737e-06
 3.28206e+00  5.45973e+05  6.97319e+44  5.45973e+05  7.13108e+44  5.10242e+05  6.09314e+44  4.76850e+05  4.14612e+44  2.79737e-06
 3.38933e+00  5.45973e+05  7.47000e+44  5.27805e+05  7.34310e+44  5.10242e+05  6.34436e+44  4.76850e+05  4.40607e+44  2.79737e-06
 3.50010e+00  5.45973e+05  8.07514e+44  5.27805e+05  7.58444e+44  5.10242e+05  6.66065e+44  4.76850e+05  4.69528e+44  2.79737e-06
 3.61449e+00  5.27805e+05  8.42968e+44  5.27805e+05  7.92421e+44  5.10242e+05  7.04331e+44  4.76850e+05  5.01492e+44  2.79737e-06
 3.73262e+00  5.27805e+05  8.68168e+44  5.27805e+05  8.36382e+44  5.10242e+05  7.49392e+44  4.60983e+05  5.18702e+44  2.79737e-06
 3.85462e+00  5.27805e+05  9.04703e+44  5.27805e+05  8.90508e+44  5.10242e+05  8.01435e+44  4.60983e+05  5.35427e+44  2.79737e-06
 3.98060e+00  5.27805e+05  9.52722e+44  5.27805e+05  9.55023e+44  4.93264e+05  8.40648e+44  4.60983e+05  5.55469e+44  2.79737e-06
 4.11069e+00  5.27805e+05  1.01243e+45  5.10242e+05  1.01198e+45  4.93264e+05  8.64463e+44  4.60983e+05  5.78911e+44  2.79737e-06
 4.24504e+00  5.27805e+05  1.08406e+45  5.10242e+05  1.03861e+45  4.93264e+05  8.95735e+44  4.60983e+05  6.05850e+44  2.79737e-06
 4.38378e+00  5.10242e+05  1.16311e+45  5.10242e+05  1.07625e+45  4.93264e+05  9.34596e+44  4.60983e+05  6.36397e+44  2.79737e-06
 4.52705e+00  5.10242e+05  1.19088e+45  5.10242e+05  1.12504e+45  4.93264e+05  9.81205e+44  4.60983e+05  6.70679e+44  2.79737e-06
 4.67501e+00  5.10242e+05  1.23132e+45  5.10242e+05  1.18519e+45  4.93264e+05  1.03576e+45  4.60983e+05  7.08838e+44  2.79737e-06
 4.82780e+00  5.10242e+05  1.28459e+45  5.10242e+05  1.25695e+45  4.93264e+05  1.09847e+45  4.60983e+05  7.51031e+44  2.79737e-06
 4.98558e+00  5.10242e+05  1.35093e+45  5.10242e+05  1.34062e+45  4.93264e+05  1.16962e+45  4.60983e+05  7.97433e+44  2.79737e-06
 5.14853e+00  5.10242e+05  1.43059e+45  5.10242e+05  1.43654e+45  4.93264e+05  1.24948e+45  4.60983e+05  8.48236e+44  2.79737e-06
 5.31679e+00  5.10242e+05  1.52392e+45  4.93264e+05  1.47578e+45  4.76850e+05  1.28723e+45  4.60983e+05  9.03651e+44  2.79737e-06
 5.49056e+00  5.10242e+05  1.63130e+45  4.93264e+05  1.52306e+45  4.76850e+05  1.32812e+45  4.60983e+05  9.63907e+44  2.79737e-06
 5.67001e+00  4.93264e+05  1.69335e+45  4.93264e+05  1.58335e+45  4.76850e+05  1.37839e+45  4.60983e+05  1.02925e+45  2.79737e-06
 5.85532e+00  4.93264e+05  1.74443e+45  4.93264e+05  1.65689e+45  4.76850e+05  1.43824e+45  4.60983e+05  1.09996e+45  2.79737e-06
 6.04668e+00  4.93264e+05  1.81047e+45  4.93264e+05  1.74400e+45  4.76850e+05  1.50792e+45  4.45643e+05  1.13416e+45  2.79737e-06
 6.24430e+00  4.93264e+05  1.89175e+45  4.93264e+05  1.84503e+45  4.76850e+05  1.58773e+45  4.45643e+05  1.17360e+45  2.79737e-06
 6.44838e+00  4.93264e+05  1.98859e+45  4.93264e+05  1.96039e+45  4.76850e+05  1.67799e+45  4.45643e+05  1.21899e+45  2.79737e-06
 6.65913e+00  4.93264e+05  2.10140e+45  4.93264e+05  2.09057e+45  4.76850e+05  1.77907e+45  4.45643e+05  1.27053e+45  2.79737e-06
 6.87677e+00  4.93264e+05  2.23066e+45  4.76850e+05  2.20057e+45  4.76850e+05  1.89140e+45  4.45643e+05  1.32843e+45  2.79737e-06
 7.10152e+00  4.93264e+05  2.37688e+45  4.76850e+05  2.26285e+45  4.76850e+05  2.01543e+45  4.45643e+05  1.39293e+45  2.79737e-06
 7.33362e+00  4.76850e+05  2.52668e+45  4.76850e+05  2.34119e+45  4.60983e+05  2.12960e+45  4.45643e+05  1.46429e+45  2.79737e-06
 7.57330e+00  4.76850e+05  2.59425e+45  4.76850e+05  2.43593e+45  4.60983e+05  2.19180e+45  4.45643e+05  1.54282e+45  2.79737e-06
 7.82082e+00  4.76850e+05  2.68030e+45  4.76850e+05  2.54745e+45  4.60983e+05  2.26694e+45  4.45643e+05  1.62883e+45  2.79737e-06
 8.07642e+00  4.76850e+05  2.78518e+45  4.76850e+05  2.67622e+45  4.60983e+05  2.35535e+45  4.45643e+05  1.72268e+45  2.79737e-06
 8.34038e+00  4.76850e+05  2.90933e+45  4.76850e+05  2.82277e+45  4.60983e+05  2.45738e+45  4.45643e+05  1.82476e+45  2.79737e-06
 8.61296e+00  4.76850e+05  3.05326e+45  4.76850e+05  2.98770e+45  4.60983e+05  2.57347e+45  4.45643e+05  1.93550e+45  2.79737e-06
 8.89446e+00  4.76850e+05  3.21757e+45  4.76850e+05  3.17171e+45  4.60983e+05  2.70409e+45  4.45643e+05  2.05535e+45  2.79737e-06
 9.18515e+00  4.76850e+05  3.40293e+45  4.76850e+05  3.37554e+45  4.60983e+05  2.84978e+45  4.45643e+05  2.18480e+45  2.79737e-06
 9.48535e+00  4.76850e+05  3.61012e+45  4.76850e+05  3.60005e+45  4.60983e+05  3.01114e+45  4.45643e+05  2.32440e+45  2.79737e-06
 9.79535e+00  4.76850e+05  3.83999e+45  4.60983e+05  3.73840e+45  4.60983e+05  3.18884e+45  4.45643e+05  2.47471e+45  2.79737e-06
 1.01155e+01  4.76850e+05  4.09350e+45  4.60983e+05  3.85645e+45  4.60983e+05  3.38363e+45  4.45643e+05  2.63637e+45  2.79737e-06
 1.04461e+01  4.60983e+05  4.28828e+45  4.60983e+05  3.99717e+45  4.60983e+05  3.59629e+45  4.45643e+05  2.81005e+45  2.79737e-06
 1.07875e+01  4.60983e+05  4.41849e+45  4.60983e+05  4.16113e+45  4.60983e+05  3.82772e+45  4.45643e+05  2.99645e+45  2.79737e-06
 1.11401e+01  4.60983e+05  4.57473e+45  4.60983e+05  4.34901e+45  4.60983e+05  4.07888e+45  4.45643e+05  3.19635e+45  2.79737e-06
 1.15041e+01  4.60983e+05  4.75765e+45  4.60983e+05  4.56160e+45  4.60983e+05  4.35079e+45  4.45643e+05  3.41058e+45  2.79737e-06
 1.18801e+01  4.60983e+05  4.96799e+45  4.60983e+05  4.79977e+45  4.60983e+05  4.64459e+45  4.45643e+05  3.64003e+45  2.79737e-06
 1.22684e+01  4.60983e+05  5.20664e+45  4.60983e+05  5.06450e+45  4.45643e+05  4.86804e+45  4.45643e+05  3.88564e+45  2.79737e-06
 1.26694e+01  4.60983e+05  5.47457e+45  4.60983e+05  5.35690e+45  4.45643e+05  5.02779e+45  4.45643e+05  4.14844e+45  2.79737e-06
 1.30834e+01  4.60983e+05  5.77290e+45  4.60983e+05  5.67817e+45  4.45643e+05  5.21223e+45  4.45643e+05  4.42950e+45  2.79737e-06
 1.35110e+01  4.60983e+05  6.10286e+45  4.60983e+05  6.02965e+45  4.45643e+05  5.42213e+45  4.45643e+05  4.73000e+45  2.79737e-06
 1.39526e+01  4.60983e+05  6.46583e+45  4.60983e+05  6.41278e+45  4.45643e+05  5.65834e+45  4.45643e+05  5.05117e+45  2.79737e-06
 1.44086e+01  4.60983e+05  6.86329e+45  4.60983e+05  6.82916e+45  4.45643e+05  5.92185e+45  4.45643e+05  5.39435e+45  2.79737e-06
 1.48795e+01  4.60983e+05  7.29689e+45  4.60983e+05  7.28050e+45  4.45643e+05  6.21375e+45  4.45643e+05  5.76095e+45  2.79737e-06
 1.53658e+01  4.60983e+05  7.76844e+45  4.60983e+05  7.76868e+45  4.45643e+05  6.53525e+45  4.45643e+05  6.15250e+45  2.79737e-06
 1.58680e+01  4.60983e+05  8.27987e+45  4.60983e+05  8.29571e+45  4.45643e+05  6.88767e+45  4.45643e+05  6.57060e+45  2.79737e-06
 1.63866e+01  4.60983e+05  8.83331e+45  4.45643e+05  8.55720e+45  4.45643e+05  7.27248e+45  4.45643e+05  7.01701e+45  2.79737e-06
 1.69222e+01  4.60983e+05  9.43105e+45  4.45643e+05  8.85345e+45  4.45643e+05  7.69126e+45  4.45643e+05  7.49355e+45  2.79737e-06
 1.74753e+01  4.45643e+05  9.80731e+45  4.45643e+05  9.19305e+45  4.45643e+05  8.14576e+45  4.45643e+05  8.00220e+45  2.79737e-06
 1.80464e+01  4.45643e+05  1.01378e+46  4.45643e+05  9.57740e+45  4.45643e+05  8.63785e+45  4.45643e+05  8.54508e+45  2.79737e-06
 1.86362e+01  4.45643e+05  1.05179e+46  4.45643e+05  1.00081e+46  4.45643e+05  9.16956e+45  4.45643e+05  9.12441e+45  2.79737e-06
 1.92453e+01  4.45643e+05  1.09494e+46  4.45643e+05  1.04869e+46  4.45643e+05  9.74311e+45  4.45643e+05  9.74261e+45  2.79737e-06
 1.98743e+01  4.45643e+05  1.14339e+46  4.45643e+05  1.10158e+46  4.45643e+05  1.03609e+46  4.45643e+05  1.04022e+46  2.79737e-06
 2.05238e+01  4.45643e+05  1.19734e+46  4.45643e+05  1.15970e+46  4.45643e+05  1.10254e+46  4.30814e+05  1.09157e+46  2.79737e-06
 2.11946e+01  4.45643e+05  1.25703e+46  4.45643e+05  1.22329e+46  4.45643e+05  1.17394e+46  4.30814e+05  1.12835e+46  2.79737e-06
 2.18873e+01  4.45643e+05  1.32269e+46  4.45643e+05  1.29262e+46  4.45643e+05  1.25059e+46  4.30814e+05  1.16992e+46  2.79737e-06
 2.26026e+01  4.45643e+05  1.39460e+46  4.45643e+05  1.36796e+46  4.45643e+05  1.33280e+46  4.30814e+05  1.21644e+46  2.79737e-06
 2.33413e+01  4.45643e+05  1.47305e+46  4.45643e+05  1.44963e+46  4.45643e+05  1.42091e+46  4.30814e+05  1.26810e+46  2.79737e-06
 2.41042e+01  4.45643e+05  1.55838e+46  4.45643e+05  1.53798e+46  4.45643e+05  1.51530e+46  4.30814e+05  1.32512e+46  2.79737e-06
 2.48920e+01  4.45643e+05  1.65092e+46  4.45643e+05  1.63336e+46  4.45643e+05  1.61634e+46  4.30814e+05  1.38774e+46  2.79737e-06
 2.57055e+01  4.45643e+05  1.75108e+46  4.45643e+05  1.73617e+46  4.45643e+05  1.72446e+46  4.30814e+05  1.45620e+46  2.79737e-06
 2.65456e+01  4.45643e+05  1.85925e+46  4.45643e+05  1.84683e+46  4.45643e+05  1.84010e+46  4.30814e+05  1.53081e+46  2.79737e-06
 2.74132e+01  4.45643e+05  1.97590e+46  4.45643e+05  1.96581e+46  4.45643e+05  1.96375e+46  4.30814e+05  1.61186e+46  2.79737e-06
 2.83091e+01  4.45643e+05  2.10149e+46  4.45643e+05  2.09360e+46  4.45643e+05  2.09591e+46  4.30814e+05  1.69969e+46  2.79737e-06
 2.92343e+01  4.45643e+05  2.23656e+46  4.45643e+05  2.23072e+46  4.45643e+05  2.23714e+46  4.30814e+05  1.79466e+46  2.79737e-06
 3.01898e+01  4.45643e+05  2.38165e+46  4.45643e+05  2.37774e+46  4.45643e+05  2.38801e+46  4.30814e+05  1.89717e+46  2.79737e-06
 3.11765e+01  4.45643e+05  2.53738e+46  4.45643e+05  2.53527e+46  4.45643e+05  2.54915e+46  4.30814e+05  2.00764e+46  2.79737e-06
 3.21954e+01  4.45643e+05  2.70438e+46  4.45643e+05  2.70396e+46  4.45643e+05  2.72123e+46  4.30814e+05  2.12654e+46  2.79737e-06
 3.32476e+01  4.45643e+05  2.88335e+46  4.45643e+05  2.88452e+46  4.45643e+05  2.90496e+46  4.30814e+05  2.25434e+46  2.79737e-06
 3.43343e+01  4.45643e+05  3.07503e+46  4.45643e+05  3.07768e+46  4.45643e+05  3.10110e+46  4.30814e+05  2.39158e+46  2.79737e-06
 3.54564e+01  4.45643e+05  3.28020e+46  4.45643e+05  3.28425e+46  4.45643e+05  3.31046e+46  4.30814e+05  2.53883e+46  2.79737e-06
 3.66152e+01  4.45643e+05  3.49972e+46  4.45643e+05  3.50508e+46  4.45643e+05  3.53391e+46  4.30814e+05  2.69670e+46  2.79737e-06
 3.78119e+01  4.45643e+05  3.73450e+46  4.45643e+05  3.74109e+46  4.45643e+05  3.77237e+46  4.30814e+05  2.86583e+46  2.79737e-06
 3.90477e+01  4.45643e+05  3.98552e+46  4.45643e+05  3.99325e+46  4.45643e+05  4.02684e+46  4.30814e+05  3.04694e+46  2.79737e-06
 4.03238e+01  4.45643e+05  4.25379e+46  4.45643e+05  4.26261e+46  4.45643e+05  4.29835e+46  4.30814e+05  3.24077e+46  2.79737e-06
 4.16417e+01  4.45643e+05  4.54045e+46  4.45643e+05  4.55028e+46  4.45643e+05  4.58804e+46  4.30814e+05  3.44811e+46  2.79737e-06
 4.30027e+01  4.45643e+05  4.84667e+46  4.45643e+05  4.85745e+46  4.45643e+05  4.89711e+46  4.30814e+05  3.66984e+46  2.79737e-06
 4.44081e+01  4.45643e+05  5.17373e+46  4.45643e+05  5.18539e+46  4.30814e+05  5.08755e+46  4.30814e+05  3.90687e+46  2.79737e-06
 4.58595e+01  4.45643e+05  5.52296e+46  4.45643e+05  5.53547e+46  4.30814e+05  5.26312e+46  4.30814e+05  4.16017e+46  2.79737e-06
 4.73583e+01  4.45643e+05  5.89583e+46  4.45643e+05  5.90912e+46  4.30814e+05  5.46086e+46  4.30814e+05  4.43080e+46  2.79737e-06
 4.89061e+01  4.45643e+05  6.29388e+46  4.45643e+05  6.30789e+46  4.30814e+05  5.68159e+46  4.30814e+05  4.71988e+46  2.79737e-06
 5.05045e+01  4.45643e+05  6.71874e+46  4.45643e+05  6.73345e+46  4.30814e+05  5.92621e+46  4.30814e+05  5.02860e+46  2.79737e-06
 5.21551e+01  4.45643e+05  7.17218e+46  4.45643e+05  7.18754e+46  4.30814e+05  6.19576e+46  4.30814e+05  5.35825e+46  2.79737e-06
 5.38597e+01  4.45643e+05  7.65608e+46  4.45643e+05  7.67204e+46  4.30814e+05  6.49133e+46  4.30814e+05  5.71017e+46  2.79737e-06
 5.56199e+01  4.45643e+05  8.17244e+46  4.45643e+05  8.18896e+46  4.30814e+05  6.81415e+46  4.30814e+05  6.08584e+46  2.79737e-06
 5.74378e+01  4.45643e+05  8.72339e+46  4.30814e+05  8.66338e+46  4.30814e+05  7.16556e+46  4.30814e+05  6.48681e+46  2.79737e-06
 5.93150e+01  4.45643e+05  9.31122e+46  4.30814e+05  8.94728e+46  4.30814e+05  7.54701e+46  4.30814e+05  6.91473e+46  2.79737e-06
 6.12535e+01  4.30814e+05  9.93234e+46  4.30814e+05  9.26887e+46  4.30814e+05  7.96009e+46  4.30814e+05  7.37137e+46  2.79737e-06
 6.32555e+01  4.30814e+05  1.02501e+47  4.30814e+05  9.62950e+46  4.30814e+05  8.40649e+46  4.30814e+05  7.85863e+46  2.79737e-06
 6.53228e+01  4.30814e+05  1.06110e+47  4.30814e+05  1.00306e+47  4.30814e+05  8.88807e+46  4.30814e+05  8.37853e+46  2.79737e-06
 6.74577e+01  4.30814e+05  1.10166e+47  4.30814e+05  1.04740e+47  4.30814e+05  9.40683e+46  4.30814e+05  8.93321e+46  2.79737e-06
 6.96624e+01  4.30814e+05  1.14686e+47  4.30814e+05  1.09613e+47  4.30814e+05  9.96490e+46  4.30814e+05  9.52497e+46  2.79737e-06
 7.19392e+01  4.30814e+05  1.19688e+47  4.30814e+05  1.14947e+47  4.30814e+05  1.05646e+47  4.30814e+05  1.01563e+47  2.79737e-06
 7.42903e+01  4.30814e+05  1.25193e+47  4.30814e+05  1.20763e+47  4.30814e+05  1.12084e+47  4.30814e+05  1.08297e+47  2.79737e-06
 7.67183e+01  4.30814e+05  1.31224e+47  4.30814e+05  1.27086e+47  4.30814e+05  1.18990e+47  4.30814e+05  1.15480e+47  2.79737e-06
 7.92257e+01  4.30814e+05  1.37806e+47  4.30814e+05  1.33941e+47  4.30814e+05  1.26392e+47  4.30814e+05  1.23143e+47  2.79737e-06
 8.18150e+01  4.30814e+05  1.44966e+47  4.30814e+05  1.41357e+47  4.30814e+05  1.34321e+47  4.30814e+05  1.31316e+47  2.79737e-06
 8.44889e+01  4.30814e+05  1.52734e+47  4.30814e+05  1.49365e+47  4.30814e+05  1.42810e+47  4.30814e+05  1.40034e+47  2.79737e-06
 8.72502e+01  4.30814e+05  1.61141e+47  4.30814e+05  1.57998e+47  4.30814e+05  1.51894e+47  4.30814e+05  1.49333e+47  2.79737e-06
 9.01018e+01  4.30814e+05  1.70223e+47  4.30814e+05  1.67292e+47  4.30814e+05  1.61610e+47  4.30814e+05  1.59250e+47  2.79737e-06
 9.30466e+01  4.30814e+05  1.80017e+47  4.30814e+05  1.77284e+47  4.30814e+05  1.71999e+47  4.30814e+05  1.69828e+47  2.79737e-06
 9.60876e+01  4.30814e+05  1.90564e+47  4.30814e+05  1.88017e+47  4.30814e+05  1.83103e+47  4.30814e+05  1.81110e+47  2.79737e-06
 9.92280e+01  4.30814e+05  2.01908e+47  4.30814e+05  1.99535e+47  4.30814e+05  1.94970e+47  4.30814e+05  1.93142e+47  2.79737e-06
 1.02471e+02  4.30814e+05  2.14094e+47  4.30814e+05  2.11885e+47  4.30814e+05  2.07647e+47  4.30814e+05  2.05975e+47  2.79737e-06
 1.05820e+02  4.30814e+05  2.27175e+47  4.30814e+05  2.25119e+47  4.30814e+05  2.21187e+47  4.30814e+05  2.19661e+47  2.79737e-06
 1.09278e+02  4.30814e+05  2.41203e+47  4.30814e+05  2.39291e+47  4.30814e+05  2.35646e+47  4.30814e+05  2.34257e+47  2.79737e-06
 1.12850e+02  4.30814e+05  2.56238e+47  4.30814e+05  2.54460e+47  4.30814e+05  2.51085e+47  4.30814e+05  2.49824e+47  2.79737e-06
 1.16538e+02  4.30814e+05  2.72340e+47  4.30814e+05  2.70689e+47  4.30814e+05  2.67567e+47  4.30814e+05  2.66426e+47  2.79737e-06
 1.20347e+02  4.30814e+05  2.89577e+47  4.30814e+05  2.88044e+47  4.30814e+05  2.85159e+47  4.30814e+05  2.84132e+47  2.79737e-06
 1.24280e+02  4.30814e+05  3.08021e+47  4.30814e+05  3.06599e+47  4.30814e+05  3.03936e+47  4.30814e+05  3.03015e+47  2.79737e-06
 1.28342e+02  4.30814e+05  3.27747e+47  4.30814e+05  3.26429e+47  4.30814e+05  3.23975e+47  4.30814e+05  3.23152e+47  2.79737e-06
 1.32537e+02  4.30814e+05  3.48837e+47  4.30814e+05  3.47617e+47  4.30814e+05  3.45358e+47  4.30814e+05  3.44628e+47  2.79737e-06
 1.36868e+02  4.30814e+05  3.71378e+47  4.30814e+05  3.70250e+47  4.30814e+05  3.68174e+47  4.30814e+05  3.67532e+47  2.79737e-06
 1.41341e+02  4.30814e+05  3.95464e+47  4.30814e+05  3.94422e+47  4.30814e+05  3.92518e+47  4.30814e+05  3.91958e+47  2.79737e-06
 1.45961e+02  4.30814e+05  4.21195e+47  4.30814e+05  4.20233e+47  4.30814e+05  4.18490e+47  4.30814e+05  4.18006e+47  2.79737e-06
 1.50731e+02  4.30814e+05  4.48676e+47  4.30814e+05  4.47789e+47  4.30814e+05  4.46198e+47  4.30814e+05  4.45786e+47  2.79737e-06
 1.55658e+02  4.30814e+05  4.78022e+47  4.30814e+05  4.77206e+47  4.30814e+05  4.75756e+47  4.30814e+05  4.75412e+47  2.79737e-06
 1.60745e+02  4.30814e+05  5.09354e+47  4.30814e+05  5.08604e+47  4.30814e+05  5.07287e+47  4.30814e+05  5.07006e+47  2.79737e-06
 1.65998e+02  4.30814e+05  5.42801e+47  4.30814e+05  5.42114e+47  4.30814e+05  5.40921e+47  4.30814e+05  5.40700e+47  2.79737e-06
 1.71424e+02  4.30814e+05  5.78503e+47  4.30814e+05  5.77874e+47  4.30814e+05  5.76798e+47  4.30814e+05  5.76632e+47  2.79737e-06
 1.77026e+02  4.30814e+05  6.16606e+47  4.30814e+05  6.16032e+47  4.30814e+05  6.15066e+47  4.16479e+05  6.05108e+47  2.79737e-06
 1.82812e+02  4.30814e+05  6.57269e+47  4.30814e+05  6.56747e+47  4.30814e+05  6.55883e+47  4.16479e+05  6.24655e+47  2.79737e-06
 1.88787e+02  4.30814e+05  7.00660e+47  4.30814e+05  7.00186e+47  4.30814e+05  6.99418e+47  4.16479e+05  6.46788e+47  2.79737e-06
 1.94957e+02  4.30814e+05  7.46958e+47  4.30814e+05  7.46529e+47  4.30814e+05  7.45852e+47  4.16479e+05  6.71598e+47  2.79737e-06
 2.01328e+02  4.30814e+05  7.96355e+47  4.30814e+05  7.95969e+47  4.30814e+05  7.95376e+47  4.16479e+05  6.99190e+47  2.79737e-06
 2.07908e+02  4.30814e+05  8.49056e+47  4.30814e+05  8.48709e+47  4.30814e+05  8.48196e+47  4.16479e+05  7.29676e+47  2.79737e-06
 2.14703e+02  4.30814e+05  9.05278e+47  4.30814e+05  9.04969e+47  4.30814e+05  9.04530e+47  4.16479e+05  7.63182e+47  2.79737e-06
 2.21720e+02  4.30814e+05  9.65255e+47  4.30814e+05  9.64980e+47  4.30814e+05  9.64611e+47  4.16479e+05  7.99848e+47  2.79737e-06
 2.28967e+02  4.30814e+05  1.02923e+48  4.30814e+05  1.02899e+48  4.30814e+05  1.02869e+48  4.16479e+05  8.39826e+47  2.79737e-06
 2.36450e+02  4.30814e+05  1.09748e+48  4.30814e+05  1.09727e+48  4.30814e+05  1.09703e+48  4.16479e+05  8.83280e+47  2.79737e-06
 2.44178e+02  4.30814e+05  1.17028e+48  4.30814e+05  1.17009e+48  4.30814e+05  1.16991e+48  4.16479e+05  9.30391e+47  2.79737e-06
 2.52158e+02  4.30814e+05  1.24792e+48  4.30814e+05  1.24777e+48  4.30814e+05  1.24764e+48  4.16479e+05  9.81353e+47  2.79737e-06
 2.60399e+02  4.30814e+05  1.33074e+48  4.30814e+05  1.33061e+48  4.30814e+05  1.33053e+48  4.16479e+05  1.03638e+48  2.79737e-06
 2.68910e+02  4.30814e+05  1.41907e+48  4.30814e+05  1.41897e+48  4.30814e+05  1.41893e+48  4.16479e+05  1.09569e+48  2.79737e-06
 2.77699e+02  4.30814e+05  1.51329e+48  4.30814e+05  1.51320e+48  4.30814e+05  1.51322e+48  4.16479e+05  1.15954e+48  2.79737e-06
 2.86774e+02  4.30814e+05  1.61377e+48  4.30814e+05  1.61371e+48  4.30814e+05  1.61376e+48  4.16479e+05  1.22819e+48  2.79737e-06
 2.96147e+02  4.30814e+05  1.72094e+48  4.30814e+05  1.72090e+48  4.30814e+05  1.72099e+48  4.16479e+05  1.30193e+48  2.79737e-06
 3.05826e+02  4.30814e+05  1.83524e+48  4.30814e+05  1.83522e+48  4.30814e+05  1.83535e+48  4.16479e+05  1.38105e+48  2.79737e-06
 3.15821e+02  4.30814e+05  1.95715e+48  4.30814e+05  1.95714e+48  4.30814e+05  1.95730e+48  4.16479e+05  1.46589e+48  2.79737e-06
 3.26143e+02  4.30814e+05  2.08716e+48  4.30814e+05  2.08717e+48  4.30814e+05  2.08736e+48  4.16479e+05  1.55680e+48  2.79737e-06
 3.36802e+02  4.30814e+05  2.22581e+48  4.30814e+05  2.22584e+48  4.30814e+05  2.22606e+48  4.16479e+05  1.65415e+48  2.79737e-06
 3.47810e+02  4.30814e+05  2.37369e+48  4.30814e+05  2.37373e+48  4.30814e+05  2.37398e+48  4.16479e+05  1.75834e+48  2.79737e-06
 3.59177e+02  4.30814e+05  2.53140e+48  4.30814e+05  2.53145e+48  4.30814e+05  2.53173e+48  4.16479e+05  1.86982e+48  2.79737e-06
 3.70916e+02  4.30814e+05  2.69959e+48  4.30814e+05  2.69965e+48  4.30814e+05  2.69996e+48  4.16479e+05  1.98904e+48  2.79737e-06
 3.83038e+02  4.30814e+05  2.87896e+48  4.30814e+05  2.87903e+48  4.16479e+05  2.80525e+48  4.16479e+05  2.11648e+48  2.79737e-06
 3.95557e+02  4.30814e+05  3.07025e+48  4.30814e+05  3.07033e+48  4.16479e+05  2.89851e+48  4.16479e+05  2.25269e+48  2.79737e-06
 4.08485e+02  4.30814e+05  3.27426e+48  4.30814e+05  3.27435e+48  4.16479e+05  3.00376e+48  4.16479e+05  2.39822e+48  2.79737e-06
 4.21835e+02  4.30814e+05  3.49182e+48  4.30814e+05  3.49193e+48  4.16479e+05  3.12146e+48  4.16479e+05  2.55368e+48  2.79737e-06
 4.35622e+02  4.30814e+05  3.72384e+48  4.30814e+05  3.72396e+48  4.16479e+05  3.25207e+48  4.16479e+05  2.71971e+48  2.79737e-06
 4.49859e+02  4.30814e+05  3.97128e+48  4.30814e+05  3.97141e+48  4.16479e+05  3.39615e+48  4.16479e+05  2.89699e+48  2.79737e-06
 4.64562e+02  4.30814e+05  4.23517e+48  4.30814e+05  4.23530e+48  4.16479e+05  3.55429e+48  4.16479e+05  3.08626e+48  2.79737e-06
 4.79745e+02  4.30814e+05  4.51659e+48  4.30814e+05  4.51673e+48  4.16479e+05  3.72714e+48  4.16479e+05  3.28831e+48  2.79737e-06
 4.95424e+02  4.30814e+05  4.81671e+48  4.16479e+05  4.77985e+48  4.16479e+05  3.91542e+48  4.16479e+05  3.50397e+48  2.79737e-06
 5.11616e+02  4.30814e+05  5.13677e+48  4.16479e+05  4.93044e+48  4.16479e+05  4.11990e+48  4.16479e+05  3.73413e+48  2.79737e-06
 5.28337e+02  4.30814e+05  5.47809e+48  4.16479e+05  5.10145e+48  4.16479e+05  4.34144e+48  4.16479e+05  3.97974e+48  2.79737e-06
 5.45604e+02  4.16479e+05  5.64998e+48  4.16479e+05  5.29357e+48  4.16479e+05  4.58095e+48  4.16479e+05  4.24182e+48  2.79737e-06
 5.63436e+02  4.16479e+05  5.84180e+48  4.16479e+05  5.50761e+48  4.16479e+05  4.83942e+48  4.16479e+05  4.52146e+48  2.79737e-06
 5.81850e+02  4.16479e+05  6.05780e+48  4.16479e+05  5.74444e+48  4.16479e+05  5.11793e+48  4.16479e+05  4.81982e+48  2.79737e-06
 6.00867e+02  4.16479e+05  6.29888e+48  4.16479e+05  6.00506e+48  4.16479e+05  5.41762e+48  4.16479e+05  5.13812e+48  2.79737e-06
 6.20505e+02  4.16479e+05  6.56604e+48  4.16479e+05  6.29054e+48  4.16479e+05  5.73973e+48  4.16479e+05  5.47768e+48  2.79737e-06
 6.40784e+02  4.16479e+05  6.86038e+48  4.16479e+05  6.60205e+48  4.16479e+05  6.08560e+48  4.16479e+05  5.83992e+48  2.79737e-06
 6.61727e+02  4.16479e+05  7.18311e+48  4.16479e+05  6.94090e+48  4.16479e+05  6.45666e+48  4.16479e+05  6.22633e+48  2.79737e-06
 6.83354e+02  4.16479e+05  7.53558e+48  4.16479e+05  7.30847e+48  4.16479e+05  6.85444e+48  4.16479e+05  6.63850e+48  2.79737e-06
 7.05688e+02  4.16479e+05  7.91925e+48  4.16479e+05  7.70630e+48  4.16479e+05  7.28060e+48  4.16479e+05  7.07815e+48  2.79737e-06
 7.28751e+02  4.16479e+05  8.33569e+48  4.16479e+05  8.13603e+48  4.16479e+05  7.73689e+48  4.16479e+05  7.54709e+48  2.79737e-06
 7.52569e+02  4.16479e+05  8.78664e+48  4.16479e+05  8.59943e+48  4.16479e+05  8.22520e+48  4.16479e+05  8.04727e+48  2.79737e-06
 7.77165e+02  4.16479e+05  9.27397e+48  4.16479e+05  9.09843e+48  4.16479e+05  8.74755e+48  4.16479e+05  8.58075e+48  2.79737e-06
 8.02565e+02  4.16479e+05  9.79968e+48  4.16479e+05  9.63509e+48  4.16479e+05  9.30611e+48  4.16479e+05  9.14974e+48  2.79737e-06
 8.28794e+02  4.16479e+05  1.03659e+49  4.16479e+05  1.02116e+49  4.16479e+05  9.90319e+48  4.16479e+05  9.75660e+48  2.79737e-06
 8.55882e+02  4.16479e+05  1.09751e+49  4.16479e+05  1.08304e+49  4.16479e+05  1.05413e+49  4.16479e+05  1.04038e+49  2.79737e-06
 8.83854e+02  4.16479e+05  1.16297e+49  4.16479e+05  1.14941e+49  4.16479e+05  1.12229e+49  4.16479e+05  1.10941e+49  2.79737e-06
 9.12741e+02  4.16479e+05  1.23325e+49  4.16479e+05  1.22053e+49  4.16479e+05  1.19511e+49  4.16479e+05  1.18303e+49  2.79737e-06
 9.42571e+02  4.16479e+05  1.30863e+49  4.16479e+05  1.29670e+49  4.16479e+05  1.27287e+49  4.16479e+05  1.26155e+49  2.79737e-06
 9.73377e+02  4.16479e+05  1.38942e+49  4.16479e+05  1.37824e+49  4.16479e+05  1.35590e+49  4.16479e+05  1.34529e+49  2.79737e-06
 1.00519e+03  4.16479e+05  1.47597e+49  4.16479e+05  1.46549e+49  4.16479e+05  1.44454e+49  4.16479e+05  1.43459e+49  2.79737e-06
 1.03804e+03  4.16479e+05  1.56862e+49  4.16479e+05  1.55880e+49  4.16479e+05  1.53916e+49  4.16479e+05  1.52984e+49  2.79737e-06
 1.07197e+03  4.16479e+05  1.66777e+49  4.16479e+05  1.65856e+49  4.16479e+05  1.64015e+49  4.16479e+05  1.63141e+49  2.79737e-06
 1.10700e+03  4.16479e+05  1.77382e+49  4.16479e+05  1.76518e+49  4.16479e+05  1.74792e+49  4.16479e+05  1.73974e+49  2.79737e-06
 1.14318e+03  4.16479e+05  1.88721e+49  4.16479e+05  1.87911e+49  4.16479e+05  1.86294e+49  4.16479e+05  1.85526e+49  2.79737e-06
 1.18054e+03  4.16479e+05  2.00842e+49  4.16479e+05  2.00082e+49  4.16479e+05  1.98566e+49  4.16479e+05  1.97847e+49  2.79737e-06
 1.21913e+03  4.16479e+05  2.13793e+49  4.16479e+05  2.13081e+49  4.16479e+05  2.11660e+49  4.16479e+05  2.10986e+49  2.79737e-06
 1.25897e+03  4.16479e+05  2.27630e+49  4.16479e+05  2.26962e+49  4.16479e+05  2.25629e+49  4.16479e+05  2.24998e+49  2.79737e-06
 1.30012e+03  4.16479e+05  2.42408e+49  4.16479e+05  2.41783e+49  4.16479e+05  2.40533e+49  4.16479e+05  2.39941e+49  2.79737e-06
 1.34261e+03  4.16479e+05  2.58190e+49  4.16479e+05  2.57604e+49  4.16479e+05  2.56432e+49  4.16479e+05  2.55878e+49  2.79737e-06
 1.38649e+03  4.16479e+05  2.75040e+49  4.16479e+05  2.74491e+49  4.16479e+05  2.73393e+49  4.16479e+05  2.72873e+49  2.79737e-06
 1.43180e+03  4.16479e+05  2.93029e+49  4.16479e+05  2.92514e+49  4.16479e+05  2.91485e+49  4.16479e+05  2.90998e+49  2.79737e-06
 1.47860e+03  4.16479e+05  3.12231e+49  4.16479e+05  3.11747e+49  4.16479e+05  3.10783e+49  4.16479e+05  3.10327e+49  2.79737e-06
 1.52692e+03  4.16479e+05  3.32724e+49  4.16479e+05  3.32271e+49  4.16479e+05  3.31367e+49  4.16479e+05  3.30940e+49  2.79737e-06
 1.57683e+03  4.16479e+05  3.54595e+49  4.16479e+05  3.54171e+49  4.16479e+05  3.53323e+49  4.16479e+05  3.52923e+49  2.79737e-06
 1.62836e+03  4.16479e+05  3.77933e+49  4.16479e+05  3.77535e+49  4.16479e+05  3.76741e+49  4.16479e+05  3.76367e+49  2.79737e-06
 1.68158e+03  4.16479e+05  4.02836e+49  4.16479e+05  4.02463e+49  4.16479e+05  4.01719e+49  4.16479e+05  4.01368e+49  2.79737e-06
 1.73654e+03  4.16479e+05  4.29405e+49  4.16479e+05  4.29056e+49  4.16479e+05  4.28358e+49  4.16479e+05  4.28030e+49  2.79737e-06
 1.79329e+03  4.16479e+05  4.57752e+49  4.16479e+05  4.57425e+49  4.16479e+05  4.56771e+49  4.16479e+05  4.56463e+49  2.79737e-06
 1.85190e+03  4.16479e+05  4.87993e+49  4.16479e+05  4.87686e+49  4.16479e+05  4.87074e+49  4.16479e+05  4.86786e+49  2.79737e-06
 1.91243e+03  4.16479e+05  5.20254e+49  4.16479e+05  5.19967e+49  4.16479e+05  5.19393e+49  4.02620e+05  5.03951e+49  2.79737e-06
 1.97493e+03  4.16479e+05  5.54668e+49  4.16479e+05  5.54399e+49  4.16479e+05  5.53861e+49  4.02620e+05  5.20434e+49  2.79737e-06
 2.03948e+03  4.16479e+05  5.91378e+49  4.16479e+05  5.91125e+49  4.16479e+05  5.90621e+49  4.02620e+05  5.39072e+49  2.79737e-06
 2.10613e+03  4.16479e+05  6.30535e+49  4.16479e+05  6.30298e+49  4.16479e+05  6.29826e+49  4.02620e+05  5.59940e+49  2.79737e-06
 2.17497e+03  4.16479e+05  6.72301e+49  4.16479e+05  6.72079e+49  4.16479e+05  6.71637e+49  4.02620e+05  5.83125e+49  2.79737e-06
 2.24605e+03  4.16479e+05  7.16850e+49  4.16479e+05  7.16642e+49  4.16479e+05  7.16228e+49  4.02620e+05  6.08724e+49  2.79737e-06
 2.31946e+03  4.16479e+05  7.64366e+49  4.16479e+05  7.64171e+49  4.16479e+05  7.63783e+49  4.02620e+05  6.36842e+49  2.79737e-06
 2.39526e+03  4.16479e+05  8.15045e+49  4.16479e+05  8.14862e+49  4.16479e+05  8.14499e+49  4.02620e+05  6.67596e+49  2.79737e-06
 2.47355e+03  4.16479e+05  8.69097e+49  4.16479e+05  8.68926e+49  4.16479e+05  8.68586e+49  4.02620e+05  7.01112e+49  2.79737e-06
 2.55439e+03  4.16479e+05  9.26746e+49  4.16479e+05  9.26586e+49  4.16479e+05  9.26267e+49  4.02620e+05  7.37530e+49  2.79737e-06
 2.63787e+03  4.16479e+05  9.88230e+49  4.16479e+05  9.88080e+49  4.16479e+05  9.87782e+49  4.02620e+05  7.77000e+49  2.79737e-06
 2.72409e+03  4.16479e+05  1.05380e+50  4.16479e+05  1.05366e+50  4.16479e+05  1.05338e+50  4.02620e+05  8.19686e+49  2.79737e-06
 2.81312e+03  4.16479e+05  1.12374e+50  4.16479e+05  1.12361e+50  4.16479e+05  1.12335e+50  4.02620e+05  8.65764e+49  2.79737e-06
 2.90506e+03  4.16479e+05  1.19833e+50  4.16479e+05  1.19820e+50  4.16479e+05  1.19796e+50  4.02620e+05  9.15425e+49  2.79737e-06
 3.00000e+03  4.16479e+05  1.27787e+50  4.16479e+05  1.27776e+50  4.16479e+05  1.27753e+50  4.02620e+05  9.68874e+49  2.79737e-06
