radius_rg T_0deg chi2_0deg T_15deg chi2_15deg T_30deg chi2_30deg T_45deg chi2_45deg nuLnusavg_last
 2.00000e-01  6.91914e+05  1.27172e+43  6.91914e+05  9.93927e+42  6.25115e+05  4.37900e+42  5.84205e+05  2.37027e+42  5.42864e-08
 2.06537e-01  6.91914e+05  1.19562e+43  6.68890e+05  9.80188e+42  6.25115e+05  4.05224e+42  5.84205e+05  2.27206e+42  5.42864e-08
 2.13287e-01  6.91914e+05  1.15292e+43  6.68890e+05  9.14543e+42  6.25115e+05  3.88825e+42  5.84205e+05  2.26685e+42  5.42864e-08
 2.20257e-01  6.91914e+05  1.14345e+43  6.68890e+05  8.77326e+42  6.25115e+05  3.88636e+42  5.64766e+05  2.17860e+42  5.42864e-08
 2.27456e-01  6.68890e+05  1.07097e+43  6.68890e+05  8.68381e+42  6.04314e+05  3.65008e+42  5.64766e+05  2.01218e+42  5.42864e-08
 2.34890e-01  6.68890e+05  1.02025e+43  6.46632e+05  8.20953e+42  6.04314e+05  3.39709e+42  5.64766e+05  1.93769e+42  5.42864e-08
 2.42567e-01  6.68890e+05  1.00222e+43  6.46632e+05  7.74213e+42  6.04314e+05  3.30417e+42  5.64766e+05  1.95482e+42  5.42864e-08
 2.50494e-01  6.46632e+05  9.65430e+42  6.46632e+05  7.55320e+42  6.04314e+05  3.37093e+42  5.45973e+05  1.85518e+42  5.42864e-08
 2.58681e-01  6.46632e+05  9.03832e+42  6.25115e+05  7.46556e+42  5.84205e+05  3.04612e+42  5.45973e+05  1.70237e+42  5.42864e-08
 2.67136e-01  6.46632e+05  8.74430e+42  6.25115e+05  6.87751e+42  5.84205e+05  2.84654e+42  5.45973e+05  1.64022e+42  5.42864e-08
 2.75866e-01  6.46632e+05  8.77101e+42  6.25115e+05  6.56436e+42  5.84205e+05  2.80475e+42  5.45973e+05  1.66845e+42  5.42864e-08
 2.84882e-01  6.25115e+05  8.07322e+42  6.25115e+05  6.52479e+42  5.64766e+05  2.88091e+42  5.27805e+05  1.59190e+42  5.42864e-08
 2.94193e-01  6.25115e+05  7.63678e+42  6.04314e+05  6.22306e+42  5.64766e+05  2.55755e+42  5.27805e+05  1.44091e+42  5.42864e-08
 3.03808e-01  6.25115e+05  7.51650e+42  6.04314e+05  5.75987e+42  5.64766e+05  2.39078e+42  5.27805e+05  1.37949e+42  5.42864e-08
 3.13737e-01  6.04314e+05  7.35798e+42  6.04314e+05  5.56695e+42  5.64766e+05  2.37991e+42  5.27805e+05  1.40738e+42  5.42864e-08
 3.23991e-01  6.04314e+05  6.74911e+42  6.04314e+05  5.64349e+42  5.45973e+05  2.49854e+42  5.10242e+05  1.39808e+42  5.42864e-08
 3.34580e-01  6.04314e+05  6.45272e+42  5.84205e+05  5.19733e+42  5.45973e+05  2.18807e+42  5.10242e+05  1.23648e+42  5.42864e-08
 3.45515e-01  6.04314e+05  6.46758e+42  5.84205e+05  4.82446e+42  5.45973e+05  2.03267e+42  5.10242e+05  1.16361e+42  5.42864e-08
 3.56807e-01  5.84205e+05  6.14823e+42  5.84205e+05  4.71797e+42  5.45973e+05  2.03169e+42  5.10242e+05  1.17915e+42  5.42864e-08
 3.68468e-01  5.84205e+05  5.64476e+42  5.84205e+05  4.87743e+42  5.45973e+05  2.18512e+42  5.10242e+05  1.28317e+42  5.42864e-08
 3.80511e-01  5.84205e+05  5.44919e+42  5.64766e+05  4.37311e+42  5.27805e+05  1.96163e+42  4.93264e+05  1.11337e+42  5.42864e-08
 3.92947e-01  5.84205e+05  5.56072e+42  5.64766e+05  4.05555e+42  5.27805e+05  1.79431e+42  4.93264e+05  1.01549e+42  5.42864e-08
 4.05790e-01  5.64766e+05  5.18084e+42  5.64766e+05  4.00119e+42  5.27805e+05  1.78042e+42  4.93264e+05  1.00541e+42  5.42864e-08
 4.19052e-01  5.64766e+05  4.74214e+42  5.64766e+05  4.20982e+42  5.27805e+05  1.91990e+42  4.93264e+05  1.08310e+42  5.42864e-08
 4.32748e-01  5.64766e+05  4.60762e+42  5.45973e+05  3.75818e+42  5.10242e+05  1.93853e+42  4.76850e+05  1.13232e+42  5.42864e-08
 4.46891e-01  5.64766e+05  4.77671e+42  5.45973e+05  3.45944e+42  5.10242e+05  1.73219e+42  4.76850e+05  9.92432e+41  5.42864e-08
 4.61496e-01  5.45973e+05  4.46522e+42  5.45973e+05  3.42143e+42  5.10242e+05  1.67902e+42  4.76850e+05  9.40258e+41  5.42864e-08
 4.76579e-01  5.45973e+05  4.04894e+42  5.45973e+05  3.64401e+42  5.10242e+05  1.77880e+42  4.76850e+05  9.75579e+41  5.42864e-08
 4.92155e-01  5.45973e+05  3.93396e+42  5.27805e+05  3.39592e+42  5.10242e+05  2.03195e+42  4.76850e+05  1.09854e+42  5.42864e-08
 5.08240e-01  5.45973e+05  4.11980e+42  5.27805e+05  3.07620e+42  4.93264e+05  1.97627e+42  4.60983e+05  1.25935e+42  5.42864e-08
 5.24851e-01  5.27805e+05  4.05238e+42  5.27805e+05  3.01564e+42  4.93264e+05  1.84960e+42  4.60983e+05  1.13889e+42  5.42864e-08
 5.42004e-01  5.27805e+05  3.61230e+42  5.27805e+05  3.21399e+42  4.93264e+05  1.87659e+42  4.60983e+05  1.10674e+42  5.42864e-08
 5.59718e-01  5.27805e+05  3.47172e+42  5.10242e+05  3.39412e+42  4.93264e+05  2.05736e+42  4.60983e+05  1.16278e+42  5.42864e-08
 5.78011e-01  5.27805e+05  3.63005e+42  5.10242e+05  3.00682e+42  4.93264e+05  2.39265e+42  4.60983e+05  1.30723e+42  5.42864e-08
 5.96902e-01  5.10242e+05  4.06873e+42  5.10242e+05  2.87840e+42  4.76850e+05  2.59360e+42  4.60983e+05  1.54070e+42  5.42864e-08
 6.16411e-01  5.10242e+05  3.55065e+42  5.10242e+05  3.00831e+42  4.76850e+05  2.49658e+42  4.60983e+05  1.86414e+42  5.42864e-08
 6.36557e-01  5.10242e+05  3.33181e+42  5.10242e+05  3.39709e+42  4.76850e+05  2.55590e+42  4.45643e+05  2.12957e+42  5.42864e-08
 6.57361e-01  5.10242e+05  3.41131e+42  4.93264e+05  3.48304e+42  4.76850e+05  2.77180e+42  4.45643e+05  2.14221e+42  5.42864e-08
 6.78845e-01  5.10242e+05  3.78947e+42  4.93264e+05  3.22743e+42  4.76850e+05  3.14518e+42  4.45643e+05  2.24731e+42  5.42864e-08
 7.01032e-01  4.93264e+05  4.13556e+42  4.93264e+05  3.23160e+42  4.76850e+05  3.67758e+42  4.45643e+05  2.44532e+42  5.42864e-08
 7.23943e-01  4.93264e+05  3.76938e+42  4.93264e+05  3.49558e+42  4.60983e+05  4.31344e+42  4.45643e+05  2.73706e+42  5.42864e-08
 7.47603e-01  4.93264e+05  3.70334e+42  4.93264e+05  4.02044e+42  4.60983e+05  4.31504e+42  4.45643e+05  3.12372e+42  5.42864e-08
 7.72037e-01  4.93264e+05  3.93719e+42  4.76850e+05  4.60094e+42  4.60983e+05  4.48050e+42  4.45643e+05  3.60691e+42  5.42864e-08
 7.97269e-01  4.93264e+05  4.47187e+42  4.76850e+05  4.38962e+42  4.60983e+05  4.81051e+42  4.45643e+05  4.18864e+42  5.42864e-08
 8.23326e-01  4.93264e+05  5.30960e+42  4.76850e+05  4.44289e+42  4.60983e+05  5.30644e+42  4.45643e+05  4.87130e+42  5.42864e-08
 8.50234e-01  4.76850e+05  5.09878e+42  4.76850e+05  4.76098e+42  4.60983e+05  5.97033e+42  4.45643e+05  5.65772e+42  5.42864e-08
 8.78022e-01  4.76850e+05  5.08811e+42  4.76850e+05  5.34519e+42  4.60983e+05  6.80494e+42  4.45643e+05  6.55116e+42  5.42864e-08
 9.06718e-01  4.76850e+05  5.38304e+42  4.76850e+05  6.19795e+42  4.60983e+05  7.81371e+42  4.45643e+05  7.55532e+42  5.42864e-08
 9.36352e-01  4.76850e+05  5.98480e+42  4.76850e+05  7.32278e+42  4.60983e+05  9.00083e+42  4.45643e+05  8.67434e+42  5.42864e-08
 9.66955e-01  4.76850e+05  6.89587e+42  4.60983e+05  7.58795e+42  4.60983e+05  1.03712e+43  4.45643e+05  9.91287e+42  5.42864e-08
 9.98557e-01  4.76850e+05  8.12003e+42  4.60983e+05  7.80906e+42  4.45643e+05  1.08464e+43  4.45643e+05  1.12760e+43  5.42864e-08
 1.03119e+00  4.60983e+05  8.74836e+42  4.60983e+05  8.30891e+42  4.45643e+05  1.14273e+43  4.45643e+05  1.27694e+43  5.42864e-08
 1.06489e+00  4.60983e+05  8.92780e+42  4.60983e+05  9.08958e+42  4.45643e+05  1.22014e+43  4.45643e+05  1.43993e+43  5.42864e-08
 1.09970e+00  4.60983e+05  9.42875e+42  4.60983e+05  1.01543e+43  4.45643e+05  1.31721e+43  4.45643e+05  1.61724e+43  5.42864e-08
 1.13564e+00  4.60983e+05  1.02533e+43  4.60983e+05  1.15074e+43  4.45643e+05  1.43432e+43  4.45643e+05  1.80960e+43  5.42864e-08
 1.17276e+00  4.60983e+05  1.14047e+43  4.60983e+05  1.31546e+43  4.45643e+05  1.57197e+43  4.45643e+05  2.01781e+43  5.42864e-08
 1.21108e+00  4.60983e+05  1.28880e+43  4.60983e+05  1.51027e+43  4.45643e+05  1.73073e+43  4.45643e+05  2.24273e+43  5.42864e-08
 1.25067e+00  4.60983e+05  1.47091e+43  4.60983e+05  1.73597e+43  4.45643e+05  1.91126e+43  4.45643e+05  2.48529e+43  5.42864e-08
 1.29154e+00  4.60983e+05  1.68756e+43  4.45643e+05  1.88714e+43  4.45643e+05  2.11429e+43  4.45643e+05  2.74650e+43  5.42864e-08
 1.33375e+00  4.60983e+05  1.93966e+43  4.45643e+05  1.97652e+43  4.45643e+05  2.34067e+43  4.45643e+05  3.02743e+43  5.42864e-08
 1.37734e+00  4.45643e+05  2.16018e+43  4.45643e+05  2.09872e+43  4.45643e+05  2.59134e+43  4.45643e+05  3.32925e+43  5.42864e-08
 1.42236e+00  4.45643e+05  2.25450e+43  4.45643e+05  2.25424e+43  4.45643e+05  2.86734e+43  4.45643e+05  3.65321e+43  5.42864e-08
 1.46884e+00  4.45643e+05  2.38659e+43  4.45643e+05  2.44374e+43  4.45643e+05  3.16980e+43  4.45643e+05  4.00065e+43  5.42864e-08
 1.51685e+00  4.45643e+05  2.55702e+43  4.45643e+05  2.66800e+43  4.45643e+05  3.49998e+43  4.45643e+05  4.37301e+43  5.42864e-08
 1.56642e+00  4.45643e+05  2.76649e+43  4.45643e+05  2.92793e+43  4.45643e+05  3.85925e+43  4.45643e+05  4.77182e+43  5.42864e-08
 1.61762e+00  4.45643e+05  3.01586e+43  4.45643e+05  3.22463e+43  4.45643e+05  4.24909e+43  4.45643e+05  5.19875e+43  5.42864e-08
 1.67049e+00  4.45643e+05  3.30617e+43  4.45643e+05  3.55932e+43  4.45643e+05  4.67111e+43  4.45643e+05  5.65554e+43  5.42864e-08
 1.72508e+00  4.45643e+05  3.63861e+43  4.45643e+05  3.93337e+43  4.45643e+05  5.12707e+43  4.45643e+05  6.14411e+43  5.42864e-08
 1.78146e+00  4.45643e+05  4.01457e+43  4.45643e+05  4.34835e+43  4.45643e+05  5.61884e+43  4.45643e+05  6.66646e+43  5.42864e-08
 1.83968e+00  4.45643e+05  4.43559e+43  4.45643e+05  4.80597e+43  4.45643e+05  6.14847e+43  4.45643e+05  7.22476e+43  5.42864e-08
 1.89981e+00  4.45643e+05  4.90343e+43  4.45643e+05  5.30811e+43  4.45643e+05  6.71814e+43  4.45643e+05  7.82132e+43  5.42864e-08
 1.96190e+00  4.45643e+05  5.42001e+43  4.45643e+05  5.85687e+43  4.45643e+05  7.33022e+43  4.45643e+05  8.45861e+43  5.42864e-08
 2.02602e+00  4.45643e+05  5.98748e+43  4.45643e+05  6.45451e+43  4.45643e+05  7.98723e+43  4.45643e+05  9.13926e+43  5.42864e-08
 2.09224e+00  4.45643e+05  6.60818e+43  4.45643e+05  7.10350e+43  4.45643e+05  8.69190e+43  4.45643e+05  9.86610e+43  5.42864e-08
 2.16062e+00  4.45643e+05  7.28469e+43  4.45643e+05  7.80654e+43  4.45643e+05  9.44714e+43  4.45643e+05  1.06421e+44  5.42864e-08
 2.23123e+00  4.45643e+05  8.01979e+43  4.45643e+05  8.56652e+43  4.45643e+05  1.02561e+44  4.45643e+05  1.14706e+44  5.42864e-08
 2.30415e+00  4.45643e+05  8.81654e+43  4.45643e+05  9.38659e+43  4.45643e+05  1.11221e+44  4.45643e+05  1.23548e+44  5.42864e-08
 2.37946e+00  4.45643e+05  9.67824e+43  4.45643e+05  1.02702e+44  4.45643e+05  1.20487e+44  4.45643e+05  1.32986e+44  5.42864e-08
 2.45723e+00  4.45643e+05  1.06084e+44  4.45643e+05  1.12209e+44  4.45643e+05  1.30397e+44  4.45643e+05  1.43057e+44  5.42864e-08
 2.53753e+00  4.45643e+05  1.16110e+44  4.45643e+05  1.22427e+44  4.45643e+05  1.40994e+44  4.45643e+05  1.53804e+44  5.42864e-08
 2.62047e+00  4.45643e+05  1.26901e+44  4.45643e+05  1.33398e+44  4.45643e+05  1.52320e+44  4.45643e+05  1.65271e+44  5.42864e-08
 2.70611e+00  4.45643e+05  1.38501e+44  4.45643e+05  1.45167e+44  4.45643e+05  1.64422e+44  4.30814e+05  1.72856e+44  5.42864e-08
 2.79455e+00  4.45643e+05  1.50959e+44  4.45643e+05  1.57784e+44  4.45643e+05  1.77351e+44  4.30814e+05  1.79334e+44  5.42864e-08
 2.88589e+00  4.45643e+05  1.64326e+44  4.45643e+05  1.71300e+44  4.45643e+05  1.91160e+44  4.30814e+05  1.86639e+44  5.42864e-08
 2.98021e+00  4.45643e+05  1.78658e+44  4.45643e+05  1.85771e+44  4.45643e+05  2.05905e+44  4.30814e+05  1.94799e+44  5.42864e-08
 3.07761e+00  4.45643e+05  1.94014e+44  4.45643e+05  2.01258e+44  4.45643e+05  2.21649e+44  4.30814e+05  2.03849e+44  5.42864e-08
 3.17819e+00  4.45643e+05  2.10458e+44  4.45643e+05  2.17824e+44  4.45643e+05  2.38457e+44  4.30814e+05  2.13827e+44  5.42864e-08
 3.28206e+00  4.45643e+05  2.28057e+44  4.45643e+05  2.35538e+44  4.45643e+05  2.56397e+44  4.30814e+05  2.24773e+44  5.42864e-08
 3.38933e+00  4.45643e+05  2.46884e+44  4.45643e+05  2.54473e+44  4.45643e+05  2.75544e+44  4.30814e+05  2.36732e+44  5.42864e-08
 3.50010e+00  4.45643e+05  2.67017e+44  4.45643e+05  2.74707e+44  4.45643e+05  2.95977e+44  4.30814e+05  2.49755e+44  5.42864e-08
 3.61449e+00  4.45643e+05  2.88540e+44  4.45643e+05  2.96325e+44  4.45643e+05  3.17782e+44  4.30814e+05  2.63896e+44  5.42864e-08
 3.73262e+00  4.45643e+05  3.11542e+44  4.45643e+05  3.19416e+44  4.45643e+05  3.41047e+44  4.30814e+05  2.79212e+44  5.42864e-08
 3.85462e+00  4.45643e+05  3.36118e+44  4.45643e+05  3.44075e+44  4.45643e+05  3.65870e+44  4.30814e+05  2.95767e+44  5.42864e-08
 3.98060e+00  4.45643e+05  3.62369e+44  4.45643e+05  3.70404e+44  4.45643e+05  3.92353e+44  4.30814e+05  3.13630e+44  5.42864e-08
 4.11069e+00  4.45643e+05  3.90404e+44  4.45643e+05  3.98513e+44  4.45643e+05  4.20606e+44  4.30814e+05  3.32874e+44  5.42864e-08
 4.24504e+00  4.45643e+05  4.20340e+44  4.45643e+05  4.28517e+44  4.45643e+05  4.50746e+44  4.30814e+05  3.53579e+44  5.42864e-08
 4.38378e+00  4.45643e+05  4.52299e+44  4.45643e+05  4.60541e+44  4.45643e+05  4.82897e+44  4.30814e+05  3.75832e+44  5.42864e-08
 4.52705e+00  4.45643e+05  4.86415e+44  4.45643e+05  4.94717e+44  4.45643e+05  5.17192e+44  4.30814e+05  3.99723e+44  5.42864e-08
 4.67501e+00  4.45643e+05  5.22829e+44  4.45643e+05  5.31188e+44  4.30814e+05  5.49971e+44  4.30814e+05  4.25352e+44  5.42864e-08
 4.82780e+00  4.45643e+05  5.61691e+44  4.45643e+05  5.70103e+44  4.30814e+05  5.68741e+44  4.30814e+05  4.52825e+44  5.42864e-08
 4.98558e+00  4.45643e+05  6.03162e+44  4.45643e+05  6.11623e+44  4.30814e+05  5.90012e+44  4.30814e+05  4.82256e+44  5.42864e-08
 5.14853e+00  4.45643e+05  6.47413e+44  4.45643e+05  6.55922e+44  4.30814e+05  6.13870e+44  4.30814e+05  5.13766e+44  5.42864e-08
 5.31679e+00  4.45643e+05  6.94629e+44  4.45643e+05  7.03181e+44  4.30814e+05  6.40414e+44  4.30814e+05  5.47486e+44  5.42864e-08
 5.49056e+00  4.45643e+05  7.45004e+44  4.45643e+05  7.53597e+44  4.30814e+05  6.69755e+44  4.30814e+05  5.83555e+44  5.42864e-08
 5.67001e+00  4.45643e+05  7.98746e+44  4.45643e+05  8.07378e+44  4.30814e+05  7.02014e+44  4.30814e+05  6.22123e+44  5.42864e-08
 5.85532e+00  4.45643e+05  8.56079e+44  4.45643e+05  8.64746e+44  4.30814e+05  7.37324e+44  4.30814e+05  6.63349e+44  5.42864e-08
 6.04668e+00  4.45643e+05  9.17238e+44  4.45643e+05  9.25940e+44  4.30814e+05  7.75831e+44  4.30814e+05  7.07403e+44  5.42864e-08
 6.24430e+00  4.45643e+05  9.82479e+44  4.30814e+05  9.68497e+44  4.30814e+05  8.17695e+44  4.30814e+05  7.54469e+44  5.42864e-08
 6.44838e+00  4.45643e+05  1.05207e+45  4.30814e+05  1.00299e+45  4.30814e+05  8.63089e+44  4.30814e+05  8.04741e+44  5.42864e-08
 6.65913e+00  4.30814e+05  1.10964e+45  4.30814e+05  1.04187e+45  4.30814e+05  9.12201e+44  4.30814e+05  8.58427e+44  5.42864e-08
 6.87677e+00  4.30814e+05  1.14828e+45  4.30814e+05  1.08531e+45  4.30814e+05  9.65234e+44  4.30814e+05  9.15750e+44  5.42864e-08
 7.10152e+00  4.30814e+05  1.19197e+45  4.30814e+05  1.13350e+45  4.30814e+05  1.02241e+45  4.30814e+05  9.76945e+44  5.42864e-08
 7.33362e+00  4.30814e+05  1.24087e+45  4.30814e+05  1.18662e+45  4.30814e+05  1.08396e+45  4.30814e+05  1.04227e+45  5.42864e-08
 7.57330e+00  4.30814e+05  1.29519e+45  4.30814e+05  1.24489e+45  4.30814e+05  1.15014e+45  4.30814e+05  1.11199e+45  5.42864e-08
 7.82082e+00  4.30814e+05  1.35516e+45  4.30814e+05  1.30857e+45  4.30814e+05  1.22123e+45  4.30814e+05  1.18639e+45  5.42864e-08
 8.07642e+00  4.30814e+05  1.42102e+45  4.30814e+05  1.37790e+45  4.30814e+05  1.29752e+45  4.30814e+05  1.26579e+45  5.42864e-08
 8.34038e+00  4.30814e+05  1.49305e+45  4.30814e+05  1.45319e+45  4.30814e+05  1.37932e+45  4.30814e+05  1.35051e+45  5.42864e-08
 8.61296e+00  4.30814e+05  1.57154e+45  4.30814e+05  1.53473e+45  4.30814e+05  1.46698e+45  4.30814e+05  1.44090e+45  5.42864e-08
 8.89446e+00  4.30814e+05  1.65681e+45  4.30814e+05  1.62288e+45  4.30814e+05  1.56086e+45  4.30814e+05  1.53734e+45  5.42864e-08
 9.18515e+00  4.30814e+05  1.74923e+45  4.30814e+05  1.71798e+45  4.30814e+05  1.66134e+45  4.30814e+05  1.64023e+45  5.42864e-08
 9.48535e+00  4.30814e+05  1.84917e+45  4.30814e+05  1.82044e+45  4.30814e+05  1.76884e+45  4.30814e+05  1.74998e+45  5.42864e-08
 9.79535e+00  4.30814e+05  1.95705e+45  4.30814e+05  1.93069e+45  4.30814e+05  1.88381e+45  4.30814e+05  1.86707e+45  5.42864e-08
 1.01155e+01  4.30814e+05  2.07331e+45  4.30814e+05  2.04917e+45  4.30814e+05  2.00672e+45  4.30814e+05  1.99196e+45  5.42864e-08
 1.04461e+01  4.30814e+05  2.19844e+45  4.30814e+05  2.17637e+45  4.30814e+05  2.13808e+45  4.30814e+05  2.12518e+45  5.42864e-08
 1.07875e+01  4.30814e+05  2.33295e+45  4.30814e+05  2.31283e+45  4.30814e+05  2.27844e+45  4.30814e+05  2.26728e+45  5.42864e-08
 1.11401e+01  4.30814e+05  2.47740e+45  4.30814e+05  2.45911e+45  4.30814e+05  2.42837e+45  4.30814e+05  2.41885e+45  5.42864e-08
 1.15041e+01  4.30814e+05  2.63239e+45  4.30814e+05  2.61581e+45  4.30814e+05  2.58850e+45  4.30814e+05  2.58050e+45  5.42864e-08
 1.18801e+01  4.30814e+05  2.79855e+45  4.30814e+05  2.78358e+45  4.30814e+05  2.75948e+45  4.30814e+05  2.75293e+45  5.42864e-08
 1.22684e+01  4.30814e+05  2.97659e+45  4.30814e+05  2.96312e+45  4.30814e+05  2.94203e+45  4.30814e+05  2.93683e+45  5.42864e-08
 1.26694e+01  4.30814e+05  3.16722e+45  4.30814e+05  3.15517e+45  4.30814e+05  3.13691e+45  4.30814e+05  3.13296e+45  5.42864e-08
 1.30834e+01  4.30814e+05  3.37125e+45  4.30814e+05  3.36052e+45  4.30814e+05  3.34491e+45  4.30814e+05  3.34215e+45  5.42864e-08
 1.35110e+01  4.30814e+05  3.58951e+45  4.30814e+05  3.58002e+45  4.30814e+05  3.56690e+45  4.30814e+05  3.56525e+45  5.42864e-08
 1.39526e+01  4.30814e+05  3.82291e+45  4.30814e+05  3.81459e+45  4.30814e+05  3.80379e+45  4.30814e+05  3.80319e+45  5.42864e-08
 1.44086e+01  4.30814e+05  4.07242e+45  4.30814e+05  4.06519e+45  4.30814e+05  4.05658e+45  4.30814e+05  4.05695e+45  5.42864e-08
 1.48795e+01  4.30814e+05  4.33907e+45  4.30814e+05  4.33286e+45  4.30814e+05  4.32630e+45  4.30814e+05  4.32758e+45  5.42864e-08
 1.53658e+01  4.30814e+05  4.62396e+45  4.30814e+05  4.61871e+45  4.30814e+05  4.61406e+45  4.30814e+05  4.61621e+45  5.42864e-08
 1.58680e+01  4.30814e+05  4.92827e+45  4.30814e+05  4.92392e+45  4.30814e+05  4.92108e+45  4.30814e+05  4.92403e+45  5.42864e-08
 1.63866e+01  4.30814e+05  5.25325e+45  4.30814e+05  5.24975e+45  4.30814e+05  5.24860e+45  4.30814e+05  5.25231e+45  5.42864e-08
 1.69222e+01  4.30814e+05  5.60027e+45  4.30814e+05  5.59756e+45  4.30814e+05  5.59799e+45  4.30814e+05  5.60240e+45  5.42864e-08
 1.74753e+01  4.30814e+05  5.97074e+45  4.30814e+05  5.96878e+45  4.30814e+05  5.97069e+45  4.30814e+05  5.97577e+45  5.42864e-08
 1.80464e+01  4.30814e+05  6.36621e+45  4.30814e+05  6.36494e+45  4.30814e+05  6.36825e+45  4.30814e+05  6.37395e+45  5.42864e-08
 1.86362e+01  4.30814e+05  6.78831e+45  4.30814e+05  6.78769e+45  4.30814e+05  6.79230e+45  4.30814e+05  6.79859e+45  5.42864e-08
 1.92453e+01  4.30814e+05  7.23879e+45  4.30814e+05  7.23878e+45  4.30814e+05  7.24462e+45  4.30814e+05  7.25145e+45  5.42864e-08
 1.98743e+01  4.30814e+05  7.71951e+45  4.30814e+05  7.72008e+45  4.30814e+05  7.72706e+45  4.30814e+05  7.73441e+45  5.42864e-08
 2.05238e+01  4.30814e+05  8.23246e+45  4.30814e+05  8.23356e+45  4.30814e+05  8.24162e+45  4.30814e+05  8.24945e+45  5.42864e-08
 2.11946e+01  4.30814e+05  8.77976e+45  4.30814e+05  8.78137e+45  4.30814e+05  8.79044e+45  4.30814e+05  8.79873e+45  5.42864e-08
 2.18873e+01  4.30814e+05  9.36369e+45  4.30814e+05  9.36577e+45  4.30814e+05  9.37579e+45  4.30814e+05  9.38449e+45  5.42864e-08
 2.26026e+01  4.30814e+05  9.98665e+45  4.30814e+05  9.98918e+45  4.30814e+05  1.00001e+46  4.30814e+05  1.00092e+46  5.42864e-08
 2.33413e+01  4.30814e+05  1.06512e+46  4.30814e+05  1.06542e+46  4.30814e+05  1.06659e+46  4.30814e+05  1.06754e+46  5.42864e-08
 2.41042e+01  4.30814e+05  1.13602e+46  4.30814e+05  1.13635e+46  4.30814e+05  1.13760e+46  4.30814e+05  1.13858e+46  5.42864e-08
 2.48920e+01  4.30814e+05  1.21164e+46  4.30814e+05  1.21201e+46  4.30814e+05  1.21333e+46  4.30814e+05  1.21435e+46  5.42864e-08
 2.57055e+01  4.30814e+05  1.29231e+46  4.30814e+05  1.29271e+46  4.30814e+05  1.29410e+46  4.30814e+05  1.29515e+46  5.42864e-08
 2.65456e+01  4.30814e+05  1.37835e+46  4.30814e+05  1.37879e+46  4.30814e+05  1.38024e+46  4.30814e+05  1.38132e+46  5.42864e-08
 2.74132e+01  4.30814e+05  1.47012e+46  4.30814e+05  1.47059e+46  4.30814e+05  1.47211e+46  4.16479e+05  1.44707e+46  5.42864e-08
 2.83091e+01  4.30814e+05  1.56801e+46  4.30814e+05  1.56851e+46  4.30814e+05  1.57008e+46  4.16479e+05  1.49410e+46  5.42864e-08
 2.92343e+01  4.30814e+05  1.67242e+46  4.30814e+05  1.67294e+46  4.30814e+05  1.67457e+46  4.16479e+05  1.54733e+46  5.42864e-08
 3.01898e+01  4.30814e+05  1.78377e+46  4.30814e+05  1.78432e+46  4.30814e+05  1.78600e+46  4.16479e+05  1.60696e+46  5.42864e-08
 3.11765e+01  4.30814e+05  1.90254e+46  4.30814e+05  1.90311e+46  4.30814e+05  1.90483e+46  4.16479e+05  1.67326e+46  5.42864e-08
 3.21954e+01  4.30814e+05  2.02921e+46  4.30814e+05  2.02980e+46  4.30814e+05  2.03157e+46  4.16479e+05  1.74649e+46  5.42864e-08
 3.32476e+01  4.30814e+05  2.16430e+46  4.30814e+05  2.16491e+46  4.30814e+05  2.16672e+46  4.16479e+05  1.82695e+46  5.42864e-08
 3.43343e+01  4.30814e+05  2.30838e+46  4.30814e+05  2.30901e+46  4.30814e+05  2.31086e+46  4.16479e+05  1.91499e+46  5.42864e-08
 3.54564e+01  4.30814e+05  2.46204e+46  4.30814e+05  2.46269e+46  4.30814e+05  2.46458e+46  4.16479e+05  2.01095e+46  5.42864e-08
 3.66152e+01  4.30814e+05  2.62592e+46  4.30814e+05  2.62659e+46  4.30814e+05  2.62851e+46  4.16479e+05  2.11525e+46  5.42864e-08
 3.78119e+01  4.30814e+05  2.80070e+46  4.30814e+05  2.80138e+46  4.30814e+05  2.80333e+46  4.16479e+05  2.22831e+46  5.42864e-08
 3.90477e+01  4.30814e+05  2.98709e+46  4.30814e+05  2.98779e+46  4.30814e+05  2.98977e+46  4.16479e+05  2.35060e+46  5.42864e-08
 4.03238e+01  4.30814e+05  3.18587e+46  4.30814e+05  3.18658e+46  4.30814e+05  3.18859e+46  4.16479e+05  2.48263e+46  5.42864e-08
 4.16417e+01  4.30814e+05  3.39787e+46  4.30814e+05  3.39859e+46  4.30814e+05  3.40063e+46  4.16479e+05  2.62494e+46  5.42864e-08
 4.30027e+01  4.30814e+05  3.62396e+46  4.30814e+05  3.62469e+46  4.30814e+05  3.62675e+46  4.16479e+05  2.77812e+46  5.42864e-08
 4.44081e+01  4.30814e+05  3.86507e+46  4.30814e+05  3.86582e+46  4.30814e+05  3.86790e+46  4.16479e+05  2.94281e+46  5.42864e-08
 4.58595e+01  4.30814e+05  4.12221e+46  4.30814e+05  4.12297e+46  4.30814e+05  4.12507e+46  4.16479e+05  3.11968e+46  5.42864e-08
 4.73583e+01  4.30814e+05  4.39643e+46  4.30814e+05  4.39720e+46  4.30814e+05  4.39933e+46  4.16479e+05  3.30947e+46  5.42864e-08
 4.89061e+01  4.30814e+05  4.68888e+46  4.30814e+05  4.68966e+46  4.16479e+05  4.53836e+46  4.16479e+05  3.51297e+46  5.42864e-08
 5.05045e+01  4.30814e+05  5.00076e+46  4.30814e+05  5.00155e+46  4.16479e+05  4.69243e+46  4.16479e+05  3.73101e+46  5.42864e-08
 5.21551e+01  4.30814e+05  5.33337e+46  4.30814e+05  5.33416e+46  4.16479e+05  4.86594e+46  4.16479e+05  3.96450e+46  5.42864e-08
 5.38597e+01  4.30814e+05  5.68807e+46  4.30814e+05  5.68888e+46  4.16479e+05  5.05960e+46  4.16479e+05  4.21441e+46  5.42864e-08
 5.56199e+01  4.30814e+05  6.06635e+46  4.30814e+05  6.06716e+46  4.16479e+05  5.27421e+46  4.16479e+05  4.48177e+46  5.42864e-08
 5.74378e+01  4.30814e+05  6.46976e+46  4.30814e+05  6.47057e+46  4.16479e+05  5.51066e+46  4.16479e+05  4.76768e+46  5.42864e-08
 5.93150e+01  4.30814e+05  6.89997e+46  4.30814e+05  6.90079e+46  4.16479e+05  5.76994e+46  4.16479e+05  5.07333e+46  5.42864e-08
 6.12535e+01  4.30814e+05  7.35876e+46  4.30814e+05  7.35959e+46  4.16479e+05  6.05311e+46  4.16479e+05  5.39999e+46  5.42864e-08
 6.32555e+01  4.30814e+05  7.84804e+46  4.16479e+05  7.73028e+46  4.16479e+05  6.36134e+46  4.16479e+05  5.74900e+46  5.42864e-08
 6.53228e+01  4.30814e+05  8.36982e+46  4.16479e+05  7.97943e+46  4.16479e+05  6.69591e+46  4.16479e+05  6.12182e+46  5.42864e-08
 6.74577e+01  4.16479e+05  8.86361e+46  4.16479e+05  8.26162e+46  4.16479e+05  7.05821e+46  4.16479e+05  6.51997e+46  5.42864e-08
 6.96624e+01  4.16479e+05  9.14246e+46  4.16479e+05  8.57802e+46  4.16479e+05  7.44974e+46  4.16479e+05  6.94512e+46  5.42864e-08
 7.19392e+01  4.16479e+05  9.45917e+46  4.16479e+05  8.92995e+46  4.16479e+05  7.87210e+46  4.16479e+05  7.39902e+46  5.42864e-08
 7.42903e+01  4.16479e+05  9.81506e+46  4.16479e+05  9.31887e+46  4.16479e+05  8.32707e+46  4.16479e+05  7.88354e+46  5.42864e-08
 7.67183e+01  4.16479e+05  1.02116e+47  4.16479e+05  9.74637e+46  4.16479e+05  8.81650e+46  4.16479e+05  8.40070e+46  5.42864e-08
 7.92257e+01  4.16479e+05  1.06504e+47  4.16479e+05  1.02142e+47  4.16479e+05  9.34244e+46  4.16479e+05  8.95264e+46  5.42864e-08
 8.18150e+01  4.16479e+05  1.11333e+47  4.16479e+05  1.07244e+47  4.16479e+05  9.90706e+46  4.16479e+05  9.54163e+46  5.42864e-08
 8.44889e+01  4.16479e+05  1.16624e+47  4.16479e+05  1.12790e+47  4.16479e+05  1.05127e+47  4.16479e+05  1.01701e+47  5.42864e-08
 8.72502e+01  4.16479e+05  1.22397e+47  4.16479e+05  1.18802e+47  4.16479e+05  1.11618e+47  4.16479e+05  1.08407e+47  5.42864e-08
 9.01018e+01  4.16479e+05  1.28677e+47  4.16479e+05  1.25307e+47  4.16479e+05  1.18572e+47  4.16479e+05  1.15562e+47  5.42864e-08
 9.30466e+01  4.16479e+05  1.35490e+47  4.16479e+05  1.32330e+47  4.16479e+05  1.26016e+47  4.16479e+05  1.23195e+47  5.42864e-08
 9.60876e+01  4.16479e+05  1.42864e+47  4.16479e+05  1.39901e+47  4.16479e+05  1.33983e+47  4.16479e+05  1.31337e+47  5.42864e-08
 9.92280e+01  4.16479e+05  1.50829e+47  4.16479e+05  1.48052e+47  4.16479e+05  1.42503e+47  4.16479e+05  1.40024e+47  5.42864e-08
 1.02471e+02  4.16479e+05  1.59419e+47  4.16479e+05  1.56815e+47  4.16479e+05  1.51614e+47  4.16479e+05  1.49290e+47  5.42864e-08
 1.05820e+02  4.16479e+05  1.68669e+47  4.16479e+05  1.66228e+47  4.16479e+05  1.61352e+47  4.16479e+05  1.59174e+47  5.42864e-08
 1.09278e+02  4.16479e+05  1.78617e+47  4.16479e+05  1.76329e+47  4.16479e+05  1.71758e+47  4.16479e+05  1.69717e+47  5.42864e-08
 1.12850e+02  4.16479e+05  1.89305e+47  4.16479e+05  1.87160e+47  4.16479e+05  1.82875e+47  4.16479e+05  1.80962e+47  5.42864e-08
 1.16538e+02  4.16479e+05  2.00776e+47  4.16479e+05  1.98765e+47  4.16479e+05  1.94749e+47  4.16479e+05  1.92956e+47  5.42864e-08
 1.20347e+02  4.16479e+05  2.13079e+47  4.16479e+05  2.11194e+47  4.16479e+05  2.07430e+47  4.16479e+05  2.05749e+47  5.42864e-08
 1.24280e+02  4.16479e+05  2.26264e+47  4.16479e+05  2.24497e+47  4.16479e+05  2.20968e+47  4.16479e+05  2.19393e+47  5.42864e-08
 1.28342e+02  4.16479e+05  2.40385e+47  4.16479e+05  2.38729e+47  4.16479e+05  2.35422e+47  4.16479e+05  2.33946e+47  5.42864e-08
 1.32537e+02  4.16479e+05  2.55502e+47  4.16479e+05  2.53949e+47  4.16479e+05  2.50849e+47  4.16479e+05  2.49466e+47  5.42864e-08
 1.36868e+02  4.16479e+05  2.71676e+47  4.16479e+05  2.70220e+47  4.16479e+05  2.67315e+47  4.16479e+05  2.66019e+47  5.42864e-08
 1.41341e+02  4.16479e+05  2.88975e+47  4.16479e+05  2.87610e+47  4.16479e+05  2.84888e+47  4.16479e+05  2.83674e+47  5.42864e-08
 1.45961e+02  4.16479e+05  3.07470e+47  4.16479e+05  3.06191e+47  4.16479e+05  3.03640e+47  4.16479e+05  3.02502e+47  5.42864e-08
 1.50731e+02  4.16479e+05  3.27237e+47  4.16479e+05  3.26039e+47  4.16479e+05  3.23648e+47  4.16479e+05  3.22582e+47  5.42864e-08
 1.55658e+02  4.16479e+05  3.48359e+47  4.16479e+05  3.47236e+47  4.16479e+05  3.44996e+47  4.16479e+05  3.43997e+47  5.42864e-08
 1.60745e+02  4.16479e+05  3.70924e+47  4.16479e+05  3.69871e+47  4.16479e+05  3.67772e+47  4.16479e+05  3.66836e+47  5.42864e-08
 1.65998e+02  4.16479e+05  3.95023e+47  4.16479e+05  3.94037e+47  4.16479e+05  3.92070e+47  4.16479e+05  3.91193e+47  5.42864e-08
 1.71424e+02  4.16479e+05  4.20758e+47  4.16479e+05  4.19833e+47  4.16479e+05  4.17990e+47  4.16479e+05  4.17170e+47  5.42864e-08
 1.77026e+02  4.16479e+05  4.48234e+47  4.16479e+05  4.47368e+47  4.16479e+05  4.45641e+47  4.16479e+05  4.44872e+47  5.42864e-08
 1.82812e+02  4.16479e+05  4.77565e+47  4.16479e+05  4.76754e+47  4.16479e+05  4.75136e+47  4.16479e+05  4.74416e+47  5.42864e-08
 1.88787e+02  4.16479e+05  5.08874e+47  4.16479e+05  5.08113e+47  4.16479e+05  5.06598e+47  4.16479e+05  5.05924e+47  5.42864e-08
 1.94957e+02  4.16479e+05  5.42288e+47  4.16479e+05  5.41575e+47  4.16479e+05  5.40156e+47  4.16479e+05  5.39525e+47  5.42864e-08
 2.01328e+02  4.16479e+05  5.77947e+47  4.16479e+05  5.77279e+47  4.16479e+05  5.75950e+47  4.16479e+05  5.75359e+47  5.42864e-08
 2.07908e+02  4.16479e+05  6.15998e+47  4.16479e+05  6.15372e+47  4.16479e+05  6.14127e+47  4.16479e+05  6.13574e+47  5.42864e-08
 2.14703e+02  4.16479e+05  6.56598e+47  4.16479e+05  6.56012e+47  4.16479e+05  6.54846e+47  4.16479e+05  6.54329e+47  5.42864e-08
 2.21720e+02  4.16479e+05  6.99916e+47  4.16479e+05  6.99368e+47  4.16479e+05  6.98276e+47  4.16479e+05  6.97791e+47  5.42864e-08
 2.28967e+02  4.16479e+05  7.46131e+47  4.16479e+05  7.45617e+47  4.16479e+05  7.44595e+47  4.16479e+05  7.44142e+47  5.42864e-08
 2.36450e+02  4.16479e+05  7.95435e+47  4.16479e+05  7.94953e+47  4.16479e+05  7.93996e+47  4.16479e+05  7.93572e+47  5.42864e-08
 2.44178e+02  4.16479e+05  8.48030e+47  4.16479e+05  8.47579e+47  4.16479e+05  8.46683e+47  4.16479e+05  8.46286e+47  5.42864e-08
 2.52158e+02  4.16479e+05  9.04135e+47  4.16479e+05  9.03713e+47  4.16479e+05  9.02874e+47  4.16479e+05  9.02503e+47  5.42864e-08
 2.60399e+02  4.16479e+05  9.63982e+47  4.16479e+05  9.63587e+47  4.16479e+05  9.62802e+47  4.16479e+05  9.62455e+47  5.42864e-08
 2.68910e+02  4.16479e+05  1.02782e+48  4.16479e+05  1.02745e+48  4.16479e+05  1.02671e+48  4.16479e+05  1.02639e+48  5.42864e-08
 2.77699e+02  4.16479e+05  1.09591e+48  4.16479e+05  1.09556e+48  4.16479e+05  1.09488e+48  4.16479e+05  1.09457e+48  5.42864e-08
 2.86774e+02  4.16479e+05  1.16854e+48  4.16479e+05  1.16821e+48  4.16479e+05  1.16757e+48  4.16479e+05  1.16728e+48  5.42864e-08
 2.96147e+02  4.16479e+05  1.24600e+48  4.16479e+05  1.24569e+48  4.16479e+05  1.24509e+48  4.16479e+05  1.24483e+48  5.42864e-08
 3.05826e+02  4.16479e+05  1.32862e+48  4.16479e+05  1.32833e+48  4.16479e+05  1.32777e+48  4.02620e+05  1.29812e+48  5.42864e-08
 3.15821e+02  4.16479e+05  1.41674e+48  4.16479e+05  1.41647e+48  4.16479e+05  1.41594e+48  4.02620e+05  1.33969e+48  5.42864e-08
 3.26143e+02  4.16479e+05  1.51072e+48  4.16479e+05  1.51047e+48  4.16479e+05  1.50998e+48  4.02620e+05  1.38680e+48  5.42864e-08
 3.36802e+02  4.16479e+05  1.61095e+48  4.16479e+05  1.61072e+48  4.16479e+05  1.61026e+48  4.02620e+05  1.43965e+48  5.42864e-08
 3.47810e+02  4.16479e+05  1.71785e+48  4.16479e+05  1.71763e+48  4.16479e+05  1.71721e+48  4.02620e+05  1.49846e+48  5.42864e-08
 3.59177e+02  4.16479e+05  1.83186e+48  4.16479e+05  1.83166e+48  4.16479e+05  1.83126e+48  4.02620e+05  1.56347e+48  5.42864e-08
 3.70916e+02  4.16479e+05  1.95345e+48  4.16479e+05  1.95326e+48  4.16479e+05  1.95289e+48  4.02620e+05  1.63495e+48  5.42864e-08
 3.83038e+02  4.16479e+05  2.08313e+48  4.16479e+05  2.08295e+48  4.16479e+05  2.08260e+48  4.02620e+05  1.71320e+48  5.42864e-08
 3.95557e+02  4.16479e+05  2.22143e+48  4.16479e+05  2.22126e+48  4.16479e+05  2.22094e+48  4.02620e+05  1.79854e+48  5.42864e-08
 4.08485e+02  4.16479e+05  2.36892e+48  4.16479e+05  2.36876e+48  4.16479e+05  2.36846e+48  4.02620e+05  1.89132e+48  5.42864e-08
 4.21835e+02  4.16479e+05  2.52621e+48  4.16479e+05  2.52607e+48  4.16479e+05  2.52579e+48  4.02620e+05  1.99193e+48  5.42864e-08
 4.35622e+02  4.16479e+05  2.69396e+48  4.16479e+05  2.69383e+48  4.16479e+05  2.69356e+48  4.02620e+05  2.10078e+48  5.42864e-08
 4.49859e+02  4.16479e+05  2.87286e+48  4.16479e+05  2.87274e+48  4.16479e+05  2.87249e+48  4.02620e+05  2.21833e+48  5.42864e-08
 4.64562e+02  4.16479e+05  3.06365e+48  4.16479e+05  3.06353e+48  4.16479e+05  3.06330e+48  4.02620e+05  2.34505e+48  5.42864e-08
 4.79745e+02  4.16479e+05  3.26712e+48  4.16479e+05  3.26701e+48  4.16479e+05  3.26680e+48  4.02620e+05  2.48148e+48  5.42864e-08
 4.95424e+02  4.16479e+05  3.48411e+48  4.16479e+05  3.48401e+48  4.16479e+05  3.48381e+48  4.02620e+05  2.62818e+48  5.42864e-08
 5.11616e+02  4.16479e+05  3.71552e+48  4.16479e+05  3.71542e+48  4.16479e+05  3.71524e+48  4.02620e+05  2.78576e+48  5.42864e-08
 5.28337e+02  4.16479e+05  3.96230e+48  4.16479e+05  3.96221e+48  4.02620e+05  3.94848e+48  4.02620e+05  2.95487e+48  5.42864e-08
 5.45604e+02  4.16479e+05  4.22549e+48  4.16479e+05  4.22540e+48  4.02620e+05  4.06791e+48  4.02620e+05  3.13620e+48  5.42864e-08
 5.63436e+02  4.16479e+05  4.50616e+48  4.16479e+05  4.50608e+48  4.02620e+05  4.20419e+48  4.02620e+05  3.33052e+48  5.42864e-08
 5.81850e+02  4.16479e+05  4.80548e+48  4.16479e+05  4.80540e+48  4.02620e+05  4.35786e+48  4.02620e+05  3.53862e+48  5.42864e-08
 6.00867e+02  4.16479e+05  5.12468e+48  4.16479e+05  5.12461e+48  4.02620e+05  4.52956e+48  4.02620e+05  3.76136e+48  5.42864e-08
 6.20505e+02  4.16479e+05  5.46510e+48  4.16479e+05  5.46503e+48  4.02620e+05  4.72002e+48  4.02620e+05  3.99967e+48  5.42864e-08
 6.40784e+02  4.16479e+05  5.82813e+48  4.16479e+05  5.82807e+48  4.02620e+05  4.93000e+48  4.02620e+05  4.25453e+48  5.42864e-08
 6.61727e+02  4.16479e+05  6.21528e+48  4.16479e+05  6.21523e+48  4.02620e+05  5.16039e+48  4.02620e+05  4.52699e+48  5.42864e-08
 6.83354e+02  4.16479e+05  6.62816e+48  4.16479e+05  6.62811e+48  4.02620e+05  5.41214e+48  4.02620e+05  4.81820e+48  5.42864e-08
 7.05688e+02  4.16479e+05  7.06846e+48  4.02620e+05  6.93053e+48  4.02620e+05  5.68628e+48  4.02620e+05  5.12934e+48  5.42864e-08
 7.28751e+02  4.16479e+05  7.53802e+48  4.02620e+05  7.15069e+48  4.02620e+05  5.98395e+48  4.02620e+05  5.46171e+48  5.42864e-08
 7.52569e+02  4.02620e+05  7.94747e+48  4.02620e+05  7.40045e+48  4.02620e+05  6.30639e+48  4.02620e+05  5.81669e+48  5.42864e-08
 7.77165e+02  4.02620e+05  8.19378e+48  4.02620e+05  7.68083e+48  4.02620e+05  6.65493e+48  4.02620e+05  6.19573e+48  5.42864e-08
 8.02565e+02  4.02620e+05  8.47400e+48  4.02620e+05  7.99300e+48  4.02620e+05  7.03101e+48  4.02620e+05  6.60042e+48  5.42864e-08
 8.28794e+02  4.02620e+05  8.78928e+48  4.02620e+05  8.33825e+48  4.02620e+05  7.43619e+48  4.02620e+05  7.03242e+48  5.42864e-08
 8.55882e+02  4.02620e+05  9.14094e+48  4.02620e+05  8.71801e+48  4.02620e+05  7.87214e+48  4.02620e+05  7.49353e+48  5.42864e-08
 8.83854e+02  4.02620e+05  9.53043e+48  4.02620e+05  9.13384e+48  4.02620e+05  8.34067e+48  4.02620e+05  7.98565e+48  5.42864e-08
 9.12741e+02  4.02620e+05  9.95936e+48  4.02620e+05  9.58748e+48  4.02620e+05  8.84372e+48  4.02620e+05  8.51081e+48  5.42864e-08
 9.42571e+02  4.02620e+05  1.04295e+49  4.02620e+05  1.00808e+49  4.02620e+05  9.38337e+48  4.02620e+05  9.07120e+48  5.42864e-08
 9.73377e+02  4.02620e+05  1.09428e+49  4.02620e+05  1.06158e+49  4.02620e+05  9.96185e+48  4.02620e+05  9.66913e+48  5.42864e-08
 1.00519e+03  4.02620e+05  1.15014e+49  4.02620e+05  1.11948e+49  4.02620e+05  1.05816e+49  4.02620e+05  1.03071e+49  5.42864e-08
 1.03804e+03  4.02620e+05  1.21076e+49  4.02620e+05  1.18201e+49  4.02620e+05  1.12451e+49  4.02620e+05  1.09877e+49  5.42864e-08
 1.07197e+03  4.02620e+05  1.27639e+49  4.02620e+05  1.24943e+49  4.02620e+05  1.19551e+49  4.02620e+05  1.17137e+49  5.42864e-08
 1.10700e+03  4.02620e+05  1.34730e+49  4.02620e+05  1.32202e+49  4.02620e+05  1.27146e+49  4.02620e+05  1.24883e+49  5.42864e-08
 1.14318e+03  4.02620e+05  1.42379e+49  4.02620e+05  1.40009e+49  4.02620e+05  1.35267e+49  4.02620e+05  1.33145e+49  5.42864e-08
 1.18054e+03  4.02620e+05  1.50617e+49  4.02620e+05  1.48394e+49  4.02620e+05  1.43949e+49  4.02620e+05  1.41959e+49  5.42864e-08
 1.21913e+03  4.02620e+05  1.59479e+49  4.02620e+05  1.57394e+49  4.02620e+05  1.53225e+49  4.02620e+05  1.51359e+49  5.42864e-08
 1.25897e+03  4.02620e+05  1.69000e+49  4.02620e+05  1.67045e+49  4.02620e+05  1.63136e+49  4.02620e+05  1.61387e+49  5.42864e-08
 1.30012e+03  4.02620e+05  1.79221e+49  4.02620e+05  1.77388e+49  4.02620e+05  1.73722e+49  4.02620e+05  1.72082e+49  5.42864e-08
 1.34261e+03  4.02620e+05  1.90183e+49  4.02620e+05  1.88465e+49  4.02620e+05  1.85027e+49  4.02620e+05  1.83489e+49  5.42864e-08
 1.38649e+03  4.02620e+05  2.01933e+49  4.02620e+05  2.00321e+49  4.02620e+05  1.97098e+49  4.02620e+05  1.95656e+49  5.42864e-08
 1.43180e+03  4.02620e+05  2.14518e+49  4.02620e+05  2.13007e+49  4.02620e+05  2.09985e+49  4.02620e+05  2.08632e+49  5.42864e-08
 1.47860e+03  4.02620e+05  2.27991e+49  4.02620e+05  2.26574e+49  4.02620e+05  2.23740e+49  4.02620e+05  2.22472e+49  5.42864e-08
 1.52692e+03  4.02620e+05  2.42408e+49  4.02620e+05  2.41079e+49  4.02620e+05  2.38422e+49  4.02620e+05  2.37232e+49  5.42864e-08
 1.57683e+03  4.02620e+05  2.57828e+49  4.02620e+05  2.56582e+49  4.02620e+05  2.54090e+49  4.02620e+05  2.52974e+49  5.42864e-08
 1.62836e+03  4.02620e+05  2.74314e+49  4.02620e+05  2.73146e+49  4.02620e+05  2.70809e+49  4.02620e+05  2.69763e+49  5.42864e-08
 1.68158e+03  4.02620e+05  2.91936e+49  4.02620e+05  2.90841e+49  4.02620e+05  2.88650e+49  4.02620e+05  2.87669e+49  5.42864e-08
 1.73654e+03  4.02620e+05  3.10767e+49  4.02620e+05  3.09739e+49  4.02620e+05  3.07685e+49  4.02620e+05  3.06765e+49  5.42864e-08
 1.79329e+03  4.02620e+05  3.30883e+49  4.02620e+05  3.29920e+49  4.02620e+05  3.27993e+49  4.02620e+05  3.27131e+49  5.42864e-08
 1.85190e+03  4.02620e+05  3.52369e+49  4.02620e+05  3.51465e+49  4.02620e+05  3.49659e+49  4.02620e+05  3.48850e+49  5.42864e-08
 1.91243e+03  4.02620e+05  3.75312e+49  4.02620e+05  3.74465e+49  4.02620e+05  3.72771e+49  4.02620e+05  3.72013e+49  5.42864e-08
 1.97493e+03  4.02620e+05  3.99810e+49  4.02620e+05  3.99015e+49  4.02620e+05  3.97427e+49  4.02620e+05  3.96716e+49  5.42864e-08
 2.03948e+03  4.02620e+05  4.25961e+49  4.02620e+05  4.25216e+49  4.02620e+05  4.23727e+49  4.02620e+05  4.23060e+49  5.42864e-08
 2.10613e+03  4.02620e+05  4.53876e+49  4.02620e+05  4.53177e+49  4.02620e+05  4.51781e+49  4.02620e+05  4.51156e+49  5.42864e-08
 2.17497e+03  4.02620e+05  4.83669e+49  4.02620e+05  4.83014e+49  4.02620e+05  4.81704e+49  4.02620e+05  4.81118e+49  5.42864e-08
 2.24605e+03  4.02620e+05  5.15463e+49  4.02620e+05  5.14849e+49  4.02620e+05  5.13621e+49  4.02620e+05  5.13071e+49  5.42864e-08
 2.31946e+03  4.02620e+05  5.49391e+49  4.02620e+05  5.48815e+49  4.02620e+05  5.47664e+49  4.02620e+05  5.47148e+49  5.42864e-08
 2.39526e+03  4.02620e+05  5.85592e+49  4.02620e+05  5.85052e+49  4.02620e+05  5.83973e+49  4.02620e+05  5.83489e+49  5.42864e-08
 2.47355e+03  4.02620e+05  6.24217e+49  4.02620e+05  6.23711e+49  4.02620e+05  6.22698e+49  4.02620e+05  6.22245e+49  5.42864e-08
 2.55439e+03  4.02620e+05  6.65425e+49  4.02620e+05  6.64951e+49  4.02620e+05  6.64001e+49  4.02620e+05  6.63576e+49  5.42864e-08
 2.63787e+03  4.02620e+05  7.09387e+49  4.02620e+05  7.08942e+49  4.02620e+05  7.08052e+49  4.02620e+05  7.07654e+49  5.42864e-08
 2.72409e+03  4.02620e+05  7.56285e+49  4.02620e+05  7.55868e+49  4.02620e+05  7.55033e+49  4.02620e+05  7.54659e+49  5.42864e-08
 2.81312e+03  4.02620e+05  8.06313e+49  4.02620e+05  8.05921e+49  4.02620e+05  8.05139e+49  4.02620e+05  8.04788e+49  5.42864e-08
 2.90506e+03  4.02620e+05  8.59677e+49  4.02620e+05  8.59310e+49  4.02620e+05  8.58576e+49  4.02620e+05  8.58248e+49  5.42864e-08
 3.00000e+03  4.02620e+05  9.16600e+49  4.02620e+05  9.16255e+49  4.02620e+05  9.15567e+49  4.02620e+05  9.15259e+49  5.42864e-08
