radius_rg T_0deg chi2_0deg T_15deg chi2_15deg T_30deg chi2_30deg T_45deg chi2_45deg nuLnusavg_last
 2.00000e-01  5.84205e+05  1.78795e+42  5.64766e+05  1.49239e+42  5.27805e+05  8.37612e+41  3.39945e+05  3.57440e+38 -2.33294e-08
 2.06537e-01  5.64766e+05  1.77897e+42  5.64766e+05  1.49748e+42  5.10242e+05  8.21578e+41  3.39945e+05  9.47388e+38 -2.33294e-08
 2.13287e-01  5.64766e+05  1.72852e+42  5.45973e+05  1.51465e+42  5.10242e+05  7.97844e+41  3.28633e+05  6.37546e+38 -2.33294e-08
 2.20257e-01  5.64766e+05  1.72364e+42  5.45973e+05  1.45942e+42  5.10242e+05  7.96231e+41  3.28633e+05  1.79205e+38 -2.33294e-08
 2.27456e-01  5.64766e+05  1.76431e+42  5.45973e+05  1.44350e+42  5.10242e+05  8.16732e+41  3.28633e+05  2.36433e+36 -2.33294e-08
 2.34890e-01  5.45973e+05  1.69616e+42  5.45973e+05  1.46683e+42  4.93264e+05  7.90685e+41  3.28633e+05  1.06293e+38 -2.33294e-08
 2.42567e-01  5.45973e+05  1.66707e+42  5.27805e+05  1.44389e+42  4.93264e+05  7.69146e+41  3.28633e+05  4.91422e+38 -2.33294e-08
 2.50494e-01  5.45973e+05  1.68329e+42  5.27805e+05  1.40247e+42  4.93264e+05  7.69610e+41  3.28633e+05  1.15934e+39 -2.33294e-08
 2.58681e-01  5.27805e+05  1.68517e+42  5.27805e+05  1.40012e+42  4.93264e+05  7.92077e+41  3.17698e+05  5.91692e+38 -2.33294e-08
 2.67136e-01  5.27805e+05  1.62666e+42  5.27805e+05  1.43683e+42  4.76850e+05  7.63935e+41  3.17698e+05  1.55334e+38 -2.33294e-08
 2.75866e-01  5.27805e+05  1.61329e+42  5.10242e+05  1.38357e+42  4.76850e+05  7.41666e+41  3.17698e+05  3.77932e+35 -2.33294e-08
 2.84882e-01  5.27805e+05  1.64501e+42  5.10242e+05  1.35098e+42  4.76850e+05  7.41285e+41  3.17698e+05  1.26183e+38 -2.33294e-08
 2.94193e-01  5.10242e+05  1.61307e+42  5.10242e+05  1.35726e+42  4.76850e+05  7.62791e+41  3.17698e+05  5.33271e+38 -2.33294e-08
 3.03808e-01  5.10242e+05  1.56482e+42  4.93264e+05  1.39816e+42  4.60983e+05  7.41794e+41  3.17698e+05  1.22332e+39 -2.33294e-08
 3.13737e-01  5.10242e+05  1.56147e+42  4.93264e+05  1.33059e+42  4.60983e+05  7.15811e+41  3.07126e+05  6.66660e+38 -2.33294e-08
 3.23991e-01  5.10242e+05  1.60298e+42  4.93264e+05  1.30179e+42  4.60983e+05  7.11610e+41  3.07126e+05  1.94766e+38 -2.33294e-08
 3.34580e-01  4.93264e+05  1.55082e+42  4.93264e+05  1.31164e+42  4.60983e+05  7.29173e+41  3.07126e+05  4.43677e+36 -2.33294e-08
 3.45515e-01  4.93264e+05  1.50700e+42  4.76850e+05  1.35243e+42  4.45643e+05  7.25991e+41  3.07126e+05  9.48859e+37 -2.33294e-08
 3.56807e-01  4.93264e+05  1.50783e+42  4.76850e+05  1.28370e+42  4.45643e+05  6.93252e+41  3.07126e+05  4.66487e+38 -2.33294e-08
 3.68468e-01  4.93264e+05  1.55332e+42  4.76850e+05  1.25354e+42  4.45643e+05  6.82200e+41  3.07126e+05  1.12078e+39 -2.33294e-08
 3.80511e-01  4.76850e+05  1.49701e+42  4.76850e+05  1.26184e+42  4.45643e+05  6.92791e+41  2.96907e+05  8.89256e+38 -2.33294e-08
 3.92947e-01  4.76850e+05  1.45169e+42  4.76850e+05  1.30862e+42  4.30814e+05  7.19649e+41  2.96907e+05  3.22161e+38 -2.33294e-08
 4.05790e-01  4.76850e+05  1.45078e+42  4.60983e+05  1.24371e+42  4.30814e+05  6.77033e+41  2.96907e+05  3.71597e+37 -2.33294e-08
 4.19052e-01  4.76850e+05  1.49428e+42  4.60983e+05  1.20696e+42  4.30814e+05  6.56038e+41  2.96907e+05  3.30716e+37 -2.33294e-08
 4.32748e-01  4.60983e+05  1.45261e+42  4.60983e+05  1.20847e+42  4.30814e+05  6.56577e+41  2.96907e+05  3.09880e+38 -2.33294e-08
 4.46891e-01  4.60983e+05  1.39972e+42  4.60983e+05  1.24825e+42  4.30814e+05  6.78652e+41  2.96907e+05  8.68731e+38 -2.33294e-08
 4.61496e-01  4.60983e+05  1.39103e+42  4.45643e+05  1.21366e+42  4.16479e+05  6.71708e+41  2.87027e+05  1.32641e+39 -2.33294e-08
 4.76579e-01  4.60983e+05  1.42650e+42  4.45643e+05  1.16497e+42  4.16479e+05  6.37598e+41  2.87027e+05  6.01858e+38 -2.33294e-08
 4.92155e-01  4.45643e+05  1.42114e+42  4.45643e+05  1.15437e+42  4.16479e+05  6.24947e+41  2.87027e+05  1.60555e+38 -2.33294e-08
 5.08240e-01  4.45643e+05  1.35450e+42  4.45643e+05  1.18181e+42  4.16479e+05  6.33700e+41  2.87027e+05  6.76311e+35 -2.33294e-08
 5.24851e-01  4.45643e+05  1.33188e+42  4.30814e+05  1.19900e+42  4.16479e+05  6.63895e+41  2.87027e+05  1.21560e+38 -2.33294e-08
 5.42004e-01  4.45643e+05  1.35317e+42  4.30814e+05  1.13290e+42  4.02620e+05  6.32990e+41  2.87027e+05  5.23706e+38 -2.33294e-08
 5.59718e-01  4.30814e+05  1.40896e+42  4.30814e+05  1.10475e+42  4.02620e+05  6.03923e+41  2.87027e+05  1.20878e+39 -2.33294e-08
 5.78011e-01  4.30814e+05  1.32223e+42  4.30814e+05  1.11445e+42  4.02620e+05  5.96175e+41  2.77476e+05  1.14295e+39 -2.33294e-08
 5.96902e-01  4.30814e+05  1.27940e+42  4.30814e+05  1.16201e+42  4.02620e+05  6.09713e+41  2.77476e+05  4.80797e+38 -2.33294e-08
 6.16411e-01  4.30814e+05  1.28026e+42  4.16479e+05  1.11875e+42  4.02620e+05  6.44593e+41  2.77476e+05  1.01390e+38 -2.33294e-08
 6.36557e-01  4.30814e+05  1.32484e+42  4.16479e+05  1.06750e+42  3.89223e+05  6.01304e+41  2.77476e+05  3.16192e+36 -2.33294e-08
 6.57361e-01  4.16479e+05  1.31219e+42  4.16479e+05  1.05393e+42  3.89223e+05  5.73775e+41  2.77476e+05  1.85707e+38 -2.33294e-08
 6.78845e-01  4.16479e+05  1.24269e+42  4.16479e+05  1.07798e+42  3.89223e+05  5.67439e+41  2.77476e+05  6.49780e+38 -2.33294e-08
 7.01032e-01  4.16479e+05  1.21675e+42  4.02620e+05  1.13342e+42  3.89223e+05  5.82270e+41  2.77476e+05  1.39730e+39 -2.33294e-08
 7.23943e-01  4.16479e+05  1.23426e+42  4.02620e+05  1.05331e+42  3.89223e+05  6.18330e+41  2.68243e+05  1.15413e+39 -2.33294e-08
 7.47603e-01  4.16479e+05  1.29528e+42  4.02620e+05  1.01083e+42  3.76271e+05  5.76128e+41  2.68243e+05  4.88035e+38 -2.33294e-08
 7.72037e-01  4.02620e+05  1.23418e+42  4.02620e+05  1.00579e+42  3.76271e+05  5.46576e+41  2.68243e+05  1.04723e+38 -2.33294e-08
 7.97269e-01  4.02620e+05  1.17489e+42  4.02620e+05  1.03818e+42  3.76271e+05  5.38105e+41  2.68243e+05  2.60509e+36 -2.33294e-08
 8.23326e-01  4.02620e+05  1.15886e+42  3.89223e+05  1.07610e+42  3.76271e+05  5.50680e+41  2.68243e+05  1.81257e+38 -2.33294e-08
 8.50234e-01  4.02620e+05  1.18605e+42  3.89223e+05  9.98833e+41  3.76271e+05  5.84353e+41  2.68243e+05  6.41419e+38 -2.33294e-08
 8.78022e-01  4.02620e+05  1.25655e+42  3.89223e+05  9.58964e+41  3.63750e+05  5.58752e+41  2.68243e+05  1.38500e+39 -2.33294e-08
 9.06718e-01  3.89223e+05  1.17053e+42  3.89223e+05  9.56330e+41  3.63750e+05  5.23551e+41  2.59317e+05  1.36978e+39 -2.33294e-08
 9.36352e-01  3.89223e+05  1.11431e+42  3.89223e+05  9.90919e+41  3.63750e+05  5.09337e+41  2.59317e+05  6.31103e+38 -2.33294e-08
 9.66955e-01  3.89223e+05  1.10112e+42  3.76271e+05  1.03513e+42  3.63750e+05  5.16049e+41  2.59317e+05  1.75802e+38 -2.33294e-08
 9.98557e-01  3.89223e+05  1.13089e+42  3.76271e+05  9.54403e+41  3.63750e+05  5.43716e+41  2.59317e+05  1.98813e+36 -2.33294e-08
 1.03119e+00  3.89223e+05  1.20376e+42  3.76271e+05  9.10896e+41  3.51646e+05  5.52442e+41  2.59317e+05  1.08942e+38 -2.33294e-08
 1.06489e+00  3.76271e+05  1.12019e+42  3.76271e+05  9.04424e+41  3.51646e+05  5.07884e+41  2.59317e+05  4.97107e+38 -2.33294e-08
 1.09970e+00  3.76271e+05  1.05982e+42  3.76271e+05  9.34961e+41  3.51646e+05  4.84247e+41  2.59317e+05  1.16809e+39 -2.33294e-08
 1.13564e+00  3.76271e+05  1.04225e+42  3.76271e+05  1.00263e+42  3.51646e+05  4.81433e+41  2.50688e+05  1.85142e+39 -2.33294e-08
 1.17276e+00  3.76271e+05  1.06741e+42  3.63750e+05  9.22284e+41  3.51646e+05  4.99431e+41  2.50688e+05  9.68554e+38 -2.33294e-08
 1.21108e+00  3.76271e+05  1.13539e+42  3.63750e+05  8.68770e+41  3.51646e+05  5.38314e+41  2.50688e+05  3.70458e+38 -2.33294e-08
 1.25067e+00  3.63750e+05  1.08581e+42  3.63750e+05  8.52117e+41  3.39945e+05  5.04900e+41  2.50688e+05  5.46546e+37 -2.33294e-08
 1.29154e+00  3.63750e+05  1.01392e+42  3.63750e+05  8.72256e+41  3.39945e+05  4.68070e+41  2.50688e+05  1.98371e+37 -2.33294e-08
 1.33375e+00  3.63750e+05  9.84650e+41  3.63750e+05  9.29270e+41  3.39945e+05  4.51996e+41  2.50688e+05  2.65861e+38 -2.33294e-08
 1.37734e+00  3.63750e+05  9.97862e+41  3.51646e+05  9.08214e+41  3.39945e+05  4.56612e+41  2.50688e+05  7.93745e+38 -2.33294e-08
 1.42236e+00  3.63750e+05  1.05362e+42  3.51646e+05  8.38181e+41  3.39945e+05  4.81936e+41  2.50688e+05  1.60567e+39 -2.33294e-08
 1.46884e+00  3.51646e+05  1.07406e+42  3.51646e+05  8.04882e+41  3.28633e+05  5.22295e+41  2.42346e+05  1.61658e+39 -2.33294e-08
 1.51685e+00  3.51646e+05  9.83121e+41  3.51646e+05  8.08179e+41  3.28633e+05  4.68366e+41  2.42346e+05  8.01393e+38 -2.33294e-08
 1.56642e+00  3.51646e+05  9.34667e+41  3.51646e+05  8.48087e+41  3.28633e+05  4.35194e+41  2.42346e+05  2.70287e+38 -2.33294e-08
 1.61762e+00  3.51646e+05  9.28494e+41  3.39945e+05  9.21743e+41  3.28633e+05  4.22643e+41  2.42346e+05  2.10580e+37 -2.33294e-08
 1.67049e+00  3.51646e+05  9.64574e+41  3.39945e+05  8.28485e+41  3.28633e+05  4.30659e+41  2.42346e+05  5.26763e+37 -2.33294e-08
 1.72508e+00  3.51646e+05  1.04306e+42  3.39945e+05  7.71922e+41  3.28633e+05  4.59277e+41  2.42346e+05  3.65272e+38 -2.33294e-08
 1.78146e+00  3.39945e+05  9.78263e+41  3.39945e+05  7.51818e+41  3.17698e+05  4.95294e+41  2.42346e+05  9.60140e+38 -2.33294e-08
 1.83968e+00  3.39945e+05  9.02967e+41  3.39945e+05  7.68092e+41  3.17698e+05  4.41017e+41  2.42346e+05  1.83974e+39 -2.33294e-08
 1.89981e+00  3.39945e+05  8.69819e+41  3.39945e+05  8.20809e+41  3.17698e+05  4.07385e+41  2.34282e+05  1.64599e+39 -2.33294e-08
 1.96190e+00  3.39945e+05  8.78683e+41  3.28633e+05  8.53199e+41  3.17698e+05  3.94257e+41  2.34282e+05  8.22078e+38 -2.33294e-08
 2.02602e+00  3.39945e+05  9.29595e+41  3.28633e+05  7.66524e+41  3.17698e+05  4.01580e+41  2.34282e+05  2.82330e+38 -2.33294e-08
 2.09224e+00  3.28633e+05  1.01503e+42  3.28633e+05  7.16287e+41  3.17698e+05  4.29384e+41  2.34282e+05  2.45110e+37 -2.33294e-08
 2.16062e+00  3.28633e+05  9.04948e+41  3.28633e+05  7.02279e+41  3.17698e+05  4.77784e+41  2.34282e+05  4.75528e+37 -2.33294e-08
 2.23123e+00  3.28633e+05  8.37024e+41  3.28633e+05  7.24444e+41  3.07126e+05  4.23476e+41  2.34282e+05  3.51551e+38 -2.33294e-08
 2.30415e+00  3.28633e+05  8.10976e+41  3.28633e+05  7.82872e+41  3.07126e+05  3.85193e+41  2.34282e+05  9.37764e+38 -2.33294e-08
 2.37946e+00  3.28633e+05  8.26695e+41  3.17698e+05  8.06530e+41  3.07126e+05  3.67323e+41  2.34282e+05  1.80862e+39 -2.33294e-08
 2.45723e+00  3.28633e+05  8.84247e+41  3.17698e+05  7.19141e+41  3.07126e+05  3.69791e+41  2.26486e+05  1.95640e+39 -2.33294e-08
 2.53753e+00  3.17698e+05  9.61303e+41  3.17698e+05  6.67994e+41  3.07126e+05  3.92610e+41  2.26486e+05  1.04463e+39 -2.33294e-08
 2.62047e+00  3.17698e+05  8.50451e+41  3.17698e+05  6.52877e+41  3.07126e+05  4.35872e+41  2.26486e+05  4.17947e+38 -2.33294e-08
 2.70611e+00  3.17698e+05  7.81530e+41  3.17698e+05  6.73727e+41  2.96907e+05  4.19026e+41  2.26486e+05  7.37520e+37 -2.33294e-08
 2.79455e+00  3.17698e+05  7.54255e+41  3.17698e+05  7.30631e+41  2.96907e+05  3.71806e+41  2.26486e+05  1.06216e+37 -2.33294e-08
 2.88589e+00  3.17698e+05  7.68513e+41  3.07126e+05  7.82973e+41  2.96907e+05  3.44944e+41  2.26486e+05  2.28295e+38 -2.33294e-08
 2.98021e+00  3.17698e+05  8.24363e+41  3.07126e+05  6.87443e+41  2.96907e+05  3.38329e+41  2.26486e+05  7.27673e+38 -2.33294e-08
 3.07761e+00  3.17698e+05  9.22036e+41  3.07126e+05  6.28024e+41  2.96907e+05  3.51933e+41  2.26486e+05  1.51082e+39 -2.33294e-08
 3.17819e+00  3.07126e+05  8.16083e+41  3.07126e+05  6.04469e+41  2.96907e+05  3.85813e+41  2.26486e+05  2.58098e+39 -2.33294e-08
 3.28206e+00  3.07126e+05  7.37649e+41  3.07126e+05  6.16682e+41  2.87027e+05  4.33874e+41  2.18950e+05  1.55060e+39 -2.33294e-08
 3.38933e+00  3.07126e+05  7.00681e+41  3.07126e+05  6.64712e+41  2.87027e+05  3.73297e+41  2.18950e+05  7.55279e+38 -2.33294e-08
 3.50010e+00  3.07126e+05  7.05023e+41  3.07126e+05  7.48759e+41  2.87027e+05  3.33084e+41  2.18950e+05  2.43841e+38 -2.33294e-08
 3.61449e+00  3.07126e+05  7.50695e+41  2.96907e+05  6.77212e+41  2.87027e+05  3.13069e+41  2.18950e+05  1.41726e+37 -2.33294e-08
 3.73262e+00  3.07126e+05  8.37885e+41  2.96907e+05  6.01994e+41  2.87027e+05  3.13168e+41  2.18950e+05  6.53223e+37 -2.33294e-08
 3.85462e+00  2.96907e+05  8.08571e+41  2.96907e+05  5.62532e+41  2.87027e+05  3.33382e+41  2.18950e+05  3.97502e+38 -2.33294e-08
 3.98060e+00  2.96907e+05  7.11912e+41  2.96907e+05  5.58664e+41  2.87027e+05  3.73795e+41  2.18950e+05  1.01209e+39 -2.33294e-08
 4.11069e+00  2.96907e+05  6.56612e+41  2.96907e+05  5.90373e+41  2.77476e+05  3.98940e+41  2.18950e+05  1.91162e+39 -2.33294e-08
 4.24504e+00  2.96907e+05  6.42440e+41  2.96907e+05  6.57791e+41  2.77476e+05  3.40846e+41  2.11664e+05  2.49826e+39 -2.33294e-08
 4.38378e+00  2.96907e+05  6.69339e+41  2.87027e+05  6.99373e+41  2.77476e+05  3.02982e+41  2.11664e+05  1.44793e+39 -2.33294e-08
 4.52705e+00  2.96907e+05  7.37419e+41  2.87027e+05  6.00594e+41  2.77476e+05  2.85191e+41  2.11664e+05  6.84351e+38 -2.33294e-08
 4.67501e+00  2.87027e+05  8.40600e+41  2.87027e+05  5.37566e+41  2.77476e+05  2.87398e+41  2.11664e+05  2.04364e+38 -2.33294e-08
 4.82780e+00  2.87027e+05  7.16721e+41  2.87027e+05  5.10028e+41  2.77476e+05  3.09615e+41  2.11664e+05  5.98225e+36 -2.33294e-08
 4.98558e+00  2.87027e+05  6.34221e+41  2.87027e+05  5.17866e+41  2.77476e+05  3.51931e+41  2.11664e+05  8.83850e+37 -2.33294e-08
 5.14853e+00  2.87027e+05  5.92756e+41  2.87027e+05  5.61113e+41  2.68243e+05  3.80865e+41  2.11664e+05  4.51913e+38 -2.33294e-08
 5.31679e+00  2.87027e+05  5.92156e+41  2.87027e+05  6.39948e+41  2.68243e+05  3.20480e+41  2.11664e+05  1.09807e+39 -2.33294e-08
 5.49056e+00  2.87027e+05  6.32418e+41  2.77476e+05  6.40137e+41  2.68243e+05  2.80241e+41  2.11664e+05  2.02953e+39 -2.33294e-08
 5.67001e+00  2.87027e+05  7.13710e+41  2.77476e+05  5.45595e+41  2.68243e+05  2.59981e+41  2.04621e+05  2.73638e+39 -2.33294e-08
 5.85532e+00  2.77476e+05  7.71003e+41  2.77476e+05  4.86577e+41  2.68243e+05  2.59616e+41  2.04621e+05  1.62977e+39 -2.33294e-08
 6.04668e+00  2.77476e+05  6.52083e+41  2.77476e+05  4.62838e+41  2.68243e+05  2.79144e+41  2.04621e+05  8.10661e+38 -2.33294e-08
 6.24430e+00  2.77476e+05  5.74272e+41  2.77476e+05  4.74280e+41  2.68243e+05  3.18646e+41  2.04621e+05  2.75669e+38 -2.33294e-08
 6.44838e+00  2.77476e+05  5.37250e+41  2.77476e+05  5.20950e+41  2.68243e+05  3.78286e+41  2.04621e+05  2.25781e+37 -2.33294e-08
 6.65913e+00  2.77476e+05  5.40863e+41  2.77476e+05  6.03041e+41  2.59317e+05  3.14371e+41  2.04621e+05  5.03402e+37 -2.33294e-08
 6.87677e+00  2.77476e+05  5.85125e+41  2.68243e+05  6.08842e+41  2.59317e+05  2.66934e+41  2.04621e+05  3.59070e+38 -2.33294e-08
 7.10152e+00  2.77476e+05  6.70221e+41  2.68243e+05  5.10155e+41  2.59317e+05  2.39420e+41  2.04621e+05  9.50046e+38 -2.33294e-08
 7.33362e+00  2.68243e+05  7.35976e+41  2.68243e+05  4.46844e+41  2.59317e+05  2.31717e+41  2.04621e+05  1.82571e+39 -2.33294e-08
 7.57330e+00  2.68243e+05  6.12306e+41  2.68243e+05  4.18649e+41  2.59317e+05  2.43791e+41  2.04621e+05  2.98970e+39 -2.33294e-08
 7.82082e+00  2.68243e+05  5.29581e+41  2.68243e+05  4.25451e+41  2.59317e+05  2.75694e+41  1.97812e+05  2.15920e+39 -2.33294e-08
 8.07642e+00  2.68243e+05  4.87459e+41  2.68243e+05  4.67279e+41  2.59317e+05  3.27556e+41  1.97812e+05  1.19364e+39 -2.33294e-08
 8.34038e+00  2.68243e+05  4.85766e+41  2.68243e+05  5.44307e+41  2.50688e+05  3.28377e+41  1.97812e+05  5.13783e+38 -2.33294e-08
 8.61296e+00  2.68243e+05  5.24496e+41  2.59317e+05  6.09534e+41  2.50688e+05  2.68772e+41  1.97812e+05  1.16810e+38 -2.33294e-08
 8.89446e+00  2.68243e+05  6.03807e+41  2.59317e+05  4.98126e+41  2.50688e+05  2.29098e+41  1.97812e+05  1.08123e+36 -2.33294e-08
 9.18515e+00  2.68243e+05  7.24029e+41  2.59317e+05  4.22044e+41  2.50688e+05  2.09191e+41  1.97812e+05  1.66116e+38 -2.33294e-08
 9.48535e+00  2.59317e+05  6.01890e+41  2.59317e+05  3.80974e+41  2.50688e+05  2.08968e+41  1.97812e+05  6.12598e+38 -2.33294e-08
 9.79535e+00  2.59317e+05  5.04437e+41  2.59317e+05  3.74747e+41  2.50688e+05  2.28430e+41  1.97812e+05  1.34238e+39 -2.33294e-08
 1.01155e+01  2.59317e+05  4.47484e+41  2.59317e+05  4.03336e+41  2.50688e+05  2.67655e+41  1.97812e+05  2.35847e+39 -2.33294e-08
 1.04461e+01  2.59317e+05  4.30794e+41  2.59317e+05  4.66859e+41  2.50688e+05  3.26808e+41  1.91230e+05  3.19192e+39 -2.33294e-08
 1.07875e+01  2.59317e+05  4.54298e+41  2.59317e+05  5.65580e+41  2.42346e+05  2.95504e+41  1.91230e+05  1.98377e+39 -2.33294e-08
 1.11401e+01  2.59317e+05  5.18094e+41  2.50688e+05  5.19848e+41  2.42346e+05  2.38573e+41  1.91230e+05  1.06459e+39 -2.33294e-08
 1.15041e+01  2.59317e+05  6.22446e+41  2.50688e+05  4.22261e+41  2.42346e+05  2.01449e+41  1.91230e+05  4.30576e+38 -2.33294e-08
 1.18801e+01  2.50688e+05  6.32852e+41  2.50688e+05  3.59686e+41  2.42346e+05  1.83977e+41  1.91230e+05  7.91046e+37 -2.33294e-08
 1.22684e+01  2.50688e+05  5.10552e+41  2.50688e+05  3.31866e+41  2.42346e+05  1.86086e+41  1.91230e+05  8.72007e+36 -2.33294e-08
 1.26694e+01  2.50688e+05  4.28776e+41  2.50688e+05  3.38685e+41  2.42346e+05  2.07784e+41  1.91230e+05  2.19131e+38 -2.33294e-08
 1.30834e+01  2.50688e+05  3.87187e+41  2.50688e+05  3.80171e+41  2.42346e+05  2.49161e+41  1.91230e+05  7.11209e+38 -2.33294e-08
 1.35110e+01  2.50688e+05  3.85611e+41  2.50688e+05  4.56496e+41  2.42346e+05  3.10388e+41  1.91230e+05  1.48699e+39 -2.33294e-08
 1.39526e+01  2.50688e+05  4.24043e+41  2.50688e+05  5.67975e+41  2.34282e+05  2.81869e+41  1.91230e+05  2.54968e+39 -2.33294e-08
 1.44086e+01  2.50688e+05  5.02641e+41  2.42346e+05  4.64681e+41  2.34282e+05  2.22264e+41  1.84866e+05  3.43643e+39 -2.33294e-08
 1.48795e+01  2.50688e+05  6.21731e+41  2.42346e+05  3.71650e+41  2.34282e+05  1.82397e+41  1.84866e+05  2.17661e+39 -2.33294e-08
 1.53658e+01  2.42346e+05  5.67871e+41  2.42346e+05  3.13421e+41  2.34282e+05  1.62104e+41  1.84866e+05  1.20655e+39 -2.33294e-08
 1.58680e+01  2.42346e+05  4.50891e+41  2.42346e+05  2.89756e+41  2.34282e+05  1.61301e+41  1.84866e+05  5.22241e+38 -2.33294e-08
 1.63866e+01  2.42346e+05  3.74189e+41  2.42346e+05  3.00555e+41  2.34282e+05  1.79984e+41  1.84866e+05  1.20855e+38 -2.33294e-08
 1.69222e+01  2.42346e+05  3.37447e+41  2.42346e+05  3.45863e+41  2.34282e+05  2.18231e+41  1.84866e+05  7.29945e+35 -2.33294e-08
 1.74753e+01  2.42346e+05  3.40513e+41  2.42346e+05  4.25868e+41  2.34282e+05  2.76200e+41  1.84866e+05  1.61367e+38 -2.33294e-08
 1.80464e+01  2.42346e+05  3.83399e+41  2.42346e+05  5.40901e+41  2.26486e+05  2.90419e+41  1.84866e+05  6.03432e+38 -2.33294e-08
 1.86362e+01  2.42346e+05  4.66285e+41  2.34282e+05  4.41578e+41  2.26486e+05  2.22650e+41  1.84866e+05  1.32875e+39 -2.33294e-08
 1.92453e+01  2.42346e+05  5.89511e+41  2.34282e+05  3.43698e+41  2.26486e+05  1.74622e+41  1.84866e+05  2.34033e+39 -2.33294e-08
 1.98743e+01  2.34282e+05  5.42499e+41  2.34282e+05  2.80505e+41  2.26486e+05  1.46135e+41  1.84866e+05  3.64236e+39 -2.33294e-08
 2.05238e+01  2.34282e+05  4.19949e+41  2.34282e+05  2.51739e+41  2.26486e+05  1.37072e+41  1.78715e+05  2.80470e+39 -2.33294e-08
 2.11946e+01  2.34282e+05  3.37548e+41  2.34282e+05  2.57280e+41  2.26486e+05  1.47396e+41  1.78715e+05  1.68238e+39 -2.33294e-08
 2.18873e+01  2.34282e+05  2.94956e+41  2.34282e+05  2.97151e+41  2.26486e+05  1.77148e+41  1.78715e+05  8.47774e+38 -2.33294e-08
 2.26026e+01  2.34282e+05  2.91996e+41  2.34282e+05  3.71518e+41  2.26486e+05  2.26453e+41  1.78715e+05  2.97440e+38 -2.33294e-08
 2.33413e+01  2.34282e+05  3.28656e+41  2.34282e+05  4.80687e+41  2.26486e+05  2.95513e+41  1.78715e+05  2.90973e+37 -2.33294e-08
 2.41042e+01  2.34282e+05  4.05087e+41  2.26486e+05  4.55788e+41  2.18950e+05  2.47300e+41  1.78715e+05  4.16346e+37 -2.33294e-08
 2.48920e+01  2.34282e+05  5.21607e+41  2.26486e+05  3.43410e+41  2.18950e+05  1.85499e+41  1.78715e+05  3.35104e+38 -2.33294e-08
 2.57055e+01  2.26486e+05  5.62872e+41  2.26486e+05  2.65718e+41  2.18950e+05  1.43285e+41  1.78715e+05  9.10720e+38 -2.33294e-08
 2.65456e+01  2.26486e+05  4.23571e+41  2.26486e+05  2.22391e+41  2.18950e+05  1.20483e+41  1.78715e+05  1.77086e+39 -2.33294e-08
 2.74132e+01  2.26486e+05  3.24434e+41  2.26486e+05  2.13250e+41  2.18950e+05  1.16999e+41  1.78715e+05  2.91910e+39 -2.33294e-08
 2.83091e+01  2.26486e+05  2.65051e+41  2.26486e+05  2.38257e+41  2.18950e+05  1.32818e+41  1.72768e+05  4.04902e+39 -2.33294e-08
 2.92343e+01  2.26486e+05  2.45177e+41  2.26486e+05  2.97515e+41  2.18950e+05  1.68005e+41  1.72768e+05  2.66681e+39 -2.33294e-08
 3.01898e+01  2.26486e+05  2.64729e+41  2.26486e+05  3.91270e+41  2.18950e+05  2.22707e+41  1.72768e+05  1.57639e+39 -2.33294e-08
 3.11765e+01  2.26486e+05  3.23789e+41  2.26486e+05  5.19910e+41  2.18950e+05  2.97149e+41  1.72768e+05  7.73257e+38 -2.33294e-08
 3.21954e+01  2.26486e+05  4.22600e+41  2.18950e+05  3.84179e+41  2.11664e+05  2.27655e+41  1.72768e+05  2.54082e+38 -2.33294e-08
 3.32476e+01  2.26486e+05  5.61572e+41  2.18950e+05  2.82117e+41  2.11664e+05  1.65925e+41  1.72768e+05  1.67192e+37 -2.33294e-08
 3.43343e+01  2.18950e+05  4.77322e+41  2.18950e+05  2.14487e+41  2.11664e+05  1.23700e+41  1.72768e+05  6.01850e+37 -2.33294e-08
 3.54564e+01  2.18950e+05  3.50009e+41  2.18950e+05  1.81011e+41  2.11664e+05  1.00806e+41  1.72768e+05  3.84659e+38 -2.33294e-08
 3.66152e+01  2.18950e+05  2.62556e+41  2.18950e+05  1.81549e+41  2.11664e+05  9.71486e+40  1.72768e+05  9.91486e+38 -2.33294e-08
 3.78119e+01  2.18950e+05  2.14601e+41  2.18950e+05  2.16104e+41  2.11664e+05  1.12712e+41  1.72768e+05  1.88317e+39 -2.33294e-08
 3.90477e+01  2.18950e+05  2.05946e+41  2.18950e+05  2.84819e+41  2.11664e+05  1.47561e+41  1.72768e+05  3.06342e+39 -2.33294e-08
 4.03238e+01  2.18950e+05  2.36555e+41  2.18950e+05  3.87978e+41  2.11664e+05  2.01840e+41  1.67019e+05  4.46437e+39 -2.33294e-08
 4.16417e+01  2.18950e+05  3.06555e+41  2.11664e+05  4.88855e+41  2.11664e+05  2.75772e+41  1.67019e+05  3.00402e+39 -2.33294e-08
 4.30027e+01  2.18950e+05  4.16235e+41  2.11664e+05  3.52016e+41  2.04621e+05  2.32303e+41  1.67019e+05  1.83686e+39 -2.33294e-08
 4.44081e+01  2.18950e+05  5.66049e+41  2.11664e+05  2.49899e+41  2.04621e+05  1.64613e+41  1.67019e+05  9.58068e+38 -2.33294e-08
 4.58595e+01  2.11664e+05  4.40175e+41  2.11664e+05  1.82082e+41  2.04621e+05  1.16424e+41  1.67019e+05  3.63998e+38 -2.33294e-08
 4.73583e+01  2.11664e+05  3.12835e+41  2.11664e+05  1.48284e+41  2.04621e+05  8.75358e+40  1.67019e+05  5.21936e+37 -2.33294e-08
 4.89061e+01  2.11664e+05  2.25202e+41  2.11664e+05  1.48365e+41  2.04621e+05  7.78287e+40  1.67019e+05  2.13650e+37 -2.33294e-08
 5.05045e+01  2.11664e+05  1.76913e+41  2.11664e+05  1.82325e+41  2.04621e+05  8.72626e+40  1.67019e+05  2.71384e+38 -2.33294e-08
 5.21551e+01  2.11664e+05  1.67767e+41  2.11664e+05  2.50306e+41  2.04621e+05  1.15877e+41  1.67019e+05  8.03287e+38 -2.33294e-08
 5.38597e+01  2.11664e+05  1.97728e+41  2.11664e+05  3.52588e+41  2.04621e+05  1.63789e+41  1.67019e+05  1.61927e+39 -2.33294e-08
 5.56199e+01  2.11664e+05  2.66918e+41  2.11664e+05  4.89594e+41  2.04621e+05  2.31199e+41  1.67019e+05  2.72272e+39 -2.33294e-08
 5.74378e+01  2.11664e+05  3.75624e+41  2.04621e+05  3.60859e+41  1.97812e+05  2.67850e+41  1.67019e+05  4.11820e+39 -2.33294e-08
 5.93150e+01  2.11664e+05  5.24297e+41  2.04621e+05  2.48077e+41  1.97812e+05  1.87941e+41  1.61461e+05  3.92316e+39 -2.33294e-08
 6.12535e+01  2.04621e+05  4.53301e+41  2.04621e+05  1.69587e+41  1.97812e+05  1.27629e+41  1.61461e+05  2.56534e+39 -2.33294e-08
 6.32555e+01  2.04621e+05  3.13641e+41  2.04621e+05  1.25064e+41  1.97812e+05  8.66647e+40  1.61461e+05  1.49891e+39 -2.33294e-08
 6.53228e+01  2.04621e+05  2.13690e+41  2.04621e+05  1.14324e+41  1.97812e+05  6.48777e+40  1.61461e+05  7.19436e+38 -2.33294e-08
 6.74577e+01  2.04621e+05  1.53036e+41  2.04621e+05  1.37323e+41  1.97812e+05  6.21782e+40  1.61461e+05  2.23700e+38 -2.33294e-08
 6.96624e+01  2.04621e+05  1.31426e+41  2.04621e+05  1.94155e+41  1.97812e+05  7.85550e+40  1.61461e+05  9.64957e+36 -2.33294e-08
 7.19392e+01  2.04621e+05  1.48772e+41  2.04621e+05  2.85057e+41  1.97812e+05  1.14076e+41  1.61461e+05  7.63988e+37 -2.33294e-08
 7.42903e+01  2.04621e+05  2.05145e+41  2.04621e+05  4.10404e+41  1.97812e+05  1.68888e+41  1.61461e+05  4.24224e+38 -2.33294e-08
 7.67183e+01  2.04621e+05  3.00779e+41  1.97812e+05  4.22477e+41  1.97812e+05  2.43218e+41  1.61461e+05  1.05456e+39 -2.33294e-08
 7.92257e+01  2.04621e+05  4.36069e+41  1.97812e+05  2.88007e+41  1.91230e+05  2.48684e+41  1.61461e+05  1.97003e+39 -2.33294e-08
 8.18150e+01  1.97812e+05  5.30408e+41  1.97812e+05  1.87995e+41  1.91230e+05  1.69763e+41  1.61461e+05  3.17441e+39 -2.33294e-08
 8.44889e+01  1.97812e+05  3.65645e+41  1.97812e+05  1.22026e+41  1.91230e+05  1.10364e+41  1.61461e+05  4.67268e+39 -2.33294e-08
 8.72502e+01  1.97812e+05  2.40808e+41  1.97812e+05  8.98277e+40  1.91230e+05  7.02411e+40  1.61461e+05  6.47105e+39 -2.33294e-08
 9.01018e+01  1.97812e+05  1.55378e+41  1.97812e+05  9.12665e+40  1.91230e+05  4.92275e+40  1.61461e+05  8.57696e+39 -2.33294e-08
 9.30466e+01  1.97812e+05  1.09003e+41  1.97812e+05  1.26349e+41  1.91230e+05  4.72366e+40  1.61461e+05  1.09991e+40 -2.33294e-08
 9.60876e+01  1.97812e+05  1.01490e+41  1.97812e+05  1.95219e+41  1.91230e+05  6.42603e+40  1.61461e+05  1.37476e+40 -2.33294e-08
 9.92280e+01  1.97812e+05  1.32810e+41  1.97812e+05  2.98163e+41  1.91230e+05  1.00369e+41  1.61461e+05  1.68337e+40 -2.33294e-08
 1.02471e+02  1.97812e+05  2.03090e+41  1.97812e+05  4.35606e+41  1.91230e+05  1.55712e+41  1.61461e+05  2.02702e+40 -2.33294e-08
 1.05820e+02  1.97812e+05  3.12623e+41  1.91230e+05  3.92345e+41  1.91230e+05  2.30518e+41  1.61461e+05  2.40714e+40 -2.33294e-08
 1.09278e+02  1.97812e+05  4.61861e+41  1.91230e+05  2.59385e+41  1.84866e+05  2.62503e+41  1.61461e+05  2.82529e+40 -2.33294e-08
 1.12850e+02  1.91230e+05  4.95182e+41  1.91230e+05  1.60764e+41  1.84866e+05  1.77845e+41  1.61461e+05  3.28321e+40 -2.33294e-08
 1.16538e+02  1.91230e+05  3.32196e+41  1.91230e+05  9.60741e+40  1.84866e+05  1.12742e+41  1.61461e+05  3.78280e+40 -2.33294e-08
 1.20347e+02  1.91230e+05  2.08997e+41  1.91230e+05  6.50469e+40  1.84866e+05  6.69241e+40  1.61461e+05  4.32612e+40 -2.33294e-08
 1.24280e+02  1.91230e+05  1.25074e+41  1.91230e+05  6.75544e+40  1.84866e+05  4.02026e+40  1.61461e+05  4.91542e+40 -2.33294e-08
 1.28342e+02  1.91230e+05  8.00796e+40  1.91230e+05  1.03607e+41  1.84866e+05  3.24665e+40  1.61461e+05  5.55313e+40 -2.33294e-08
 1.32537e+02  1.91230e+05  7.38287e+40  1.91230e+05  1.73354e+41  1.84866e+05  4.36838e+40  1.61461e+05  6.24190e+40 -2.33294e-08
 1.36868e+02  1.91230e+05  1.06295e+41  1.91230e+05  2.77084e+41  1.84866e+05  7.39008e+40  1.61461e+05  6.98458e+40 -2.33294e-08
 1.41341e+02  1.91230e+05  1.77613e+41  1.91230e+05  4.15225e+41  1.84866e+05  1.23243e+41  1.61461e+05  7.78425e+40 -2.33294e-08
 1.45961e+02  1.91230e+05  2.88077e+41  1.84866e+05  4.18610e+41  1.84866e+05  1.91914e+41  1.61461e+05  8.64420e+40 -2.33294e-08
 1.50731e+02  1.91230e+05  4.38146e+41  1.84866e+05  2.75314e+41  1.84866e+05  2.80198e+41  1.61461e+05  9.56800e+40 -2.33294e-08
 1.55658e+02  1.84866e+05  5.28347e+41  1.84866e+05  1.66422e+41  1.78715e+05  2.19280e+41  1.61461e+05  1.05595e+41 -2.33294e-08
 1.60745e+02  1.84866e+05  3.53401e+41  1.84866e+05  9.14851e+40  1.78715e+05  1.41584e+41  1.61461e+05  1.16227e+41 -2.33294e-08
 1.65998e+02  1.84866e+05  2.18328e+41  1.84866e+05  5.01921e+40  1.78715e+05  8.32927e+40  1.61461e+05  1.27622e+41 -2.33294e-08
 1.71424e+02  1.84866e+05  1.22571e+41  1.84866e+05  4.23723e+40  1.78715e+05  4.41651e+40  1.61461e+05  1.39825e+41 -2.33294e-08
 1.77026e+02  1.84866e+05  6.57327e+40  1.84866e+05  6.79933e+40  1.78715e+05  2.40392e+40  1.61461e+05  1.52887e+41 -2.33294e-08
 1.82812e+02  1.84866e+05  4.75781e+40  1.84866e+05  1.27161e+41  1.78715e+05  2.28318e+40  1.61461e+05  1.66863e+41 -2.33294e-08
 1.88787e+02  1.84866e+05  6.80320e+40  1.84866e+05  2.20121e+41  1.78715e+05  4.05379e+40  1.61461e+05  1.81811e+41 -2.33294e-08
 1.94957e+02  1.84866e+05  1.27179e+41  1.84866e+05  3.47257e+41  1.78715e+05  7.72308e+40  1.61461e+05  1.97791e+41 -2.33294e-08
 2.01328e+02  1.84866e+05  2.25264e+41  1.84866e+05  5.09095e+41  1.78715e+05  1.33062e+41  1.61461e+05  2.14871e+41 -2.33294e-08
 2.07908e+02  1.84866e+05  3.62693e+41  1.78715e+05  3.48514e+41  1.78715e+05  2.08263e+41  1.61461e+05  2.33121e+41 -2.33294e-08
 2.14703e+02  1.84866e+05  5.40034e+41  1.78715e+05  2.17200e+41  1.78715e+05  3.03145e+41  1.61461e+05  2.52617e+41 -2.33294e-08
 2.21720e+02  1.78715e+05  4.44090e+41  1.78715e+05  1.20052e+41  1.72768e+05  2.11523e+41  1.61461e+05  2.73438e+41 -2.33294e-08
 2.28967e+02  1.78715e+05  2.83054e+41  1.78715e+05  5.66653e+40  1.72768e+05  1.33585e+41  1.61461e+05  2.95672e+41 -2.33294e-08
 2.36450e+02  1.78715e+05  1.61602e+41  1.78715e+05  2.67788e+40  1.72768e+05  7.50183e+40  1.61461e+05  3.19411e+41 -2.33294e-08
 2.44178e+02  1.78715e+05  7.92295e+40  1.78715e+05  3.02687e+40  1.72768e+05  3.55814e+40  1.61461e+05  3.44752e+41 -2.33294e-08
 2.52158e+02  1.78715e+05  3.55968e+40  1.78715e+05  6.71493e+40  1.72768e+05  1.51108e+40  1.61461e+05  3.71800e+41 -2.33294e-08
 2.60399e+02  1.78715e+05  3.05230e+40  1.78715e+05  1.37573e+41  1.72768e+05  1.35217e+40  1.61461e+05  4.00668e+41 -2.33294e-08
 2.68910e+02  1.78715e+05  6.39871e+40  1.78715e+05  2.41832e+41  1.72768e+05  3.08076e+40  1.61461e+05  4.31475e+41 -2.33294e-08
 2.77699e+02  1.78715e+05  1.36128e+41  1.78715e+05  3.80357e+41  1.72768e+05  6.70400e+40  1.61461e+05  4.64348e+41 -2.33294e-08
 2.86774e+02  1.78715e+05  2.47243e+41  1.72768e+05  5.05845e+41  1.72768e+05  1.22369e+41  1.61461e+05  4.99424e+41 -2.33294e-08
 2.96147e+02  1.78715e+05  3.97794e+41  1.72768e+05  3.39153e+41  1.72768e+05  1.97023e+41  1.61461e+05  5.36847e+41 -2.33294e-08
 3.05826e+02  1.78715e+05  5.88402e+41  1.72768e+05  2.07129e+41  1.72768e+05  2.91312e+41  1.61461e+05  5.76773e+41 -2.33294e-08
 3.15821e+02  1.72768e+05  4.33468e+41  1.72768e+05  1.09228e+41  1.67019e+05  2.40938e+41  1.61461e+05  6.19366e+41 -2.33294e-08
 3.26143e+02  1.72768e+05  2.71623e+41  1.72768e+05  4.50445e+40  1.67019e+05  1.55331e+41  1.61461e+05  6.64804e+41 -2.33294e-08
 3.36802e+02  1.72768e+05  1.49313e+41  1.72768e+05  1.43130e+40  1.67019e+05  8.91854e+40  1.61461e+05  7.13273e+41 -2.33294e-08
 3.47810e+02  1.72768e+05  6.60334e+40  1.72768e+05  1.69061e+40  1.67019e+05  4.22281e+40  1.61461e+05  7.64975e+41 -2.33294e-08
 3.59177e+02  1.72768e+05  2.14383e+40  1.72768e+05  5.28348e+40  1.67019e+05  1.42646e+40  1.61461e+05  8.20124e+41 -2.33294e-08
 3.70916e+02  1.72768e+05  1.53435e+40  1.72768e+05  1.22248e+41  1.67019e+05  5.17906e+39  1.61461e+05  8.78947e+41 -2.33294e-08
 3.83038e+02  1.72768e+05  4.77239e+40  1.72768e+05  2.25432e+41  1.67019e+05  1.49340e+40  1.61461e+05  9.41689e+41 -2.33294e-08
 3.95557e+02  1.72768e+05  1.18713e+41  1.72768e+05  3.62814e+41  1.67019e+05  4.35697e+40  1.61461e+05  1.00861e+42 -2.33294e-08
 4.08485e+02  1.72768e+05  2.28606e+41  1.72768e+05  5.34964e+41  1.67019e+05  9.12047e+40  1.61461e+05  1.07998e+42 -2.33294e-08
 4.21835e+02  1.72768e+05  3.77856e+41  1.67019e+05  3.93850e+41  1.67019e+05  1.58036e+41  1.61461e+05  1.15611e+42 -2.33294e-08
 4.35622e+02  1.72768e+05  5.67082e+41  1.67019e+05  2.48006e+41  1.67019e+05  2.44341e+41  1.61461e+05  1.23730e+42 -2.33294e-08
 4.49859e+02  1.67019e+05  5.00434e+41  1.67019e+05  1.36454e+41  1.61461e+05  3.18138e+41  1.61461e+05  1.32389e+42 -2.33294e-08
 4.64562e+02  1.67019e+05  3.22575e+41  1.67019e+05  5.87323e+40  1.61461e+05  2.17016e+41  1.61461e+05  1.41624e+42 -2.33294e-08
 4.79745e+02  1.67019e+05  1.84462e+41  1.67019e+05  1.45191e+40  1.61461e+05  1.35612e+41  1.61461e+05  1.51473e+42 -2.33294e-08
 4.95424e+02  1.67019e+05  8.55247e+40  1.67019e+05  3.63149e+39  1.61461e+05  7.35874e+40  1.61461e+05  1.61977e+42 -2.33294e-08
 5.11616e+02  1.67019e+05  2.53527e+40  1.67019e+05  2.60244e+40  1.61461e+05  3.06867e+40  1.61461e+05  1.73180e+42 -2.33294e-08
 5.28337e+02  1.67019e+05  3.69732e+39  1.67019e+05  8.17905e+40  1.61461e+05  6.73195e+39  1.61461e+05  1.85128e+42 -2.33294e-08
 5.45604e+02  1.67019e+05  2.04688e+40  1.67019e+05  1.71161e+41  1.61461e+05  1.62406e+39  1.61461e+05  1.97869e+42 -2.33294e-08
 5.63436e+02  1.67019e+05  7.57367e+40  1.67019e+05  2.94504e+41  1.61461e+05  1.53419e+40  1.61461e+05  2.11458e+42 -2.33294e-08
 5.81850e+02  1.67019e+05  1.69730e+41  1.67019e+05  4.52333e+41  1.61461e+05  4.79422e+40  1.61461e+05  2.25949e+42 -2.33294e-08
 6.00867e+02  1.67019e+05  3.02837e+41  1.61461e+05  5.31701e+41  1.61461e+05  9.95599e+40  1.61461e+05  2.41404e+42 -2.33294e-08
 6.20505e+02  1.67019e+05  4.75608e+41  1.61461e+05  3.58171e+41  1.61461e+05  1.70409e+41  1.61461e+05  2.57886e+42 -2.33294e-08
 6.40784e+02  1.61461e+05  6.67257e+41  1.61461e+05  2.19390e+41  1.61461e+05  2.60782e+41  1.61461e+05  2.75464e+42 -2.33294e-08
 6.61727e+02  1.61461e+05  4.57286e+41  1.61461e+05  1.14781e+41  1.61461e+05  3.71053e+41  1.61461e+05  2.94209e+42 -2.33294e-08
 6.83354e+02  1.61461e+05  2.87618e+41  1.61461e+05  4.39129e+40  1.61461e+05  5.01679e+41  1.61461e+05  3.14200e+42 -2.33294e-08
 7.05688e+02  1.61461e+05  1.57552e+41  1.61461e+05  6.49204e+39  1.61461e+05  6.53200e+41  1.61461e+05  3.35520e+42 -2.33294e-08
 7.28751e+02  1.61461e+05  6.65500e+40  1.61461e+05  2.36353e+39  1.61461e+05  8.26243e+41  1.61461e+05  3.58256e+42 -2.33294e-08
 7.52569e+02  1.61461e+05  1.42350e+40  1.61461e+05  3.15103e+40  1.61461e+05  1.02152e+42  1.61461e+05  3.82503e+42 -2.33294e-08
 7.77165e+02  1.61461e+05  3.90442e+38  1.61461e+05  9.40529e+40  1.61461e+05  1.23985e+42  1.61461e+05  4.08360e+42 -2.33294e-08
 8.02565e+02  1.61461e+05  2.49592e+40  1.61461e+05  1.90250e+41  1.61461e+05  1.48213e+42  1.61461e+05  4.35936e+42 -2.33294e-08
 8.28794e+02  1.61461e+05  8.80428e+40  1.61461e+05  3.20500e+41  1.61461e+05  1.74936e+42  1.61461e+05  4.65344e+42 -2.33294e-08
 8.55882e+02  1.61461e+05  1.89902e+41  1.61461e+05  4.85343e+41  1.61461e+05  2.04265e+42  1.61461e+05  4.96706e+42 -2.33294e-08
 8.83854e+02  1.61461e+05  3.30960e+41  1.61461e+05  6.85459e+41  1.61461e+05  2.36321e+42  1.61461e+05  5.30152e+42 -2.33294e-08
 9.12741e+02  1.61461e+05  5.11798e+41  1.61461e+05  9.21677e+41  1.61461e+05  2.71237e+42  1.61461e+05  5.65819e+42 -2.33294e-08
 9.42571e+02  1.61461e+05  7.33166e+41  1.61461e+05  1.19498e+42  1.61461e+05  3.09158e+42  1.61461e+05  6.03857e+42 -2.33294e-08
 9.73377e+02  1.61461e+05  9.95980e+41  1.61461e+05  1.50648e+42  1.61461e+05  3.50240e+42  1.61461e+05  6.44421e+42 -2.33294e-08
 1.00519e+03  1.61461e+05  1.30133e+42  1.61461e+05  1.85749e+42  1.61461e+05  3.94653e+42  1.61461e+05  6.87681e+42 -2.33294e-08
 1.03804e+03  1.61461e+05  1.65047e+42  1.61461e+05  2.24945e+42  1.61461e+05  4.42581e+42  1.61461e+05  7.33814e+42 -2.33294e-08
 1.07197e+03  1.61461e+05  2.04486e+42  1.61461e+05  2.68399e+42  1.61461e+05  4.94223e+42  1.61461e+05  7.83013e+42 -2.33294e-08
 1.10700e+03  1.61461e+05  2.48612e+42  1.61461e+05  3.16290e+42  1.61461e+05  5.49792e+42  1.61461e+05  8.35480e+42 -2.33294e-08
 1.14318e+03  1.61461e+05  2.97608e+42  1.61461e+05  3.68816e+42  1.61461e+05  6.09519e+42  1.61461e+05  8.91433e+42 -2.33294e-08
 1.18054e+03  1.61461e+05  3.51677e+42  1.61461e+05  4.26196e+42  1.61461e+05  6.73649e+42  1.61461e+05  9.51102e+42 -2.33294e-08
 1.21913e+03  1.61461e+05  4.11042e+42  1.61461e+05  4.88665e+42  1.61461e+05  7.42450e+42  1.61461e+05  1.01474e+43 -2.33294e-08
 1.25897e+03  1.61461e+05  4.75950e+42  1.61461e+05  5.56484e+42  1.61461e+05  8.16205e+42  1.61461e+05  1.08260e+43 -2.33294e-08
 1.30012e+03  1.61461e+05  5.46669e+42  1.61461e+05  6.29932e+42  1.61461e+05  8.95219e+42  1.61461e+05  1.15497e+43 -2.33294e-08
 1.34261e+03  1.61461e+05  6.23491e+42  1.61461e+05  7.09314e+42  1.61461e+05  9.79821e+42  1.61461e+05  1.23215e+43 -2.33294e-08
 1.38649e+03  1.61461e+05  7.06734e+42  1.61461e+05  7.94957e+42  1.61461e+05  1.07036e+43  1.61461e+05  1.31445e+43 -2.33294e-08
 1.43180e+03  1.61461e+05  7.96744e+42  1.61461e+05  8.87217e+42  1.61461e+05  1.16721e+43  1.61461e+05  1.40222e+43 -2.33294e-08
 1.47860e+03  1.61461e+05  8.93892e+42  1.61461e+05  9.86476e+42  1.61461e+05  1.27077e+43  1.61461e+05  1.49583e+43 -2.33294e-08
 1.52692e+03  1.61461e+05  9.98580e+42  1.61461e+05  1.09314e+43  1.61461e+05  1.38147e+43  1.61461e+05  1.59565e+43 -2.33294e-08
 1.57683e+03  1.61461e+05  1.11124e+43  1.61461e+05  1.20766e+43  1.61461e+05  1.49978e+43  1.61461e+05  1.70210e+43 -2.33294e-08
 1.62836e+03  1.61461e+05  1.23234e+43  1.61461e+05  1.33050e+43  1.61461e+05  1.62617e+43  1.61461e+05  1.81563e+43 -2.33294e-08
 1.68158e+03  1.61461e+05  1.36239e+43  1.61461e+05  1.46218e+43  1.61461e+05  1.76117e+43  1.61461e+05  1.93670e+43 -2.33294e-08
 1.73654e+03  1.61461e+05  1.50191e+43  1.61461e+05  1.60323e+43  1.61461e+05  1.90534e+43  1.61461e+05  2.06581e+43 -2.33294e-08
 1.79329e+03  1.61461e+05  1.65149e+43  1.61461e+05  1.75424e+43  1.61461e+05  2.05928e+43  1.61461e+05  2.20350e+43 -2.33294e-08
 1.85190e+03  1.61461e+05  1.81175e+43  1.61461e+05  1.91585e+43  1.61461e+05  2.22363e+43  1.61461e+05  2.35034e+43 -2.33294e-08
 1.91243e+03  1.61461e+05  1.98334e+43  1.61461e+05  2.08870e+43  1.61461e+05  2.39905e+43  1.61461e+05  2.50693e+43 -2.33294e-08
 1.97493e+03  1.61461e+05  2.16698e+43  1.61461e+05  2.27353e+43  1.61461e+05  2.58629e+43  1.61461e+05  2.67392e+43 -2.33294e-08
 2.03948e+03  1.61461e+05  2.36344e+43  1.61461e+05  2.47109e+43  1.61461e+05  2.78612e+43  1.61461e+05  2.85201e+43 -2.33294e-08
 2.10613e+03  1.61461e+05  2.57351e+43  1.61461e+05  2.68220e+43  1.61461e+05  2.99935e+43  1.61461e+05  3.04193e+43 -2.33294e-08
 2.17497e+03  1.61461e+05  2.79808e+43  1.61461e+05  2.90775e+43  1.61461e+05  3.22688e+43  1.61461e+05  3.24446e+43 -2.33294e-08
 2.24605e+03  1.61461e+05  3.03806e+43  1.61461e+05  3.14865e+43  1.61461e+05  3.46965e+43  1.61461e+05  3.46045e+43 -2.33294e-08
 2.31946e+03  1.61461e+05  3.29447e+43  1.61461e+05  3.40591e+43  1.61461e+05  3.72866e+43  1.61461e+05  3.69079e+43 -2.33294e-08
 2.39526e+03  1.61461e+05  3.56834e+43  1.61461e+05  3.68059e+43  1.61461e+05  4.00498e+43  1.61461e+05  3.93643e+43 -2.33294e-08
 2.47355e+03  1.61461e+05  3.86083e+43  1.61461e+05  3.97383e+43  1.61461e+05  4.29976e+43  1.61461e+05  4.19839e+43 -2.33294e-08
 2.55439e+03  1.61461e+05  4.17313e+43  1.61461e+05  4.28684e+43  1.61461e+05  4.61421e+43  1.61461e+05  4.47776e+43 -2.33294e-08
 2.63787e+03  1.61461e+05  4.50655e+43  1.61461e+05  4.62092e+43  1.61461e+05  4.94964e+43  1.61461e+05  4.77568e+43 -2.33294e-08
 2.72409e+03  1.61461e+05  4.86245e+43  1.61461e+05  4.97744e+43  1.61461e+05  5.30744e+43  1.61461e+05  5.09340e+43 -2.33294e-08
 2.81312e+03  1.61461e+05  5.24232e+43  1.61461e+05  5.35790e+43  1.61461e+05  5.68908e+43  1.61461e+05  5.43222e+43 -2.33294e-08
 2.90506e+03  1.61461e+05  5.64773e+43  1.61461e+05  5.76385e+43  1.61461e+05  6.09615e+43  1.61461e+05  5.79355e+43 -2.33294e-08
 3.00000e+03  1.61461e+05  6.08035e+43  1.61461e+05  6.19699e+43  1.61461e+05  6.53033e+43  1.61461e+05  6.17888e+43 -2.33294e-08
