radius_rg T_0deg chi2_0deg T_15deg chi2_15deg T_30deg chi2_30deg T_45deg chi2_45deg nuLnusavg_last
 2.00000e-01  1.31613e+06  8.29620e+44  1.27234e+06  6.50792e+44  1.11126e+06  2.54599e+44  8.76865e+05  2.57361e+43  1.01488e-09
 2.06537e-01  1.27234e+06  7.95423e+44  1.23000e+06  6.24398e+44  1.11126e+06  2.41347e+44  8.47687e+05  2.51862e+43  1.01488e-09
 2.13287e-01  1.27234e+06  7.58474e+44  1.23000e+06  5.93660e+44  1.07428e+06  2.32600e+44  8.47687e+05  2.23394e+43  1.01488e-09
 2.20257e-01  1.23000e+06  7.31077e+44  1.23000e+06  5.72877e+44  1.07428e+06  2.17598e+44  8.47687e+05  2.07584e+43  1.01488e-09
 2.27456e-01  1.23000e+06  6.92846e+44  1.18907e+06  5.41324e+44  1.07428e+06  2.07842e+44  8.47687e+05  2.04367e+43  1.01488e-09
 2.34890e-01  1.23000e+06  6.66142e+44  1.18907e+06  5.18761e+44  1.03853e+06  1.97026e+44  8.19480e+05  1.77889e+43  1.01488e-09
 2.42567e-01  1.18907e+06  6.32863e+44  1.14951e+06  4.93971e+44  1.03853e+06  1.85201e+44  8.19480e+05  1.63491e+43  1.01488e-09
 2.50494e-01  1.18907e+06  6.04163e+44  1.14951e+06  4.69245e+44  1.03853e+06  1.78487e+44  8.19480e+05  1.61504e+43  1.01488e-09
 2.58681e-01  1.14951e+06  5.78742e+44  1.11126e+06  4.51871e+44  1.00397e+06  1.65832e+44  7.92211e+05  1.38960e+43  1.01488e-09
 2.67136e-01  1.14951e+06  5.47598e+44  1.11126e+06  4.24595e+44  1.00397e+06  1.56739e+44  7.92211e+05  1.24898e+43  1.01488e-09
 2.75866e-01  1.14951e+06  5.27380e+44  1.11126e+06  4.06575e+44  9.70565e+05  1.50122e+44  7.92211e+05  1.23086e+43  1.01488e-09
 2.84882e-01  1.11126e+06  4.96755e+44  1.07428e+06  3.85163e+44  9.70565e+05  1.38419e+44  7.65850e+05  1.06753e+43  1.01488e-09
 2.94193e-01  1.11126e+06  4.73431e+44  1.07428e+06  3.64033e+44  9.70565e+05  1.31633e+44  7.65850e+05  9.19329e+42  1.01488e-09
 3.03808e-01  1.07428e+06  4.52044e+44  1.03853e+06  3.51405e+44  9.38269e+05  1.23985e+44  7.65850e+05  8.92264e+42  1.01488e-09
 3.13737e-01  1.07428e+06  4.25174e+44  1.03853e+06  3.26774e+44  9.38269e+05  1.14282e+44  7.40366e+05  8.17882e+42  1.01488e-09
 3.23991e-01  1.07428e+06  4.08723e+44  1.03853e+06  3.10995e+44  9.38269e+05  1.09395e+44  7.40366e+05  6.50850e+42  1.01488e-09
 3.34580e-01  1.03853e+06  3.83122e+44  1.00397e+06  2.95352e+44  9.07048e+05  1.01118e+44  7.40366e+05  6.03846e+42  1.01488e-09
 3.45515e-01  1.03853e+06  3.62494e+44  1.00397e+06  2.75532e+44  9.07048e+05  9.30043e+43  7.15730e+05  6.50236e+42  1.01488e-09
 3.56807e-01  1.00397e+06  3.47920e+44  1.00397e+06  2.64351e+44  9.07048e+05  8.96201e+43  7.15730e+05  4.52638e+42  1.01488e-09
 3.68468e-01  1.00397e+06  3.22663e+44  9.70565e+05  2.46179e+44  8.76865e+05  8.11854e+43  7.15730e+05  3.74249e+42  1.01488e-09
 3.80511e-01  1.00397e+06  3.07401e+44  9.70565e+05  2.30426e+44  8.76865e+05  7.42624e+43  7.15730e+05  4.14743e+42  1.01488e-09
 3.92947e-01  9.70565e+05  2.89996e+44  9.70565e+05  2.23125e+44  8.76865e+05  7.19909e+43  6.91914e+05  3.38880e+42  1.01488e-09
 4.05790e-01  9.70565e+05  2.69489e+44  9.38269e+05  2.03000e+44  8.47687e+05  6.39551e+43  6.91914e+05  2.16992e+42  1.01488e-09
 4.19052e-01  9.70565e+05  2.58756e+44  9.38269e+05  1.90598e+44  8.47687e+05  5.78264e+43  6.91914e+05  2.13337e+42  1.01488e-09
 4.32748e-01  9.38269e+05  2.39192e+44  9.07048e+05  1.83015e+44  8.47687e+05  5.62811e+43  6.91914e+05  3.27900e+42  1.01488e-09
 4.46891e-01  9.38269e+05  2.22603e+44  9.07048e+05  1.65088e+44  8.19480e+05  4.92984e+43  6.68890e+05  1.51647e+42  1.01488e-09
 4.61496e-01  9.38269e+05  2.15594e+44  9.07048e+05  1.55344e+44  8.19480e+05  4.35678e+43  6.68890e+05  9.11587e+41  1.01488e-09
 4.76579e-01  9.07048e+05  1.94665e+44  8.76865e+05  1.47693e+44  8.19480e+05  4.23616e+43  6.68890e+05  1.48383e+42  1.01488e-09
 4.92155e-01  9.07048e+05  1.81185e+44  8.76865e+05  1.31880e+44  7.92211e+05  3.72026e+43  6.46632e+05  2.05541e+42  1.01488e-09
 5.08240e-01  8.76865e+05  1.76221e+44  8.76865e+05  1.24113e+44  7.92211e+05  3.14691e+43  6.46632e+05  7.42983e+41  1.01488e-09
 5.24851e-01  8.76865e+05  1.55757e+44  8.47687e+05  1.17369e+44  7.92211e+05  3.02099e+43  6.46632e+05  6.06984e+41  1.01488e-09
 5.42004e-01  8.76865e+05  1.44597e+44  8.47687e+05  1.02979e+44  7.65850e+05  2.77861e+43  6.46632e+05  1.64685e+42  1.01488e-09
 5.59718e-01  8.47687e+05  1.40798e+44  8.47687e+05  9.65142e+43  7.65850e+05  2.16386e+43  6.25115e+05  1.98611e+42  1.01488e-09
 5.78011e-01  8.47687e+05  1.22010e+44  8.19480e+05  9.18254e+43  7.65850e+05  1.99248e+43  6.25115e+05  9.90837e+41  1.01488e-09
 5.96902e-01  8.47687e+05  1.12386e+44  8.19480e+05  7.81649e+43  7.40366e+05  2.13203e+43  6.25115e+05  1.17302e+42  1.01488e-09
 6.16411e-01  8.19480e+05  1.11085e+44  8.19480e+05  7.23271e+43  7.40366e+05  1.43311e+43  6.25115e+05  2.53341e+42  1.01488e-09
 6.36557e-01  8.19480e+05  9.31682e+43  7.92211e+05  7.10458e+43  7.40366e+05  1.17454e+43  6.04314e+05  3.10448e+42  1.01488e-09
 6.57361e-01  8.19480e+05  8.42962e+43  7.92211e+05  5.74144e+43  7.40366e+05  1.35524e+43  6.04314e+05  2.26174e+42  1.01488e-09
 6.78845e-01  8.19480e+05  8.44326e+43  7.92211e+05  5.15199e+43  7.15730e+05  9.97694e+42  6.04314e+05  2.60171e+42  1.01488e-09
 7.01032e-01  7.92211e+05  6.92086e+43  7.92211e+05  5.33378e+43  7.15730e+05  6.07945e+42  6.04314e+05  4.12579e+42  1.01488e-09
 7.23943e-01  7.92211e+05  6.02946e+43  7.65850e+05  4.09262e+43  7.15730e+05  6.55125e+42  5.84205e+05  5.53083e+42  1.01488e-09
 7.47603e-01  7.92211e+05  6.02894e+43  7.65850e+05  3.42736e+43  6.91914e+05  9.22371e+42  5.84205e+05  4.66057e+42  1.01488e-09
 7.72037e-01  7.65850e+05  5.03649e+43  7.65850e+05  3.52621e+43  6.91914e+05  3.54209e+42  5.84205e+05  4.98295e+42  1.01488e-09
 7.97269e-01  7.65850e+05  4.05945e+43  7.40366e+05  2.91571e+43  6.91914e+05  2.21928e+42  5.84205e+05  6.49931e+42  1.01488e-09
 8.23326e-01  7.65850e+05  3.96515e+43  7.40366e+05  2.10176e+43  6.91914e+05  5.24979e+42  5.84205e+05  9.21591e+42  1.01488e-09
 8.50234e-01  7.40366e+05  3.71724e+43  7.40366e+05  2.04643e+43  6.68890e+05  5.01226e+42  5.64766e+05  8.43517e+42  1.01488e-09
 8.78022e-01  7.40366e+05  2.56990e+43  7.15730e+05  2.28747e+43  6.68890e+05  1.39331e+42  5.64766e+05  8.54223e+42  1.01488e-09
 9.06718e-01  7.40366e+05  2.29913e+43  7.15730e+05  1.24784e+43  6.68890e+05  2.12427e+42  5.64766e+05  9.85799e+42  1.01488e-09
 9.36352e-01  7.40366e+05  2.90381e+43  7.15730e+05  9.63284e+42  6.68890e+05  7.20815e+42  5.64766e+05  1.23879e+43  1.01488e-09
 9.66955e-01  7.15730e+05  1.64580e+43  7.15730e+05  1.43264e+43  6.46632e+05  5.23929e+42  5.45973e+05  1.40441e+43  1.01488e-09
 9.98557e-01  7.15730e+05  1.11140e+43  6.91914e+05  9.74993e+42  6.46632e+05  3.12900e+42  5.45973e+05  1.37045e+43  1.01488e-09
 1.03119e+00  7.15730e+05  1.44755e+43  6.91914e+05  3.80773e+42  6.46632e+05  5.37581e+42  5.45973e+05  1.45949e+43  1.01488e-09
 1.06489e+00  6.91914e+05  1.41501e+43  6.91914e+05  5.38052e+42  6.46632e+05  1.19890e+43  5.45973e+05  1.67191e+43  1.01488e-09
 1.09970e+00  6.91914e+05  5.23487e+42  6.68890e+05  1.43942e+43  6.25115e+05  9.79780e+42  5.45973e+05  2.00858e+43  1.01488e-09
 1.13564e+00  6.91914e+05  5.00066e+42  6.68890e+05  4.47472e+42  6.25115e+05  8.61117e+42  5.27805e+05  2.12079e+43  1.01488e-09
 1.17276e+00  6.91914e+05  1.34465e+43  6.68890e+05  2.07297e+42  6.25115e+05  1.18043e+43  5.27805e+05  2.13991e+43  1.01488e-09
 1.21108e+00  6.68890e+05  7.08952e+42  6.68890e+05  7.17902e+42  6.25115e+05  1.93905e+43  5.27805e+05  2.28522e+43  1.01488e-09
 1.25067e+00  6.68890e+05  2.26686e+42  6.46632e+05  1.37044e+43  6.04314e+05  1.89360e+43  5.27805e+05  2.55732e+43  1.01488e-09
 1.29154e+00  6.68890e+05  6.11295e+42  6.46632e+05  6.37542e+42  6.04314e+05  1.80378e+43  5.27805e+05  2.95734e+43  1.01488e-09
 1.33375e+00  6.68890e+05  1.86437e+43  6.46632e+05  6.57201e+42  6.04314e+05  2.15584e+43  5.10242e+05  3.14583e+43  1.01488e-09
 1.37734e+00  6.46632e+05  8.57691e+42  6.46632e+05  1.42950e+43  6.04314e+05  2.95124e+43  5.10242e+05  3.19004e+43  1.01488e-09
 1.42236e+00  6.46632e+05  6.75129e+42  6.25115e+05  2.10116e+43  5.84205e+05  3.33830e+43  5.10242e+05  3.36479e+43  1.01488e-09
 1.46884e+00  6.46632e+05  1.36130e+43  6.25115e+05  1.52476e+43  5.84205e+05  3.20621e+43  5.10242e+05  3.67079e+43  1.01488e-09
 1.51685e+00  6.25115e+05  2.71132e+43  6.25115e+05  1.70459e+43  5.84205e+05  3.52180e+43  5.10242e+05  4.10933e+43  1.01488e-09
 1.56642e+00  6.25115e+05  1.83909e+43  6.25115e+05  2.64140e+43  5.84205e+05  4.28638e+43  4.93264e+05  4.58375e+43  1.01488e-09
 1.61762e+00  6.25115e+05  1.84041e+43  6.04314e+05  3.67973e+43  5.64766e+05  5.45596e+43  4.93264e+05  4.61630e+43  1.01488e-09
 1.67049e+00  6.25115e+05  2.71529e+43  6.04314e+05  3.14848e+43  5.64766e+05  5.19913e+43  4.93264e+05  4.78529e+43  1.01488e-09
 1.72508e+00  6.25115e+05  4.46734e+43  6.04314e+05  3.38018e+43  5.64766e+05  5.39822e+43  4.93264e+05  5.09143e+43  1.01488e-09
 1.78146e+00  6.04314e+05  3.70099e+43  6.04314e+05  4.37580e+43  5.64766e+05  6.05406e+43  4.93264e+05  5.53597e+43  1.01488e-09
 1.83968e+00  6.04314e+05  3.76035e+43  6.04314e+05  6.13944e+43  5.64766e+05  7.16938e+43  4.93264e+05  6.12075e+43  1.01488e-09
 1.89981e+00  6.04314e+05  4.70121e+43  5.84205e+05  5.62913e+43  5.45973e+05  8.01296e+43  4.76850e+05  6.62940e+43  1.01488e-09
 1.96190e+00  6.04314e+05  6.52746e+43  5.84205e+05  5.79145e+43  5.45973e+05  7.99920e+43  4.76850e+05  6.74198e+43  1.01488e-09
 2.02602e+00  5.84205e+05  6.58605e+43  5.84205e+05  6.72765e+43  5.45973e+05  8.45296e+43  4.76850e+05  6.99979e+43  1.01488e-09
 2.09224e+00  5.84205e+05  6.56252e+43  5.84205e+05  8.44162e+43  5.45973e+05  9.37612e+43  4.76850e+05  7.40391e+43  1.01488e-09
 2.16062e+00  5.84205e+05  7.43208e+43  5.64766e+05  9.20373e+43  5.45973e+05  1.07725e+44  4.76850e+05  7.95600e+43  1.01488e-09
 2.23123e+00  5.84205e+05  9.19834e+43  5.64766e+05  9.15616e+43  5.27805e+05  1.16915e+44  4.76850e+05  8.65836e+43  1.01488e-09
 2.30415e+00  5.64766e+05  1.07734e+44  5.64766e+05  9.89641e+43  5.27805e+05  1.18258e+44  4.76850e+05  9.51388e+43  1.01488e-09
 2.37946e+00  5.64766e+05  1.05036e+44  5.64766e+05  1.14275e+44  5.27805e+05  1.24434e+44  4.60983e+05  9.81125e+43  1.01488e-09
 2.45723e+00  5.64766e+05  1.11431e+44  5.64766e+05  1.37559e+44  5.27805e+05  1.35469e+44  4.60983e+05  1.01001e+44  1.01488e-09
 2.53753e+00  5.64766e+05  1.26948e+44  5.45973e+05  1.38602e+44  5.27805e+05  1.51409e+44  4.60983e+05  1.05482e+44  1.01488e-09
 2.62047e+00  5.64766e+05  1.51649e+44  5.45973e+05  1.42404e+44  5.10242e+05  1.67652e+44  4.60983e+05  1.11572e+44  1.01488e-09
 2.70611e+00  5.45973e+05  1.60367e+44  5.45973e+05  1.54294e+44  5.10242e+05  1.69267e+44  4.60983e+05  1.19297e+44  1.01488e-09
 2.79455e+00  5.45973e+05  1.62554e+44  5.45973e+05  1.74323e+44  5.10242e+05  1.75928e+44  4.60983e+05  1.28689e+44  1.01488e-09
 2.88589e+00  5.45973e+05  1.74073e+44  5.45973e+05  2.02572e+44  5.10242e+05  1.87660e+44  4.60983e+05  1.39788e+44  1.01488e-09
 2.98021e+00  5.45973e+05  1.94972e+44  5.27805e+05  2.03750e+44  5.10242e+05  2.04513e+44  4.45643e+05  1.48364e+44  1.01488e-09
 3.07761e+00  5.45973e+05  2.25337e+44  5.27805e+05  2.10223e+44  5.10242e+05  2.26557e+44  4.45643e+05  1.52228e+44  1.01488e-09
 3.17819e+00  5.27805e+05  2.34912e+44  5.27805e+05  2.25065e+44  4.93264e+05  2.38485e+44  4.45643e+05  1.57896e+44  1.01488e-09
 3.28206e+00  5.27805e+05  2.40108e+44  5.27805e+05  2.48337e+44  4.93264e+05  2.44041e+44  4.45643e+05  1.65390e+44  1.01488e-09
 3.38933e+00  5.27805e+05  2.54956e+44  5.27805e+05  2.80137e+44  4.93264e+05  2.54951e+44  4.45643e+05  1.74742e+44  1.01488e-09
 3.50010e+00  5.27805e+05  2.79520e+44  5.10242e+05  2.92023e+44  4.93264e+05  2.71260e+44  4.45643e+05  1.85991e+44  1.01488e-09
 3.61449e+00  5.27805e+05  3.13899e+44  5.10242e+05  2.99122e+44  4.93264e+05  2.93036e+44  4.45643e+05  1.99182e+44  1.01488e-09
 3.73262e+00  5.10242e+05  3.36731e+44  5.10242e+05  3.14958e+44  4.93264e+05  3.20369e+44  4.45643e+05  2.14372e+44  1.01488e-09
 3.85462e+00  5.10242e+05  3.42550e+44  5.10242e+05  3.39597e+44  4.76850e+05  3.39613e+44  4.45643e+05  2.31622e+44  1.01488e-09
 3.98060e+00  5.10242e+05  3.58446e+44  5.10242e+05  3.73141e+44  4.76850e+05  3.47409e+44  4.30814e+05  2.46084e+44  1.01488e-09
 4.11069e+00  5.10242e+05  3.84485e+44  4.93264e+05  4.13307e+44  4.76850e+05  3.60987e+44  4.30814e+05  2.53132e+44  1.01488e-09
 4.24504e+00  5.10242e+05  4.20775e+44  4.93264e+05  4.18217e+44  4.76850e+05  3.80404e+44  4.30814e+05  2.62401e+44  1.01488e-09
 4.38378e+00  5.10242e+05  4.67466e+44  4.93264e+05  4.32357e+44  4.76850e+05  4.05738e+44  4.30814e+05  2.73930e+44  1.01488e-09
 4.52705e+00  4.93264e+05  4.80615e+44  4.93264e+05  4.55785e+44  4.76850e+05  4.37096e+44  4.30814e+05  2.87765e+44  1.01488e-09
 4.67501e+00  4.93264e+05  4.94419e+44  4.93264e+05  4.88599e+44  4.76850e+05  4.74608e+44  4.30814e+05  3.03965e+44  1.01488e-09
 4.82780e+00  4.93264e+05  5.18928e+44  4.93264e+05  5.30934e+44  4.60983e+05  4.95213e+44  4.30814e+05  3.22596e+44  1.01488e-09
 4.98558e+00  4.93264e+05  5.54244e+44  4.93264e+05  5.82966e+44  4.60983e+05  5.08734e+44  4.30814e+05  3.43736e+44  1.01488e-09
 5.14853e+00  4.93264e+05  6.00514e+44  4.76850e+05  5.95414e+44  4.60983e+05  5.28705e+44  4.30814e+05  3.67471e+44  1.01488e-09
 5.31679e+00  4.93264e+05  6.57928e+44  4.76850e+05  6.13751e+44  4.60983e+05  5.55208e+44  4.30814e+05  3.93901e+44  1.01488e-09
 5.49056e+00  4.76850e+05  6.84203e+44  4.76850e+05  6.42128e+44  4.60983e+05  5.88353e+44  4.30814e+05  4.23134e+44  1.01488e-09
 5.67001e+00  4.76850e+05  7.02652e+44  4.76850e+05  6.80661e+44  4.60983e+05  6.28277e+44  4.30814e+05  4.55292e+44  1.01488e-09
 5.85532e+00  4.76850e+05  7.32668e+44  4.76850e+05  7.29511e+44  4.60983e+05  6.75145e+44  4.30814e+05  4.90507e+44  1.01488e-09
 6.04668e+00  4.76850e+05  7.74376e+44  4.76850e+05  7.88878e+44  4.60983e+05  7.29151e+44  4.30814e+05  5.28925e+44  1.01488e-09
 6.24430e+00  4.76850e+05  8.27948e+44  4.60983e+05  8.52179e+44  4.45643e+05  7.54111e+44  4.16479e+05  5.68199e+44  1.01488e-09
 6.44838e+00  4.76850e+05  8.93605e+44  4.60983e+05  8.69829e+44  4.45643e+05  7.76820e+44  4.16479e+05  5.86382e+44  1.01488e-09
 6.65913e+00  4.76850e+05  9.71620e+44  4.60983e+05  8.98578e+44  4.45643e+05  8.07088e+44  4.16479e+05  6.08166e+44  1.01488e-09
 6.87677e+00  4.60983e+05  9.98421e+44  4.60983e+05  9.38545e+44  4.45643e+05  8.45041e+44  4.16479e+05  6.33640e+44  1.01488e-09
 7.10152e+00  4.60983e+05  1.02858e+45  4.60983e+05  9.89895e+44  4.45643e+05  8.90835e+44  4.16479e+05  6.62909e+44  1.01488e-09
 7.33362e+00  4.60983e+05  1.07165e+45  4.60983e+05  1.05284e+45  4.45643e+05  9.44660e+44  4.16479e+05  6.96095e+44  1.01488e-09
 7.57330e+00  4.60983e+05  1.12782e+45  4.60983e+05  1.12764e+45  4.45643e+05  1.00674e+45  4.16479e+05  7.33335e+44  1.01488e-09
 7.82082e+00  4.60983e+05  1.19731e+45  4.60983e+05  1.21461e+45  4.45643e+05  1.07733e+45  4.16479e+05  7.74784e+44  1.01488e-09
 8.07642e+00  4.60983e+05  1.28042e+45  4.45643e+05  1.29338e+45  4.45643e+05  1.15672e+45  4.16479e+05  8.20612e+44  1.01488e-09
 8.34038e+00  4.60983e+05  1.37749e+45  4.45643e+05  1.32590e+45  4.30814e+05  1.23401e+45  4.16479e+05  8.71010e+44  1.01488e-09
 8.61296e+00  4.45643e+05  1.48677e+45  4.45643e+05  1.37140e+45  4.30814e+05  1.26753e+45  4.16479e+05  9.26185e+44  1.01488e-09
 8.89446e+00  4.45643e+05  1.52080e+45  4.45643e+05  1.43008e+45  4.30814e+05  1.31063e+45  4.16479e+05  9.86367e+44  1.01488e-09
 9.18515e+00  4.45643e+05  1.56978e+45  4.45643e+05  1.50218e+45  4.30814e+05  1.36351e+45  4.16479e+05  1.05180e+45  1.01488e-09
 9.48535e+00  4.45643e+05  1.63391e+45  4.45643e+05  1.58799e+45  4.30814e+05  1.42637e+45  4.16479e+05  1.12277e+45  1.01488e-09
 9.79535e+00  4.45643e+05  1.71347e+45  4.45643e+05  1.68787e+45  4.30814e+05  1.49948e+45  4.16479e+05  1.19955e+45  1.01488e-09
 1.01155e+01  4.45643e+05  1.80878e+45  4.45643e+05  1.80224e+45  4.30814e+05  1.58314e+45  4.16479e+05  1.28247e+45  1.01488e-09
 1.04461e+01  4.45643e+05  1.92023e+45  4.45643e+05  1.93156e+45  4.30814e+05  1.67770e+45  4.16479e+05  1.37187e+45  1.01488e-09
 1.07875e+01  4.45643e+05  2.04829e+45  4.45643e+05  2.07638e+45  4.30814e+05  1.78354e+45  4.16479e+05  1.46813e+45  1.01488e-09
 1.11401e+01  4.45643e+05  2.19349e+45  4.30814e+05  2.16586e+45  4.30814e+05  1.90111e+45  4.16479e+05  1.57163e+45  1.01488e-09
 1.15041e+01  4.45643e+05  2.35642e+45  4.30814e+05  2.23165e+45  4.30814e+05  2.03089e+45  4.16479e+05  1.68281e+45  1.01488e-09
 1.18801e+01  4.30814e+05  2.48575e+45  4.30814e+05  2.31418e+45  4.30814e+05  2.17341e+45  4.16479e+05  1.80213e+45  1.01488e-09
 1.22684e+01  4.30814e+05  2.55720e+45  4.30814e+05  2.41379e+45  4.30814e+05  2.32928e+45  4.16479e+05  1.93007e+45  1.01488e-09
 1.26694e+01  4.30814e+05  2.64790e+45  4.30814e+05  2.53088e+45  4.30814e+05  2.49913e+45  4.16479e+05  2.06718e+45  1.01488e-09
 1.30834e+01  4.30814e+05  2.75822e+45  4.30814e+05  2.66595e+45  4.30814e+05  2.68367e+45  4.16479e+05  2.21402e+45  1.01488e-09
 1.35110e+01  4.30814e+05  2.88860e+45  4.30814e+05  2.81955e+45  4.16479e+05  2.82868e+45  4.16479e+05  2.37119e+45  1.01488e-09
 1.39526e+01  4.30814e+05  3.03961e+45  4.30814e+05  2.99232e+45  4.16479e+05  2.92062e+45  4.16479e+05  2.53935e+45  1.01488e-09
 1.44086e+01  4.30814e+05  3.21185e+45  4.30814e+05  3.18497e+45  4.16479e+05  3.02898e+45  4.16479e+05  2.71920e+45  1.01488e-09
 1.48795e+01  4.30814e+05  3.40604e+45  4.30814e+05  3.39830e+45  4.16479e+05  3.15422e+45  4.16479e+05  2.91146e+45  1.01488e-09
 1.53658e+01  4.30814e+05  3.62299e+45  4.30814e+05  3.63319e+45  4.16479e+05  3.29686e+45  4.16479e+05  3.11696e+45  1.01488e-09
 1.58680e+01  4.30814e+05  3.86359e+45  4.30814e+05  3.89062e+45  4.16479e+05  3.45749e+45  4.16479e+05  3.33652e+45  1.01488e-09
 1.63866e+01  4.30814e+05  4.12884e+45  4.30814e+05  4.17165e+45  4.16479e+05  3.63677e+45  4.16479e+05  3.57107e+45  1.01488e-09
 1.69222e+01  4.30814e+05  4.41983e+45  4.30814e+05  4.47744e+45  4.16479e+05  3.83545e+45  4.16479e+05  3.82156e+45  1.01488e-09
 1.74753e+01  4.30814e+05  4.73778e+45  4.30814e+05  4.80926e+45  4.16479e+05  4.05434e+45  4.16479e+05  4.08905e+45  1.01488e-09
 1.80464e+01  4.30814e+05  5.08399e+45  4.16479e+05  4.97398e+45  4.16479e+05  4.29435e+45  4.16479e+05  4.37463e+45  1.01488e-09
 1.86362e+01  4.30814e+05  5.45990e+45  4.16479e+05  5.14629e+45  4.16479e+05  4.55648e+45  4.16479e+05  4.67949e+45  1.01488e-09
 1.92453e+01  4.16479e+05  5.70120e+45  4.16479e+05  5.34738e+45  4.16479e+05  4.84182e+45  4.16479e+05  5.00489e+45  1.01488e-09
 1.98743e+01  4.16479e+05  5.89243e+45  4.16479e+05  5.57811e+45  4.16479e+05  5.15153e+45  4.16479e+05  5.35217e+45  1.01488e-09
 2.05238e+01  4.16479e+05  6.11670e+45  4.16479e+05  5.83942e+45  4.16479e+05  5.48691e+45  4.16479e+05  5.72278e+45  1.01488e-09
 2.11946e+01  4.16479e+05  6.37494e+45  4.16479e+05  6.13240e+45  4.16479e+05  5.84934e+45  4.16479e+05  6.11825e+45  1.01488e-09
 2.18873e+01  4.16479e+05  6.66822e+45  4.16479e+05  6.45826e+45  4.16479e+05  6.24032e+45  4.16479e+05  6.54020e+45  1.01488e-09
 2.26026e+01  4.16479e+05  6.99776e+45  4.16479e+05  6.81834e+45  4.16479e+05  6.66147e+45  4.16479e+05  6.99040e+45  1.01488e-09
 2.33413e+01  4.16479e+05  7.36492e+45  4.16479e+05  7.21413e+45  4.16479e+05  7.11453e+45  4.16479e+05  7.47070e+45  1.01488e-09
 2.41042e+01  4.16479e+05  7.77121e+45  4.16479e+05  7.64729e+45  4.16479e+05  7.60138e+45  4.16479e+05  7.98309e+45  1.01488e-09
 2.48920e+01  4.16479e+05  8.21833e+45  4.16479e+05  8.11959e+45  4.16479e+05  8.12403e+45  4.16479e+05  8.52970e+45  1.01488e-09
 2.57055e+01  4.16479e+05  8.70812e+45  4.16479e+05  8.63299e+45  4.16479e+05  8.68465e+45  4.16479e+05  9.11277e+45  1.01488e-09
 2.65456e+01  4.16479e+05  9.24260e+45  4.16479e+05  9.18962e+45  4.16479e+05  9.28555e+45  4.16479e+05  9.73473e+45  1.01488e-09
 2.74132e+01  4.16479e+05  9.82400e+45  4.16479e+05  9.79178e+45  4.16479e+05  9.92923e+45  4.16479e+05  1.03982e+46  1.01488e-09
 2.83091e+01  4.16479e+05  1.04547e+46  4.16479e+05  1.04420e+46  4.16479e+05  1.06183e+46  4.16479e+05  1.11058e+46  1.01488e-09
 2.92343e+01  4.16479e+05  1.11373e+46  4.16479e+05  1.11428e+46  4.16479e+05  1.13557e+46  4.16479e+05  1.18605e+46  1.01488e-09
 3.01898e+01  4.16479e+05  1.18747e+46  4.16479e+05  1.18974e+46  4.16479e+05  1.21445e+46  4.16479e+05  1.26656e+46  1.01488e-09
 3.11765e+01  4.16479e+05  1.26699e+46  4.16479e+05  1.27086e+46  4.16479e+05  1.29878e+46  4.16479e+05  1.35242e+46  1.01488e-09
 3.21954e+01  4.16479e+05  1.35262e+46  4.16479e+05  1.35799e+46  4.16479e+05  1.38892e+46  4.16479e+05  1.44399e+46  1.01488e-09
 3.32476e+01  4.16479e+05  1.44471e+46  4.16479e+05  1.45150e+46  4.16479e+05  1.48525e+46  4.16479e+05  1.54166e+46  1.01488e-09
 3.43343e+01  4.16479e+05  1.54365e+46  4.16479e+05  1.55176e+46  4.16479e+05  1.58816e+46  4.16479e+05  1.64583e+46  1.01488e-09
 3.54564e+01  4.16479e+05  1.64984e+46  4.16479e+05  1.65919e+46  4.16479e+05  1.69807e+46  4.16479e+05  1.75692e+46  1.01488e-09
 3.66152e+01  4.16479e+05  1.76372e+46  4.16479e+05  1.77424e+46  4.16479e+05  1.81545e+46  4.16479e+05  1.87540e+46  1.01488e-09
 3.78119e+01  4.16479e+05  1.88577e+46  4.16479e+05  1.89738e+46  4.16479e+05  1.94077e+46  4.16479e+05  2.00176e+46  1.01488e-09
 3.90477e+01  4.16479e+05  2.01649e+46  4.16479e+05  2.02912e+46  4.16479e+05  2.07456e+46  4.02620e+05  2.11552e+46  1.01488e-09
 4.03238e+01  4.16479e+05  2.15643e+46  4.16479e+05  2.17001e+46  4.16479e+05  2.21737e+46  4.02620e+05  2.18156e+46  1.01488e-09
 4.16417e+01  4.16479e+05  2.30615e+46  4.16479e+05  2.32063e+46  4.16479e+05  2.36979e+46  4.02620e+05  2.25675e+46  1.01488e-09
 4.30027e+01  4.16479e+05  2.46628e+46  4.16479e+05  2.48161e+46  4.16479e+05  2.53245e+46  4.02620e+05  2.34140e+46  1.01488e-09
 4.44081e+01  4.16479e+05  2.63748e+46  4.16479e+05  2.65360e+46  4.16479e+05  2.70603e+46  4.02620e+05  2.43585e+46  1.01488e-09
 4.58595e+01  4.16479e+05  2.82047e+46  4.16479e+05  2.83733e+46  4.16479e+05  2.89124e+46  4.02620e+05  2.54050e+46  1.01488e-09
 4.73583e+01  4.16479e+05  3.01599e+46  4.16479e+05  3.03355e+46  4.16479e+05  3.08885e+46  4.02620e+05  2.65578e+46  1.01488e-09
 4.89061e+01  4.16479e+05  3.22486e+46  4.16479e+05  3.24307e+46  4.16479e+05  3.29968e+46  4.02620e+05  2.78217e+46  1.01488e-09
 5.05045e+01  4.16479e+05  3.44794e+46  4.16479e+05  3.46677e+46  4.16479e+05  3.52459e+46  4.02620e+05  2.92019e+46  1.01488e-09
 5.21551e+01  4.16479e+05  3.68616e+46  4.16479e+05  3.70556e+46  4.16479e+05  3.76453e+46  4.02620e+05  3.07041e+46  1.01488e-09
 5.38597e+01  4.16479e+05  3.94050e+46  4.16479e+05  3.96043e+46  4.16479e+05  4.02048e+46  4.02620e+05  3.23346e+46  1.01488e-09
 5.56199e+01  4.16479e+05  4.21201e+46  4.16479e+05  4.23245e+46  4.16479e+05  4.29351e+46  4.02620e+05  3.41000e+46  1.01488e-09
 5.74378e+01  4.16479e+05  4.50182e+46  4.16479e+05  4.52273e+46  4.16479e+05  4.58473e+46  4.02620e+05  3.60078e+46  1.01488e-09
 5.93150e+01  4.16479e+05  4.81112e+46  4.16479e+05  4.83248e+46  4.16479e+05  4.89537e+46  4.02620e+05  3.80657e+46  1.01488e-09
 6.12535e+01  4.16479e+05  5.14121e+46  4.16479e+05  5.16298e+46  4.16479e+05  5.22670e+46  4.02620e+05  4.02824e+46  1.01488e-09
 6.32555e+01  4.16479e+05  5.49343e+46  4.16479e+05  5.51559e+46  4.16479e+05  5.58009e+46  4.02620e+05  4.26669e+46  1.01488e-09
 6.53228e+01  4.16479e+05  5.86926e+46  4.16479e+05  5.89178e+46  4.16479e+05  5.95702e+46  4.02620e+05  4.52292e+46  1.01488e-09
 6.74577e+01  4.16479e+05  6.27024e+46  4.16479e+05  6.29311e+46  4.16479e+05  6.35903e+46  4.02620e+05  4.79798e+46  1.01488e-09
 6.96624e+01  4.16479e+05  6.69803e+46  4.16479e+05  6.72123e+46  4.16479e+05  6.78779e+46  4.02620e+05  5.09302e+46  1.01488e-09
 7.19392e+01  4.16479e+05  7.15441e+46  4.16479e+05  7.17791e+46  4.16479e+05  7.24507e+46  4.02620e+05  5.40925e+46  1.01488e-09
 7.42903e+01  4.16479e+05  7.64127e+46  4.16479e+05  7.66505e+46  4.16479e+05  7.73277e+46  4.02620e+05  5.74798e+46  1.01488e-09
 7.67183e+01  4.16479e+05  8.16061e+46  4.16479e+05  8.18466e+46  4.16479e+05  8.25291e+46  4.02620e+05  6.11062e+46  1.01488e-09
 7.92257e+01  4.16479e+05  8.71460e+46  4.16479e+05  8.73889e+46  4.02620e+05  8.73292e+46  4.02620e+05  6.49867e+46  1.01488e-09
 8.18150e+01  4.16479e+05  9.30551e+46  4.16479e+05  9.33003e+46  4.02620e+05  9.00402e+46  4.02620e+05  6.91372e+46  1.01488e-09
 8.44889e+01  4.16479e+05  9.93580e+46  4.16479e+05  9.96054e+46  4.02620e+05  9.31282e+46  4.02620e+05  7.35751e+46  1.01488e-09
 8.72502e+01  4.16479e+05  1.06081e+47  4.16479e+05  1.06330e+47  4.02620e+05  9.66059e+46  4.02620e+05  7.83186e+46  1.01488e-09
 9.01018e+01  4.16479e+05  1.13251e+47  4.16479e+05  1.13503e+47  4.02620e+05  1.00488e+47  4.02620e+05  8.33874e+46  1.01488e-09
 9.30466e+01  4.16479e+05  1.20899e+47  4.16479e+05  1.21152e+47  4.02620e+05  1.04790e+47  4.02620e+05  8.88025e+46  1.01488e-09
 9.60876e+01  4.16479e+05  1.29056e+47  4.16479e+05  1.29311e+47  4.02620e+05  1.09530e+47  4.02620e+05  9.45863e+46  1.01488e-09
 9.92280e+01  4.16479e+05  1.37755e+47  4.16479e+05  1.38012e+47  4.02620e+05  1.14728e+47  4.02620e+05  1.00763e+47  1.01488e-09
 1.02471e+02  4.16479e+05  1.47033e+47  4.16479e+05  1.47291e+47  4.02620e+05  1.20405e+47  4.02620e+05  1.07357e+47  1.01488e-09
 1.05820e+02  4.16479e+05  1.56929e+47  4.02620e+05  1.53344e+47  4.02620e+05  1.26584e+47  4.02620e+05  1.14397e+47  1.01488e-09
 1.09278e+02  4.16479e+05  1.67482e+47  4.02620e+05  1.58337e+47  4.02620e+05  1.33292e+47  4.02620e+05  1.21912e+47  1.01488e-09
 1.12850e+02  4.02620e+05  1.75813e+47  4.02620e+05  1.63993e+47  4.02620e+05  1.40556e+47  4.02620e+05  1.29932e+47  1.01488e-09
 1.16538e+02  4.02620e+05  1.81401e+47  4.02620e+05  1.70335e+47  4.02620e+05  1.48405e+47  4.02620e+05  1.38491e+47  1.01488e-09
 1.20347e+02  4.02620e+05  1.87749e+47  4.02620e+05  1.77390e+47  4.02620e+05  1.56873e+47  4.02620e+05  1.47625e+47  1.01488e-09
 1.24280e+02  4.02620e+05  1.94882e+47  4.02620e+05  1.85186e+47  4.02620e+05  1.65995e+47  4.02620e+05  1.57371e+47  1.01488e-09
 1.28342e+02  4.02620e+05  2.02831e+47  4.02620e+05  1.93756e+47  4.02620e+05  1.75808e+47  4.02620e+05  1.67769e+47  1.01488e-09
 1.32537e+02  4.02620e+05  2.11628e+47  4.02620e+05  2.03136e+47  4.02620e+05  1.86353e+47  4.02620e+05  1.78862e+47  1.01488e-09
 1.36868e+02  4.02620e+05  2.21309e+47  4.02620e+05  2.13363e+47  4.02620e+05  1.97674e+47  4.02620e+05  1.90697e+47  1.01488e-09
 1.41341e+02  4.02620e+05  2.31914e+47  4.02620e+05  2.24481e+47  4.02620e+05  2.09817e+47  4.02620e+05  2.03323e+47  1.01488e-09
 1.45961e+02  4.02620e+05  2.43488e+47  4.02620e+05  2.36536e+47  4.02620e+05  2.22833e+47  4.02620e+05  2.16790e+47  1.01488e-09
 1.50731e+02  4.02620e+05  2.56079e+47  4.02620e+05  2.49577e+47  4.02620e+05  2.36775e+47  4.02620e+05  2.31157e+47  1.01488e-09
 1.55658e+02  4.02620e+05  2.69738e+47  4.02620e+05  2.63658e+47  4.02620e+05  2.51701e+47  4.02620e+05  2.46481e+47  1.01488e-09
 1.60745e+02  4.02620e+05  2.84522e+47  4.02620e+05  2.78838e+47  4.02620e+05  2.67673e+47  4.02620e+05  2.62826e+47  1.01488e-09
 1.65998e+02  4.02620e+05  3.00492e+47  4.02620e+05  2.95180e+47  4.02620e+05  2.84758e+47  4.02620e+05  2.80260e+47  1.01488e-09
 1.71424e+02  4.02620e+05  3.17714e+47  4.02620e+05  3.12750e+47  4.02620e+05  3.03025e+47  4.02620e+05  2.98856e+47  1.01488e-09
 1.77026e+02  4.02620e+05  3.36260e+47  4.02620e+05  3.31623e+47  4.02620e+05  3.22551e+47  4.02620e+05  3.18689e+47  1.01488e-09
 1.82812e+02  4.02620e+05  3.56206e+47  4.02620e+05  3.51875e+47  4.02620e+05  3.43416e+47  4.02620e+05  3.39842e+47  1.01488e-09
 1.88787e+02  4.02620e+05  3.77634e+47  4.02620e+05  3.73591e+47  4.02620e+05  3.65706e+47  4.02620e+05  3.62403e+47  1.01488e-09
 1.94957e+02  4.02620e+05  4.00635e+47  4.02620e+05  3.96861e+47  4.02620e+05  3.89515e+47  4.02620e+05  3.86465e+47  1.01488e-09
 2.01328e+02  4.02620e+05  4.25302e+47  4.02620e+05  4.21780e+47  4.02620e+05  4.14939e+47  4.02620e+05  4.12127e+47  1.01488e-09
 2.07908e+02  4.02620e+05  4.51737e+47  4.02620e+05  4.48453e+47  4.02620e+05  4.42085e+47  4.02620e+05  4.39496e+47  1.01488e-09
 2.14703e+02  4.02620e+05  4.80051e+47  4.02620e+05  4.76989e+47  4.02620e+05  4.71065e+47  4.02620e+05  4.68685e+47  1.01488e-09
 2.21720e+02  4.02620e+05  5.10360e+47  4.02620e+05  5.07506e+47  4.02620e+05  5.01999e+47  4.02620e+05  4.99815e+47  1.01488e-09
 2.28967e+02  4.02620e+05  5.42790e+47  4.02620e+05  5.40131e+47  4.02620e+05  5.35015e+47  4.02620e+05  5.33014e+47  1.01488e-09
 2.36450e+02  4.02620e+05  5.77475e+47  4.02620e+05  5.74999e+47  4.02620e+05  5.70249e+47  4.02620e+05  5.68421e+47  1.01488e-09
 2.44178e+02  4.02620e+05  6.14558e+47  4.02620e+05  6.12254e+47  4.02620e+05  6.07848e+47  4.02620e+05  6.06181e+47  1.01488e-09
 2.52158e+02  4.02620e+05  6.54194e+47  4.02620e+05  6.52051e+47  4.02620e+05  6.47966e+47  4.02620e+05  6.46451e+47  1.01488e-09
 2.60399e+02  4.02620e+05  6.96545e+47  4.02620e+05  6.94553e+47  4.02620e+05  6.90770e+47  4.02620e+05  6.89398e+47  1.01488e-09
 2.68910e+02  4.02620e+05  7.41788e+47  4.02620e+05  7.39937e+47  4.02620e+05  7.36438e+47  4.02620e+05  7.35198e+47  1.01488e-09
 2.77699e+02  4.02620e+05  7.90109e+47  4.02620e+05  7.88391e+47  4.02620e+05  7.85157e+47  4.02620e+05  7.84043e+47  1.01488e-09
 2.86774e+02  4.02620e+05  8.41709e+47  4.02620e+05  8.40116e+47  4.02620e+05  8.37130e+47  4.02620e+05  8.36133e+47  1.01488e-09
 2.96147e+02  4.02620e+05  8.96801e+47  4.02620e+05  8.95324e+47  4.02620e+05  8.92572e+47  4.02620e+05  8.91685e+47  1.01488e-09
 3.05826e+02  4.02620e+05  9.55612e+47  4.02620e+05  9.54245e+47  4.02620e+05  9.51713e+47  4.02620e+05  9.50928e+47  1.01488e-09
 3.15821e+02  4.02620e+05  1.01839e+48  4.02620e+05  1.01712e+48  4.02620e+05  1.01480e+48  4.02620e+05  1.01411e+48  1.01488e-09
 3.26143e+02  4.02620e+05  1.08539e+48  4.02620e+05  1.08422e+48  4.02620e+05  1.08208e+48  4.02620e+05  1.08149e+48  1.01488e-09
 3.36802e+02  4.02620e+05  1.15689e+48  4.02620e+05  1.15581e+48  4.02620e+05  1.15385e+48  4.02620e+05  1.15334e+48  1.01488e-09
 3.47810e+02  4.02620e+05  1.23318e+48  4.02620e+05  1.23219e+48  4.02620e+05  1.23040e+48  4.02620e+05  1.22997e+48  1.01488e-09
 3.59177e+02  4.02620e+05  1.31459e+48  4.02620e+05  1.31367e+48  4.02620e+05  1.31205e+48  4.02620e+05  1.31169e+48  1.01488e-09
 3.70916e+02  4.02620e+05  1.40144e+48  4.02620e+05  1.40060e+48  4.02620e+05  1.39913e+48  4.02620e+05  1.39884e+48  1.01488e-09
 3.83038e+02  4.02620e+05  1.49411e+48  4.02620e+05  1.49334e+48  4.02620e+05  1.49200e+48  4.02620e+05  1.49178e+48  1.01488e-09
 3.95557e+02  4.02620e+05  1.59297e+48  4.02620e+05  1.59226e+48  4.02620e+05  1.59105e+48  4.02620e+05  1.59089e+48  1.01488e-09
 4.08485e+02  4.02620e+05  1.69842e+48  4.02620e+05  1.69778e+48  4.02620e+05  1.69670e+48  4.02620e+05  1.69659e+48  1.01488e-09
 4.21835e+02  4.02620e+05  1.81092e+48  4.02620e+05  1.81033e+48  4.02620e+05  1.80936e+48  4.02620e+05  1.80932e+48  1.01488e-09
 4.35622e+02  4.02620e+05  1.93092e+48  4.02620e+05  1.93039e+48  4.02620e+05  1.92952e+48  4.02620e+05  1.92953e+48  1.01488e-09
 4.49859e+02  4.02620e+05  2.05892e+48  4.02620e+05  2.05844e+48  4.02620e+05  2.05767e+48  3.89223e+05  2.05603e+48  1.01488e-09
 4.64562e+02  4.02620e+05  2.19544e+48  4.02620e+05  2.19501e+48  4.02620e+05  2.19434e+48  3.89223e+05  2.11594e+48  1.01488e-09
 4.79745e+02  4.02620e+05  2.34107e+48  4.02620e+05  2.34068e+48  4.02620e+05  2.34010e+48  3.89223e+05  2.18461e+48  1.01488e-09
 4.95424e+02  4.02620e+05  2.49639e+48  4.02620e+05  2.49604e+48  4.02620e+05  2.49554e+48  3.89223e+05  2.26232e+48  1.01488e-09
 5.11616e+02  4.02620e+05  2.66204e+48  4.02620e+05  2.66174e+48  4.02620e+05  2.66132e+48  3.89223e+05  2.34940e+48  1.01488e-09
 5.28337e+02  4.02620e+05  2.83873e+48  4.02620e+05  2.83846e+48  4.02620e+05  2.83812e+48  3.89223e+05  2.44620e+48  1.01488e-09
 5.45604e+02  4.02620e+05  3.02717e+48  4.02620e+05  3.02693e+48  4.02620e+05  3.02666e+48  3.89223e+05  2.55313e+48  1.01488e-09
 5.63436e+02  4.02620e+05  3.22815e+48  4.02620e+05  3.22794e+48  4.02620e+05  3.22773e+48  3.89223e+05  2.67062e+48  1.01488e-09
 5.81850e+02  4.02620e+05  3.44249e+48  4.02620e+05  3.44232e+48  4.02620e+05  3.44217e+48  3.89223e+05  2.79917e+48  1.01488e-09
 6.00867e+02  4.02620e+05  3.67109e+48  4.02620e+05  3.67095e+48  4.02620e+05  3.67086e+48  3.89223e+05  2.93930e+48  1.01488e-09
 6.20505e+02  4.02620e+05  3.91490e+48  4.02620e+05  3.91478e+48  4.02620e+05  3.91474e+48  3.89223e+05  3.09160e+48  1.01488e-09
 6.40784e+02  4.02620e+05  4.17491e+48  4.02620e+05  4.17481e+48  4.02620e+05  4.17483e+48  3.89223e+05  3.25669e+48  1.01488e-09
 6.61727e+02  4.02620e+05  4.45221e+48  4.02620e+05  4.45214e+48  4.02620e+05  4.45219e+48  3.89223e+05  3.43526e+48  1.01488e-09
 6.83354e+02  4.02620e+05  4.74794e+48  4.02620e+05  4.74789e+48  4.02620e+05  4.74799e+48  3.89223e+05  3.62805e+48  1.01488e-09
 7.05688e+02  4.02620e+05  5.06333e+48  4.02620e+05  5.06330e+48  4.02620e+05  5.06345e+48  3.89223e+05  3.83585e+48  1.01488e-09
 7.28751e+02  4.02620e+05  5.39968e+48  4.02620e+05  5.39968e+48  4.02620e+05  5.39986e+48  3.89223e+05  4.05953e+48  1.01488e-09
 7.52569e+02  4.02620e+05  5.75839e+48  4.02620e+05  5.75840e+48  4.02620e+05  5.75862e+48  3.89223e+05  4.30002e+48  1.01488e-09
 7.77165e+02  4.02620e+05  6.14094e+48  4.02620e+05  6.14097e+48  4.02620e+05  6.14122e+48  3.89223e+05  4.55830e+48  1.01488e-09
 8.02565e+02  4.02620e+05  6.54891e+48  4.02620e+05  6.54895e+48  4.02620e+05  6.54924e+48  3.89223e+05  4.83544e+48  1.01488e-09
 8.28794e+02  4.02620e+05  6.98400e+48  4.02620e+05  6.98405e+48  4.02620e+05  6.98436e+48  3.89223e+05  5.13260e+48  1.01488e-09
 8.55882e+02  4.02620e+05  7.44799e+48  4.02620e+05  7.44806e+48  4.02620e+05  7.44840e+48  3.89223e+05  5.45100e+48  1.01488e-09
 8.83854e+02  4.02620e+05  7.94281e+48  4.02620e+05  7.94290e+48  4.02620e+05  7.94327e+48  3.89223e+05  5.79195e+48  1.01488e-09
 9.12741e+02  4.02620e+05  8.47052e+48  4.02620e+05  8.47062e+48  3.89223e+05  8.43253e+48  3.89223e+05  6.15688e+48  1.01488e-09
 9.42571e+02  4.02620e+05  9.03329e+48  4.02620e+05  9.03340e+48  3.89223e+05  8.68113e+48  3.89223e+05  6.54729e+48  1.01488e-09
 9.73377e+02  4.02620e+05  9.63345e+48  4.02620e+05  9.63357e+48  3.89223e+05  8.96566e+48  3.89223e+05  6.96480e+48  1.01488e-09
 1.00519e+03  4.02620e+05  1.02735e+49  4.02620e+05  1.02736e+49  3.89223e+05  9.28730e+48  3.89223e+05  7.41113e+48  1.01488e-09
 1.03804e+03  4.02620e+05  1.09561e+49  4.02620e+05  1.09562e+49  3.89223e+05  9.64738e+48  3.89223e+05  7.88814e+48  1.01488e-09
 1.07197e+03  4.02620e+05  1.16840e+49  4.02620e+05  1.16841e+49  3.89223e+05  1.00474e+49  3.89223e+05  8.39779e+48  1.01488e-09
 1.10700e+03  4.02620e+05  1.24602e+49  4.02620e+05  1.24604e+49  3.89223e+05  1.04890e+49  3.89223e+05  8.94219e+48  1.01488e-09
 1.14318e+03  4.02620e+05  1.32881e+49  4.02620e+05  1.32883e+49  3.89223e+05  1.09740e+49  3.89223e+05  9.52361e+48  1.01488e-09
 1.18054e+03  4.02620e+05  1.41709e+49  4.02620e+05  1.41711e+49  3.89223e+05  1.15044e+49  3.89223e+05  1.01444e+49  1.01488e-09
 1.21913e+03  4.02620e+05  1.51124e+49  3.89223e+05  1.47959e+49  3.89223e+05  1.20825e+49  3.89223e+05  1.08072e+49  1.01488e-09
 1.25897e+03  4.02620e+05  1.61165e+49  3.89223e+05  1.52549e+49  3.89223e+05  1.27105e+49  3.89223e+05  1.15148e+49  1.01488e-09
 1.30012e+03  3.89223e+05  1.69700e+49  3.89223e+05  1.57770e+49  3.89223e+05  1.33912e+49  3.89223e+05  1.22700e+49  1.01488e-09
 1.34261e+03  3.89223e+05  1.74831e+49  3.89223e+05  1.63644e+49  3.89223e+05  1.41273e+49  3.89223e+05  1.30759e+49  1.01488e-09
 1.38649e+03  3.89223e+05  1.80685e+49  3.89223e+05  1.70196e+49  3.89223e+05  1.49218e+49  3.89223e+05  1.39360e+49  1.01488e-09
 1.43180e+03  3.89223e+05  1.87287e+49  3.89223e+05  1.77451e+49  3.89223e+05  1.57781e+49  3.89223e+05  1.48538e+49  1.01488e-09
 1.47860e+03  3.89223e+05  1.94665e+49  3.89223e+05  1.85442e+49  3.89223e+05  1.66997e+49  3.89223e+05  1.58330e+49  1.01488e-09
 1.52692e+03  3.89223e+05  2.02848e+49  3.89223e+05  1.94199e+49  3.89223e+05  1.76904e+49  3.89223e+05  1.68778e+49  1.01488e-09
 1.57683e+03  3.89223e+05  2.11870e+49  3.89223e+05  2.03761e+49  3.89223e+05  1.87544e+49  3.89223e+05  1.79924e+49  1.01488e-09
 1.62836e+03  3.89223e+05  2.21770e+49  3.89223e+05  2.14166e+49  3.89223e+05  1.98959e+49  3.89223e+05  1.91815e+49  1.01488e-09
 1.68158e+03  3.89223e+05  2.32587e+49  3.89223e+05  2.25457e+49  3.89223e+05  2.11198e+49  3.89223e+05  2.04499e+49  1.01488e-09
 1.73654e+03  3.89223e+05  2.44367e+49  3.89223e+05  2.37681e+49  3.89223e+05  2.24311e+49  3.89223e+05  2.18030e+49  1.01488e-09
 1.79329e+03  3.89223e+05  2.57159e+49  3.89223e+05  2.50889e+49  3.89223e+05  2.38353e+49  3.89223e+05  2.32463e+49  1.01488e-09
 1.85190e+03  3.89223e+05  2.71014e+49  3.89223e+05  2.65136e+49  3.89223e+05  2.53381e+49  3.89223e+05  2.47859e+49  1.01488e-09
 1.91243e+03  3.89223e+05  2.85992e+49  3.89223e+05  2.80480e+49  3.89223e+05  2.69457e+49  3.89223e+05  2.64280e+49  1.01488e-09
 1.97493e+03  3.89223e+05  3.02153e+49  3.89223e+05  2.96984e+49  3.89223e+05  2.86649e+49  3.89223e+05  2.81794e+49  1.01488e-09
 2.03948e+03  3.89223e+05  3.19564e+49  3.89223e+05  3.14718e+49  3.89223e+05  3.05027e+49  3.89223e+05  3.00475e+49  1.01488e-09
 2.10613e+03  3.89223e+05  3.38299e+49  3.89223e+05  3.33754e+49  3.89223e+05  3.24668e+49  3.89223e+05  3.20400e+49  1.01488e-09
 2.17497e+03  3.89223e+05  3.58433e+49  3.89223e+05  3.54172e+49  3.89223e+05  3.45652e+49  3.89223e+05  3.41650e+49  1.01488e-09
 2.24605e+03  3.89223e+05  3.80051e+49  3.89223e+05  3.76055e+49  3.89223e+05  3.68066e+49  3.89223e+05  3.64315e+49  1.01488e-09
 2.31946e+03  3.89223e+05  4.03241e+49  3.89223e+05  3.99495e+49  3.89223e+05  3.92004e+49  3.89223e+05  3.88487e+49  1.01488e-09
 2.39526e+03  3.89223e+05  4.28101e+49  3.89223e+05  4.24588e+49  3.89223e+05  4.17564e+49  3.89223e+05  4.14266e+49  1.01488e-09
 2.47355e+03  3.89223e+05  4.54732e+49  3.89223e+05  4.51438e+49  3.89223e+05  4.44853e+49  3.89223e+05  4.41761e+49  1.01488e-09
 2.55439e+03  3.89223e+05  4.83245e+49  3.89223e+05  4.80157e+49  3.89223e+05  4.73982e+49  3.89223e+05  4.71083e+49  1.01488e-09
 2.63787e+03  3.89223e+05  5.13759e+49  3.89223e+05  5.10863e+49  3.89223e+05  5.05073e+49  3.89223e+05  5.02355e+49  1.01488e-09
 2.72409e+03  3.89223e+05  5.46398e+49  3.89223e+05  5.43683e+49  3.89223e+05  5.38254e+49  3.89223e+05  5.35706e+49  1.01488e-09
 2.81312e+03  3.89223e+05  5.81299e+49  3.89223e+05  5.78753e+49  3.89223e+05  5.73663e+49  3.89223e+05  5.71274e+49  1.01488e-09
 2.90506e+03  3.89223e+05  6.18606e+49  3.89223e+05  6.16219e+49  3.89223e+05  6.11446e+49  3.89223e+05  6.09207e+49  1.01488e-09
 3.00000e+03  3.89223e+05  6.58473e+49  3.89223e+05  6.56234e+49  3.89223e+05  6.51760e+49  3.89223e+05  6.49660e+49  1.01488e-09
