radius_rg T_0deg chi2_0deg T_15deg chi2_15deg T_30deg chi2_30deg T_45deg chi2_45deg nuLnusavg_last
 2.00000e-01  9.70565e+05  1.36268e+44  9.38269e+05  1.08028e+44  8.47687e+05  4.34242e+43  6.25115e+05  2.02326e+42  3.97240e-25
 2.06537e-01  9.70565e+05  1.32291e+44  9.38269e+05  1.03992e+44  8.47687e+05  4.17673e+43  6.25115e+05  1.72609e+42  3.97240e-25
 2.13287e-01  9.38269e+05  1.26194e+44  9.07048e+05  1.00609e+44  8.19480e+05  4.03966e+43  6.25115e+05  1.58985e+42  3.97240e-25
 2.20257e-01  9.38269e+05  1.20964e+44  9.07048e+05  9.53904e+43  8.19480e+05  3.78539e+43  6.25115e+05  1.61398e+42  3.97240e-25
 2.27456e-01  9.07048e+05  1.17945e+44  9.07048e+05  9.22131e+43  8.19480e+05  3.64189e+43  6.04314e+05  1.48146e+42  3.97240e-25
 2.34890e-01  9.07048e+05  1.11358e+44  8.76865e+05  8.84462e+43  7.92211e+05  3.51955e+43  6.04314e+05  1.24641e+42  3.97240e-25
 2.42567e-01  9.07048e+05  1.07134e+44  8.76865e+05  8.39642e+43  7.92211e+05  3.28045e+43  6.04314e+05  1.17031e+42  3.97240e-25
 2.50494e-01  8.76865e+05  1.03691e+44  8.76865e+05  8.14763e+43  7.92211e+05  3.15003e+43  6.04314e+05  1.25284e+42  3.97240e-25
 2.58681e-01  8.76865e+05  9.79683e+43  8.47687e+05  7.74986e+43  7.65850e+05  3.05759e+43  5.84205e+05  1.05140e+42  3.97240e-25
 2.67136e-01  8.76865e+05  9.45528e+43  8.47687e+05  7.35851e+43  7.65850e+05  2.82448e+43  5.84205e+05  8.58930e+41  3.97240e-25
 2.75866e-01  8.47687e+05  9.08867e+43  8.47687e+05  7.16229e+43  7.65850e+05  2.69815e+43  5.84205e+05  8.23799e+41  3.97240e-25
 2.84882e-01  8.47687e+05  8.58329e+43  8.19480e+05  6.76335e+43  7.40366e+05  2.65293e+43  5.84205e+05  9.45866e+41  3.97240e-25
 2.94193e-01  8.47687e+05  8.30358e+43  8.19480e+05  6.41253e+43  7.40366e+05  2.41667e+43  5.64766e+05  7.21926e+41  3.97240e-25
 3.03808e-01  8.19480e+05  7.93781e+43  8.19480e+05  6.25292e+43  7.40366e+05  2.28553e+43  5.64766e+05  5.52348e+41  3.97240e-25
 3.13737e-01  8.19480e+05  7.48032e+43  7.92211e+05  5.87562e+43  7.40366e+05  2.25894e+43  5.64766e+05  5.38846e+41  3.97240e-25
 3.23991e-01  8.19480e+05  7.24394e+43  7.92211e+05  5.54937e+43  7.15730e+05  2.05876e+43  5.64766e+05  6.81363e+41  3.97240e-25
 3.34580e-01  7.92211e+05  6.90543e+43  7.92211e+05  5.41075e+43  7.15730e+05  1.91384e+43  5.45973e+05  4.89720e+41  3.97240e-25
 3.45515e-01  7.92211e+05  6.47730e+43  7.65850e+05  5.08113e+43  7.15730e+05  1.87196e+43  5.45973e+05  3.22958e+41  3.97240e-25
 3.56807e-01  7.92211e+05  6.26612e+43  7.65850e+05  4.76371e+43  6.91914e+05  1.75517e+43  5.45973e+05  3.11321e+41  3.97240e-25
 3.68468e-01  7.65850e+05  5.98507e+43  7.65850e+05  4.63067e+43  6.91914e+05  1.58746e+43  5.45973e+05  4.54763e+41  3.97240e-25
 3.80511e-01  7.65850e+05  5.56803e+43  7.40366e+05  4.37846e+43  6.91914e+05  1.52143e+43  5.27805e+05  3.60408e+41  3.97240e-25
 3.92947e-01  7.65850e+05  5.36418e+43  7.40366e+05  4.05423e+43  6.68890e+05  1.51342e+43  5.27805e+05  1.75677e+41  3.97240e-25
 4.05790e-01  7.40366e+05  5.17505e+43  7.40366e+05  3.91146e+43  6.68890e+05  1.31368e+43  5.27805e+05  1.45463e+41  3.97240e-25
 4.19052e-01  7.40366e+05  4.75096e+43  7.15730e+05  3.77057e+43  6.68890e+05  1.21449e+43  5.27805e+05  2.69640e+41  3.97240e-25
 4.32748e-01  7.40366e+05  4.53667e+43  7.15730e+05  3.42389e+43  6.68890e+05  1.21542e+43  5.10242e+05  3.50152e+41  3.97240e-25
 4.46891e-01  7.15730e+05  4.47883e+43  7.15730e+05  3.25606e+43  6.46632e+05  1.10317e+43  5.10242e+05  1.25597e+41  3.97240e-25
 4.61496e-01  7.15730e+05  4.02950e+43  6.91914e+05  3.26529e+43  6.46632e+05  9.61515e+42  5.10242e+05  5.53507e+40  3.97240e-25
 4.76579e-01  7.15730e+05  3.78700e+43  6.91914e+05  2.88032e+43  6.46632e+05  9.18944e+42  5.10242e+05  1.39123e+41  3.97240e-25
 4.92155e-01  7.15730e+05  3.75031e+43  6.91914e+05  2.67193e+43  6.25115e+05  9.70473e+42  5.10242e+05  3.77260e+41  3.97240e-25
 5.08240e-01  6.91914e+05  3.41251e+43  6.91914e+05  2.63928e+43  6.25115e+05  7.76640e+42  4.93264e+05  2.00218e+41  3.97240e-25
 5.24851e-01  6.91914e+05  3.12382e+43  6.68890e+05  2.43633e+43  6.25115e+05  6.81123e+42  4.93264e+05  6.70316e+40  3.97240e-25
 5.42004e-01  6.91914e+05  3.03820e+43  6.68890e+05  2.17160e+43  6.25115e+05  6.83527e+42  4.93264e+05  8.79124e+40  3.97240e-25
 5.59718e-01  6.68890e+05  2.91490e+43  6.68890e+05  2.08053e+43  6.04314e+05  6.78433e+42  4.93264e+05  2.62946e+41  3.97240e-25
 5.78011e-01  6.68890e+05  2.56167e+43  6.46632e+05  2.11070e+43  6.04314e+05  5.19971e+42  4.76850e+05  4.42798e+41  3.97240e-25
 5.96902e-01  6.68890e+05  2.40918e+43  6.46632e+05  1.77329e+43  6.04314e+05  4.58764e+42  4.76850e+05  2.21672e+41  3.97240e-25
 6.16411e-01  6.68890e+05  2.45682e+43  6.46632e+05  1.60788e+43  6.04314e+05  4.94557e+42  4.76850e+05  1.55252e+41  3.97240e-25
 6.36557e-01  6.46632e+05  2.12173e+43  6.46632e+05  1.61381e+43  5.84205e+05  4.58655e+42  4.76850e+05  2.43264e+41  3.97240e-25
 6.57361e-01  6.46632e+05  1.88390e+43  6.25115e+05  1.50184e+43  5.84205e+05  3.23443e+42  4.76850e+05  4.86072e+41  3.97240e-25
 6.78845e-01  6.46632e+05  1.84401e+43  6.25115e+05  1.24551e+43  5.84205e+05  2.84672e+42  4.60983e+05  5.80375e+41  3.97240e-25
 7.01032e-01  6.25115e+05  1.83290e+43  6.25115e+05  1.15901e+43  5.84205e+05  3.42181e+42  4.60983e+05  3.99445e+41  3.97240e-25
 7.23943e-01  6.25115e+05  1.49042e+43  6.25115e+05  1.24197e+43  5.64766e+05  3.06112e+42  4.60983e+05  3.73958e+41  3.97240e-25
 7.47603e-01  6.25115e+05  1.34425e+43  6.04314e+05  1.02510e+43  5.64766e+05  1.81839e+42  4.60983e+05  5.03808e+41  3.97240e-25
 7.72037e-01  6.25115e+05  1.39380e+43  6.04314e+05  8.29116e+42  5.64766e+05  1.53422e+42  4.60983e+05  7.89532e+41  3.97240e-25
 7.97269e-01  6.04314e+05  1.26562e+43  6.04314e+05  8.01234e+42  5.64766e+05  2.20741e+42  4.45643e+05  9.05045e+41  3.97240e-25
 8.23326e-01  6.04314e+05  9.93331e+42  6.04314e+05  9.41339e+42  5.45973e+05  2.21043e+42  4.45643e+05  7.35762e+41  3.97240e-25
 8.50234e-01  6.04314e+05  9.15301e+42  5.84205e+05  6.63672e+42  5.45973e+05  9.50158e+41  4.45643e+05  7.23315e+41  3.97240e-25
 8.78022e-01  6.04314e+05  1.03121e+43  5.84205e+05  5.07255e+42  5.45973e+05  6.44836e+41  4.45643e+05  8.67649e+41  3.97240e-25
 9.06718e-01  5.84205e+05  8.37229e+42  5.84205e+05  5.17609e+42  5.45973e+05  1.29321e+42  4.45643e+05  1.16936e+42  3.97240e-25
 9.36352e-01  5.84205e+05  6.11024e+42  5.84205e+05  6.94777e+42  5.27805e+05  2.09850e+42  4.30814e+05  1.44559e+42  3.97240e-25
 9.66955e-01  5.84205e+05  5.77493e+42  5.64766e+05  4.08707e+42  5.27805e+05  6.87606e+41  4.30814e+05  1.25613e+42  3.97240e-25
 9.98557e-01  5.84205e+05  7.36499e+42  5.64766e+05  2.70736e+42  5.27805e+05  2.30585e+41  4.30814e+05  1.22566e+42  3.97240e-25
 1.03119e+00  5.64766e+05  5.37612e+42  5.64766e+05  2.98557e+42  5.27805e+05  7.25541e+41  4.30814e+05  1.35405e+42  3.97240e-25
 1.06489e+00  5.64766e+05  3.32986e+42  5.64766e+05  4.92286e+42  5.27805e+05  2.17452e+42  4.30814e+05  1.64184e+42  3.97240e-25
 1.09970e+00  5.64766e+05  3.19884e+42  5.45973e+05  2.60322e+42  5.10242e+05  1.16065e+42  4.30814e+05  2.09021e+42  3.97240e-25
 1.13564e+00  5.64766e+05  4.98252e+42  5.45973e+05  1.19009e+42  5.10242e+05  4.12860e+41  4.16479e+05  2.01994e+42  3.97240e-25
 1.17276e+00  5.45973e+05  3.67079e+42  5.45973e+05  1.42861e+42  5.10242e+05  6.17800e+41  4.16479e+05  1.93555e+42  3.97240e-25
 1.21108e+00  5.45973e+05  1.58763e+42  5.45973e+05  3.31975e+42  5.10242e+05  1.77632e+42  4.16479e+05  2.01295e+42  3.97240e-25
 1.25067e+00  5.45973e+05  1.41250e+42  5.27805e+05  2.29111e+42  4.93264e+05  2.59015e+42  4.16479e+05  2.25248e+42  3.97240e-25
 1.29154e+00  5.45973e+05  3.14468e+42  5.27805e+05  6.16288e+41  4.93264e+05  1.40033e+42  4.16479e+05  2.65512e+42  3.97240e-25
 1.33375e+00  5.27805e+05  3.38154e+42  5.27805e+05  5.90733e+41  4.93264e+05  1.16733e+42  4.02620e+05  3.14025e+42  3.97240e-25
 1.37734e+00  5.27805e+05  9.96663e+41  5.27805e+05  2.21434e+42  4.93264e+05  1.89019e+42  4.02620e+05  2.95836e+42  3.97240e-25
 1.42236e+00  5.27805e+05  5.17376e+41  5.10242e+05  3.38410e+42  4.93264e+05  3.57188e+42  4.02620e+05  2.94250e+42  3.97240e-25
 1.46884e+00  5.27805e+05  1.94169e+42  5.10242e+05  1.20406e+42  4.76850e+05  3.51608e+42  4.02620e+05  3.09260e+42  3.97240e-25
 1.51685e+00  5.10242e+05  4.78215e+42  5.10242e+05  6.75716e+41  4.76850e+05  2.68097e+42  4.02620e+05  3.40930e+42  3.97240e-25
 1.56642e+00  5.10242e+05  1.81288e+42  5.10242e+05  1.79689e+42  4.76850e+05  2.80798e+42  4.02620e+05  3.89389e+42  3.97240e-25
 1.61762e+00  5.10242e+05  7.52579e+41  5.10242e+05  4.57221e+42  4.76850e+05  3.89763e+42  3.89223e+05  4.48792e+42  3.97240e-25
 1.67049e+00  5.10242e+05  1.59686e+42  4.93264e+05  3.32600e+42  4.76850e+05  5.95443e+42  3.89223e+05  4.32439e+42  3.97240e-25
 1.72508e+00  5.10242e+05  4.34921e+42  4.93264e+05  2.03575e+42  4.60983e+05  5.61502e+42  3.89223e+05  4.33254e+42  3.97240e-25
 1.78146e+00  4.93264e+05  4.47234e+42  4.93264e+05  2.40064e+42  4.60983e+05  4.96408e+42  3.89223e+05  4.51241e+42  3.97240e-25
 1.83968e+00  4.93264e+05  2.53020e+42  4.93264e+05  4.42218e+42  4.60983e+05  5.28471e+42  3.89223e+05  4.86474e+42  3.97240e-25
 1.89981e+00  4.93264e+05  2.49999e+42  4.76850e+05  7.55777e+42  4.60983e+05  6.57823e+42  3.89223e+05  5.39100e+42  3.97240e-25
 1.96190e+00  4.93264e+05  4.38159e+42  4.76850e+05  5.21712e+42  4.60983e+05  8.85000e+42  3.89223e+05  6.09335e+42  3.97240e-25
 2.02602e+00  4.93264e+05  8.18278e+42  4.76850e+05  4.54478e+42  4.45643e+05  8.99664e+42  3.76271e+05  6.29686e+42  3.97240e-25
 2.09224e+00  4.76850e+05  6.48880e+42  4.76850e+05  5.53796e+42  4.45643e+05  8.34087e+42  3.76271e+05  6.26949e+42  3.97240e-25
 2.16062e+00  4.76850e+05  5.25776e+42  4.76850e+05  8.20078e+42  4.45643e+05  8.67063e+42  3.76271e+05  6.42186e+42  3.97240e-25
 2.23123e+00  4.76850e+05  5.94994e+42  4.60983e+05  1.10319e+43  4.45643e+05  9.98731e+42  3.76271e+05  6.75460e+42  3.97240e-25
 2.30415e+00  4.76850e+05  8.56821e+42  4.60983e+05  9.00166e+42  4.45643e+05  1.22963e+43  3.76271e+05  7.26907e+42  3.97240e-25
 2.37946e+00  4.76850e+05  1.31234e+43  4.60983e+05  8.65540e+42  4.30814e+05  1.39658e+43  3.76271e+05  7.96742e+42  3.97240e-25
 2.45723e+00  4.60983e+05  1.07725e+43  4.60983e+05  9.99167e+42  4.30814e+05  1.30877e+43  3.76271e+05  8.85254e+42  3.97240e-25
 2.53753e+00  4.60983e+05  9.91358e+42  4.60983e+05  1.30160e+43  4.30814e+05  1.32147e+43  3.63750e+05  9.16605e+42  3.97240e-25
 2.62047e+00  4.60983e+05  1.09971e+43  4.45643e+05  1.69068e+43  4.30814e+05  1.43474e+43  3.63750e+05  9.20420e+42  3.97240e-25
 2.70611e+00  4.60983e+05  1.40277e+43  4.45643e+05  1.48549e+43  4.30814e+05  1.64906e+43  3.63750e+05  9.43424e+42  3.97240e-25
 2.79455e+00  4.60983e+05  1.90177e+43  4.45643e+05  1.45112e+43  4.30814e+05  1.96530e+43  3.63750e+05  9.85712e+42  3.97240e-25
 2.88589e+00  4.45643e+05  1.75346e+43  4.45643e+05  1.58743e+43  4.16479e+05  1.97663e+43  3.63750e+05  1.04746e+43  3.97240e-25
 2.98021e+00  4.45643e+05  1.66720e+43  4.45643e+05  1.89498e+43  4.16479e+05  1.94363e+43  3.63750e+05  1.12892e+43  3.97240e-25
 3.07761e+00  4.45643e+05  1.77799e+43  4.45643e+05  2.37504e+43  4.16479e+05  2.01378e+43  3.63750e+05  1.23043e+43  3.97240e-25
 3.17819e+00  4.45643e+05  2.08629e+43  4.30814e+05  2.32819e+43  4.16479e+05  2.18737e+43  3.63750e+05  1.35241e+43  3.97240e-25
 3.28206e+00  4.45643e+05  2.59336e+43  4.30814e+05  2.25688e+43  4.16479e+05  2.46510e+43  3.51646e+05  1.39079e+43  3.97240e-25
 3.38933e+00  4.30814e+05  2.73719e+43  4.30814e+05  2.35958e+43  4.16479e+05  2.84815e+43  3.51646e+05  1.40932e+43  3.97240e-25
 3.50010e+00  4.30814e+05  2.60734e+43  4.30814e+05  2.63671e+43  4.02620e+05  2.83076e+43  3.51646e+05  1.44907e+43  3.97240e-25
 3.61449e+00  4.30814e+05  2.67842e+43  4.30814e+05  3.08943e+43  4.02620e+05  2.82656e+43  3.51646e+05  1.51018e+43  3.97240e-25
 3.73262e+00  4.30814e+05  2.95074e+43  4.16479e+05  3.52972e+43  4.02620e+05  2.92916e+43  3.51646e+05  1.59293e+43  3.97240e-25
 3.85462e+00  4.30814e+05  3.42541e+43  4.16479e+05  3.37670e+43  4.02620e+05  3.13899e+43  3.51646e+05  1.69765e+43  3.97240e-25
 3.98060e+00  4.30814e+05  4.10441e+43  4.16479e+05  3.40233e+43  4.02620e+05  3.45690e+43  3.51646e+05  1.82477e+43  3.97240e-25
 4.11069e+00  4.16479e+05  3.92220e+43  4.16479e+05  3.60671e+43  4.02620e+05  3.88423e+43  3.51646e+05  1.97483e+43  3.97240e-25
 4.24504e+00  4.16479e+05  3.90306e+43  4.16479e+05  3.99069e+43  3.89223e+05  4.04257e+43  3.51646e+05  2.14843e+43  3.97240e-25
 4.38378e+00  4.16479e+05  4.09022e+43  4.16479e+05  4.55586e+43  3.89223e+05  4.03334e+43  3.51646e+05  2.34631e+43  3.97240e-25
 4.52705e+00  4.16479e+05  4.48446e+43  4.02620e+05  4.98530e+43  3.89223e+05  4.13591e+43  3.39945e+05  2.39416e+43  3.97240e-25
 4.67501e+00  4.16479e+05  5.08740e+43  4.02620e+05  4.87880e+43  3.89223e+05  4.35069e+43  3.39945e+05  2.44952e+43  3.97240e-25
 4.82780e+00  4.02620e+05  5.81679e+43  4.02620e+05  4.95716e+43  3.89223e+05  4.67858e+43  3.39945e+05  2.53039e+43  3.97240e-25
 4.98558e+00  4.02620e+05  5.64333e+43  4.02620e+05  5.22071e+43  3.89223e+05  5.12094e+43  3.39945e+05  2.63712e+43  3.97240e-25
 5.14853e+00  4.02620e+05  5.68336e+43  4.02620e+05  5.67053e+43  3.89223e+05  5.67959e+43  3.39945e+05  2.77014e+43  3.97240e-25
 5.31679e+00  4.02620e+05  5.93707e+43  4.02620e+05  6.30849e+43  3.76271e+05  5.75018e+43  3.39945e+05  2.93000e+43  3.97240e-25
 5.49056e+00  4.02620e+05  6.40548e+43  3.89223e+05  7.09295e+43  3.76271e+05  5.80596e+43  3.39945e+05  3.11737e+43  3.97240e-25
 5.67001e+00  4.02620e+05  7.09056e+43  3.89223e+05  6.97303e+43  3.76271e+05  5.98086e+43  3.39945e+05  3.33302e+43  3.97240e-25
 5.85532e+00  4.02620e+05  7.99512e+43  3.89223e+05  7.04663e+43  3.76271e+05  6.27562e+43  3.39945e+05  3.57784e+43  3.97240e-25
 6.04668e+00  3.89223e+05  8.06429e+43  3.89223e+05  7.31407e+43  3.76271e+05  6.69145e+43  3.39945e+05  3.85285e+43  3.97240e-25
 6.24430e+00  3.89223e+05  8.09647e+43  3.89223e+05  7.77644e+43  3.76271e+05  7.23008e+43  3.39945e+05  4.15918e+43  3.97240e-25
 6.44838e+00  3.89223e+05  8.35231e+43  3.89223e+05  8.43568e+43  3.76271e+05  7.89373e+43  3.39945e+05  4.49810e+43  3.97240e-25
 6.65913e+00  3.89223e+05  8.83285e+43  3.89223e+05  9.29449e+43  3.63750e+05  8.36519e+43  3.39945e+05  4.87101e+43  3.97240e-25
 6.87677e+00  3.89223e+05  9.54009e+43  3.76271e+05  9.99579e+43  3.63750e+05  8.42628e+43  3.39945e+05  5.27946e+43  3.97240e-25
 7.10152e+00  3.89223e+05  1.04770e+44  3.76271e+05  9.98173e+43  3.63750e+05  8.61734e+43  3.39945e+05  5.72514e+43  3.97240e-25
 7.33362e+00  3.76271e+05  1.15807e+44  3.76271e+05  1.01737e+44  3.63750e+05  8.93917e+43  3.39945e+05  6.20990e+43  3.97240e-25
 7.57330e+00  3.76271e+05  1.15083e+44  3.76271e+05  1.05724e+44  3.63750e+05  9.39309e+43  3.39945e+05  6.73573e+43  3.97240e-25
 7.82082e+00  3.76271e+05  1.16736e+44  3.76271e+05  1.11795e+44  3.63750e+05  9.98099e+43  3.39945e+05  7.30481e+43  3.97240e-25
 8.07642e+00  3.76271e+05  1.20774e+44  3.76271e+05  1.19975e+44  3.63750e+05  1.07053e+44  3.39945e+05  7.91951e+43  3.97240e-25
 8.34038e+00  3.76271e+05  1.27214e+44  3.76271e+05  1.30299e+44  3.63750e+05  1.15690e+44  3.39945e+05  8.58236e+43  3.97240e-25
 8.61296e+00  3.76271e+05  1.36081e+44  3.76271e+05  1.42809e+44  3.63750e+05  1.25757e+44  3.39945e+05  9.29610e+43  3.97240e-25
 8.89446e+00  3.76271e+05  1.47413e+44  3.63750e+05  1.45136e+44  3.51646e+05  1.28661e+44  3.39945e+05  1.00637e+44  3.97240e-25
 9.18515e+00  3.76271e+05  1.61257e+44  3.63750e+05  1.47233e+44  3.51646e+05  1.31056e+44  3.39945e+05  1.08883e+44  3.97240e-25
 9.48535e+00  3.63750e+05  1.67395e+44  3.63750e+05  1.51586e+44  3.51646e+05  1.34945e+44  3.39945e+05  1.17734e+44  3.97240e-25
 9.79535e+00  3.63750e+05  1.69203e+44  3.63750e+05  1.58213e+44  3.51646e+05  1.40343e+44  3.28633e+05  1.22179e+44  3.97240e-25
 1.01155e+01  3.63750e+05  1.73612e+44  3.63750e+05  1.67142e+44  3.51646e+05  1.47272e+44  3.28633e+05  1.25990e+44  3.97240e-25
 1.04461e+01  3.63750e+05  1.80642e+44  3.63750e+05  1.78409e+44  3.51646e+05  1.55762e+44  3.28633e+05  1.30476e+44  3.97240e-25
 1.07875e+01  3.63750e+05  1.90320e+44  3.63750e+05  1.92061e+44  3.51646e+05  1.65848e+44  3.28633e+05  1.35655e+44  3.97240e-25
 1.11401e+01  3.63750e+05  2.02688e+44  3.63750e+05  2.08155e+44  3.51646e+05  1.77571e+44  3.28633e+05  1.41550e+44  3.97240e-25
 1.15041e+01  3.63750e+05  2.17796e+44  3.51646e+05  2.21725e+44  3.51646e+05  1.90981e+44  3.28633e+05  1.48184e+44  3.97240e-25
 1.18801e+01  3.63750e+05  2.35706e+44  3.51646e+05  2.24488e+44  3.51646e+05  2.06131e+44  3.28633e+05  1.55585e+44  3.97240e-25
 1.22684e+01  3.51646e+05  2.55704e+44  3.51646e+05  2.29827e+44  3.51646e+05  2.23086e+44  3.28633e+05  1.63784e+44  3.97240e-25
 1.26694e+01  3.51646e+05  2.58194e+44  3.51646e+05  2.37764e+44  3.39945e+05  2.27440e+44  3.28633e+05  1.72815e+44  3.97240e-25
 1.30834e+01  3.51646e+05  2.63655e+44  3.51646e+05  2.48331e+44  3.39945e+05  2.33104e+44  3.28633e+05  1.82714e+44  3.97240e-25
 1.35110e+01  3.51646e+05  2.72107e+44  3.51646e+05  2.61573e+44  3.39945e+05  2.40684e+44  3.28633e+05  1.93524e+44  3.97240e-25
 1.39526e+01  3.51646e+05  2.83588e+44  3.51646e+05  2.77545e+44  3.39945e+05  2.50210e+44  3.28633e+05  2.05288e+44  3.97240e-25
 1.44086e+01  3.51646e+05  2.98143e+44  3.51646e+05  2.96311e+44  3.39945e+05  2.61724e+44  3.28633e+05  2.18055e+44  3.97240e-25
 1.48795e+01  3.51646e+05  3.15834e+44  3.51646e+05  3.17951e+44  3.39945e+05  2.75271e+44  3.28633e+05  2.31879e+44  3.97240e-25
 1.53658e+01  3.51646e+05  3.36733e+44  3.51646e+05  3.42553e+44  3.39945e+05  2.90909e+44  3.28633e+05  2.46816e+44  3.97240e-25
 1.58680e+01  3.51646e+05  3.60927e+44  3.51646e+05  3.70219e+44  3.39945e+05  3.08702e+44  3.28633e+05  2.62929e+44  3.97240e-25
 1.63866e+01  3.51646e+05  3.88517e+44  3.39945e+05  3.90070e+44  3.39945e+05  3.28723e+44  3.28633e+05  2.80283e+44  3.97240e-25
 1.69222e+01  3.51646e+05  4.19615e+44  3.39945e+05  3.98109e+44  3.39945e+05  3.51056e+44  3.28633e+05  2.98951e+44  3.97240e-25
 1.74753e+01  3.39945e+05  4.48770e+44  3.39945e+05  4.09442e+44  3.39945e+05  3.75793e+44  3.28633e+05  3.19010e+44  3.97240e-25
 1.80464e+01  3.39945e+05  4.57160e+44  3.39945e+05  4.24117e+44  3.39945e+05  4.03036e+44  3.28633e+05  3.40543e+44  3.97240e-25
 1.86362e+01  3.39945e+05  4.69344e+44  3.39945e+05  4.42193e+44  3.39945e+05  4.32897e+44  3.28633e+05  3.63639e+44  3.97240e-25
 1.92453e+01  3.39945e+05  4.85371e+44  3.39945e+05  4.63747e+44  3.39945e+05  4.65502e+44  3.28633e+05  3.88394e+44  3.97240e-25
 1.98743e+01  3.39945e+05  5.05308e+44  3.39945e+05  4.88866e+44  3.39945e+05  5.00984e+44  3.28633e+05  4.14910e+44  3.97240e-25
 2.05238e+01  3.39945e+05  5.29239e+44  3.39945e+05  5.17655e+44  3.39945e+05  5.39490e+44  3.28633e+05  4.43296e+44  3.97240e-25
 2.11946e+01  3.39945e+05  5.57260e+44  3.39945e+05  5.50233e+44  3.39945e+05  5.81179e+44  3.28633e+05  4.73672e+44  3.97240e-25
 2.18873e+01  3.39945e+05  5.89490e+44  3.39945e+05  5.86734e+44  3.39945e+05  6.26226e+44  3.28633e+05  5.06161e+44  3.97240e-25
 2.26026e+01  3.39945e+05  6.26060e+44  3.39945e+05  6.27311e+44  3.39945e+05  6.74814e+44  3.28633e+05  5.40899e+44  3.97240e-25
 2.33413e+01  3.39945e+05  6.67123e+44  3.39945e+05  6.72131e+44  3.39945e+05  7.27147e+44  3.28633e+05  5.78029e+44  3.97240e-25
 2.41042e+01  3.39945e+05  7.12848e+44  3.39945e+05  7.21379e+44  3.39945e+05  7.83439e+44  3.28633e+05  6.17705e+44  3.97240e-25
 2.48920e+01  3.39945e+05  7.63425e+44  3.39945e+05  7.75258e+44  3.39945e+05  8.43925e+44  3.28633e+05  6.60091e+44  3.97240e-25
 2.57055e+01  3.39945e+05  8.19062e+44  3.39945e+05  8.33993e+44  3.39945e+05  9.08855e+44  3.28633e+05  7.05362e+44  3.97240e-25
 2.65456e+01  3.39945e+05  8.79991e+44  3.39945e+05  8.97827e+44  3.39945e+05  9.78496e+44  3.28633e+05  7.53707e+44  3.97240e-25
 2.74132e+01  3.39945e+05  9.46463e+44  3.39945e+05  9.67022e+44  3.39945e+05  1.05314e+45  3.28633e+05  8.05324e+44  3.97240e-25
 2.83091e+01  3.39945e+05  1.01875e+45  3.39945e+05  1.04187e+45  3.28633e+05  1.08245e+45  3.28633e+05  8.60428e+44  3.97240e-25
 2.92343e+01  3.39945e+05  1.09716e+45  3.39945e+05  1.12267e+45  3.28633e+05  1.11543e+45  3.28633e+05  9.19247e+44  3.97240e-25
 3.01898e+01  3.39945e+05  1.18201e+45  3.39945e+05  1.20976e+45  3.28633e+05  1.15399e+45  3.28633e+05  9.82024e+44  3.97240e-25
 3.11765e+01  3.39945e+05  1.27365e+45  3.39945e+05  1.30351e+45  3.28633e+05  1.19827e+45  3.28633e+05  1.04902e+45  3.97240e-25
 3.21954e+01  3.39945e+05  1.37247e+45  3.39945e+05  1.40430e+45  3.28633e+05  1.24846e+45  3.28633e+05  1.12051e+45  3.97240e-25
 3.32476e+01  3.39945e+05  1.47887e+45  3.39945e+05  1.51255e+45  3.28633e+05  1.30477e+45  3.28633e+05  1.19679e+45  3.97240e-25
 3.43343e+01  3.39945e+05  1.59329e+45  3.39945e+05  1.62871e+45  3.28633e+05  1.36743e+45  3.28633e+05  1.27818e+45  3.97240e-25
 3.54564e+01  3.39945e+05  1.71620e+45  3.39945e+05  1.75325e+45  3.28633e+05  1.43670e+45  3.28633e+05  1.36501e+45  3.97240e-25
 3.66152e+01  3.39945e+05  1.84812e+45  3.28633e+05  1.84802e+45  3.28633e+05  1.51287e+45  3.28633e+05  1.45764e+45  3.97240e-25
 3.78119e+01  3.39945e+05  1.98958e+45  3.28633e+05  1.90005e+45  3.28633e+05  1.59625e+45  3.28633e+05  1.55646e+45  3.97240e-25
 3.90477e+01  3.28633e+05  2.12128e+45  3.28633e+05  1.96159e+45  3.28633e+05  1.68718e+45  3.28633e+05  1.66188e+45  3.97240e-25
 4.03238e+01  3.28633e+05  2.17880e+45  3.28633e+05  2.03289e+45  3.28633e+05  1.78605e+45  3.28633e+05  1.77432e+45  3.97240e-25
 4.16417e+01  3.28633e+05  2.24724e+45  3.28633e+05  2.11425e+45  3.28633e+05  1.89327e+45  3.28633e+05  1.89427e+45  3.97240e-25
 4.30027e+01  3.28633e+05  2.32688e+45  3.28633e+05  2.20601e+45  3.28633e+05  2.00926e+45  3.28633e+05  2.02220e+45  3.97240e-25
 4.44081e+01  3.28633e+05  2.41805e+45  3.28633e+05  2.30855e+45  3.28633e+05  2.13453e+45  3.28633e+05  2.15866e+45  3.97240e-25
 4.58595e+01  3.28633e+05  2.52113e+45  3.28633e+05  2.42228e+45  3.28633e+05  2.26958e+45  3.28633e+05  2.30421e+45  3.97240e-25
 4.73583e+01  3.28633e+05  2.63655e+45  3.28633e+05  2.54769e+45  3.28633e+05  2.41497e+45  3.28633e+05  2.45944e+45  3.97240e-25
 4.89061e+01  3.28633e+05  2.76478e+45  3.28633e+05  2.68529e+45  3.28633e+05  2.57131e+45  3.28633e+05  2.62501e+45  3.97240e-25
 5.05045e+01  3.28633e+05  2.90635e+45  3.28633e+05  2.83565e+45  3.28633e+05  2.73924e+45  3.28633e+05  2.80160e+45  3.97240e-25
 5.21551e+01  3.28633e+05  3.06185e+45  3.28633e+05  2.99939e+45  3.28633e+05  2.91945e+45  3.28633e+05  2.98993e+45  3.97240e-25
 5.38597e+01  3.28633e+05  3.23192e+45  3.28633e+05  3.17719e+45  3.28633e+05  3.11270e+45  3.28633e+05  3.19079e+45  3.97240e-25
 5.56199e+01  3.28633e+05  3.41727e+45  3.28633e+05  3.36978e+45  3.28633e+05  3.31979e+45  3.28633e+05  3.40501e+45  3.97240e-25
 5.74378e+01  3.28633e+05  3.61867e+45  3.28633e+05  3.57797e+45  3.28633e+05  3.54156e+45  3.28633e+05  3.63347e+45  3.97240e-25
 5.93150e+01  3.28633e+05  3.83694e+45  3.28633e+05  3.80261e+45  3.28633e+05  3.77894e+45  3.28633e+05  3.87713e+45  3.97240e-25
 6.12535e+01  3.28633e+05  4.07299e+45  3.28633e+05  4.04463e+45  3.28633e+05  4.03291e+45  3.28633e+05  4.13698e+45  3.97240e-25
 6.32555e+01  3.28633e+05  4.32780e+45  3.28633e+05  4.30504e+45  3.28633e+05  4.30452e+45  3.28633e+05  4.41411e+45  3.97240e-25
 6.53228e+01  3.28633e+05  4.60242e+45  3.28633e+05  4.58491e+45  3.28633e+05  4.59490e+45  3.28633e+05  4.70966e+45  3.97240e-25
 6.74577e+01  3.28633e+05  4.89799e+45  3.28633e+05  4.88541e+45  3.28633e+05  4.90525e+45  3.28633e+05  5.02486e+45  3.97240e-25
 6.96624e+01  3.28633e+05  5.21573e+45  3.28633e+05  5.20777e+45  3.28633e+05  5.23684e+45  3.28633e+05  5.36100e+45  3.97240e-25
 7.19392e+01  3.28633e+05  5.55695e+45  3.28633e+05  5.55332e+45  3.28633e+05  5.59106e+45  3.28633e+05  5.71949e+45  3.97240e-25
 7.42903e+01  3.28633e+05  5.92308e+45  3.28633e+05  5.92351e+45  3.28633e+05  5.96937e+45  3.28633e+05  6.10180e+45  3.97240e-25
 7.67183e+01  3.28633e+05  6.31562e+45  3.28633e+05  6.31986e+45  3.28633e+05  6.37333e+45  3.28633e+05  6.50951e+45  3.97240e-25
 7.92257e+01  3.28633e+05  6.73620e+45  3.28633e+05  6.74401e+45  3.28633e+05  6.80462e+45  3.28633e+05  6.94432e+45  3.97240e-25
 8.18150e+01  3.28633e+05  7.18655e+45  3.28633e+05  7.19771e+45  3.28633e+05  7.26502e+45  3.28633e+05  7.40801e+45  3.97240e-25
 8.44889e+01  3.28633e+05  7.66855e+45  3.28633e+05  7.68285e+45  3.28633e+05  7.75644e+45  3.28633e+05  7.90253e+45  3.97240e-25
 8.72502e+01  3.28633e+05  8.18419e+45  3.28633e+05  8.20143e+45  3.28633e+05  8.28091e+45  3.28633e+05  8.42989e+45  3.97240e-25
 9.01018e+01  3.28633e+05  8.73560e+45  3.28633e+05  8.75560e+45  3.28633e+05  8.84060e+45  3.28633e+05  8.99230e+45  3.97240e-25
 9.30466e+01  3.28633e+05  9.32506e+45  3.28633e+05  9.34765e+45  3.28633e+05  9.43783e+45  3.28633e+05  9.59208e+45  3.97240e-25
 9.60876e+01  3.28633e+05  9.95502e+45  3.28633e+05  9.98003e+45  3.28633e+05  1.00751e+46  3.28633e+05  1.02317e+46  3.97240e-25
 9.92280e+01  3.28633e+05  1.06281e+46  3.28633e+05  1.06554e+46  3.28633e+05  1.07549e+46  3.28633e+05  1.09138e+46  3.97240e-25
 1.02471e+02  3.28633e+05  1.13470e+46  3.28633e+05  1.13764e+46  3.28633e+05  1.14803e+46  3.28633e+05  1.16413e+46  3.97240e-25
 1.05820e+02  3.28633e+05  1.21148e+46  3.28633e+05  1.21462e+46  3.28633e+05  1.22541e+46  3.28633e+05  1.24171e+46  3.97240e-25
 1.09278e+02  3.28633e+05  1.29346e+46  3.28633e+05  1.29680e+46  3.28633e+05  1.30796e+46  3.28633e+05  1.32444e+46  3.97240e-25
 1.12850e+02  3.28633e+05  1.38099e+46  3.28633e+05  1.38450e+46  3.28633e+05  1.39601e+46  3.28633e+05  1.41267e+46  3.97240e-25
 1.16538e+02  3.28633e+05  1.47442e+46  3.28633e+05  1.47810e+46  3.28633e+05  1.48994e+46  3.28633e+05  1.50676e+46  3.97240e-25
 1.20347e+02  3.28633e+05  1.57415e+46  3.28633e+05  1.57797e+46  3.28633e+05  1.59013e+46  3.28633e+05  1.60710e+46  3.97240e-25
 1.24280e+02  3.28633e+05  1.68058e+46  3.28633e+05  1.68455e+46  3.28633e+05  1.69699e+46  3.28633e+05  1.71410e+46  3.97240e-25
 1.28342e+02  3.28633e+05  1.79415e+46  3.28633e+05  1.79826e+46  3.28633e+05  1.81097e+46  3.28633e+05  1.82822e+46  3.97240e-25
 1.32537e+02  3.28633e+05  1.91534e+46  3.28633e+05  1.91958e+46  3.28633e+05  1.93255e+46  3.28633e+05  1.94992e+46  3.97240e-25
 1.36868e+02  3.28633e+05  2.04465e+46  3.28633e+05  2.04900e+46  3.28633e+05  2.06221e+46  3.28633e+05  2.07970e+46  3.97240e-25
 1.41341e+02  3.28633e+05  2.18260e+46  3.28633e+05  2.18707e+46  3.28633e+05  2.20050e+46  3.28633e+05  2.21811e+46  3.97240e-25
 1.45961e+02  3.28633e+05  2.32979e+46  3.28633e+05  2.33436e+46  3.28633e+05  2.34800e+46  3.17698e+05  2.30276e+46  3.97240e-25
 1.50731e+02  3.28633e+05  2.48680e+46  3.28633e+05  2.49147e+46  3.28633e+05  2.50531e+46  3.17698e+05  2.36192e+46  3.97240e-25
 1.55658e+02  3.28633e+05  2.65429e+46  3.28633e+05  2.65906e+46  3.28633e+05  2.67308e+46  3.17698e+05  2.43086e+46  3.97240e-25
 1.60745e+02  3.28633e+05  2.83296e+46  3.28633e+05  2.83781e+46  3.28633e+05  2.85201e+46  3.17698e+05  2.50988e+46  3.97240e-25
 1.65998e+02  3.28633e+05  3.02354e+46  3.28633e+05  3.02848e+46  3.28633e+05  3.04284e+46  3.17698e+05  2.59930e+46  3.97240e-25
 1.71424e+02  3.28633e+05  3.22683e+46  3.28633e+05  3.23184e+46  3.28633e+05  3.24635e+46  3.17698e+05  2.69950e+46  3.97240e-25
 1.77026e+02  3.28633e+05  3.44366e+46  3.28633e+05  3.44874e+46  3.28633e+05  3.46340e+46  3.17698e+05  2.81088e+46  3.97240e-25
 1.82812e+02  3.28633e+05  3.67493e+46  3.28633e+05  3.68008e+46  3.28633e+05  3.69487e+46  3.17698e+05  2.93391e+46  3.97240e-25
 1.88787e+02  3.28633e+05  3.92160e+46  3.28633e+05  3.92681e+46  3.28633e+05  3.94173e+46  3.17698e+05  3.06910e+46  3.97240e-25
 1.94957e+02  3.28633e+05  4.18469e+46  3.28633e+05  4.18996e+46  3.28633e+05  4.20500e+46  3.17698e+05  3.21701e+46  3.97240e-25
 2.01328e+02  3.28633e+05  4.46529e+46  3.28633e+05  4.47062e+46  3.28633e+05  4.48576e+46  3.17698e+05  3.37824e+46  3.97240e-25
 2.07908e+02  3.28633e+05  4.76456e+46  3.28633e+05  4.76994e+46  3.28633e+05  4.78518e+46  3.17698e+05  3.55347e+46  3.97240e-25
 2.14703e+02  3.28633e+05  5.08374e+46  3.28633e+05  5.08916e+46  3.28633e+05  5.10451e+46  3.17698e+05  3.74342e+46  3.97240e-25
 2.21720e+02  3.28633e+05  5.42414e+46  3.28633e+05  5.42961e+46  3.28633e+05  5.44505e+46  3.17698e+05  3.94888e+46  3.97240e-25
 2.28967e+02  3.28633e+05  5.78718e+46  3.28633e+05  5.79270e+46  3.28633e+05  5.80822e+46  3.17698e+05  4.17069e+46  3.97240e-25
 2.36450e+02  3.28633e+05  6.17437e+46  3.28633e+05  6.17992e+46  3.28633e+05  6.19552e+46  3.17698e+05  4.40978e+46  3.97240e-25
 2.44178e+02  3.28633e+05  6.58729e+46  3.28633e+05  6.59288e+46  3.28633e+05  6.60856e+46  3.17698e+05  4.66714e+46  3.97240e-25
 2.52158e+02  3.28633e+05  7.02767e+46  3.28633e+05  7.03330e+46  3.28633e+05  7.04904e+46  3.17698e+05  4.94383e+46  3.97240e-25
 2.60399e+02  3.28633e+05  7.49732e+46  3.28633e+05  7.50298e+46  3.28633e+05  7.51879e+46  3.17698e+05  5.24099e+46  3.97240e-25
 2.68910e+02  3.28633e+05  7.99819e+46  3.28633e+05  8.00388e+46  3.28633e+05  8.01976e+46  3.17698e+05  5.55986e+46  3.97240e-25
 2.77699e+02  3.28633e+05  8.53235e+46  3.28633e+05  8.53807e+46  3.28633e+05  8.55400e+46  3.17698e+05  5.90175e+46  3.97240e-25
 2.86774e+02  3.28633e+05  9.10201e+46  3.28633e+05  9.10775e+46  3.28633e+05  9.12374e+46  3.17698e+05  6.26808e+46  3.97240e-25
 2.96147e+02  3.28633e+05  9.70953e+46  3.28633e+05  9.71530e+46  3.28633e+05  9.73134e+46  3.17698e+05  6.66036e+46  3.97240e-25
 3.05826e+02  3.28633e+05  1.03574e+47  3.28633e+05  1.03632e+47  3.28633e+05  1.03793e+47  3.17698e+05  7.08023e+46  3.97240e-25
 3.15821e+02  3.28633e+05  1.10484e+47  3.28633e+05  1.10542e+47  3.28633e+05  1.10703e+47  3.17698e+05  7.52941e+46  3.97240e-25
 3.26143e+02  3.28633e+05  1.17852e+47  3.28633e+05  1.17911e+47  3.28633e+05  1.18072e+47  3.17698e+05  8.00977e+46  3.97240e-25
 3.36802e+02  3.28633e+05  1.25710e+47  3.28633e+05  1.25769e+47  3.28633e+05  1.25931e+47  3.17698e+05  8.52329e+46  3.97240e-25
 3.47810e+02  3.28633e+05  1.34091e+47  3.28633e+05  1.34150e+47  3.28633e+05  1.34312e+47  3.17698e+05  9.07210e+46  3.97240e-25
 3.59177e+02  3.28633e+05  1.43028e+47  3.28633e+05  1.43087e+47  3.28633e+05  1.43250e+47  3.17698e+05  9.65847e+46  3.97240e-25
 3.70916e+02  3.28633e+05  1.52559e+47  3.28633e+05  1.52618e+47  3.28633e+05  1.52781e+47  3.17698e+05  1.02848e+47  3.97240e-25
 3.83038e+02  3.28633e+05  1.62723e+47  3.28633e+05  1.62782e+47  3.28633e+05  1.62946e+47  3.17698e+05  1.09538e+47  3.97240e-25
 3.95557e+02  3.28633e+05  1.73563e+47  3.28633e+05  1.73622e+47  3.28633e+05  1.73786e+47  3.17698e+05  1.16680e+47  3.97240e-25
 4.08485e+02  3.28633e+05  1.85123e+47  3.28633e+05  1.85182e+47  3.17698e+05  1.83752e+47  3.17698e+05  1.24306e+47  3.97240e-25
 4.21835e+02  3.28633e+05  1.97450e+47  3.28633e+05  1.97510e+47  3.17698e+05  1.88177e+47  3.17698e+05  1.32447e+47  3.97240e-25
 4.35622e+02  3.28633e+05  2.10597e+47  3.28633e+05  2.10657e+47  3.17698e+05  1.93382e+47  3.17698e+05  1.41135e+47  3.97240e-25
 4.49859e+02  3.28633e+05  2.24617e+47  3.28633e+05  2.24677e+47  3.17698e+05  1.99388e+47  3.17698e+05  1.50408e+47  3.97240e-25
 4.64562e+02  3.28633e+05  2.39569e+47  3.28633e+05  2.39629e+47  3.17698e+05  2.06221e+47  3.17698e+05  1.60304e+47  3.97240e-25
 4.79745e+02  3.28633e+05  2.55514e+47  3.28633e+05  2.55574e+47  3.17698e+05  2.13908e+47  3.17698e+05  1.70863e+47  3.97240e-25
 4.95424e+02  3.28633e+05  2.72519e+47  3.28633e+05  2.72579e+47  3.17698e+05  2.22481e+47  3.17698e+05  1.82129e+47  3.97240e-25
 5.11616e+02  3.28633e+05  2.90653e+47  3.28633e+05  2.90713e+47  3.17698e+05  2.31975e+47  3.17698e+05  1.94150e+47  3.97240e-25
 5.28337e+02  3.28633e+05  3.09992e+47  3.28633e+05  3.10052e+47  3.17698e+05  2.42431e+47  3.17698e+05  2.06974e+47  3.97240e-25
 5.45604e+02  3.28633e+05  3.30616e+47  3.17698e+05  3.21627e+47  3.17698e+05  2.53891e+47  3.17698e+05  2.20654e+47  3.97240e-25
 5.63436e+02  3.28633e+05  3.52609e+47  3.17698e+05  3.29908e+47  3.17698e+05  2.66402e+47  3.17698e+05  2.35248e+47  3.97240e-25
 5.81850e+02  3.17698e+05  3.69348e+47  3.17698e+05  3.39556e+47  3.17698e+05  2.80017e+47  3.17698e+05  2.50816e+47  3.97240e-25
 6.00867e+02  3.17698e+05  3.78543e+47  3.17698e+05  3.50612e+47  3.17698e+05  2.94792e+47  3.17698e+05  2.67422e+47  3.97240e-25
 6.20505e+02  3.17698e+05  3.89307e+47  3.17698e+05  3.63120e+47  3.17698e+05  3.10787e+47  3.17698e+05  2.85134e+47  3.97240e-25
 6.40784e+02  3.17698e+05  4.01685e+47  3.17698e+05  3.77132e+47  3.17698e+05  3.28070e+47  3.17698e+05  3.04027e+47  3.97240e-25
 6.61727e+02  3.17698e+05  4.15726e+47  3.17698e+05  3.92707e+47  3.17698e+05  3.46712e+47  3.17698e+05  3.24179e+47  3.97240e-25
 6.83354e+02  3.17698e+05  4.31490e+47  3.17698e+05  4.09908e+47  3.17698e+05  3.66789e+47  3.17698e+05  3.45671e+47  3.97240e-25
 7.05688e+02  3.17698e+05  4.49041e+47  3.17698e+05  4.28808e+47  3.17698e+05  3.88385e+47  3.17698e+05  3.68595e+47  3.97240e-25
 7.28751e+02  3.17698e+05  4.68453e+47  3.17698e+05  4.49484e+47  3.17698e+05  4.11590e+47  3.17698e+05  3.93044e+47  3.97240e-25
 7.52569e+02  3.17698e+05  4.89805e+47  3.17698e+05  4.72021e+47  3.17698e+05  4.36498e+47  3.17698e+05  4.19120e+47  3.97240e-25
 7.77165e+02  3.17698e+05  5.13186e+47  3.17698e+05  4.96514e+47  3.17698e+05  4.63214e+47  3.17698e+05  4.46931e+47  3.97240e-25
 8.02565e+02  3.17698e+05  5.38693e+47  3.17698e+05  5.23063e+47  3.17698e+05  4.91848e+47  3.17698e+05  4.76591e+47  3.97240e-25
 8.28794e+02  3.17698e+05  5.66431e+47  3.17698e+05  5.51779e+47  3.17698e+05  5.22519e+47  3.17698e+05  5.08224e+47  3.97240e-25
 8.55882e+02  3.17698e+05  5.96515e+47  3.17698e+05  5.82779e+47  3.17698e+05  5.55353e+47  3.17698e+05  5.41961e+47  3.97240e-25
 8.83854e+02  3.17698e+05  6.29069e+47  3.17698e+05  6.16193e+47  3.17698e+05  5.90486e+47  3.17698e+05  5.77940e+47  3.97240e-25
 9.12741e+02  3.17698e+05  6.64229e+47  3.17698e+05  6.52159e+47  3.17698e+05  6.28064e+47  3.17698e+05  6.16311e+47  3.97240e-25
 9.42571e+02  3.17698e+05  7.02140e+47  3.17698e+05  6.90826e+47  3.17698e+05  6.68242e+47  3.17698e+05  6.57233e+47  3.97240e-25
 9.73377e+02  3.17698e+05  7.42958e+47  3.17698e+05  7.32353e+47  3.17698e+05  7.11186e+47  3.17698e+05  7.00876e+47  3.97240e-25
 1.00519e+03  3.17698e+05  7.86853e+47  3.17698e+05  7.76912e+47  3.17698e+05  7.57075e+47  3.17698e+05  7.47418e+47  3.97240e-25
 1.03804e+03  3.17698e+05  8.34007e+47  3.17698e+05  8.24689e+47  3.17698e+05  8.06097e+47  3.17698e+05  7.97055e+47  3.97240e-25
 1.07197e+03  3.17698e+05  8.84613e+47  3.17698e+05  8.75880e+47  3.17698e+05  8.58457e+47  3.17698e+05  8.49989e+47  3.97240e-25
 1.10700e+03  3.17698e+05  9.38883e+47  3.17698e+05  9.30697e+47  3.17698e+05  9.14370e+47  3.17698e+05  9.06442e+47  3.97240e-25
 1.14318e+03  3.17698e+05  9.97040e+47  3.17698e+05  9.89368e+47  3.17698e+05  9.74068e+47  3.17698e+05  9.66646e+47  3.97240e-25
 1.18054e+03  3.17698e+05  1.05932e+48  3.17698e+05  1.05213e+48  3.17698e+05  1.03780e+48  3.17698e+05  1.03085e+48  3.97240e-25
 1.21913e+03  3.17698e+05  1.12600e+48  3.17698e+05  1.11926e+48  3.17698e+05  1.10582e+48  3.17698e+05  1.09932e+48  3.97240e-25
 1.25897e+03  3.17698e+05  1.19733e+48  3.17698e+05  1.19101e+48  3.17698e+05  1.17843e+48  3.17698e+05  1.17234e+48  3.97240e-25
 1.30012e+03  3.17698e+05  1.27362e+48  3.17698e+05  1.26770e+48  3.17698e+05  1.25591e+48  3.17698e+05  1.25022e+48  3.97240e-25
 1.34261e+03  3.17698e+05  1.35518e+48  3.17698e+05  1.34964e+48  3.17698e+05  1.33859e+48  3.17698e+05  1.33326e+48  3.97240e-25
 1.38649e+03  3.17698e+05  1.44235e+48  3.17698e+05  1.43716e+48  3.17698e+05  1.42681e+48  3.17698e+05  1.42183e+48  3.97240e-25
 1.43180e+03  3.17698e+05  1.53550e+48  3.17698e+05  1.53063e+48  3.17698e+05  1.52094e+48  3.17698e+05  1.51627e+48  3.97240e-25
 1.47860e+03  3.17698e+05  1.63500e+48  3.17698e+05  1.63044e+48  3.17698e+05  1.62136e+48  3.17698e+05  1.61700e+48  3.97240e-25
 1.52692e+03  3.17698e+05  1.74127e+48  3.17698e+05  1.73699e+48  3.17698e+05  1.72849e+48  3.17698e+05  1.72441e+48  3.97240e-25
 1.57683e+03  3.17698e+05  1.85474e+48  3.17698e+05  1.85074e+48  3.17698e+05  1.84278e+48  3.17698e+05  1.83897e+48  3.97240e-25
 1.62836e+03  3.17698e+05  1.97590e+48  3.17698e+05  1.97215e+48  3.17698e+05  1.96469e+48  3.17698e+05  1.96113e+48  3.97240e-25
 1.68158e+03  3.17698e+05  2.10523e+48  3.17698e+05  2.10172e+48  3.17698e+05  2.09474e+48  3.17698e+05  2.09141e+48  3.97240e-25
 1.73654e+03  3.17698e+05  2.24328e+48  3.17698e+05  2.23999e+48  3.17698e+05  2.23345e+48  3.17698e+05  2.23034e+48  3.97240e-25
 1.79329e+03  3.17698e+05  2.39061e+48  3.17698e+05  2.38753e+48  3.17698e+05  2.38141e+48  3.17698e+05  2.37851e+48  3.97240e-25
 1.85190e+03  3.17698e+05  2.54784e+48  3.17698e+05  2.54495e+48  3.17698e+05  2.53923e+48  3.17698e+05  2.53652e+48  3.97240e-25
 1.91243e+03  3.17698e+05  2.71561e+48  3.17698e+05  2.71291e+48  3.17698e+05  2.70755e+48  3.17698e+05  2.70502e+48  3.97240e-25
 1.97493e+03  3.17698e+05  2.89463e+48  3.17698e+05  2.89210e+48  3.17698e+05  2.88708e+48  3.17698e+05  2.88473e+48  3.97240e-25
 2.03948e+03  3.17698e+05  3.08562e+48  3.17698e+05  3.08326e+48  3.17698e+05  3.07856e+48  3.17698e+05  3.07636e+48  3.97240e-25
 2.10613e+03  3.17698e+05  3.28939e+48  3.17698e+05  3.28717e+48  3.17698e+05  3.28279e+48  3.17698e+05  3.28074e+48  3.97240e-25
 2.17497e+03  3.17698e+05  3.50677e+48  3.17698e+05  3.50470e+48  3.17698e+05  3.50059e+48  3.17698e+05  3.49868e+48  3.97240e-25
 2.24605e+03  3.17698e+05  3.73867e+48  3.17698e+05  3.73673e+48  3.17698e+05  3.73289e+48  3.17698e+05  3.73111e+48  3.97240e-25
 2.31946e+03  3.17698e+05  3.98604e+48  3.17698e+05  3.98423e+48  3.17698e+05  3.98064e+48  3.17698e+05  3.97898e+48  3.97240e-25
 2.39526e+03  3.17698e+05  4.24991e+48  3.17698e+05  4.24821e+48  3.17698e+05  4.24486e+48  3.17698e+05  4.24332e+48  3.97240e-25
 2.47355e+03  3.17698e+05  4.53137e+48  3.17698e+05  4.52978e+48  3.17698e+05  4.52665e+48  3.17698e+05  4.52521e+48  3.97240e-25
 2.55439e+03  3.17698e+05  4.83159e+48  3.17698e+05  4.83010e+48  3.17698e+05  4.82717e+48  3.17698e+05  4.82584e+48  3.97240e-25
 2.63787e+03  3.17698e+05  5.15180e+48  3.17698e+05  5.15041e+48  3.17698e+05  5.14767e+48  3.17698e+05  5.14643e+48  3.97240e-25
 2.72409e+03  3.17698e+05  5.49333e+48  3.17698e+05  5.49203e+48  3.17698e+05  5.48947e+48  3.17698e+05  5.48833e+48  3.97240e-25
 2.81312e+03  3.17698e+05  5.85760e+48  3.17698e+05  5.85639e+48  3.17698e+05  5.85400e+48  3.17698e+05  5.85293e+48  3.97240e-25
 2.90506e+03  3.17698e+05  6.24611e+48  3.17698e+05  6.24498e+48  3.17698e+05  6.24275e+48  3.17698e+05  6.24176e+48  3.97240e-25
 3.00000e+03  3.17698e+05  6.66048e+48  3.17698e+05  6.65942e+48  3.17698e+05  6.65734e+48  3.17698e+05  6.65643e+48  3.97240e-25
