radius_rg T_0deg chi2_0deg T_15deg chi2_15deg T_30deg chi2_30deg T_45deg chi2_45deg nuLnusavg_last
 2.00000e-01  8.19480e+05  8.34697e+42  7.92211e+05  6.22948e+42  7.40366e+05  1.12123e+42  6.46632e+05  3.66890e+41 -1.57400e-08
 2.06537e-01  8.19480e+05  7.72137e+42  7.92211e+05  5.10349e+42  7.40366e+05  1.34306e+42  6.46632e+05  4.93391e+41 -1.57400e-08
 2.13287e-01  7.92211e+05  7.62765e+42  7.92211e+05  4.72757e+42  7.15730e+05  1.01757e+42  6.46632e+05  7.92786e+41 -1.57400e-08
 2.20257e-01  7.92211e+05  6.12211e+42  7.65850e+05  4.80370e+42  7.15730e+05  6.71855e+41  6.25115e+05  6.55554e+41 -1.57400e-08
 2.27456e-01  7.92211e+05  5.48361e+42  7.65850e+05  3.60129e+42  7.15730e+05  7.55025e+41  6.25115e+05  6.43003e+41 -1.57400e-08
 2.34890e-01  7.92211e+05  5.70952e+42  7.65850e+05  3.14272e+42  6.91914e+05  1.09843e+42  6.25115e+05  8.03966e+41 -1.57400e-08
 2.42567e-01  7.65850e+05  4.40899e+42  7.65850e+05  3.42611e+42  6.91914e+05  5.66928e+41  6.25115e+05  1.13911e+42 -1.57400e-08
 2.50494e-01  7.65850e+05  3.67680e+42  7.40366e+05  2.58023e+42  6.91914e+05  4.63875e+41  6.04314e+05  1.10603e+42 -1.57400e-08
 2.58681e-01  7.65850e+05  3.80154e+42  7.40366e+05  1.96612e+42  6.91914e+05  7.88848e+41  6.04314e+05  1.09982e+42 -1.57400e-08
 2.67136e-01  7.40366e+05  3.27167e+42  7.40366e+05  2.08908e+42  6.68890e+05  9.10830e+41  6.04314e+05  1.26902e+42 -1.57400e-08
 2.75866e-01  7.40366e+05  2.36109e+42  7.15730e+05  2.12974e+42  6.68890e+05  5.68729e+41  6.04314e+05  1.61433e+42 -1.57400e-08
 2.84882e-01  7.40366e+05  2.30199e+42  7.15730e+05  1.28227e+42  6.68890e+05  6.55089e+41  5.84205e+05  1.80927e+42 -1.57400e-08
 2.94193e-01  7.15730e+05  2.81481e+42  7.15730e+05  1.16904e+42  6.68890e+05  1.17027e+42  5.84205e+05  1.77841e+42 -1.57400e-08
 3.03808e-01  7.15730e+05  1.63537e+42  7.15730e+05  1.78960e+42  6.46632e+05  1.20996e+42  5.84205e+05  1.92575e+42 -1.57400e-08
 3.13737e-01  7.15730e+05  1.30442e+42  6.91914e+05  1.21793e+42  6.46632e+05  9.99552e+41  5.84205e+05  2.25192e+42 -1.57400e-08
 3.23991e-01  7.15730e+05  1.82057e+42  6.91914e+05  7.86248e+41  6.46632e+05  1.21939e+42  5.84205e+05  2.75826e+42 -1.57400e-08
 3.34580e-01  6.91914e+05  1.64788e+42  6.91914e+05  1.08676e+42  6.46632e+05  1.87037e+42  5.64766e+05  2.75668e+42 -1.57400e-08
 3.45515e-01  6.91914e+05  9.49413e+41  6.68890e+05  1.95561e+42  6.25115e+05  2.01084e+42  5.64766e+05  2.84615e+42 -1.57400e-08
 3.56807e-01  6.91914e+05  1.09658e+42  6.68890e+05  1.11391e+42  6.25115e+05  1.86975e+42  5.64766e+05  3.11825e+42 -1.57400e-08
 3.68468e-01  6.91914e+05  2.09000e+42  6.68890e+05  1.00576e+42  6.25115e+05  2.16251e+42  5.64766e+05  3.57411e+42 -1.57400e-08
 3.80511e-01  6.68890e+05  1.43944e+42  6.68890e+05  1.63072e+42  6.25115e+05  2.89032e+42  5.45973e+05  4.17288e+42 -1.57400e-08
 3.92947e-01  6.68890e+05  1.11453e+42  6.46632e+05  2.39746e+42  6.04314e+05  3.37725e+42  5.45973e+05  4.15906e+42 -1.57400e-08
 4.05790e-01  6.68890e+05  1.63595e+42  6.46632e+05  1.77971e+42  6.04314e+05  3.23571e+42  5.45973e+05  4.33331e+42 -1.57400e-08
 4.19052e-01  6.68890e+05  3.00586e+42  6.46632e+05  1.89827e+42  6.04314e+05  3.53367e+42  5.45973e+05  4.69634e+42 -1.57400e-08
 4.32748e-01  6.46632e+05  2.14685e+42  6.46632e+05  2.75363e+42  6.04314e+05  4.27235e+42  5.45973e+05  5.24966e+42 -1.57400e-08
 4.46891e-01  6.46632e+05  2.08288e+42  6.25115e+05  3.73851e+42  5.84205e+05  5.44395e+42  5.45973e+05  5.99556e+42 -1.57400e-08
 4.61496e-01  6.46632e+05  2.86924e+42  6.25115e+05  3.23665e+42  5.84205e+05  5.22078e+42  5.27805e+05  6.11103e+42 -1.57400e-08
 4.76579e-01  6.46632e+05  4.50919e+42  6.25115e+05  3.47712e+42  5.84205e+05  5.44532e+42  5.27805e+05  6.32504e+42 -1.57400e-08
 4.92155e-01  6.25115e+05  3.79692e+42  6.25115e+05  4.46094e+42  5.84205e+05  6.11850e+42  5.27805e+05  6.73608e+42 -1.57400e-08
 5.08240e-01  6.25115e+05  3.87204e+42  6.04314e+05  6.09379e+42  5.84205e+05  7.24311e+42  5.27805e+05  7.34585e+42 -1.57400e-08
 5.24851e-01  6.25115e+05  4.80489e+42  6.04314e+05  5.58685e+42  5.64766e+05  8.05226e+42  5.27805e+05  8.15687e+42 -1.57400e-08
 5.42004e-01  6.25115e+05  6.59933e+42  6.04314e+05  5.83197e+42  5.64766e+05  8.10796e+42  5.10242e+05  8.82928e+42 -1.57400e-08
 5.59718e-01  6.04314e+05  6.51106e+42  6.04314e+05  6.83018e+42  5.64766e+05  8.62333e+42  5.10242e+05  9.02084e+42 -1.57400e-08
 5.78011e-01  6.04314e+05  6.58888e+42  6.04314e+05  8.58559e+42  5.64766e+05  9.60049e+42  5.10242e+05  9.42059e+42 -1.57400e-08
 5.96902e-01  6.04314e+05  7.53569e+42  5.84205e+05  9.05018e+42  5.64766e+05  1.10435e+43  5.10242e+05  1.00302e+43 -1.57400e-08
 6.16411e-01  6.04314e+05  9.35539e+42  5.84205e+05  9.16360e+42  5.45973e+05  1.18946e+43  5.10242e+05  1.08521e+43 -1.57400e-08
 6.36557e-01  5.84205e+05  1.05485e+43  5.84205e+05  1.00439e+43  5.45973e+05  1.21345e+43  5.10242e+05  1.18898e+43 -1.57400e-08
 6.57361e-01  5.84205e+05  1.04704e+43  5.84205e+05  1.16947e+43  5.45973e+05  1.28508e+43  4.93264e+05  1.28611e+43 -1.57400e-08
 6.78845e-01  5.84205e+05  1.12773e+43  5.64766e+05  1.40295e+43  5.45973e+05  1.40463e+43  4.93264e+05  1.31588e+43 -1.57400e-08
 7.01032e-01  5.84205e+05  1.29727e+43  5.64766e+05  1.38453e+43  5.45973e+05  1.57261e+43  4.93264e+05  1.36819e+43 -1.57400e-08
 7.23943e-01  5.84205e+05  1.55634e+43  5.64766e+05  1.44475e+43  5.27805e+05  1.72727e+43  4.93264e+05  1.44324e+43 -1.57400e-08
 7.47603e-01  5.64766e+05  1.59555e+43  5.64766e+05  1.58383e+43  5.27805e+05  1.75747e+43  4.93264e+05  1.54135e+43 -1.57400e-08
 7.72037e-01  5.64766e+05  1.64361e+43  5.64766e+05  1.80236e+43  5.27805e+05  1.83755e+43  4.93264e+05  1.66293e+43 -1.57400e-08
 7.97269e-01  5.64766e+05  1.78264e+43  5.45973e+05  2.05369e+43  5.27805e+05  1.96784e+43  4.93264e+05  1.80847e+43 -1.57400e-08
 8.23326e-01  5.64766e+05  2.01322e+43  5.45973e+05  2.06560e+43  5.27805e+05  2.14890e+43  4.76850e+05  1.91963e+43 -1.57400e-08
 8.50234e-01  5.64766e+05  2.33630e+43  5.45973e+05  2.15895e+43  5.27805e+05  2.38145e+43  4.76850e+05  1.97329e+43 -1.57400e-08
 8.78022e-01  5.45973e+05  2.37341e+43  5.45973e+05  2.33414e+43  5.10242e+05  2.50434e+43  4.76850e+05  2.05220e+43 -1.57400e-08
 9.06718e-01  5.45973e+05  2.45895e+43  5.45973e+05  2.59188e+43  5.10242e+05  2.57644e+43  4.76850e+05  2.15669e+43 -1.57400e-08
 9.36352e-01  5.45973e+05  2.63885e+43  5.45973e+05  2.93323e+43  5.10242e+05  2.70181e+43  4.76850e+05  2.28719e+43 -1.57400e-08
 9.66955e-01  5.45973e+05  2.91383e+43  5.27805e+05  2.99748e+43  5.10242e+05  2.88098e+43  4.76850e+05  2.44424e+43 -1.57400e-08
 9.98557e-01  5.45973e+05  3.28504e+43  5.27805e+05  3.10363e+43  5.10242e+05  3.11468e+43  4.76850e+05  2.62849e+43 -1.57400e-08
 1.03119e+00  5.27805e+05  3.44662e+43  5.27805e+05  3.29551e+43  5.10242e+05  3.40388e+43  4.76850e+05  2.84070e+43 -1.57400e-08
 1.06489e+00  5.27805e+05  3.54587e+43  5.27805e+05  3.57392e+43  4.93264e+05  3.62720e+43  4.60983e+05  2.99593e+43 -1.57400e-08
 1.09970e+00  5.27805e+05  3.74397e+43  5.27805e+05  3.94002e+43  4.93264e+05  3.72313e+43  4.60983e+05  3.08614e+43 -1.57400e-08
 1.13564e+00  5.27805e+05  4.04173e+43  5.10242e+05  4.28981e+43  4.93264e+05  3.87708e+43  4.60983e+05  3.20622e+43 -1.57400e-08
 1.17276e+00  5.27805e+05  4.44040e+43  5.10242e+05  4.37993e+43  4.93264e+05  4.08968e+43  4.60983e+05  3.35665e+43 -1.57400e-08
 1.21108e+00  5.27805e+05  4.94160e+43  5.10242e+05  4.56107e+43  4.93264e+05  4.36182e+43  4.60983e+05  3.53806e+43 -1.57400e-08
 1.25067e+00  5.10242e+05  5.02343e+43  5.10242e+05  4.83398e+43  4.93264e+05  4.69462e+43  4.60983e+05  3.75119e+43 -1.57400e-08
 1.29154e+00  5.10242e+05  5.20770e+43  5.10242e+05  5.19979e+43  4.93264e+05  5.08947e+43  4.60983e+05  3.99694e+43 -1.57400e-08
 1.33375e+00  5.10242e+05  5.49768e+43  5.10242e+05  5.66002e+43  4.76850e+05  5.39632e+43  4.60983e+05  4.27631e+43 -1.57400e-08
 1.37734e+00  5.10242e+05  5.89459e+43  4.93264e+05  6.21086e+43  4.76850e+05  5.54829e+43  4.60983e+05  4.59046e+43 -1.57400e-08
 1.42236e+00  5.10242e+05  6.40007e+43  4.93264e+05  6.33819e+43  4.76850e+05  5.76583e+43  4.60983e+05  4.94069e+43 -1.57400e-08
 1.46884e+00  5.10242e+05  7.01620e+43  4.93264e+05  6.56464e+43  4.76850e+05  6.04984e+43  4.45643e+05  5.18108e+43 -1.57400e-08
 1.51685e+00  4.93264e+05  7.27364e+43  4.93264e+05  6.89115e+43  4.76850e+05  6.40150e+43  4.45643e+05  5.34857e+43 -1.57400e-08
 1.56642e+00  4.93264e+05  7.50799e+43  4.93264e+05  7.31908e+43  4.76850e+05  6.82226e+43  4.45643e+05  5.55528e+43 -1.57400e-08
 1.61762e+00  4.93264e+05  7.85759e+43  4.93264e+05  7.85019e+43  4.76850e+05  7.31386e+43  4.45643e+05  5.80206e+43 -1.57400e-08
 1.67049e+00  4.93264e+05  8.32388e+43  4.93264e+05  8.48669e+43  4.76850e+05  7.87834e+43  4.45643e+05  6.08994e+43 -1.57400e-08
 1.72508e+00  4.93264e+05  8.90878e+43  4.76850e+05  9.22615e+43  4.60983e+05  8.40890e+43  4.45643e+05  6.42011e+43 -1.57400e-08
 1.78146e+00  4.93264e+05  9.61473e+43  4.76850e+05  9.44375e+43  4.60983e+05  8.64509e+43  4.45643e+05  6.79393e+43 -1.57400e-08
 1.83968e+00  4.93264e+05  1.04446e+44  4.76850e+05  9.77332e+43  4.60983e+05  8.95967e+43  4.45643e+05  7.21296e+43 -1.57400e-08
 1.89981e+00  4.76850e+05  1.08337e+44  4.76850e+05  1.02162e+44  4.60983e+05  9.35394e+43  4.45643e+05  7.67892e+43 -1.57400e-08
 1.96190e+00  4.76850e+05  1.11836e+44  4.76850e+05  1.07743e+44  4.60983e+05  9.82953e+43  4.45643e+05  8.19374e+43 -1.57400e-08
 2.02602e+00  4.76850e+05  1.16639e+44  4.76850e+05  1.14499e+44  4.60983e+05  1.03884e+44  4.45643e+05  8.75956e+43 -1.57400e-08
 2.09224e+00  4.76850e+05  1.22767e+44  4.76850e+05  1.22458e+44  4.60983e+05  1.10329e+44  4.45643e+05  9.37871e+43 -1.57400e-08
 2.16062e+00  4.76850e+05  1.30244e+44  4.76850e+05  1.31652e+44  4.60983e+05  1.17657e+44  4.45643e+05  1.00538e+44 -1.57400e-08
 2.23123e+00  4.76850e+05  1.39102e+44  4.76850e+05  1.42120e+44  4.60983e+05  1.25897e+44  4.45643e+05  1.07875e+44 -1.57400e-08
 2.30415e+00  4.76850e+05  1.49378e+44  4.60983e+05  1.47208e+44  4.60983e+05  1.35085e+44  4.30814e+05  1.15491e+44 -1.57400e-08
 2.37946e+00  4.76850e+05  1.61114e+44  4.60983e+05  1.52067e+44  4.60983e+05  1.45258e+44  4.30814e+05  1.19141e+44 -1.57400e-08
 2.45723e+00  4.60983e+05  1.68881e+44  4.60983e+05  1.58285e+44  4.45643e+05  1.49762e+44  4.30814e+05  1.23455e+44 -1.57400e-08
 2.53753e+00  4.60983e+05  1.74125e+44  4.60983e+05  1.65886e+44  4.45643e+05  1.54936e+44  4.30814e+05  1.28450e+44 -1.57400e-08
 2.62047e+00  4.60983e+05  1.80931e+44  4.60983e+05  1.74903e+44  4.45643e+05  1.61177e+44  4.30814e+05  1.34148e+44 -1.57400e-08
 2.70611e+00  4.60983e+05  1.89328e+44  4.60983e+05  1.85372e+44  4.45643e+05  1.68511e+44  4.30814e+05  1.40572e+44 -1.57400e-08
 2.79455e+00  4.60983e+05  1.99350e+44  4.60983e+05  1.97338e+44  4.45643e+05  1.76969e+44  4.30814e+05  1.47748e+44 -1.57400e-08
 2.88589e+00  4.60983e+05  2.11038e+44  4.60983e+05  2.10850e+44  4.45643e+05  1.86585e+44  4.30814e+05  1.55707e+44 -1.57400e-08
 2.98021e+00  4.60983e+05  2.24442e+44  4.60983e+05  2.25962e+44  4.45643e+05  1.97400e+44  4.30814e+05  1.64481e+44 -1.57400e-08
 3.07761e+00  4.60983e+05  2.39616e+44  4.60983e+05  2.42739e+44  4.45643e+05  2.09457e+44  4.30814e+05  1.74106e+44 -1.57400e-08
 3.17819e+00  4.60983e+05  2.56624e+44  4.45643e+05  2.55050e+44  4.45643e+05  2.22808e+44  4.30814e+05  1.84623e+44 -1.57400e-08
 3.28206e+00  4.60983e+05  2.75535e+44  4.45643e+05  2.63182e+44  4.45643e+05  2.37507e+44  4.30814e+05  1.96075e+44 -1.57400e-08
 3.38933e+00  4.45643e+05  2.92589e+44  4.45643e+05  2.73132e+44  4.45643e+05  2.53614e+44  4.30814e+05  2.08509e+44 -1.57400e-08
 3.50010e+00  4.45643e+05  3.01489e+44  4.45643e+05  2.84941e+44  4.45643e+05  2.71198e+44  4.30814e+05  2.21977e+44 -1.57400e-08
 3.61449e+00  4.45643e+05  3.12478e+44  4.45643e+05  2.98658e+44  4.45643e+05  2.90329e+44  4.30814e+05  2.36534e+44 -1.57400e-08
 3.73262e+00  4.45643e+05  3.25601e+44  4.45643e+05  3.14340e+44  4.45643e+05  3.11089e+44  4.30814e+05  2.52242e+44 -1.57400e-08
 3.85462e+00  4.45643e+05  3.40914e+44  4.45643e+05  3.32052e+44  4.45643e+05  3.33562e+44  4.30814e+05  2.69163e+44 -1.57400e-08
 3.98060e+00  4.45643e+05  3.58480e+44  4.45643e+05  3.51867e+44  4.30814e+05  3.45681e+44  4.30814e+05  2.87370e+44 -1.57400e-08
 4.11069e+00  4.45643e+05  3.78371e+44  4.45643e+05  3.73867e+44  4.30814e+05  3.57773e+44  4.30814e+05  3.06937e+44 -1.57400e-08
 4.24504e+00  4.45643e+05  4.00669e+44  4.45643e+05  3.98143e+44  4.30814e+05  3.71771e+44  4.30814e+05  3.27945e+44 -1.57400e-08
 4.38378e+00  4.45643e+05  4.25467e+44  4.45643e+05  4.24796e+44  4.30814e+05  3.87735e+44  4.30814e+05  3.50480e+44 -1.57400e-08
 4.52705e+00  4.45643e+05  4.52868e+44  4.45643e+05  4.53936e+44  4.30814e+05  4.05729e+44  4.30814e+05  3.74638e+44 -1.57400e-08
 4.67501e+00  4.45643e+05  4.82984e+44  4.45643e+05  4.85684e+44  4.30814e+05  4.25828e+44  4.30814e+05  4.00516e+44 -1.57400e-08
 4.82780e+00  4.45643e+05  5.15942e+44  4.45643e+05  5.20170e+44  4.30814e+05  4.48116e+44  4.30814e+05  4.28223e+44 -1.57400e-08
 4.98558e+00  4.45643e+05  5.51876e+44  4.45643e+05  5.57538e+44  4.30814e+05  4.72685e+44  4.30814e+05  4.57873e+44 -1.57400e-08
 5.14853e+00  4.45643e+05  5.90935e+44  4.30814e+05  5.88027e+44  4.30814e+05  4.99635e+44  4.30814e+05  4.89588e+44 -1.57400e-08
 5.31679e+00  4.45643e+05  6.33282e+44  4.30814e+05  6.07407e+44  4.30814e+05  5.29080e+44  4.30814e+05  5.23501e+44 -1.57400e-08
 5.49056e+00  4.30814e+05  6.74242e+44  4.30814e+05  6.30029e+44  4.30814e+05  5.61140e+44  4.30814e+05  5.59751e+44 -1.57400e-08
 5.67001e+00  4.30814e+05  6.95749e+44  4.30814e+05  6.55988e+44  4.30814e+05  5.95948e+44  4.30814e+05  5.98488e+44 -1.57400e-08
 5.85532e+00  4.30814e+05  7.20977e+44  4.30814e+05  6.85390e+44  4.30814e+05  6.33649e+44  4.16479e+05  6.35364e+44 -1.57400e-08
 6.04668e+00  4.30814e+05  7.50030e+44  4.30814e+05  7.18358e+44  4.30814e+05  6.74399e+44  4.16479e+05  6.55855e+44 -1.57400e-08
 6.24430e+00  4.30814e+05  7.83029e+44  4.30814e+05  7.55027e+44  4.30814e+05  7.18365e+44  4.16479e+05  6.79230e+44 -1.57400e-08
 6.44838e+00  4.30814e+05  8.20111e+44  4.30814e+05  7.95550e+44  4.30814e+05  7.65731e+44  4.16479e+05  7.05587e+44 -1.57400e-08
 6.65913e+00  4.30814e+05  8.61428e+44  4.30814e+05  8.40095e+44  4.30814e+05  8.16691e+44  4.16479e+05  7.35035e+44 -1.57400e-08
 6.87677e+00  4.30814e+05  9.07151e+44  4.30814e+05  8.88845e+44  4.30814e+05  8.71458e+44  4.16479e+05  7.67696e+44 -1.57400e-08
 7.10152e+00  4.30814e+05  9.57471e+44  4.30814e+05  9.42002e+44  4.30814e+05  9.30257e+44  4.16479e+05  8.03704e+44 -1.57400e-08
 7.33362e+00  4.30814e+05  1.01259e+45  4.30814e+05  9.99787e+44  4.30814e+05  9.93332e+44  4.16479e+05  8.43210e+44 -1.57400e-08
 7.57330e+00  4.30814e+05  1.07275e+45  4.30814e+05  1.06244e+45  4.30814e+05  1.06094e+45  4.16479e+05  8.86376e+44 -1.57400e-08
 7.82082e+00  4.30814e+05  1.13819e+45  4.30814e+05  1.13022e+45  4.30814e+05  1.13337e+45  4.16479e+05  9.33381e+44 -1.57400e-08
 8.07642e+00  4.30814e+05  1.20918e+45  4.30814e+05  1.20340e+45  4.30814e+05  1.21092e+45  4.16479e+05  9.84420e+44 -1.57400e-08
 8.34038e+00  4.30814e+05  1.28601e+45  4.30814e+05  1.28229e+45  4.30814e+05  1.29390e+45  4.16479e+05  1.03970e+45 -1.57400e-08
 8.61296e+00  4.30814e+05  1.36901e+45  4.30814e+05  1.36722e+45  4.30814e+05  1.38266e+45  4.16479e+05  1.09946e+45 -1.57400e-08
 8.89446e+00  4.30814e+05  1.45852e+45  4.30814e+05  1.45854e+45  4.30814e+05  1.47758e+45  4.16479e+05  1.16394e+45 -1.57400e-08
 9.18515e+00  4.30814e+05  1.55490e+45  4.30814e+05  1.55662e+45  4.30814e+05  1.57903e+45  4.16479e+05  1.23340e+45 -1.57400e-08
 9.48535e+00  4.30814e+05  1.65856e+45  4.30814e+05  1.66187e+45  4.30814e+05  1.68744e+45  4.16479e+05  1.30815e+45 -1.57400e-08
 9.79535e+00  4.30814e+05  1.76993e+45  4.30814e+05  1.77473e+45  4.30814e+05  1.80327e+45  4.16479e+05  1.38847e+45 -1.57400e-08
 1.01155e+01  4.30814e+05  1.88946e+45  4.30814e+05  1.89566e+45  4.16479e+05  1.89122e+45  4.16479e+05  1.47471e+45 -1.57400e-08
 1.04461e+01  4.30814e+05  2.01766e+45  4.30814e+05  2.02516e+45  4.16479e+05  1.95395e+45  4.16479e+05  1.56723e+45 -1.57400e-08
 1.07875e+01  4.30814e+05  2.15504e+45  4.30814e+05  2.16378e+45  4.16479e+05  2.02519e+45  4.16479e+05  1.66640e+45 -1.57400e-08
 1.11401e+01  4.30814e+05  2.30219e+45  4.30814e+05  2.31208e+45  4.16479e+05  2.10524e+45  4.16479e+05  1.77264e+45 -1.57400e-08
 1.15041e+01  4.30814e+05  2.45970e+45  4.30814e+05  2.47067e+45  4.16479e+05  2.19443e+45  4.16479e+05  1.88639e+45 -1.57400e-08
 1.18801e+01  4.30814e+05  2.62824e+45  4.30814e+05  2.64022e+45  4.16479e+05  2.29312e+45  4.16479e+05  2.00812e+45 -1.57400e-08
 1.22684e+01  4.30814e+05  2.80849e+45  4.30814e+05  2.82143e+45  4.16479e+05  2.40173e+45  4.16479e+05  2.13832e+45 -1.57400e-08
 1.26694e+01  4.30814e+05  3.00121e+45  4.30814e+05  3.01504e+45  4.16479e+05  2.52071e+45  4.16479e+05  2.27755e+45 -1.57400e-08
 1.30834e+01  4.30814e+05  3.20719e+45  4.16479e+05  3.21276e+45  4.16479e+05  2.65054e+45  4.16479e+05  2.42637e+45 -1.57400e-08
 1.35110e+01  4.30814e+05  3.42729e+45  4.16479e+05  3.31441e+45  4.16479e+05  2.79177e+45  4.16479e+05  2.58541e+45 -1.57400e-08
 1.39526e+01  4.30814e+05  3.66241e+45  4.16479e+05  3.43050e+45  4.16479e+05  2.94498e+45  4.16479e+05  2.75531e+45 -1.57400e-08
 1.44086e+01  4.16479e+05  3.79792e+45  4.16479e+05  3.56152e+45  4.16479e+05  3.11080e+45  4.16479e+05  2.93679e+45 -1.57400e-08
 1.48795e+01  4.16479e+05  3.92798e+45  4.16479e+05  3.70800e+45  4.16479e+05  3.28992e+45  4.16479e+05  3.13060e+45 -1.57400e-08
 1.53658e+01  4.16479e+05  4.07514e+45  4.16479e+05  3.87056e+45  4.16479e+05  3.48308e+45  4.16479e+05  3.33753e+45 -1.57400e-08
 1.58680e+01  4.16479e+05  4.24001e+45  4.16479e+05  4.04987e+45  4.16479e+05  3.69109e+45  4.16479e+05  3.55844e+45 -1.57400e-08
 1.63866e+01  4.16479e+05  4.42326e+45  4.16479e+05  4.24667e+45  4.16479e+05  3.91479e+45  4.16479e+05  3.79425e+45 -1.57400e-08
 1.69222e+01  4.16479e+05  4.62566e+45  4.16479e+05  4.46177e+45  4.16479e+05  4.15513e+45  4.16479e+05  4.04594e+45 -1.57400e-08
 1.74753e+01  4.16479e+05  4.84805e+45  4.16479e+05  4.69606e+45  4.16479e+05  4.41308e+45  4.16479e+05  4.31454e+45 -1.57400e-08
 1.80464e+01  4.16479e+05  5.09134e+45  4.16479e+05  4.95052e+45  4.16479e+05  4.68973e+45  4.16479e+05  4.60116e+45 -1.57400e-08
 1.86362e+01  4.16479e+05  5.35655e+45  4.16479e+05  5.22619e+45  4.16479e+05  4.98620e+45  4.16479e+05  4.90700e+45 -1.57400e-08
 1.92453e+01  4.16479e+05  5.64476e+45  4.16479e+05  5.52423e+45  4.16479e+05  5.30374e+45  4.16479e+05  5.23332e+45 -1.57400e-08
 1.98743e+01  4.16479e+05  5.95718e+45  4.16479e+05  5.84585e+45  4.16479e+05  5.64366e+45  4.16479e+05  5.58146e+45 -1.57400e-08
 2.05238e+01  4.16479e+05  6.29509e+45  4.16479e+05  6.19239e+45  4.16479e+05  6.00736e+45  4.16479e+05  5.95288e+45 -1.57400e-08
 2.11946e+01  4.16479e+05  6.65989e+45  4.16479e+05  6.56529e+45  4.16479e+05  6.39634e+45  4.16479e+05  6.34910e+45 -1.57400e-08
 2.18873e+01  4.16479e+05  7.05310e+45  4.16479e+05  6.96609e+45  4.16479e+05  6.81222e+45  4.16479e+05  6.77176e+45 -1.57400e-08
 2.26026e+01  4.16479e+05  7.47634e+45  4.16479e+05  7.39645e+45  4.16479e+05  7.25673e+45  4.16479e+05  7.22263e+45 -1.57400e-08
 2.33413e+01  4.16479e+05  7.93136e+45  4.16479e+05  7.85814e+45  4.16479e+05  7.73168e+45  4.16479e+05  7.70355e+45 -1.57400e-08
 2.41042e+01  4.16479e+05  8.42005e+45  4.16479e+05  8.35309e+45  4.16479e+05  8.23906e+45  4.16479e+05  8.21653e+45 -1.57400e-08
 2.48920e+01  4.16479e+05  8.94442e+45  4.16479e+05  8.88333e+45  4.16479e+05  8.78097e+45  4.16479e+05  8.76368e+45 -1.57400e-08
 2.57055e+01  4.16479e+05  9.50665e+45  4.16479e+05  9.45107e+45  4.16479e+05  9.35964e+45  4.16479e+05  9.34727e+45 -1.57400e-08
 2.65456e+01  4.16479e+05  1.01091e+46  4.16479e+05  1.00586e+46  4.16479e+05  9.97747e+45  4.16479e+05  9.96971e+45 -1.57400e-08
 2.74132e+01  4.16479e+05  1.07542e+46  4.16479e+05  1.07086e+46  4.16479e+05  1.06370e+46  4.16479e+05  1.06336e+46 -1.57400e-08
 2.83091e+01  4.16479e+05  1.14446e+46  4.16479e+05  1.14036e+46  4.16479e+05  1.13410e+46  4.16479e+05  1.13416e+46 -1.57400e-08
 2.92343e+01  4.16479e+05  1.21833e+46  4.16479e+05  1.21465e+46  4.16479e+05  1.20924e+46  4.02620e+05  1.18481e+46 -1.57400e-08
 3.01898e+01  4.16479e+05  1.29732e+46  4.16479e+05  1.29404e+46  4.16479e+05  1.28942e+46  4.02620e+05  1.22262e+46 -1.57400e-08
 3.11765e+01  4.16479e+05  1.38176e+46  4.16479e+05  1.37885e+46  4.16479e+05  1.37498e+46  4.02620e+05  1.26551e+46 -1.57400e-08
 3.21954e+01  4.16479e+05  1.47201e+46  4.16479e+05  1.46945e+46  4.16479e+05  1.46628e+46  4.02620e+05  1.31366e+46 -1.57400e-08
 3.32476e+01  4.16479e+05  1.56843e+46  4.16479e+05  1.56620e+46  4.16479e+05  1.56368e+46  4.02620e+05  1.36725e+46 -1.57400e-08
 3.43343e+01  4.16479e+05  1.67143e+46  4.16479e+05  1.66951e+46  4.16479e+05  1.66760e+46  4.02620e+05  1.42653e+46 -1.57400e-08
 3.54564e+01  4.16479e+05  1.78143e+46  4.16479e+05  1.77980e+46  4.16479e+05  1.77846e+46  4.02620e+05  1.49172e+46 -1.57400e-08
 3.66152e+01  4.16479e+05  1.89888e+46  4.16479e+05  1.89752e+46  4.16479e+05  1.89673e+46  4.02620e+05  1.56311e+46 -1.57400e-08
 3.78119e+01  4.16479e+05  2.02428e+46  4.16479e+05  2.02317e+46  4.16479e+05  2.02289e+46  4.02620e+05  1.64098e+46 -1.57400e-08
 3.90477e+01  4.16479e+05  2.15814e+46  4.16479e+05  2.15727e+46  4.16479e+05  2.15746e+46  4.02620e+05  1.72566e+46 -1.57400e-08
 4.03238e+01  4.16479e+05  2.30101e+46  4.16479e+05  2.30037e+46  4.16479e+05  2.30100e+46  4.02620e+05  1.81749e+46 -1.57400e-08
 4.16417e+01  4.16479e+05  2.45349e+46  4.16479e+05  2.45306e+46  4.16479e+05  2.45411e+46  4.02620e+05  1.91687e+46 -1.57400e-08
 4.30027e+01  4.16479e+05  2.61621e+46  4.16479e+05  2.61598e+46  4.16479e+05  2.61742e+46  4.02620e+05  2.02420e+46 -1.57400e-08
 4.44081e+01  4.16479e+05  2.78985e+46  4.16479e+05  2.78979e+46  4.16479e+05  2.79160e+46  4.02620e+05  2.13992e+46 -1.57400e-08
 4.58595e+01  4.16479e+05  2.97511e+46  4.16479e+05  2.97523e+46  4.16479e+05  2.97737e+46  4.02620e+05  2.26451e+46 -1.57400e-08
 4.73583e+01  4.16479e+05  3.17276e+46  4.16479e+05  3.17305e+46  4.16479e+05  3.17552e+46  4.02620e+05  2.39849e+46 -1.57400e-08
 4.89061e+01  4.16479e+05  3.38364e+46  4.16479e+05  3.38407e+46  4.16479e+05  3.38684e+46  4.02620e+05  2.54242e+46 -1.57400e-08
 5.05045e+01  4.16479e+05  3.60859e+46  4.16479e+05  3.60917e+46  4.02620e+05  3.50134e+46  4.02620e+05  2.69688e+46 -1.57400e-08
 5.21551e+01  4.16479e+05  3.84857e+46  4.16479e+05  3.84928e+46  4.02620e+05  3.61648e+46  4.02620e+05  2.86253e+46 -1.57400e-08
 5.38597e+01  4.16479e+05  4.10456e+46  4.16479e+05  4.10540e+46  4.02620e+05  3.74664e+46  4.02620e+05  3.04003e+46 -1.57400e-08
 5.56199e+01  4.16479e+05  4.37762e+46  4.16479e+05  4.37857e+46  4.02620e+05  3.89234e+46  4.02620e+05  3.23014e+46 -1.57400e-08
 5.74378e+01  4.16479e+05  4.66888e+46  4.16479e+05  4.66995e+46  4.02620e+05  4.05419e+46  4.02620e+05  3.43362e+46 -1.57400e-08
 5.93150e+01  4.16479e+05  4.97955e+46  4.16479e+05  4.98071e+46  4.02620e+05  4.23287e+46  4.02620e+05  3.65134e+46 -1.57400e-08
 6.12535e+01  4.16479e+05  5.31090e+46  4.16479e+05  5.31217e+46  4.02620e+05  4.42910e+46  4.02620e+05  3.88418e+46 -1.57400e-08
 6.32555e+01  4.16479e+05  5.66432e+46  4.16479e+05  5.66568e+46  4.02620e+05  4.64370e+46  4.02620e+05  4.13312e+46 -1.57400e-08
 6.53228e+01  4.16479e+05  6.04127e+46  4.02620e+05  5.93766e+46  4.02620e+05  4.87757e+46  4.02620e+05  4.39918e+46 -1.57400e-08
 6.74577e+01  4.16479e+05  6.44330e+46  4.02620e+05  6.12526e+46  4.02620e+05  5.13167e+46  4.02620e+05  4.68346e+46 -1.57400e-08
 6.96624e+01  4.02620e+05  6.80921e+46  4.02620e+05  6.33828e+46  4.02620e+05  5.40704e+46  4.02620e+05  4.98714e+46 -1.57400e-08
 7.19392e+01  4.02620e+05  7.01903e+46  4.02620e+05  6.57761e+46  4.02620e+05  5.70483e+46  4.02620e+05  5.31147e+46 -1.57400e-08
 7.42903e+01  4.02620e+05  7.25798e+46  4.02620e+05  6.84423e+46  4.02620e+05  6.02628e+46  4.02620e+05  5.65781e+46 -1.57400e-08
 7.67183e+01  4.02620e+05  7.52706e+46  4.02620e+05  7.13924e+46  4.02620e+05  6.37271e+46  4.02620e+05  6.02757e+46 -1.57400e-08
 7.92257e+01  4.02620e+05  7.82736e+46  4.02620e+05  7.46388e+46  4.02620e+05  6.74555e+46  4.02620e+05  6.42230e+46 -1.57400e-08
 8.18150e+01  4.02620e+05  8.16015e+46  4.02620e+05  7.81948e+46  4.02620e+05  7.14635e+46  4.02620e+05  6.84362e+46 -1.57400e-08
 8.44889e+01  4.02620e+05  8.52679e+46  4.02620e+05  8.20751e+46  4.02620e+05  7.57677e+46  4.02620e+05  7.29329e+46 -1.57400e-08
 8.72502e+01  4.02620e+05  8.92880e+46  4.02620e+05  8.62958e+46  4.02620e+05  8.03859e+46  4.02620e+05  7.77315e+46 -1.57400e-08
 9.01018e+01  4.02620e+05  9.36785e+46  4.02620e+05  9.08744e+46  4.02620e+05  8.53372e+46  4.02620e+05  8.28520e+46 -1.57400e-08
 9.30466e+01  4.02620e+05  9.84575e+46  4.02620e+05  9.58297e+46  4.02620e+05  9.06421e+46  4.02620e+05  8.83155e+46 -1.57400e-08
 9.60876e+01  4.02620e+05  1.03645e+47  4.02620e+05  1.01182e+47  4.02620e+05  9.63225e+46  4.02620e+05  9.41447e+46 -1.57400e-08
 9.92280e+01  4.02620e+05  1.09262e+47  4.02620e+05  1.06955e+47  4.02620e+05  1.02402e+47  4.02620e+05  1.00364e+47 -1.57400e-08
 1.02471e+02  4.02620e+05  1.15332e+47  4.02620e+05  1.13170e+47  4.02620e+05  1.08906e+47  4.02620e+05  1.06998e+47 -1.57400e-08
 1.05820e+02  4.02620e+05  1.21880e+47  4.02620e+05  1.19855e+47  4.02620e+05  1.15860e+47  4.02620e+05  1.14076e+47 -1.57400e-08
 1.09278e+02  4.02620e+05  1.28934e+47  4.02620e+05  1.27036e+47  4.02620e+05  1.23295e+47  4.02620e+05  1.21625e+47 -1.57400e-08
 1.12850e+02  4.02620e+05  1.36522e+47  4.02620e+05  1.34744e+47  4.02620e+05  1.31241e+47  4.02620e+05  1.29679e+47 -1.57400e-08
 1.16538e+02  4.02620e+05  1.44675e+47  4.02620e+05  1.43010e+47  4.02620e+05  1.39730e+47  4.02620e+05  1.38269e+47 -1.57400e-08
 1.20347e+02  4.02620e+05  1.53429e+47  4.02620e+05  1.51869e+47  4.02620e+05  1.48797e+47  4.02620e+05  1.47431e+47 -1.57400e-08
 1.24280e+02  4.02620e+05  1.62818e+47  4.02620e+05  1.61357e+47  4.02620e+05  1.58481e+47  4.02620e+05  1.57204e+47 -1.57400e-08
 1.28342e+02  4.02620e+05  1.72881e+47  4.02620e+05  1.71513e+47  4.02620e+05  1.68821e+47  4.02620e+05  1.67628e+47 -1.57400e-08
 1.32537e+02  4.02620e+05  1.83661e+47  4.02620e+05  1.82380e+47  4.02620e+05  1.79860e+47  4.02620e+05  1.78745e+47 -1.57400e-08
 1.36868e+02  4.02620e+05  1.95202e+47  4.02620e+05  1.94003e+47  4.02620e+05  1.91644e+47  4.02620e+05  1.90602e+47 -1.57400e-08
 1.41341e+02  4.02620e+05  2.07552e+47  4.02620e+05  2.06429e+47  4.02620e+05  2.04222e+47  4.02620e+05  2.03249e+47 -1.57400e-08
 1.45961e+02  4.02620e+05  2.20762e+47  4.02620e+05  2.19710e+47  4.02620e+05  2.17645e+47  4.02620e+05  2.16736e+47 -1.57400e-08
 1.50731e+02  4.02620e+05  2.34885e+47  4.02620e+05  2.33901e+47  4.02620e+05  2.31969e+47  4.02620e+05  2.31121e+47 -1.57400e-08
 1.55658e+02  4.02620e+05  2.49982e+47  4.02620e+05  2.49061e+47  4.02620e+05  2.47254e+47  4.02620e+05  2.46462e+47 -1.57400e-08
 1.60745e+02  4.02620e+05  2.66114e+47  4.02620e+05  2.65252e+47  4.02620e+05  2.63563e+47  4.02620e+05  2.62824e+47 -1.57400e-08
 1.65998e+02  4.02620e+05  2.83349e+47  4.02620e+05  2.82542e+47  4.02620e+05  2.80962e+47  4.02620e+05  2.80273e+47 -1.57400e-08
 1.71424e+02  4.02620e+05  3.01757e+47  4.02620e+05  3.01002e+47  4.02620e+05  2.99525e+47  4.02620e+05  2.98883e+47 -1.57400e-08
 1.77026e+02  4.02620e+05  3.21414e+47  4.02620e+05  3.20708e+47  4.02620e+05  3.19328e+47  4.02620e+05  3.18729e+47 -1.57400e-08
 1.82812e+02  4.02620e+05  3.42402e+47  4.02620e+05  3.41742e+47  4.02620e+05  3.40452e+47  4.02620e+05  3.39895e+47 -1.57400e-08
 1.88787e+02  4.02620e+05  3.64809e+47  4.02620e+05  3.64191e+47  4.02620e+05  3.62986e+47  4.02620e+05  3.62468e+47 -1.57400e-08
 1.94957e+02  4.02620e+05  3.88726e+47  4.02620e+05  3.88148e+47  4.02620e+05  3.87023e+47  3.89223e+05  3.80156e+47 -1.57400e-08
 2.01328e+02  4.02620e+05  4.14252e+47  4.02620e+05  4.13712e+47  4.02620e+05  4.12662e+47  3.89223e+05  3.91782e+47 -1.57400e-08
 2.07908e+02  4.02620e+05  4.41494e+47  4.02620e+05  4.40989e+47  4.02620e+05  4.40009e+47  3.89223e+05  4.05030e+47 -1.57400e-08
 2.14703e+02  4.02620e+05  4.70563e+47  4.02620e+05  4.70092e+47  4.02620e+05  4.69177e+47  3.89223e+05  4.19954e+47 -1.57400e-08
 2.21720e+02  4.02620e+05  5.01581e+47  4.02620e+05  5.01141e+47  4.02620e+05  5.00288e+47  3.89223e+05  4.36617e+47 -1.57400e-08
 2.28967e+02  4.02620e+05  5.34676e+47  4.02620e+05  5.34265e+47  4.02620e+05  5.33469e+47  3.89223e+05  4.55086e+47 -1.57400e-08
 2.36450e+02  4.02620e+05  5.69984e+47  4.02620e+05  5.69600e+47  4.02620e+05  5.68859e+47  3.89223e+05  4.75439e+47 -1.57400e-08
 2.44178e+02  4.02620e+05  6.07652e+47  4.02620e+05  6.07293e+47  4.02620e+05  6.06603e+47  3.89223e+05  4.97760e+47 -1.57400e-08
 2.52158e+02  4.02620e+05  6.47835e+47  4.02620e+05  6.47501e+47  4.02620e+05  6.46858e+47  3.89223e+05  5.22141e+47 -1.57400e-08
 2.60399e+02  4.02620e+05  6.90700e+47  4.02620e+05  6.90388e+47  4.02620e+05  6.89790e+47  3.89223e+05  5.48683e+47 -1.57400e-08
 2.68910e+02  4.02620e+05  7.36425e+47  4.02620e+05  7.36134e+47  4.02620e+05  7.35577e+47  3.89223e+05  5.77496e+47 -1.57400e-08
 2.77699e+02  4.02620e+05  7.85198e+47  4.02620e+05  7.84927e+47  4.02620e+05  7.84409e+47  3.89223e+05  6.08698e+47 -1.57400e-08
 2.86774e+02  4.02620e+05  8.37221e+47  4.02620e+05  8.36969e+47  4.02620e+05  8.36488e+47  3.89223e+05  6.42421e+47 -1.57400e-08
 2.96147e+02  4.02620e+05  8.92710e+47  4.02620e+05  8.92475e+47  4.02620e+05  8.92029e+47  3.89223e+05  6.78802e+47 -1.57400e-08
 3.05826e+02  4.02620e+05  9.51894e+47  4.02620e+05  9.51676e+47  4.02620e+05  9.51262e+47  3.89223e+05  7.17992e+47 -1.57400e-08
 3.15821e+02  4.02620e+05  1.01502e+48  4.02620e+05  1.01482e+48  4.02620e+05  1.01443e+48  3.89223e+05  7.60154e+47 -1.57400e-08
 3.26143e+02  4.02620e+05  1.08234e+48  4.02620e+05  1.08216e+48  4.02620e+05  1.08180e+48  3.89223e+05  8.05462e+47 -1.57400e-08
 3.36802e+02  4.02620e+05  1.15415e+48  4.02620e+05  1.15398e+48  3.89223e+05  1.12314e+48  3.89223e+05  8.54103e+47 -1.57400e-08
 3.47810e+02  4.02620e+05  1.23073e+48  4.02620e+05  1.23057e+48  3.89223e+05  1.15856e+48  3.89223e+05  9.06279e+47 -1.57400e-08
 3.59177e+02  4.02620e+05  1.31241e+48  4.02620e+05  1.31226e+48  3.89223e+05  1.19876e+48  3.89223e+05  9.62206e+47 -1.57400e-08
 3.70916e+02  4.02620e+05  1.39952e+48  4.02620e+05  1.39938e+48  3.89223e+05  1.24393e+48  3.89223e+05  1.02212e+48 -1.57400e-08
 3.83038e+02  4.02620e+05  1.49242e+48  4.02620e+05  1.49229e+48  3.89223e+05  1.29425e+48  3.89223e+05  1.08626e+48 -1.57400e-08
 3.95557e+02  4.02620e+05  1.59150e+48  4.02620e+05  1.59138e+48  3.89223e+05  1.34992e+48  3.89223e+05  1.15489e+48 -1.57400e-08
 4.08485e+02  4.02620e+05  1.69717e+48  4.02620e+05  1.69706e+48  3.89223e+05  1.41119e+48  3.89223e+05  1.22830e+48 -1.57400e-08
 4.21835e+02  4.02620e+05  1.80986e+48  4.02620e+05  1.80976e+48  3.89223e+05  1.47829e+48  3.89223e+05  1.30680e+48 -1.57400e-08
 4.35622e+02  4.02620e+05  1.93004e+48  3.89223e+05  1.90385e+48  3.89223e+05  1.55151e+48  3.89223e+05  1.39071e+48 -1.57400e-08
 4.49859e+02  4.02620e+05  2.05821e+48  3.89223e+05  1.96154e+48  3.89223e+05  1.63115e+48  3.89223e+05  1.48037e+48 -1.57400e-08
 4.64562e+02  3.89223e+05  2.18397e+48  3.89223e+05  2.02734e+48  3.89223e+05  1.71754e+48  3.89223e+05  1.57616e+48 -1.57400e-08
 4.79745e+02  3.89223e+05  2.24841e+48  3.89223e+05  2.10154e+48  3.89223e+05  1.81104e+48  3.89223e+05  1.67847e+48 -1.57400e-08
 4.95424e+02  3.89223e+05  2.32216e+48  3.89223e+05  2.18443e+48  3.89223e+05  1.91204e+48  3.89223e+05  1.78773e+48 -1.57400e-08
 5.11616e+02  3.89223e+05  2.40551e+48  3.89223e+05  2.27637e+48  3.89223e+05  2.02095e+48  3.89223e+05  1.90439e+48 -1.57400e-08
 5.28337e+02  3.89223e+05  2.49882e+48  3.89223e+05  2.37773e+48  3.89223e+05  2.13822e+48  3.89223e+05  2.02892e+48 -1.57400e-08
 5.45604e+02  3.89223e+05  2.60247e+48  3.89223e+05  2.48893e+48  3.89223e+05  2.26434e+48  3.89223e+05  2.16186e+48 -1.57400e-08
 5.63436e+02  3.89223e+05  2.71690e+48  3.89223e+05  2.61042e+48  3.89223e+05  2.39984e+48  3.89223e+05  2.30374e+48 -1.57400e-08
 5.81850e+02  3.89223e+05  2.84257e+48  3.89223e+05  2.74273e+48  3.89223e+05  2.54526e+48  3.89223e+05  2.45516e+48 -1.57400e-08
 6.00867e+02  3.89223e+05  2.98000e+48  3.89223e+05  2.88638e+48  3.89223e+05  2.70122e+48  3.89223e+05  2.61673e+48 -1.57400e-08
 6.20505e+02  3.89223e+05  3.12977e+48  3.89223e+05  3.04198e+48  3.89223e+05  2.86836e+48  3.89223e+05  2.78914e+48 -1.57400e-08
 6.40784e+02  3.89223e+05  3.29249e+48  3.89223e+05  3.21017e+48  3.89223e+05  3.04737e+48  3.89223e+05  2.97309e+48 -1.57400e-08
 6.61727e+02  3.89223e+05  3.46883e+48  3.89223e+05  3.39165e+48  3.89223e+05  3.23899e+48  3.89223e+05  3.16934e+48 -1.57400e-08
 6.83354e+02  3.89223e+05  3.65953e+48  3.89223e+05  3.58716e+48  3.89223e+05  3.44402e+48  3.89223e+05  3.37871e+48 -1.57400e-08
 7.05688e+02  3.89223e+05  3.86538e+48  3.89223e+05  3.79752e+48  3.89223e+05  3.66330e+48  3.89223e+05  3.60207e+48 -1.57400e-08
 7.28751e+02  3.89223e+05  4.08723e+48  3.89223e+05  4.02359e+48  3.89223e+05  3.89774e+48  3.89223e+05  3.84032e+48 -1.57400e-08
 7.52569e+02  3.89223e+05  4.32599e+48  3.89223e+05  4.26632e+48  3.89223e+05  4.14831e+48  3.89223e+05  4.09448e+48 -1.57400e-08
 7.77165e+02  3.89223e+05  4.58266e+48  3.89223e+05  4.52671e+48  3.89223e+05  4.41605e+48  3.89223e+05  4.36558e+48 -1.57400e-08
 8.02565e+02  3.89223e+05  4.85829e+48  3.89223e+05  4.80583e+48  3.89223e+05  4.70207e+48  3.89223e+05  4.65474e+48 -1.57400e-08
 8.28794e+02  3.89223e+05  5.15403e+48  3.89223e+05  5.10483e+48  3.89223e+05  5.00755e+48  3.89223e+05  4.96317e+48 -1.57400e-08
 8.55882e+02  3.89223e+05  5.47110e+48  3.89223e+05  5.42497e+48  3.89223e+05  5.33375e+48  3.89223e+05  5.29214e+48 -1.57400e-08
 8.83854e+02  3.89223e+05  5.81081e+48  3.89223e+05  5.76756e+48  3.89223e+05  5.68202e+48  3.89223e+05  5.64301e+48 -1.57400e-08
 9.12741e+02  3.89223e+05  6.17457e+48  3.89223e+05  6.13401e+48  3.89223e+05  6.05381e+48  3.89223e+05  6.01723e+48 -1.57400e-08
 9.42571e+02  3.89223e+05  6.56388e+48  3.89223e+05  6.52585e+48  3.89223e+05  6.45065e+48  3.89223e+05  6.41636e+48 -1.57400e-08
 9.73377e+02  3.89223e+05  6.98036e+48  3.89223e+05  6.94470e+48  3.89223e+05  6.87419e+48  3.89223e+05  6.84204e+48 -1.57400e-08
 1.00519e+03  3.89223e+05  7.42573e+48  3.89223e+05  7.39230e+48  3.89223e+05  7.32618e+48  3.89223e+05  7.29603e+48 -1.57400e-08
 1.03804e+03  3.89223e+05  7.90183e+48  3.89223e+05  7.87048e+48  3.89223e+05  7.80849e+48  3.89223e+05  7.78022e+48 -1.57400e-08
 1.07197e+03  3.89223e+05  8.41063e+48  3.89223e+05  8.38124e+48  3.89223e+05  8.32311e+48  3.89223e+05  8.29661e+48 -1.57400e-08
 1.10700e+03  3.89223e+05  8.95424e+48  3.89223e+05  8.92668e+48  3.89223e+05  8.87218e+48  3.89223e+05  8.84733e+48 -1.57400e-08
 1.14318e+03  3.89223e+05  9.53491e+48  3.89223e+05  9.50907e+48  3.89223e+05  9.45797e+48  3.89223e+05  9.43467e+48 -1.57400e-08
 1.18054e+03  3.89223e+05  1.01550e+49  3.89223e+05  1.01308e+49  3.89223e+05  1.00829e+49  3.89223e+05  1.00611e+49 -1.57400e-08
 1.21913e+03  3.89223e+05  1.08172e+49  3.89223e+05  1.07945e+49  3.89223e+05  1.07496e+49  3.89223e+05  1.07291e+49 -1.57400e-08
 1.25897e+03  3.89223e+05  1.15241e+49  3.89223e+05  1.15028e+49  3.89223e+05  1.14607e+49  3.89223e+05  1.14415e+49 -1.57400e-08
 1.30012e+03  3.89223e+05  1.22787e+49  3.89223e+05  1.22588e+49  3.89223e+05  1.22193e+49  3.89223e+05  1.22013e+49 -1.57400e-08
 1.34261e+03  3.89223e+05  1.30842e+49  3.89223e+05  1.30654e+49  3.89223e+05  1.30284e+49  3.89223e+05  1.30115e+49 -1.57400e-08
 1.38649e+03  3.89223e+05  1.39437e+49  3.89223e+05  1.39262e+49  3.89223e+05  1.38915e+49  3.89223e+05  1.38757e+49 -1.57400e-08
 1.43180e+03  3.89223e+05  1.48610e+49  3.89223e+05  1.48446e+49  3.89223e+05  1.48120e+49  3.89223e+05  1.47972e+49 -1.57400e-08
 1.47860e+03  3.89223e+05  1.58398e+49  3.89223e+05  1.58244e+49  3.89223e+05  1.57939e+49  3.89223e+05  1.57800e+49 -1.57400e-08
 1.52692e+03  3.89223e+05  1.68842e+49  3.89223e+05  1.68697e+49  3.89223e+05  1.68411e+49  3.76271e+05  1.63911e+49 -1.57400e-08
 1.57683e+03  3.89223e+05  1.79984e+49  3.89223e+05  1.79848e+49  3.89223e+05  1.79580e+49  3.76271e+05  1.68921e+49 -1.57400e-08
 1.62836e+03  3.89223e+05  1.91871e+49  3.89223e+05  1.91744e+49  3.89223e+05  1.91492e+49  3.76271e+05  1.74631e+49 -1.57400e-08
 1.68158e+03  3.89223e+05  2.04552e+49  3.89223e+05  2.04433e+49  3.89223e+05  2.04197e+49  3.76271e+05  1.81063e+49 -1.57400e-08
 1.73654e+03  3.89223e+05  2.18080e+49  3.89223e+05  2.17968e+49  3.89223e+05  2.17747e+49  3.76271e+05  1.88245e+49 -1.57400e-08
 1.79329e+03  3.89223e+05  2.32510e+49  3.89223e+05  2.32405e+49  3.89223e+05  2.32198e+49  3.76271e+05  1.96206e+49 -1.57400e-08
 1.85190e+03  3.89223e+05  2.47902e+49  3.89223e+05  2.47804e+49  3.89223e+05  2.47610e+49  3.76271e+05  2.04979e+49 -1.57400e-08
 1.91243e+03  3.89223e+05  2.64321e+49  3.89223e+05  2.64228e+49  3.89223e+05  2.64046e+49  3.76271e+05  2.14600e+49 -1.57400e-08
 1.97493e+03  3.89223e+05  2.81833e+49  3.89223e+05  2.81746e+49  3.89223e+05  2.81576e+49  3.76271e+05  2.25109e+49 -1.57400e-08
 2.03948e+03  3.89223e+05  3.00511e+49  3.89223e+05  3.00430e+49  3.89223e+05  3.00270e+49  3.76271e+05  2.36549e+49 -1.57400e-08
 2.10613e+03  3.89223e+05  3.20434e+49  3.89223e+05  3.20358e+49  3.89223e+05  3.20208e+49  3.76271e+05  2.48969e+49 -1.57400e-08
 2.17497e+03  3.89223e+05  3.41682e+49  3.89223e+05  3.41611e+49  3.89223e+05  3.41470e+49  3.76271e+05  2.62419e+49 -1.57400e-08
 2.24605e+03  3.89223e+05  3.64344e+49  3.89223e+05  3.64278e+49  3.89223e+05  3.64146e+49  3.76271e+05  2.76955e+49 -1.57400e-08
 2.31946e+03  3.89223e+05  3.88515e+49  3.89223e+05  3.88452e+49  3.89223e+05  3.88329e+49  3.76271e+05  2.92638e+49 -1.57400e-08
 2.39526e+03  3.89223e+05  4.14293e+49  3.89223e+05  4.14234e+49  3.89223e+05  4.14118e+49  3.76271e+05  3.09531e+49 -1.57400e-08
 2.47355e+03  3.89223e+05  4.41786e+49  3.89223e+05  4.41731e+49  3.89223e+05  4.41622e+49  3.76271e+05  3.27705e+49 -1.57400e-08
 2.55439e+03  3.89223e+05  4.71106e+49  3.89223e+05  4.71055e+49  3.89223e+05  4.70953e+49  3.76271e+05  3.47236e+49 -1.57400e-08
 2.63787e+03  3.89223e+05  5.02377e+49  3.89223e+05  5.02329e+49  3.76271e+05  4.84601e+49  3.76271e+05  3.68203e+49 -1.57400e-08
 2.72409e+03  3.89223e+05  5.35727e+49  3.89223e+05  5.35682e+49  3.76271e+05  4.99841e+49  3.76271e+05  3.90694e+49 -1.57400e-08
 2.81312e+03  3.89223e+05  5.71294e+49  3.89223e+05  5.71251e+49  3.76271e+05  5.17150e+49  3.76271e+05  4.14803e+49 -1.57400e-08
 2.90506e+03  3.89223e+05  6.09225e+49  3.89223e+05  6.09185e+49  3.76271e+05  5.36599e+49  3.76271e+05  4.40627e+49 -1.57400e-08
 3.00000e+03  3.89223e+05  6.49677e+49  3.89223e+05  6.49640e+49  3.76271e+05  5.58269e+49  3.76271e+05  4.68276e+49 -1.57400e-08
