radius_rg T_0deg chi2_0deg T_15deg chi2_15deg T_30deg chi2_30deg T_45deg chi2_45deg nuLnusavg_last
 2.00000e-01  8.19480e+05  5.15078e+42  7.92211e+05  3.29818e+42  7.40366e+05  5.83501e+41  6.46632e+05  4.28871e+41  3.21644e-01
 2.06537e-01  8.19480e+05  5.32690e+42  7.92211e+05  2.87668e+42  7.40366e+05  9.02702e+41  6.46632e+05  3.03627e+41  3.21644e-01
 2.13287e-01  7.92211e+05  4.04276e+42  7.92211e+05  3.16135e+42  7.15730e+05  5.46696e+41  6.46632e+05  3.66959e+41  3.21644e-01
 2.20257e-01  7.92211e+05  3.36314e+42  7.65850e+05  2.20610e+42  7.15730e+05  2.94188e+41  6.46632e+05  6.19132e+41  3.21644e-01
 2.27456e-01  7.92211e+05  3.49913e+42  7.65850e+05  1.68738e+42  7.15730e+05  4.64761e+41  6.25115e+05  6.86400e+41  3.21644e-01
 2.34890e-01  7.65850e+05  2.80748e+42  7.65850e+05  1.86992e+42  6.91914e+05  8.18867e+41  6.25115e+05  5.96776e+41  3.21644e-01
 2.42567e-01  7.65850e+05  2.01689e+42  7.40366e+05  1.61341e+42  6.91914e+05  3.68652e+41  6.25115e+05  6.96942e+41  3.21644e-01
 2.50494e-01  7.65850e+05  2.03632e+42  7.40366e+05  9.26113e+41  6.91914e+05  3.41826e+41  6.25115e+05  9.87314e+41  3.21644e-01
 2.58681e-01  7.40366e+05  2.16867e+42  7.40366e+05  9.36918e+41  6.91914e+05  7.38277e+41  6.04314e+05  1.19800e+42  3.21644e-01
 2.67136e-01  7.40366e+05  1.18415e+42  7.15730e+05  1.62404e+42  6.68890e+05  9.28011e+41  6.04314e+05  1.11320e+42  3.21644e-01
 2.75866e-01  7.40366e+05  1.00622e+42  7.15730e+05  6.90937e+41  6.68890e+05  6.48716e+41  6.04314e+05  1.22032e+42  3.21644e-01
 2.84882e-01  7.40366e+05  1.63413e+42  7.15730e+05  4.54969e+41  6.68890e+05  7.93968e+41  6.04314e+05  1.51982e+42  3.21644e-01
 2.94193e-01  7.15730e+05  9.79731e+41  7.15730e+05  9.15158e+41  6.68890e+05  1.36437e+42  6.04314e+05  2.01293e+42  3.21644e-01
 3.03808e-01  7.15730e+05  5.17220e+41  6.91914e+05  1.12835e+42  6.46632e+05  1.55267e+42  5.84205e+05  1.92522e+42  3.21644e-01
 3.13737e-01  7.15730e+05  8.58528e+41  6.91914e+05  5.62754e+41  6.46632e+05  1.38479e+42  5.84205e+05  2.00354e+42  3.21644e-01
 3.23991e-01  6.91914e+05  1.57502e+42  6.91914e+05  6.93759e+41  6.46632e+05  1.64450e+42  5.84205e+05  2.27746e+42  3.21644e-01
 3.34580e-01  6.91914e+05  7.31531e+41  6.91914e+05  1.52191e+42  6.46632e+05  2.33288e+42  5.84205e+05  2.74814e+42  3.21644e-01
 3.45515e-01  6.91914e+05  6.92751e+41  6.68890e+05  1.46273e+42  6.25115e+05  2.74601e+42  5.64766e+05  3.19773e+42  3.21644e-01
 3.56807e-01  6.91914e+05  1.45852e+42  6.68890e+05  1.17361e+42  6.25115e+05  2.62300e+42  5.64766e+05  3.20004e+42  3.21644e-01
 3.68468e-01  6.68890e+05  1.88594e+42  6.68890e+05  1.58362e+42  6.25115e+05  2.93271e+42  5.64766e+05  3.40293e+42  3.21644e-01
 3.80511e-01  6.68890e+05  1.36121e+42  6.68890e+05  2.69445e+42  6.25115e+05  3.67642e+42  5.64766e+05  3.80721e+42  3.21644e-01
 3.92947e-01  6.68890e+05  1.64378e+42  6.46632e+05  2.63484e+42  6.04314e+05  4.64472e+42  5.64766e+05  4.41457e+42  3.21644e-01
 4.05790e-01  6.68890e+05  2.73484e+42  6.46632e+05  2.52418e+42  6.04314e+05  4.48810e+42  5.45973e+05  5.21711e+42  3.21644e-01
 4.19052e-01  6.46632e+05  3.19152e+42  6.46632e+05  3.11824e+42  6.04314e+05  4.77192e+42  5.45973e+05  5.27720e+42  3.21644e-01
 4.32748e-01  6.46632e+05  2.87145e+42  6.46632e+05  4.41948e+42  6.04314e+05  5.49734e+42  5.45973e+05  5.54645e+42  3.21644e-01
 4.46891e-01  6.46632e+05  3.36495e+42  6.25115e+05  4.73910e+42  6.04314e+05  6.66738e+42  5.45973e+05  6.02598e+42  3.21644e-01
 4.61496e-01  6.46632e+05  4.67405e+42  6.25115e+05  4.69678e+42  5.84205e+05  7.25332e+42  5.45973e+05  6.71776e+42  3.21644e-01
 4.76579e-01  6.25115e+05  5.60412e+42  6.25115e+05  5.36818e+42  5.84205e+05  7.41512e+42  5.45973e+05  7.62467e+42  3.21644e-01
 4.92155e-01  6.25115e+05  5.36057e+42  6.25115e+05  6.75606e+42  5.84205e+05  8.02947e+42  5.45973e+05  8.75046e+42  3.21644e-01
 5.08240e-01  6.25115e+05  5.94088e+42  6.04314e+05  8.01269e+42  5.84205e+05  9.09891e+42  5.27805e+05  9.56990e+42  3.21644e-01
 5.24851e-01  6.25115e+05  7.34746e+42  6.04314e+05  7.90809e+42  5.84205e+05  1.06279e+43  5.27805e+05  9.99449e+42  3.21644e-01
 5.42004e-01  6.04314e+05  9.40341e+42  6.04314e+05  8.53049e+42  5.64766e+05  1.14378e+43  5.27805e+05  1.06478e+43  3.21644e-01
 5.59718e-01  6.04314e+05  9.08427e+42  6.04314e+05  9.88247e+42  5.64766e+05  1.18096e+43  5.27805e+05  1.15324e+43  3.21644e-01
 5.78011e-01  6.04314e+05  9.60440e+42  6.04314e+05  1.19696e+43  5.64766e+05  1.26522e+43  5.27805e+05  1.26521e+43  3.21644e-01
 5.96902e-01  6.04314e+05  1.09660e+43  5.84205e+05  1.26316e+43  5.64766e+05  1.39689e+43  5.27805e+05  1.40115e+43  3.21644e-01
 6.16411e-01  6.04314e+05  1.31746e+43  5.84205e+05  1.30438e+43  5.64766e+05  1.57654e+43  5.27805e+05  1.56162e+43  3.21644e-01
 6.36557e-01  5.84205e+05  1.45991e+43  5.84205e+05  1.42043e+43  5.64766e+05  1.80489e+43  5.27805e+05  1.74729e+43  3.21644e-01
 6.57361e-01  5.84205e+05  1.48713e+43  5.84205e+05  1.61178e+43  5.45973e+05  1.87080e+43  5.27805e+05  1.95891e+43  3.21644e-01
 6.78845e-01  5.84205e+05  1.60067e+43  5.84205e+05  1.87923e+43  5.45973e+05  1.96026e+43  5.27805e+05  2.19738e+43  3.21644e-01
 7.01032e-01  5.84205e+05  1.80100e+43  5.64766e+05  1.99109e+43  5.45973e+05  2.10001e+43  5.27805e+05  2.46367e+43  3.21644e-01
 7.23943e-01  5.84205e+05  2.08896e+43  5.64766e+05  2.06571e+43  5.45973e+05  2.29064e+43  5.27805e+05  2.75889e+43  3.21644e-01
 7.47603e-01  5.64766e+05  2.29186e+43  5.64766e+05  2.21830e+43  5.45973e+05  2.53294e+43  5.10242e+05  2.92974e+43  3.21644e-01
 7.72037e-01  5.64766e+05  2.35680e+43  5.64766e+05  2.44950e+43  5.45973e+05  2.82790e+43  5.10242e+05  3.09565e+43  3.21644e-01
 7.97269e-01  5.64766e+05  2.51166e+43  5.64766e+05  2.76026e+43  5.45973e+05  3.17676e+43  5.10242e+05  3.29311e+43  3.21644e-01
 8.23326e-01  5.64766e+05  2.75709e+43  5.64766e+05  3.15187e+43  5.27805e+05  3.43378e+43  5.10242e+05  3.52292e+43  3.21644e-01
 8.50234e-01  5.64766e+05  3.09409e+43  5.45973e+05  3.25945e+43  5.27805e+05  3.59269e+43  5.10242e+05  3.78605e+43  3.21644e-01
 8.78022e-01  5.64766e+05  3.52406e+43  5.45973e+05  3.41827e+43  5.27805e+05  3.80864e+43  5.10242e+05  4.08358e+43  3.21644e-01
 9.06718e-01  5.45973e+05  3.73435e+43  5.45973e+05  3.66066e+43  5.27805e+05  4.08254e+43  5.10242e+05  4.41674e+43  3.21644e-01
 9.36352e-01  5.45973e+05  3.89505e+43  5.45973e+05  3.98762e+43  5.27805e+05  4.41553e+43  5.10242e+05  4.78691e+43  3.21644e-01
 9.66955e-01  5.45973e+05  4.15204e+43  5.45973e+05  4.40052e+43  5.27805e+05  4.80898e+43  5.10242e+05  5.19562e+43  3.21644e-01
 9.98557e-01  5.45973e+05  4.50638e+43  5.45973e+05  4.90106e+43  5.27805e+05  5.26451e+43  5.10242e+05  5.64457e+43  3.21644e-01
 1.03119e+00  5.45973e+05  4.95954e+43  5.45973e+05  5.49130e+43  5.27805e+05  5.78402e+43  5.10242e+05  6.13561e+43  3.21644e-01
 1.06489e+00  5.45973e+05  5.51339e+43  5.27805e+05  5.98521e+43  5.27805e+05  6.36965e+43  5.10242e+05  6.67077e+43  3.21644e-01
 1.09970e+00  5.45973e+05  6.17022e+43  5.27805e+05  6.25328e+43  5.27805e+05  7.02382e+43  5.10242e+05  7.25227e+43  3.21644e-01
 1.13564e+00  5.27805e+05  6.85388e+43  5.27805e+05  6.61666e+43  5.27805e+05  7.74925e+43  5.10242e+05  7.88252e+43  3.21644e-01
 1.17276e+00  5.27805e+05  7.13762e+43  5.27805e+05  7.07686e+43  5.27805e+05  8.54894e+43  5.10242e+05  8.56412e+43  3.21644e-01
 1.21108e+00  5.27805e+05  7.53107e+43  5.27805e+05  7.63576e+43  5.27805e+05  9.42619e+43  5.10242e+05  9.29990e+43  3.21644e-01
 1.25067e+00  5.27805e+05  8.03585e+43  5.27805e+05  8.29569e+43  5.10242e+05  1.02484e+44  5.10242e+05  1.00929e+44  3.21644e-01
 1.29154e+00  5.27805e+05  8.65406e+43  5.27805e+05  9.05939e+43  5.10242e+05  1.07392e+44  5.10242e+05  1.09464e+44  3.21644e-01
 1.33375e+00  5.27805e+05  9.38824e+43  5.27805e+05  9.93000e+43  5.10242e+05  1.13165e+44  5.10242e+05  1.18639e+44  3.21644e-01
 1.37734e+00  5.27805e+05  1.02415e+44  5.27805e+05  1.09111e+44  5.10242e+05  1.19830e+44  5.10242e+05  1.28493e+44  3.21644e-01
 1.42236e+00  5.27805e+05  1.12172e+44  5.27805e+05  1.20068e+44  5.10242e+05  1.27411e+44  5.10242e+05  1.39065e+44  3.21644e-01
 1.46884e+00  5.27805e+05  1.23196e+44  5.27805e+05  1.32217e+44  5.10242e+05  1.35942e+44  5.10242e+05  1.50401e+44  3.21644e-01
 1.51685e+00  5.27805e+05  1.35531e+44  5.27805e+05  1.45607e+44  5.10242e+05  1.45458e+44  5.10242e+05  1.62546e+44  3.21644e-01
 1.56642e+00  5.27805e+05  1.49228e+44  5.27805e+05  1.60293e+44  5.10242e+05  1.55997e+44  5.10242e+05  1.75551e+44  3.21644e-01
 1.61762e+00  5.27805e+05  1.64345e+44  5.27805e+05  1.76338e+44  5.10242e+05  1.67604e+44  5.10242e+05  1.89471e+44  3.21644e-01
 1.67049e+00  5.27805e+05  1.80944e+44  5.10242e+05  1.85631e+44  5.10242e+05  1.80326e+44  5.10242e+05  2.04361e+44  3.21644e-01
 1.72508e+00  5.27805e+05  1.99093e+44  5.10242e+05  1.95091e+44  5.10242e+05  1.94217e+44  5.10242e+05  2.20285e+44  3.21644e-01
 1.78146e+00  5.10242e+05  2.12015e+44  5.10242e+05  2.06052e+44  5.10242e+05  2.09333e+44  5.10242e+05  2.37307e+44  3.21644e-01
 1.83968e+00  5.10242e+05  2.22535e+44  5.10242e+05  2.18560e+44  5.10242e+05  2.25737e+44  5.10242e+05  2.55499e+44  3.21644e-01
 1.89981e+00  5.10242e+05  2.34778e+44  5.10242e+05  2.32667e+44  5.10242e+05  2.43497e+44  5.10242e+05  2.74936e+44  3.21644e-01
 1.96190e+00  5.10242e+05  2.48793e+44  5.10242e+05  2.48431e+44  5.10242e+05  2.62687e+44  4.93264e+05  2.88911e+44  3.21644e-01
 2.02602e+00  5.10242e+05  2.64640e+44  5.10242e+05  2.65917e+44  5.10242e+05  2.83385e+44  4.93264e+05  3.00790e+44  3.21644e-01
 2.09224e+00  5.10242e+05  2.82384e+44  5.10242e+05  2.85198e+44  5.10242e+05  3.05679e+44  4.93264e+05  3.14101e+44  3.21644e-01
 2.16062e+00  5.10242e+05  3.02098e+44  5.10242e+05  3.06354e+44  5.10242e+05  3.29659e+44  4.93264e+05  3.28899e+44  3.21644e-01
 2.23123e+00  5.10242e+05  3.23865e+44  5.10242e+05  3.29472e+44  5.10242e+05  3.55426e+44  4.93264e+05  3.45246e+44  3.21644e-01
 2.30415e+00  5.10242e+05  3.47773e+44  5.10242e+05  3.54647e+44  5.10242e+05  3.83085e+44  4.93264e+05  3.63209e+44  3.21644e-01
 2.37946e+00  5.10242e+05  3.73922e+44  5.10242e+05  3.81985e+44  5.10242e+05  4.12751e+44  4.93264e+05  3.82862e+44  3.21644e-01
 2.45723e+00  5.10242e+05  4.02420e+44  5.10242e+05  4.11597e+44  5.10242e+05  4.44548e+44  4.93264e+05  4.04287e+44  3.21644e-01
 2.53753e+00  5.10242e+05  4.33385e+44  5.10242e+05  4.43608e+44  5.10242e+05  4.78606e+44  4.93264e+05  4.27572e+44  3.21644e-01
 2.62047e+00  5.10242e+05  4.66946e+44  5.10242e+05  4.78148e+44  5.10242e+05  5.15067e+44  4.93264e+05  4.52815e+44  3.21644e-01
 2.70611e+00  5.10242e+05  5.03240e+44  5.10242e+05  5.15361e+44  5.10242e+05  5.54081e+44  4.93264e+05  4.80118e+44  3.21644e-01
 2.79455e+00  5.10242e+05  5.42419e+44  5.10242e+05  5.55402e+44  5.10242e+05  5.95810e+44  4.93264e+05  5.09596e+44  3.21644e-01
 2.88589e+00  5.10242e+05  5.84644e+44  5.10242e+05  5.98435e+44  5.10242e+05  6.40427e+44  4.93264e+05  5.41370e+44  3.21644e-01
 2.98021e+00  5.10242e+05  6.30091e+44  5.10242e+05  6.44639e+44  5.10242e+05  6.88115e+44  4.93264e+05  5.75572e+44  3.21644e-01
 3.07761e+00  5.10242e+05  6.78947e+44  5.10242e+05  6.94206e+44  5.10242e+05  7.39074e+44  4.93264e+05  6.12343e+44  3.21644e-01
 3.17819e+00  5.10242e+05  7.31414e+44  5.10242e+05  7.47339e+44  5.10242e+05  7.93513e+44  4.93264e+05  6.51836e+44  3.21644e-01
 3.28206e+00  5.10242e+05  7.87710e+44  5.10242e+05  8.04260e+44  5.10242e+05  8.51658e+44  4.93264e+05  6.94213e+44  3.21644e-01
 3.38933e+00  5.10242e+05  8.48068e+44  5.10242e+05  8.65203e+44  4.93264e+05  9.08846e+44  4.93264e+05  7.39651e+44  3.21644e-01
 3.50010e+00  5.10242e+05  9.12736e+44  5.10242e+05  9.30421e+44  4.93264e+05  9.43462e+44  4.93264e+05  7.88338e+44  3.21644e-01
 3.61449e+00  5.10242e+05  9.81984e+44  5.10242e+05  1.00018e+45  4.93264e+05  9.82404e+44  4.93264e+05  8.40474e+44  3.21644e-01
 3.73262e+00  5.10242e+05  1.05610e+45  5.10242e+05  1.07478e+45  4.93264e+05  1.02583e+45  4.93264e+05  8.96275e+44  3.21644e-01
 3.85462e+00  5.10242e+05  1.13538e+45  5.10242e+05  1.15452e+45  4.93264e+05  1.07393e+45  4.93264e+05  9.55973e+44  3.21644e-01
 3.98060e+00  5.10242e+05  1.22017e+45  5.10242e+05  1.23973e+45  4.93264e+05  1.12689e+45  4.93264e+05  1.01981e+45  3.21644e-01
 4.11069e+00  5.10242e+05  1.31081e+45  5.10242e+05  1.33077e+45  4.93264e+05  1.18494e+45  4.93264e+05  1.08806e+45  3.21644e-01
 4.24504e+00  5.10242e+05  1.40767e+45  5.10242e+05  1.42800e+45  4.93264e+05  1.24832e+45  4.93264e+05  1.16100e+45  3.21644e-01
 4.38378e+00  5.10242e+05  1.51116e+45  5.10242e+05  1.53184e+45  4.93264e+05  1.31728e+45  4.93264e+05  1.23894e+45  3.21644e-01
 4.52705e+00  5.10242e+05  1.62171e+45  4.93264e+05  1.60868e+45  4.93264e+05  1.39211e+45  4.93264e+05  1.32218e+45  3.21644e-01
 4.67501e+00  5.10242e+05  1.73977e+45  4.93264e+05  1.67210e+45  4.93264e+05  1.47313e+45  4.93264e+05  1.41109e+45  3.21644e-01
 4.82780e+00  4.93264e+05  1.84148e+45  4.93264e+05  1.74315e+45  4.93264e+05  1.56067e+45  4.93264e+05  1.50602e+45  3.21644e-01
 4.98558e+00  4.93264e+05  1.91269e+45  4.93264e+05  1.82210e+45  4.93264e+05  1.65509e+45  4.93264e+05  1.60737e+45  3.21644e-01
 5.14853e+00  4.93264e+05  1.99261e+45  4.93264e+05  1.90928e+45  4.93264e+05  1.75678e+45  4.93264e+05  1.71556e+45  3.21644e-01
 5.31679e+00  4.93264e+05  2.08158e+45  4.93264e+05  2.00506e+45  4.93264e+05  1.86616e+45  4.93264e+05  1.83104e+45  3.21644e-01
 5.49056e+00  4.93264e+05  2.17997e+45  4.93264e+05  2.10983e+45  4.93264e+05  1.98368e+45  4.93264e+05  1.95429e+45  3.21644e-01
 5.67001e+00  4.93264e+05  2.28819e+45  4.93264e+05  2.22403e+45  4.93264e+05  2.10984e+45  4.93264e+05  2.08581e+45  3.21644e-01
 5.85532e+00  4.93264e+05  2.40667e+45  4.93264e+05  2.34813e+45  4.93264e+05  2.24515e+45  4.93264e+05  2.22615e+45  3.21644e-01
 6.04668e+00  4.93264e+05  2.53591e+45  4.93264e+05  2.48264e+45  4.93264e+05  2.39018e+45  4.93264e+05  2.37588e+45  3.21644e-01
 6.24430e+00  4.93264e+05  2.67646e+45  4.93264e+05  2.62811e+45  4.93264e+05  2.54551e+45  4.93264e+05  2.53564e+45  3.21644e-01
 6.44838e+00  4.93264e+05  2.82888e+45  4.93264e+05  2.78516e+45  4.93264e+05  2.71181e+45  4.93264e+05  2.70608e+45  3.21644e-01
 6.65913e+00  4.93264e+05  2.99380e+45  4.93264e+05  2.95443e+45  4.93264e+05  2.88975e+45  4.93264e+05  2.88791e+45  3.21644e-01
 6.87677e+00  4.93264e+05  3.17192e+45  4.93264e+05  3.13662e+45  4.93264e+05  3.08006e+45  4.93264e+05  3.08187e+45  3.21644e-01
 7.10152e+00  4.93264e+05  3.36397e+45  4.93264e+05  3.33248e+45  4.93264e+05  3.28355e+45  4.93264e+05  3.28878e+45  3.21644e-01
 7.33362e+00  4.93264e+05  3.57074e+45  4.93264e+05  3.54283e+45  4.93264e+05  3.50105e+45  4.93264e+05  3.50948e+45  3.21644e-01
 7.57330e+00  4.93264e+05  3.79310e+45  4.93264e+05  3.76854e+45  4.93264e+05  3.73346e+45  4.93264e+05  3.74490e+45  3.21644e-01
 7.82082e+00  4.93264e+05  4.03195e+45  4.93264e+05  4.01054e+45  4.93264e+05  3.98174e+45  4.93264e+05  3.99600e+45  3.21644e-01
 8.07642e+00  4.93264e+05  4.28828e+45  4.93264e+05  4.26983e+45  4.93264e+05  4.24693e+45  4.93264e+05  4.26382e+45  3.21644e-01
 8.34038e+00  4.93264e+05  4.56317e+45  4.93264e+05  4.54748e+45  4.93264e+05  4.53011e+45  4.93264e+05  4.54948e+45  3.21644e-01
 8.61296e+00  4.93264e+05  4.85774e+45  4.93264e+05  4.84464e+45  4.93264e+05  4.83246e+45  4.93264e+05  4.85415e+45  3.21644e-01
 8.89446e+00  4.93264e+05  5.17322e+45  4.93264e+05  5.16256e+45  4.93264e+05  5.15523e+45  4.93264e+05  5.17910e+45  3.21644e-01
 9.18515e+00  4.93264e+05  5.51091e+45  4.93264e+05  5.50252e+45  4.93264e+05  5.49975e+45  4.93264e+05  5.52567e+45  3.21644e-01
 9.48535e+00  4.93264e+05  5.87221e+45  4.93264e+05  5.86596e+45  4.93264e+05  5.86746e+45  4.93264e+05  5.89530e+45  3.21644e-01
 9.79535e+00  4.93264e+05  6.25861e+45  4.93264e+05  6.25437e+45  4.93264e+05  6.25987e+45  4.93264e+05  6.28951e+45  3.21644e-01
 1.01155e+01  4.93264e+05  6.67171e+45  4.93264e+05  6.66935e+45  4.93264e+05  6.67862e+45  4.93264e+05  6.70993e+45  3.21644e-01
 1.04461e+01  4.93264e+05  7.11322e+45  4.93264e+05  7.11263e+45  4.93264e+05  7.12542e+45  4.93264e+05  7.15831e+45  3.21644e-01
 1.07875e+01  4.93264e+05  7.58498e+45  4.93264e+05  7.58604e+45  4.93264e+05  7.60213e+45  4.76850e+05  7.54241e+45  3.21644e-01
 1.11401e+01  4.93264e+05  8.08893e+45  4.93264e+05  8.09154e+45  4.93264e+05  8.11073e+45  4.76850e+05  7.80864e+45  3.21644e-01
 1.15041e+01  4.93264e+05  8.62715e+45  4.93264e+05  8.63121e+45  4.93264e+05  8.65331e+45  4.76850e+05  8.10738e+45  3.21644e-01
 1.18801e+01  4.93264e+05  9.20188e+45  4.93264e+05  9.20731e+45  4.93264e+05  9.23213e+45  4.76850e+05  8.43986e+45  3.21644e-01
 1.22684e+01  4.93264e+05  9.81549e+45  4.93264e+05  9.82220e+45  4.93264e+05  9.84957e+45  4.76850e+05  8.80746e+45  3.21644e-01
 1.26694e+01  4.93264e+05  1.04705e+46  4.93264e+05  1.04784e+46  4.93264e+05  1.05082e+46  4.76850e+05  9.21169e+45  3.21644e-01
 1.30834e+01  4.93264e+05  1.11697e+46  4.93264e+05  1.11787e+46  4.93264e+05  1.12107e+46  4.76850e+05  9.65423e+45  3.21644e-01
 1.35110e+01  4.93264e+05  1.19159e+46  4.93264e+05  1.19260e+46  4.93264e+05  1.19601e+46  4.76850e+05  1.01369e+46  3.21644e-01
 1.39526e+01  4.93264e+05  1.27122e+46  4.93264e+05  1.27233e+46  4.93264e+05  1.27594e+46  4.76850e+05  1.06617e+46  3.21644e-01
 1.44086e+01  4.93264e+05  1.35619e+46  4.93264e+05  1.35739e+46  4.93264e+05  1.36119e+46  4.76850e+05  1.12309e+46  3.21644e-01
 1.48795e+01  4.93264e+05  1.44686e+46  4.93264e+05  1.44814e+46  4.93264e+05  1.45211e+46  4.76850e+05  1.18467e+46  3.21644e-01
 1.53658e+01  4.93264e+05  1.54359e+46  4.93264e+05  1.54496e+46  4.93264e+05  1.54909e+46  4.76850e+05  1.25117e+46  3.21644e-01
 1.58680e+01  4.93264e+05  1.64679e+46  4.93264e+05  1.64824e+46  4.93264e+05  1.65252e+46  4.76850e+05  1.32286e+46  3.21644e-01
 1.63866e+01  4.93264e+05  1.75689e+46  4.93264e+05  1.75840e+46  4.93264e+05  1.76283e+46  4.76850e+05  1.40005e+46  3.21644e-01
 1.69222e+01  4.93264e+05  1.87433e+46  4.93264e+05  1.87592e+46  4.93264e+05  1.88048e+46  4.76850e+05  1.48306e+46  3.21644e-01
 1.74753e+01  4.93264e+05  1.99962e+46  4.93264e+05  2.00127e+46  4.93264e+05  2.00595e+46  4.76850e+05  1.57222e+46  3.21644e-01
 1.80464e+01  4.93264e+05  2.13326e+46  4.93264e+05  2.13496e+46  4.93264e+05  2.13977e+46  4.76850e+05  1.66790e+46  3.21644e-01
 1.86362e+01  4.93264e+05  2.27581e+46  4.93264e+05  2.27757e+46  4.93264e+05  2.28248e+46  4.76850e+05  1.77051e+46  3.21644e-01
 1.92453e+01  4.93264e+05  2.42785e+46  4.93264e+05  2.42967e+46  4.76850e+05  2.37088e+46  4.76850e+05  1.88046e+46  3.21644e-01
 1.98743e+01  4.93264e+05  2.59003e+46  4.93264e+05  2.59189e+46  4.76850e+05  2.45773e+46  4.76850e+05  1.99822e+46  3.21644e-01
 2.05238e+01  4.93264e+05  2.76300e+46  4.93264e+05  2.76491e+46  4.76850e+05  2.55479e+46  4.76850e+05  2.12426e+46  3.21644e-01
 2.11946e+01  4.93264e+05  2.94749e+46  4.93264e+05  2.94944e+46  4.76850e+05  2.66247e+46  4.76850e+05  2.25911e+46  3.21644e-01
 2.18873e+01  4.93264e+05  3.14426e+46  4.93264e+05  3.14625e+46  4.76850e+05  2.78121e+46  4.76850e+05  2.40333e+46  3.21644e-01
 2.26026e+01  4.93264e+05  3.35412e+46  4.93264e+05  3.35614e+46  4.76850e+05  2.91150e+46  4.76850e+05  2.55751e+46  3.21644e-01
 2.33413e+01  4.93264e+05  3.57794e+46  4.93264e+05  3.58000e+46  4.76850e+05  3.05389e+46  4.76850e+05  2.72230e+46  3.21644e-01
 2.41042e+01  4.93264e+05  3.81664e+46  4.93264e+05  3.81874e+46  4.76850e+05  3.20895e+46  4.76850e+05  2.89837e+46  3.21644e-01
 2.48920e+01  4.93264e+05  4.07123e+46  4.76850e+05  4.03324e+46  4.76850e+05  3.37733e+46  4.76850e+05  3.08646e+46  3.21644e-01
 2.57055e+01  4.93264e+05  4.34274e+46  4.76850e+05  4.17437e+46  4.76850e+05  3.55974e+46  4.76850e+05  3.28734e+46  3.21644e-01
 2.65456e+01  4.76850e+05  4.62151e+46  4.76850e+05  4.33285e+46  4.76850e+05  3.75692e+46  4.76850e+05  3.50184e+46  3.21644e-01
 2.74132e+01  4.76850e+05  4.77985e+46  4.76850e+05  4.50933e+46  4.76850e+05  3.96969e+46  4.76850e+05  3.73085e+46  3.21644e-01
 2.83091e+01  4.76850e+05  4.95805e+46  4.76850e+05  4.70454e+46  4.76850e+05  4.19893e+46  4.76850e+05  3.97532e+46  3.21644e-01
 2.92343e+01  4.76850e+05  5.15684e+46  4.76850e+05  4.91929e+46  4.76850e+05  4.44558e+46  4.76850e+05  4.23626e+46  3.21644e-01
 3.01898e+01  4.76850e+05  5.37706e+46  4.76850e+05  5.15447e+46  4.76850e+05  4.71068e+46  4.76850e+05  4.51475e+46  3.21644e-01
 3.11765e+01  4.76850e+05  5.61961e+46  4.76850e+05  5.41105e+46  4.76850e+05  4.99532e+46  4.76850e+05  4.81195e+46  3.21644e-01
 3.21954e+01  4.76850e+05  5.88550e+46  4.76850e+05  5.69010e+46  4.76850e+05  5.30067e+46  4.76850e+05  5.12907e+46  3.21644e-01
 3.32476e+01  4.76850e+05  6.17583e+46  4.76850e+05  5.99276e+46  4.76850e+05  5.62800e+46  4.76850e+05  5.46745e+46  3.21644e-01
 3.43343e+01  4.76850e+05  6.49179e+46  4.76850e+05  6.32029e+46  4.76850e+05  5.97866e+46  4.76850e+05  5.82846e+46  3.21644e-01
 3.54564e+01  4.76850e+05  6.83470e+46  4.76850e+05  6.67404e+46  4.76850e+05  6.35411e+46  4.76850e+05  6.21362e+46  3.21644e-01
 3.66152e+01  4.76850e+05  7.20598e+46  4.76850e+05  7.05549e+46  4.76850e+05  6.75589e+46  4.76850e+05  6.62451e+46  3.21644e-01
 3.78119e+01  4.76850e+05  7.60716e+46  4.76850e+05  7.46620e+46  4.76850e+05  7.18568e+46  4.76850e+05  7.06284e+46  3.21644e-01
 3.90477e+01  4.76850e+05  8.03990e+46  4.76850e+05  7.90788e+46  4.76850e+05  7.64525e+46  4.76850e+05  7.53041e+46  3.21644e-01
 4.03238e+01  4.76850e+05  8.50599e+46  4.76850e+05  8.38236e+46  4.76850e+05  8.13650e+46  4.76850e+05  8.02916e+46  3.21644e-01
 4.16417e+01  4.76850e+05  9.00736e+46  4.76850e+05  8.89160e+46  4.76850e+05  8.66146e+46  4.76850e+05  8.56117e+46  3.21644e-01
 4.30027e+01  4.76850e+05  9.54609e+46  4.76850e+05  9.43770e+46  4.76850e+05  9.22231e+46  4.76850e+05  9.12862e+46  3.21644e-01
 4.44081e+01  4.76850e+05  1.01244e+47  4.76850e+05  1.00229e+47  4.76850e+05  9.82137e+46  4.76850e+05  9.73387e+46  3.21644e-01
 4.58595e+01  4.76850e+05  1.07447e+47  4.76850e+05  1.06497e+47  4.76850e+05  1.04611e+47  4.76850e+05  1.03794e+47  3.21644e-01
 4.73583e+01  4.76850e+05  1.14096e+47  4.76850e+05  1.13206e+47  4.76850e+05  1.11442e+47  4.76850e+05  1.10679e+47  3.21644e-01
 4.89061e+01  4.76850e+05  1.21217e+47  4.76850e+05  1.20385e+47  4.76850e+05  1.18734e+47  4.76850e+05  1.18023e+47  3.21644e-01
 5.05045e+01  4.76850e+05  1.28841e+47  4.76850e+05  1.28062e+47  4.76850e+05  1.26519e+47  4.76850e+05  1.25855e+47  3.21644e-01
 5.21551e+01  4.76850e+05  1.36999e+47  4.76850e+05  1.36270e+47  4.76850e+05  1.34827e+47  4.76850e+05  1.34208e+47  3.21644e-01
 5.38597e+01  4.76850e+05  1.45724e+47  4.76850e+05  1.45043e+47  4.76850e+05  1.43694e+47  4.76850e+05  1.43117e+47  3.21644e-01
 5.56199e+01  4.76850e+05  1.55054e+47  4.76850e+05  1.54416e+47  4.76850e+05  1.53155e+47  4.76850e+05  1.52618e+47  3.21644e-01
 5.74378e+01  4.76850e+05  1.65026e+47  4.76850e+05  1.64430e+47  4.76850e+05  1.63251e+47  4.76850e+05  1.62751e+47  3.21644e-01
 5.93150e+01  4.76850e+05  1.75682e+47  4.76850e+05  1.75124e+47  4.76850e+05  1.74023e+47  4.76850e+05  1.73558e+47  3.21644e-01
 6.12535e+01  4.76850e+05  1.87065e+47  4.76850e+05  1.86544e+47  4.76850e+05  1.85516e+47  4.76850e+05  1.85083e+47  3.21644e-01
 6.32555e+01  4.76850e+05  1.99224e+47  4.76850e+05  1.98737e+47  4.76850e+05  1.97777e+47  4.76850e+05  1.97374e+47  3.21644e-01
 6.53228e+01  4.76850e+05  2.12208e+47  4.76850e+05  2.11753e+47  4.76850e+05  2.10856e+47  4.76850e+05  2.10483e+47  3.21644e-01
 6.74577e+01  4.76850e+05  2.26071e+47  4.76850e+05  2.25645e+47  4.76850e+05  2.24809e+47  4.76850e+05  2.24462e+47  3.21644e-01
 6.96624e+01  4.76850e+05  2.40870e+47  4.76850e+05  2.40473e+47  4.76850e+05  2.39693e+47  4.76850e+05  2.39371e+47  3.21644e-01
 7.19392e+01  4.76850e+05  2.56667e+47  4.76850e+05  2.56296e+47  4.76850e+05  2.55569e+47  4.76850e+05  2.55270e+47  3.21644e-01
 7.42903e+01  4.76850e+05  2.73527e+47  4.76850e+05  2.73181e+47  4.76850e+05  2.72503e+47  4.76850e+05  2.72226e+47  3.21644e-01
 7.67183e+01  4.76850e+05  2.91519e+47  4.76850e+05  2.91196e+47  4.76850e+05  2.90565e+47  4.76850e+05  2.90309e+47  3.21644e-01
 7.92257e+01  4.76850e+05  3.10719e+47  4.76850e+05  3.10418e+47  4.76850e+05  3.09830e+47  4.76850e+05  3.09594e+47  3.21644e-01
 8.18150e+01  4.76850e+05  3.31206e+47  4.76850e+05  3.30925e+47  4.76850e+05  3.30378e+47  4.60983e+05  3.22390e+47  3.21644e-01
 8.44889e+01  4.76850e+05  3.53064e+47  4.76850e+05  3.52802e+47  4.76850e+05  3.52293e+47  4.60983e+05  3.33826e+47  3.21644e-01
 8.72502e+01  4.76850e+05  3.76384e+47  4.76850e+05  3.76140e+47  4.76850e+05  3.75667e+47  4.60983e+05  3.46644e+47  3.21644e-01
 9.01018e+01  4.76850e+05  4.01262e+47  4.76850e+05  4.01036e+47  4.76850e+05  4.00596e+47  4.60983e+05  3.60897e+47  3.21644e-01
 9.30466e+01  4.76850e+05  4.27802e+47  4.76850e+05  4.27591e+47  4.76850e+05  4.27183e+47  4.60983e+05  3.76643e+47  3.21644e-01
 9.60876e+01  4.76850e+05  4.56113e+47  4.76850e+05  4.55917e+47  4.76850e+05  4.55538e+47  4.60983e+05  3.93948e+47  3.21644e-01
 9.92280e+01  4.76850e+05  4.86313e+47  4.76850e+05  4.86130e+47  4.76850e+05  4.85779e+47  4.60983e+05  4.12884e+47  3.21644e-01
 1.02471e+02  4.76850e+05  5.18526e+47  4.76850e+05  5.18356e+47  4.76850e+05  5.18031e+47  4.60983e+05  4.33529e+47  3.21644e-01
 1.05820e+02  4.76850e+05  5.52886e+47  4.76850e+05  5.52728e+47  4.76850e+05  5.52427e+47  4.60983e+05  4.55968e+47  3.21644e-01
 1.09278e+02  4.76850e+05  5.89534e+47  4.76850e+05  5.89388e+47  4.76850e+05  5.89110e+47  4.60983e+05  4.80294e+47  3.21644e-01
 1.12850e+02  4.76850e+05  6.28623e+47  4.76850e+05  6.28488e+47  4.76850e+05  6.28231e+47  4.60983e+05  5.06608e+47  3.21644e-01
 1.16538e+02  4.76850e+05  6.70315e+47  4.76850e+05  6.70189e+47  4.76850e+05  6.69953e+47  4.60983e+05  5.35019e+47  3.21644e-01
 1.20347e+02  4.76850e+05  7.14781e+47  4.76850e+05  7.14665e+47  4.76850e+05  7.14448e+47  4.60983e+05  5.65645e+47  3.21644e-01
 1.24280e+02  4.76850e+05  7.62206e+47  4.76850e+05  7.62099e+47  4.76850e+05  7.61899e+47  4.60983e+05  5.98611e+47  3.21644e-01
 1.28342e+02  4.76850e+05  8.12786e+47  4.76850e+05  8.12688e+47  4.76850e+05  8.12504e+47  4.60983e+05  6.34055e+47  3.21644e-01
 1.32537e+02  4.76850e+05  8.66731e+47  4.76850e+05  8.66640e+47  4.76850e+05  8.66473e+47  4.60983e+05  6.72123e+47  3.21644e-01
 1.36868e+02  4.76850e+05  9.24264e+47  4.76850e+05  9.24180e+47  4.76850e+05  9.24027e+47  4.60983e+05  7.12973e+47  3.21644e-01
 1.41341e+02  4.76850e+05  9.85622e+47  4.76850e+05  9.85546e+47  4.60983e+05  9.78783e+47  4.60983e+05  7.56773e+47  3.21644e-01
 1.45961e+02  4.76850e+05  1.05106e+48  4.76850e+05  1.05099e+48  4.60983e+05  1.01188e+48  4.60983e+05  8.03706e+47  3.21644e-01
 1.50731e+02  4.76850e+05  1.12085e+48  4.76850e+05  1.12078e+48  4.60983e+05  1.04917e+48  4.60983e+05  8.53965e+47  3.21644e-01
 1.55658e+02  4.76850e+05  1.19528e+48  4.76850e+05  1.19522e+48  4.60983e+05  1.09080e+48  4.60983e+05  9.07758e+47  3.21644e-01
 1.60745e+02  4.76850e+05  1.27465e+48  4.76850e+05  1.27460e+48  4.60983e+05  1.13694e+48  4.60983e+05  9.65308e+47  3.21644e-01
 1.65998e+02  4.76850e+05  1.35930e+48  4.76850e+05  1.35926e+48  4.60983e+05  1.18779e+48  4.60983e+05  1.02685e+48  3.21644e-01
 1.71424e+02  4.76850e+05  1.44958e+48  4.76850e+05  1.44954e+48  4.60983e+05  1.24356e+48  4.60983e+05  1.09265e+48  3.21644e-01
 1.77026e+02  4.76850e+05  1.54586e+48  4.76850e+05  1.54582e+48  4.60983e+05  1.30447e+48  4.60983e+05  1.16297e+48  3.21644e-01
 1.82812e+02  4.76850e+05  1.64854e+48  4.76850e+05  1.64850e+48  4.60983e+05  1.37078e+48  4.60983e+05  1.23810e+48  3.21644e-01
 1.88787e+02  4.76850e+05  1.75803e+48  4.60983e+05  1.72079e+48  4.60983e+05  1.44277e+48  4.60983e+05  1.31835e+48  3.21644e-01
 1.94957e+02  4.76850e+05  1.87481e+48  4.60983e+05  1.78142e+48  4.60983e+05  1.52072e+48  4.60983e+05  1.40406e+48  3.21644e-01
 2.01328e+02  4.60983e+05  1.97165e+48  4.60983e+05  1.84942e+48  4.60983e+05  1.60497e+48  4.60983e+05  1.49558e+48  3.21644e-01
 2.07908e+02  4.60983e+05  2.03970e+48  4.60983e+05  1.92508e+48  4.60983e+05  1.69587e+48  4.60983e+05  1.59329e+48  3.21644e-01
 2.14703e+02  4.60983e+05  2.11618e+48  4.60983e+05  2.00871e+48  4.60983e+05  1.79378e+48  4.60983e+05  1.69760e+48  3.21644e-01
 2.21720e+02  4.60983e+05  2.20143e+48  4.60983e+05  2.10065e+48  4.60983e+05  1.89911e+48  4.60983e+05  1.80893e+48  3.21644e-01
 2.28967e+02  4.60983e+05  2.29579e+48  4.60983e+05  2.20129e+48  4.60983e+05  2.01231e+48  4.60983e+05  1.92774e+48  3.21644e-01
 2.36450e+02  4.60983e+05  2.39964e+48  4.60983e+05  2.31104e+48  4.60983e+05  2.13383e+48  4.60983e+05  2.05454e+48  3.21644e-01
 2.44178e+02  4.60983e+05  2.51343e+48  4.60983e+05  2.43035e+48  4.60983e+05  2.26418e+48  4.60983e+05  2.18984e+48  3.21644e-01
 2.52158e+02  4.60983e+05  2.63763e+48  4.60983e+05  2.55972e+48  4.60983e+05  2.40391e+48  4.60983e+05  2.33420e+48  3.21644e-01
 2.60399e+02  4.60983e+05  2.77274e+48  4.60983e+05  2.69968e+48  4.60983e+05  2.55358e+48  4.60983e+05  2.48822e+48  3.21644e-01
 2.68910e+02  4.60983e+05  2.91932e+48  4.60983e+05  2.85082e+48  4.60983e+05  2.71383e+48  4.60983e+05  2.65253e+48  3.21644e-01
 2.77699e+02  4.60983e+05  3.07799e+48  4.60983e+05  3.01375e+48  4.60983e+05  2.88530e+48  4.60983e+05  2.82783e+48  3.21644e-01
 2.86774e+02  4.60983e+05  3.24939e+48  4.60983e+05  3.18916e+48  4.60983e+05  3.06871e+48  4.60983e+05  3.01483e+48  3.21644e-01
 2.96147e+02  4.60983e+05  3.43425e+48  4.60983e+05  3.37777e+48  4.60983e+05  3.26483e+48  4.60983e+05  3.21430e+48  3.21644e-01
 3.05826e+02  4.60983e+05  3.63331e+48  4.60983e+05  3.58036e+48  4.60983e+05  3.47446e+48  4.60983e+05  3.42708e+48  3.21644e-01
 3.15821e+02  4.60983e+05  3.84742e+48  4.60983e+05  3.79776e+48  4.60983e+05  3.69846e+48  4.60983e+05  3.65404e+48  3.21644e-01
 3.26143e+02  4.60983e+05  4.07745e+48  4.60983e+05  4.03089e+48  4.60983e+05  3.93778e+48  4.60983e+05  3.89613e+48  3.21644e-01
 3.36802e+02  4.60983e+05  4.32435e+48  4.60983e+05  4.28069e+48  4.60983e+05  4.19338e+48  4.60983e+05  4.15433e+48  3.21644e-01
 3.47810e+02  4.60983e+05  4.58915e+48  4.60983e+05  4.54821e+48  4.60983e+05  4.46635e+48  4.60983e+05  4.42973e+48  3.21644e-01
 3.59177e+02  4.60983e+05  4.87294e+48  4.60983e+05  4.83456e+48  4.60983e+05  4.75780e+48  4.60983e+05  4.72347e+48  3.21644e-01
 3.70916e+02  4.60983e+05  5.17690e+48  4.60983e+05  5.14091e+48  4.60983e+05  5.06894e+48  4.60983e+05  5.03675e+48  3.21644e-01
 3.83038e+02  4.60983e+05  5.50229e+48  4.60983e+05  5.46854e+48  4.60983e+05  5.40105e+48  4.60983e+05  5.37087e+48  3.21644e-01
 3.95557e+02  4.60983e+05  5.85044e+48  4.60983e+05  5.81880e+48  4.60983e+05  5.75552e+48  4.60983e+05  5.72722e+48  3.21644e-01
 4.08485e+02  4.60983e+05  6.22281e+48  4.60983e+05  6.19314e+48  4.60983e+05  6.13381e+48  4.60983e+05  6.10728e+48  3.21644e-01
 4.21835e+02  4.60983e+05  6.62094e+48  4.60983e+05  6.59311e+48  4.60983e+05  6.53748e+48  4.60983e+05  6.51261e+48  3.21644e-01
 4.35622e+02  4.60983e+05  7.04646e+48  4.60983e+05  7.02037e+48  4.60983e+05  6.96821e+48  4.60983e+05  6.94489e+48  3.21644e-01
 4.49859e+02  4.60983e+05  7.50115e+48  4.60983e+05  7.47669e+48  4.60983e+05  7.42778e+48  4.60983e+05  7.40591e+48  3.21644e-01
 4.64562e+02  4.60983e+05  7.98688e+48  4.60983e+05  7.96394e+48  4.60983e+05  7.91809e+48  4.60983e+05  7.89759e+48  3.21644e-01
 4.79745e+02  4.60983e+05  8.50566e+48  4.60983e+05  8.48416e+48  4.60983e+05  8.44116e+48  4.60983e+05  8.42194e+48  3.21644e-01
 4.95424e+02  4.60983e+05  9.05965e+48  4.60983e+05  9.03948e+48  4.60983e+05  8.99917e+48  4.60983e+05  8.98115e+48  3.21644e-01
 5.11616e+02  4.60983e+05  9.65113e+48  4.60983e+05  9.63222e+48  4.60983e+05  9.59442e+48  4.60983e+05  9.57753e+48  3.21644e-01
 5.28337e+02  4.60983e+05  1.02825e+49  4.60983e+05  1.02648e+49  4.60983e+05  1.02294e+49  4.60983e+05  1.02135e+49  3.21644e-01
 5.45604e+02  4.60983e+05  1.09565e+49  4.60983e+05  1.09399e+49  4.60983e+05  1.09067e+49  4.60983e+05  1.08918e+49  3.21644e-01
 5.63436e+02  4.60983e+05  1.16758e+49  4.60983e+05  1.16603e+49  4.60983e+05  1.16291e+49  4.60983e+05  1.16152e+49  3.21644e-01
 5.81850e+02  4.60983e+05  1.24435e+49  4.60983e+05  1.24289e+49  4.60983e+05  1.23997e+49  4.60983e+05  1.23866e+49  3.21644e-01
 6.00867e+02  4.60983e+05  1.32626e+49  4.60983e+05  1.32489e+49  4.60983e+05  1.32215e+49  4.60983e+05  1.32093e+49  3.21644e-01
 6.20505e+02  4.60983e+05  1.41367e+49  4.60983e+05  1.41238e+49  4.60983e+05  1.40981e+49  4.60983e+05  1.40867e+49  3.21644e-01
 6.40784e+02  4.60983e+05  1.50692e+49  4.60983e+05  1.50571e+49  4.60983e+05  1.50331e+49  4.60983e+05  1.50223e+49  3.21644e-01
 6.61727e+02  4.60983e+05  1.60641e+49  4.60983e+05  1.60528e+49  4.60983e+05  1.60302e+49  4.60983e+05  1.60201e+49  3.21644e-01
 6.83354e+02  4.60983e+05  1.71255e+49  4.60983e+05  1.71149e+49  4.60983e+05  1.70937e+49  4.45643e+05  1.70718e+49  3.21644e-01
 7.05688e+02  4.60983e+05  1.82577e+49  4.60983e+05  1.82478e+49  4.60983e+05  1.82279e+49  4.45643e+05  1.76260e+49  3.21644e-01
 7.28751e+02  4.60983e+05  1.94655e+49  4.60983e+05  1.94562e+49  4.60983e+05  1.94376e+49  4.45643e+05  1.82532e+49  3.21644e-01
 7.52569e+02  4.60983e+05  2.07539e+49  4.60983e+05  2.07452e+49  4.60983e+05  2.07277e+49  4.45643e+05  1.89560e+49  3.21644e-01
 7.77165e+02  4.60983e+05  2.21281e+49  4.60983e+05  2.21200e+49  4.60983e+05  2.21036e+49  4.45643e+05  1.97371e+49  3.21644e-01
 8.02565e+02  4.60983e+05  2.35940e+49  4.60983e+05  2.35863e+49  4.60983e+05  2.35710e+49  4.45643e+05  2.06000e+49  3.21644e-01
 8.28794e+02  4.60983e+05  2.51574e+49  4.60983e+05  2.51503e+49  4.60983e+05  2.51359e+49  4.45643e+05  2.15481e+49  3.21644e-01
 8.55882e+02  4.60983e+05  2.68250e+49  4.60983e+05  2.68183e+49  4.60983e+05  2.68048e+49  4.45643e+05  2.25854e+49  3.21644e-01
 8.83854e+02  4.60983e+05  2.86036e+49  4.60983e+05  2.85973e+49  4.60983e+05  2.85847e+49  4.45643e+05  2.37161e+49  3.21644e-01
 9.12741e+02  4.60983e+05  3.05006e+49  4.60983e+05  3.04947e+49  4.60983e+05  3.04829e+49  4.45643e+05  2.49450e+49  3.21644e-01
 9.42571e+02  4.60983e+05  3.25238e+49  4.60983e+05  3.25183e+49  4.60983e+05  3.25072e+49  4.45643e+05  2.62772e+49  3.21644e-01
 9.73377e+02  4.60983e+05  3.46816e+49  4.60983e+05  3.46764e+49  4.60983e+05  3.46661e+49  4.45643e+05  2.77181e+49  3.21644e-01
 1.00519e+03  4.60983e+05  3.69830e+49  4.60983e+05  3.69781e+49  4.60983e+05  3.69684e+49  4.45643e+05  2.92737e+49  3.21644e-01
 1.03804e+03  4.60983e+05  3.94374e+49  4.60983e+05  3.94328e+49  4.60983e+05  3.94237e+49  4.45643e+05  3.09504e+49  3.21644e-01
 1.07197e+03  4.60983e+05  4.20550e+49  4.60983e+05  4.20507e+49  4.60983e+05  4.20421e+49  4.45643e+05  3.27552e+49  3.21644e-01
 1.10700e+03  4.60983e+05  4.48466e+49  4.60983e+05  4.48426e+49  4.60983e+05  4.48346e+49  4.45643e+05  3.46956e+49  3.21644e-01
 1.14318e+03  4.60983e+05  4.78239e+49  4.60983e+05  4.78201e+49  4.60983e+05  4.78126e+49  4.45643e+05  3.67796e+49  3.21644e-01
 1.18054e+03  4.60983e+05  5.09990e+49  4.60983e+05  5.09955e+49  4.60983e+05  5.09885e+49  4.45643e+05  3.90158e+49  3.21644e-01
 1.21913e+03  4.60983e+05  5.43853e+49  4.60983e+05  5.43819e+49  4.45643e+05  5.35072e+49  4.45643e+05  4.14134e+49  3.21644e-01
 1.25897e+03  4.60983e+05  5.79965e+49  4.60983e+05  5.79934e+49  4.45643e+05  5.53229e+49  4.45643e+05  4.39825e+49  3.21644e-01
 1.30012e+03  4.60983e+05  6.18478e+49  4.60983e+05  6.18449e+49  4.45643e+05  5.73675e+49  4.45643e+05  4.67335e+49  3.21644e-01
 1.34261e+03  4.60983e+05  6.59551e+49  4.60983e+05  6.59524e+49  4.45643e+05  5.96495e+49  4.45643e+05  4.96780e+49  3.21644e-01
 1.38649e+03  4.60983e+05  7.03353e+49  4.60983e+05  7.03328e+49  4.45643e+05  6.21784e+49  4.45643e+05  5.28281e+49  3.21644e-01
 1.43180e+03  4.60983e+05  7.50066e+49  4.60983e+05  7.50042e+49  4.45643e+05  6.49646e+49  4.45643e+05  5.61967e+49  3.21644e-01
 1.47860e+03  4.60983e+05  7.99883e+49  4.60983e+05  7.99861e+49  4.45643e+05  6.80196e+49  4.45643e+05  5.97980e+49  3.21644e-01
 1.52692e+03  4.60983e+05  8.53011e+49  4.60983e+05  8.52990e+49  4.45643e+05  7.13562e+49  4.45643e+05  6.36467e+49  3.21644e-01
 1.57683e+03  4.60983e+05  9.09668e+49  4.60983e+05  9.09649e+49  4.45643e+05  7.49880e+49  4.45643e+05  6.77588e+49  3.21644e-01
 1.62836e+03  4.60983e+05  9.70091e+49  4.45643e+05  9.40748e+49  4.45643e+05  7.89302e+49  4.45643e+05  7.21514e+49  3.21644e-01
 1.68158e+03  4.60983e+05  1.03453e+50  4.45643e+05  9.74003e+49  4.45643e+05  8.31991e+49  4.45643e+05  7.68425e+49  3.21644e-01
 1.73654e+03  4.45643e+05  1.07787e+50  4.45643e+05  1.01129e+50  4.45643e+05  8.78122e+49  4.45643e+05  8.18516e+49  3.21644e-01
 1.79329e+03  4.45643e+05  1.11519e+50  4.45643e+05  1.05276e+50  4.45643e+05  9.27888e+49  4.45643e+05  8.71995e+49  3.21644e-01
 1.85190e+03  4.45643e+05  1.15713e+50  4.45643e+05  1.09858e+50  4.45643e+05  9.81494e+49  4.45643e+05  9.29083e+49  3.21644e-01
 1.91243e+03  4.45643e+05  1.20385e+50  4.45643e+05  1.14896e+50  4.45643e+05  1.03916e+50  4.45643e+05  9.90015e+49  3.21644e-01
 1.97493e+03  4.45643e+05  1.25556e+50  4.45643e+05  1.20409e+50  4.45643e+05  1.10113e+50  4.45643e+05  1.05505e+50  3.21644e-01
 2.03948e+03  4.45643e+05  1.31247e+50  4.45643e+05  1.26420e+50  4.45643e+05  1.16765e+50  4.45643e+05  1.12444e+50  3.21644e-01
 2.10613e+03  4.45643e+05  1.37480e+50  4.45643e+05  1.32954e+50  4.45643e+05  1.23901e+50  4.45643e+05  1.19849e+50  3.21644e-01
 2.17497e+03  4.45643e+05  1.44283e+50  4.45643e+05  1.40039e+50  4.45643e+05  1.31550e+50  4.45643e+05  1.27750e+50  3.21644e-01
 2.24605e+03  4.45643e+05  1.51683e+50  4.45643e+05  1.47703e+50  4.45643e+05  1.39743e+50  4.45643e+05  1.36180e+50  3.21644e-01
 2.31946e+03  4.45643e+05  1.59710e+50  4.45643e+05  1.55978e+50  4.45643e+05  1.48514e+50  4.45643e+05  1.45173e+50  3.21644e-01
 2.39526e+03  4.45643e+05  1.68398e+50  4.45643e+05  1.64899e+50  4.45643e+05  1.57900e+50  4.45643e+05  1.54767e+50  3.21644e-01
 2.47355e+03  4.45643e+05  1.77784e+50  4.45643e+05  1.74502e+50  4.45643e+05  1.67939e+50  4.45643e+05  1.65001e+50  3.21644e-01
 2.55439e+03  4.45643e+05  1.87905e+50  4.45643e+05  1.84828e+50  4.45643e+05  1.78673e+50  4.45643e+05  1.75919e+50  3.21644e-01
 2.63787e+03  4.45643e+05  1.98803e+50  4.45643e+05  1.95918e+50  4.45643e+05  1.90147e+50  4.45643e+05  1.87564e+50  3.21644e-01
 2.72409e+03  4.45643e+05  2.10525e+50  4.45643e+05  2.07819e+50  4.45643e+05  2.02408e+50  4.45643e+05  1.99986e+50  3.21644e-01
 2.81312e+03  4.45643e+05  2.23118e+50  4.45643e+05  2.20580e+50  4.45643e+05  2.15506e+50  4.45643e+05  2.13235e+50  3.21644e-01
 2.90506e+03  4.45643e+05  2.36634e+50  4.45643e+05  2.34254e+50  4.45643e+05  2.29496e+50  4.45643e+05  2.27366e+50  3.21644e-01
 3.00000e+03  4.45643e+05  2.51129e+50  4.45643e+05  2.48898e+50  4.45643e+05  2.44436e+50  4.45643e+05  2.42439e+50  3.21644e-01
