radius_rg T_0deg chi2_0deg T_15deg chi2_15deg T_30deg chi2_30deg T_45deg chi2_45deg nuLnusavg_last
 2.00000e-01  1.36144e+06  1.12535e+45  1.31613e+06  8.83355e+44  1.18907e+06  3.45698e+44  9.38269e+05  4.27122e+43  7.39261e-09
 2.06537e-01  1.36144e+06  1.07571e+45  1.31613e+06  8.43082e+44  1.14951e+06  3.28293e+44  9.07048e+05  4.11626e+43  7.39261e-09
 2.13287e-01  1.31613e+06  1.03322e+45  1.27234e+06  8.10004e+44  1.14951e+06  3.11063e+44  9.07048e+05  3.70132e+43  7.39261e-09
 2.20257e-01  1.31613e+06  9.83138e+44  1.27234e+06  7.68760e+44  1.11126e+06  2.99151e+44  9.07048e+05  3.47317e+43  7.39261e-09
 2.27456e-01  1.31613e+06  9.48116e+44  1.27234e+06  7.40213e+44  1.11126e+06  2.79987e+44  8.76865e+05  3.31766e+43  7.39261e-09
 2.34890e-01  1.27234e+06  8.97615e+44  1.23000e+06  7.00498e+44  1.11126e+06  2.67495e+44  8.76865e+05  2.95051e+43  7.39261e-09
 2.42567e-01  1.27234e+06  8.61201e+44  1.23000e+06  6.70187e+44  1.07428e+06  2.52746e+44  8.76865e+05  2.76704e+43  7.39261e-09
 2.50494e-01  1.23000e+06  8.19227e+44  1.18907e+06  6.38463e+44  1.07428e+06  2.37915e+44  8.47687e+05  2.63333e+43  7.39261e-09
 2.58681e-01  1.23000e+06  7.80853e+44  1.18907e+06  6.05901e+44  1.07428e+06  2.29583e+44  8.47687e+05  2.29817e+43  7.39261e-09
 2.67136e-01  1.18907e+06  7.48165e+44  1.14951e+06  5.82920e+44  1.03853e+06  2.12240e+44  8.47687e+05  2.14400e+43  7.39261e-09
 2.75866e-01  1.18907e+06  7.07264e+44  1.14951e+06  5.47618e+44  1.03853e+06  2.01174e+44  8.19480e+05  2.05836e+43  7.39261e-09
 2.84882e-01  1.18907e+06  6.80278e+44  1.14951e+06  5.24097e+44  1.00397e+06  1.90896e+44  8.19480e+05  1.73940e+43  7.39261e-09
 2.94193e-01  1.14951e+06  6.40737e+44  1.11126e+06  4.95703e+44  1.00397e+06  1.76812e+44  8.19480e+05  1.59911e+43  7.39261e-09
 3.03808e-01  1.14951e+06  6.10374e+44  1.11126e+06  4.68727e+44  1.00397e+06  1.68974e+44  7.92211e+05  1.59250e+43  7.39261e-09
 3.13737e-01  1.11126e+06  5.81697e+44  1.07428e+06  4.50645e+44  9.70565e+05  1.57006e+44  7.92211e+05  1.27373e+43  7.39261e-09
 3.23991e-01  1.11126e+06  5.47404e+44  1.07428e+06  4.19723e+44  9.70565e+05  1.45761e+44  7.92211e+05  1.13171e+43  7.39261e-09
 3.34580e-01  1.11126e+06  5.26364e+44  1.07428e+06  4.00054e+44  9.70565e+05  1.40632e+44  7.92211e+05  1.16586e+43  7.39261e-09
 3.45515e-01  1.07428e+06  4.91917e+44  1.03853e+06  3.77690e+44  9.38269e+05  1.27416e+44  7.65850e+05  9.05758e+42  7.39261e-09
 3.56807e-01  1.07428e+06  4.66145e+44  1.03853e+06  3.53392e+44  9.38269e+05  1.18494e+44  7.65850e+05  7.46001e+42  7.39261e-09
 3.68468e-01  1.03853e+06  4.44615e+44  1.03853e+06  3.40071e+44  9.07048e+05  1.14670e+44  7.65850e+05  7.60808e+42  7.39261e-09
 3.80511e-01  1.03853e+06  4.13546e+44  1.00397e+06  3.13946e+44  9.07048e+05  1.01633e+44  7.40366e+05  6.45940e+42  7.39261e-09
 3.92947e-01  1.03853e+06  3.95176e+44  1.00397e+06  2.95324e+44  9.07048e+05  9.45317e+43  7.40366e+05  4.51798e+42  7.39261e-09
 4.05790e-01  1.00397e+06  3.69416e+44  9.70565e+05  2.82615e+44  8.76865e+05  9.09010e+43  7.40366e+05  4.31002e+42  7.39261e-09
 4.19052e-01  1.00397e+06  3.44972e+44  9.70565e+05  2.58181e+44  8.76865e+05  7.92829e+43  7.15730e+05  5.11774e+42  7.39261e-09
 4.32748e-01  1.00397e+06  3.32943e+44  9.70565e+05  2.44331e+44  8.76865e+05  7.35070e+43  7.15730e+05  2.65667e+42  7.39261e-09
 4.46891e-01  9.70565e+05  3.03684e+44  9.38269e+05  2.29695e+44  8.47687e+05  7.08213e+43  7.15730e+05  1.92136e+42  7.39261e-09
 4.61496e-01  9.70565e+05  2.84811e+44  9.38269e+05  2.09361e+44  8.47687e+05  6.01156e+43  7.15730e+05  2.90877e+42  7.39261e-09
 4.76579e-01  9.38269e+05  2.72540e+44  9.38269e+05  1.99408e+44  8.47687e+05  5.51727e+43  6.91914e+05  2.12476e+42  7.39261e-09
 4.92155e-01  9.38269e+05  2.46215e+44  9.07048e+05  1.83764e+44  8.19480e+05  5.43187e+43  6.91914e+05  6.78493e+41  7.39261e-09
 5.08240e-01  9.38269e+05  2.31895e+44  9.07048e+05  1.66650e+44  8.19480e+05  4.40165e+43  6.91914e+05  9.49802e+41  7.39261e-09
 5.24851e-01  9.07048e+05  2.18593e+44  9.07048e+05  1.59741e+44  8.19480e+05  3.94105e+43  6.91914e+05  2.93981e+42  7.39261e-09
 5.42004e-01  9.07048e+05  1.96036e+44  8.76865e+05  1.44170e+44  8.19480e+05  4.04817e+43  6.68890e+05  9.18320e+41  7.39261e-09
 5.59718e-01  9.07048e+05  1.85278e+44  8.76865e+05  1.29411e+44  7.92211e+05  3.10212e+43  6.68890e+05  2.78814e+41  7.39261e-09
 5.78011e-01  8.76865e+05  1.72204e+44  8.76865e+05  1.24703e+44  7.92211e+05  2.62464e+43  6.68890e+05  1.35523e+42  7.39261e-09
 5.96902e-01  8.76865e+05  1.52410e+44  8.47687e+05  1.10483e+44  7.92211e+05  2.70943e+43  6.46632e+05  3.10910e+42  7.39261e-09
 6.16411e-01  8.76865e+05  1.44235e+44  8.47687e+05  9.72188e+43  7.65850e+05  2.13374e+43  6.46632e+05  1.34173e+42  7.39261e-09
 6.36557e-01  8.47687e+05  1.32874e+44  8.47687e+05  9.38719e+43  7.65850e+05  1.58716e+43  6.46632e+05  1.29468e+42  7.39261e-09
 6.57361e-01  8.47687e+05  1.14844e+44  8.19480e+05  8.25102e+43  7.65850e+05  1.59856e+43  6.46632e+05  2.96776e+42  7.39261e-09
 6.78845e-01  8.47687e+05  1.08276e+44  8.19480e+05  6.98741e+43  7.40366e+05  1.53766e+43  6.25115e+05  4.75271e+42  7.39261e-09
 7.01032e-01  8.19480e+05  1.00383e+44  8.19480e+05  6.70425e+43  7.40366e+05  8.67260e+42  6.25115e+05  3.34313e+42  7.39261e-09
 7.23943e-01  8.19480e+05  8.31092e+43  7.92211e+05  6.03233e+43  7.40366e+05  7.51857e+42  6.25115e+05  3.66216e+42  7.39261e-09
 7.47603e-01  8.19480e+05  7.71668e+43  7.92211e+05  4.74328e+43  7.40366e+05  1.19097e+43  6.25115e+05  5.71110e+42  7.39261e-09
 7.72037e-01  7.92211e+05  7.48176e+43  7.92211e+05  4.42538e+43  7.15730e+05  5.27306e+42  6.04314e+05  8.30776e+42  7.39261e-09
 7.97269e-01  7.92211e+05  5.72753e+43  7.65850e+05  4.42992e+43  7.15730e+05  2.28331e+42  6.04314e+05  7.00356e+42  7.39261e-09
 8.23326e-01  7.92211e+05  5.09572e+43  7.65850e+05  3.02418e+43  7.15730e+05  4.81706e+42  6.04314e+05  7.44310e+42  7.39261e-09
 8.50234e-01  7.92211e+05  5.58374e+43  7.65850e+05  2.58248e+43  6.91914e+05  6.59406e+42  6.04314e+05  9.62822e+42  7.39261e-09
 8.78022e-01  7.65850e+05  3.77504e+43  7.65850e+05  3.10300e+43  6.91914e+05  1.15374e+42  6.04314e+05  1.35680e+43  7.39261e-09
 9.06718e-01  7.65850e+05  3.00228e+43  7.40366e+05  1.89926e+43  6.91914e+05  1.23224e+42  5.84205e+05  1.25832e+43  7.39261e-09
 9.36352e-01  7.65850e+05  3.34067e+43  7.40366e+05  1.24049e+43  6.91914e+05  6.82988e+42  5.84205e+05  1.28691e+43  7.39261e-09
 9.66955e-01  7.40366e+05  2.53451e+43  7.40366e+05  1.53838e+43  6.68890e+05  5.36911e+42  5.84205e+05  1.49230e+43  7.39261e-09
 9.98557e-01  7.40366e+05  1.51246e+43  7.15730e+05  1.47965e+43  6.68890e+05  2.33364e+42  5.84205e+05  1.87535e+43  7.39261e-09
 1.03119e+00  7.40366e+05  1.59540e+43  7.15730e+05  5.04490e+42  6.68890e+05  4.82186e+42  5.64766e+05  2.05987e+43  7.39261e-09
 1.06489e+00  7.15730e+05  2.13597e+43  7.15730e+05  4.82948e+42  6.68890e+05  1.28441e+43  5.64766e+05  2.04144e+43  7.39261e-09
 1.09970e+00  7.15730e+05  7.49200e+42  7.15730e+05  1.41493e+43  6.46632e+05  9.76089e+42  5.64766e+05  2.20294e+43  7.39261e-09
 1.13564e+00  7.15730e+05  4.64257e+42  6.91914e+05  5.29762e+42  6.46632e+05  8.42144e+42  5.64766e+05  2.54503e+43  7.39261e-09
 1.17276e+00  7.15730e+05  1.27996e+43  6.91914e+05  8.41362e+41  6.46632e+05  1.26309e+43  5.64766e+05  3.06913e+43  7.39261e-09
 1.21108e+00  6.91914e+05  8.94055e+42  6.91914e+05  5.90386e+42  6.46632e+05  2.24066e+43  5.45973e+05  3.09217e+43  7.39261e-09
 1.25067e+00  6.91914e+05  1.19576e+42  6.68890e+05  1.53640e+43  6.25115e+05  1.97886e+43  5.45973e+05  3.17295e+43  7.39261e-09
 1.29154e+00  6.91914e+05  4.44321e+42  6.68890e+05  5.51060e+42  6.25115e+05  1.93864e+43  5.45973e+05  3.43834e+43  7.39261e-09
 1.33375e+00  6.91914e+05  1.86963e+43  6.68890e+05  5.19527e+42  6.25115e+05  2.45785e+43  5.45973e+05  3.88943e+43  7.39261e-09
 1.37734e+00  6.68890e+05  8.05723e+42  6.68890e+05  1.44167e+43  6.25115e+05  3.53864e+43  5.45973e+05  4.52810e+43  7.39261e-09
 1.42236e+00  6.68890e+05  5.09195e+42  6.46632e+05  2.17477e+43  6.04314e+05  3.59707e+43  5.27805e+05  4.53692e+43  7.39261e-09
 1.46884e+00  6.68890e+05  1.31350e+43  6.46632e+05  1.47915e+43  6.04314e+05  3.56698e+43  5.27805e+05  4.68097e+43  7.39261e-09
 1.51685e+00  6.46632e+05  2.86286e+43  6.46632e+05  1.74119e+43  6.04314e+05  4.10306e+43  5.27805e+05  5.01588e+43  7.39261e-09
 1.56642e+00  6.46632e+05  1.79797e+43  6.46632e+05  2.96196e+43  6.04314e+05  5.20752e+43  5.27805e+05  5.54302e+43  7.39261e-09
 1.61762e+00  6.46632e+05  1.83925e+43  6.25115e+05  3.85268e+43  5.84205e+05  5.95186e+43  5.27805e+05  6.26457e+43  7.39261e-09
 1.67049e+00  6.46632e+05  2.98688e+43  6.25115e+05  3.31384e+43  5.84205e+05  5.83681e+43  5.10242e+05  6.49131e+43  7.39261e-09
 1.72508e+00  6.25115e+05  4.75876e+43  6.25115e+05  3.74024e+43  5.84205e+05  6.29732e+43  5.10242e+05  6.65315e+43  7.39261e-09
 1.78146e+00  6.25115e+05  3.87293e+43  6.25115e+05  5.13365e+43  5.84205e+05  7.33529e+43  5.10242e+05  7.01399e+43  7.39261e-09
 1.83968e+00  6.25115e+05  4.10187e+43  6.04314e+05  6.66752e+43  5.84205e+05  8.95503e+43  5.10242e+05  7.57534e+43  7.39261e-09
 1.89981e+00  6.25115e+05  5.44651e+43  6.04314e+05  6.13891e+43  5.64766e+05  8.95418e+43  5.10242e+05  8.33952e+43  7.39261e-09
 1.96190e+00  6.25115e+05  7.91242e+43  6.04314e+05  6.58724e+43  5.64766e+05  9.23038e+43  4.93264e+05  9.17273e+43  7.39261e-09
 2.02602e+00  6.04314e+05  7.13103e+43  6.04314e+05  8.01436e+43  5.64766e+05  1.00962e+44  4.93264e+05  9.28976e+43  7.39261e-09
 2.09224e+00  6.04314e+05  7.38209e+43  6.04314e+05  1.04262e+44  5.64766e+05  1.15552e+44  4.93264e+05  9.61671e+43  7.39261e-09
 2.16062e+00  6.04314e+05  8.76242e+43  5.84205e+05  1.01549e+44  5.45973e+05  1.32756e+44  4.93264e+05  1.01549e+44  7.39261e-09
 2.23123e+00  6.04314e+05  1.12777e+44  5.84205e+05  1.04631e+44  5.45973e+05  1.32340e+44  4.93264e+05  1.09067e+44  7.39261e-09
 2.30415e+00  5.84205e+05  1.18092e+44  5.84205e+05  1.17662e+44  5.45973e+05  1.37986e+44  4.93264e+05  1.18750e+44  7.39261e-09
 2.37946e+00  5.84205e+05  1.18941e+44  5.84205e+05  1.40696e+44  5.45973e+05  1.49717e+44  4.76850e+05  1.30339e+44  7.39261e-09
 2.45723e+00  5.84205e+05  1.31269e+44  5.64766e+05  1.57340e+44  5.45973e+05  1.67582e+44  4.76850e+05  1.32359e+44  7.39261e-09
 2.53753e+00  5.84205e+05  1.55128e+44  5.64766e+05  1.57112e+44  5.27805e+05  1.88764e+44  4.76850e+05  1.36641e+44  7.39261e-09
 2.62047e+00  5.64766e+05  1.83456e+44  5.64766e+05  1.67051e+44  5.27805e+05  1.89738e+44  4.76850e+05  1.43203e+44  7.39261e-09
 2.70611e+00  5.64766e+05  1.80421e+44  5.64766e+05  1.87196e+44  5.27805e+05  1.97011e+44  4.76850e+05  1.52072e+44  7.39261e-09
 2.79455e+00  5.64766e+05  1.89120e+44  5.64766e+05  2.17630e+44  5.27805e+05  2.10613e+44  4.76850e+05  1.63286e+44  7.39261e-09
 2.88589e+00  5.64766e+05  2.09589e+44  5.45973e+05  2.29283e+44  5.27805e+05  2.30601e+44  4.76850e+05  1.76890e+44  7.39261e-09
 2.98021e+00  5.64766e+05  2.41913e+44  5.45973e+05  2.33859e+44  5.27805e+05  2.57057e+44  4.60983e+05  1.90334e+44  7.39261e-09
 3.07761e+00  5.45973e+05  2.65269e+44  5.45973e+05  2.48917e+44  5.10242e+05  2.66156e+44  4.60983e+05  1.94491e+44  7.39261e-09
 3.17819e+00  5.45973e+05  2.67697e+44  5.45973e+05  2.74522e+44  5.10242e+05  2.73405e+44  4.60983e+05  2.01168e+44  7.39261e-09
 3.28206e+00  5.45973e+05  2.82220e+44  5.45973e+05  3.10777e+44  5.10242e+05  2.87299e+44  4.60983e+05  2.10392e+44  7.39261e-09
 3.38933e+00  5.45973e+05  3.08898e+44  5.27805e+05  3.27615e+44  5.10242e+05  3.07895e+44  4.60983e+05  2.22201e+44  7.39261e-09
 3.50010e+00  5.45973e+05  3.47842e+44  5.27805e+05  3.34768e+44  5.10242e+05  3.35281e+44  4.60983e+05  2.36645e+44  7.39261e-09
 3.61449e+00  5.27805e+05  3.78178e+44  5.27805e+05  3.52823e+44  5.10242e+05  3.69567e+44  4.60983e+05  2.53783e+44  7.39261e-09
 3.73262e+00  5.27805e+05  3.83471e+44  5.27805e+05  3.81852e+44  4.93264e+05  3.75951e+44  4.60983e+05  2.73686e+44  7.39261e-09
 3.85462e+00  5.27805e+05  4.01337e+44  5.27805e+05  4.21977e+44  4.93264e+05  3.87881e+44  4.45643e+05  2.94737e+44  7.39261e-09
 3.98060e+00  5.27805e+05  4.31852e+44  5.10242e+05  4.60379e+44  4.93264e+05  4.06931e+44  4.45643e+05  3.02038e+44  7.39261e-09
 4.11069e+00  5.27805e+05  4.75141e+44  5.10242e+05  4.67184e+44  4.93264e+05  4.33178e+44  4.45643e+05  3.12303e+44  7.39261e-09
 4.24504e+00  5.27805e+05  5.31384e+44  5.10242e+05  4.85439e+44  4.93264e+05  4.66733e+44  4.45643e+05  3.25575e+44  7.39261e-09
 4.38378e+00  5.10242e+05  5.36409e+44  5.10242e+05  5.15217e+44  4.93264e+05  5.07732e+44  4.45643e+05  3.41909e+44  7.39261e-09
 4.52705e+00  5.10242e+05  5.54357e+44  5.10242e+05  5.56643e+44  4.76850e+05  5.30373e+44  4.45643e+05  3.61374e+44  7.39261e-09
 4.67501e+00  5.10242e+05  5.85587e+44  5.10242e+05  6.09888e+44  4.76850e+05  5.44463e+44  4.45643e+05  3.84048e+44  7.39261e-09
 4.82780e+00  5.10242e+05  6.30227e+44  4.93264e+05  6.46972e+44  4.76850e+05  5.66321e+44  4.45643e+05  4.10026e+44  7.39261e-09
 4.98558e+00  5.10242e+05  6.88463e+44  4.93264e+05  6.61428e+44  4.76850e+05  5.96036e+44  4.45643e+05  4.39417e+44  7.39261e-09
 5.14853e+00  4.93264e+05  7.45171e+44  4.93264e+05  6.88137e+44  4.76850e+05  6.33732e+44  4.45643e+05  4.72340e+44  7.39261e-09
 5.31679e+00  4.93264e+05  7.58532e+44  4.93264e+05  7.27208e+44  4.76850e+05  6.79565e+44  4.45643e+05  5.08933e+44  7.39261e-09
 5.49056e+00  4.93264e+05  7.86019e+44  4.93264e+05  7.78805e+44  4.76850e+05  7.33724e+44  4.30814e+05  5.44296e+44  7.39261e-09
 5.67001e+00  4.93264e+05  8.27747e+44  4.93264e+05  8.43140e+44  4.60983e+05  7.73282e+44  4.30814e+05  5.60756e+44  7.39261e-09
 5.85532e+00  4.93264e+05  8.83888e+44  4.76850e+05  9.13202e+44  4.60983e+05  7.93507e+44  4.30814e+05  5.81251e+44  7.39261e-09
 6.04668e+00  4.93264e+05  9.54674e+44  4.76850e+05  9.30780e+44  4.60983e+05  8.22530e+44  4.30814e+05  6.05867e+44  7.39261e-09
 6.24430e+00  4.93264e+05  1.04040e+45  4.76850e+05  9.61725e+44  4.60983e+05  8.60471e+44  4.30814e+05  6.34705e+44  7.39261e-09
 6.44838e+00  4.76850e+05  1.06858e+45  4.76850e+05  1.00617e+45  4.60983e+05  9.07486e+44  4.30814e+05  6.67884e+44  7.39261e-09
 6.65913e+00  4.76850e+05  1.10066e+45  4.76850e+05  1.06428e+45  4.60983e+05  9.63772e+44  4.30814e+05  7.05542e+44  7.39261e-09
 6.87677e+00  4.76850e+05  1.14827e+45  4.76850e+05  1.13632e+45  4.60983e+05  1.02956e+45  4.30814e+05  7.47835e+44  7.39261e-09
 7.10152e+00  4.76850e+05  1.21163e+45  4.76850e+05  1.22258e+45  4.60983e+05  1.10512e+45  4.30814e+05  7.94937e+44  7.39261e-09
 7.33362e+00  4.76850e+05  1.29099e+45  4.76850e+05  1.32341e+45  4.60983e+05  1.19077e+45  4.30814e+05  8.47044e+44  7.39261e-09
 7.57330e+00  4.76850e+05  1.38667e+45  4.60983e+05  1.35670e+45  4.45643e+05  1.22483e+45  4.30814e+05  9.04372e+44  7.39261e-09
 7.82082e+00  4.76850e+05  1.49908e+45  4.60983e+05  1.39905e+45  4.45643e+05  1.26422e+45  4.30814e+05  9.67156e+44  7.39261e-09
 8.07642e+00  4.60983e+05  1.55758e+45  4.60983e+05  1.45671e+45  4.45643e+05  1.31436e+45  4.30814e+05  1.03566e+45  7.39261e-09
 8.34038e+00  4.60983e+05  1.60234e+45  4.60983e+05  1.52991e+45  4.45643e+05  1.37545e+45  4.30814e+05  1.11016e+45  7.39261e-09
 8.61296e+00  4.60983e+05  1.66472e+45  4.60983e+05  1.61896e+45  4.45643e+05  1.44775e+45  4.30814e+05  1.19097e+45  7.39261e-09
 8.89446e+00  4.60983e+05  1.74498e+45  4.60983e+05  1.72423e+45  4.45643e+05  1.53155e+45  4.30814e+05  1.27843e+45  7.39261e-09
 9.18515e+00  4.60983e+05  1.84344e+45  4.60983e+05  1.84614e+45  4.45643e+05  1.62721e+45  4.30814e+05  1.37289e+45  7.39261e-09
 9.48535e+00  4.60983e+05  1.96052e+45  4.60983e+05  1.98521e+45  4.45643e+05  1.73511e+45  4.30814e+05  1.47475e+45  7.39261e-09
 9.79535e+00  4.60983e+05  2.09670e+45  4.45643e+05  2.09602e+45  4.45643e+05  1.85571e+45  4.30814e+05  1.58442e+45  7.39261e-09
 1.01155e+01  4.60983e+05  2.25255e+45  4.45643e+05  2.15461e+45  4.45643e+05  1.98951e+45  4.30814e+05  1.70237e+45  7.39261e-09
 1.04461e+01  4.45643e+05  2.40736e+45  4.45643e+05  2.23164e+45  4.45643e+05  2.13705e+45  4.30814e+05  1.82908e+45  7.39261e-09
 1.07875e+01  4.45643e+05  2.47003e+45  4.45643e+05  2.32741e+45  4.30814e+05  2.25667e+45  4.30814e+05  1.96507e+45  7.39261e-09
 1.11401e+01  4.45643e+05  2.55391e+45  4.45643e+05  2.44234e+45  4.30814e+05  2.32716e+45  4.30814e+05  2.11091e+45  7.39261e-09
 1.15041e+01  4.45643e+05  2.65935e+45  4.45643e+05  2.57689e+45  4.30814e+05  2.41279e+45  4.30814e+05  2.26720e+45  7.39261e-09
 1.18801e+01  4.45643e+05  2.78678e+45  4.45643e+05  2.73161e+45  4.30814e+05  2.51391e+45  4.30814e+05  2.43458e+45  7.39261e-09
 1.22684e+01  4.45643e+05  2.93673e+45  4.45643e+05  2.90716e+45  4.30814e+05  2.63096e+45  4.30814e+05  2.61376e+45  7.39261e-09
 1.26694e+01  4.45643e+05  3.10983e+45  4.45643e+05  3.10425e+45  4.30814e+05  2.76441e+45  4.30814e+05  2.80547e+45  7.39261e-09
 1.30834e+01  4.45643e+05  3.30678e+45  4.45643e+05  3.32371e+45  4.30814e+05  2.91481e+45  4.16479e+05  3.01032e+45  7.39261e-09
 1.35110e+01  4.45643e+05  3.52840e+45  4.45643e+05  3.56643e+45  4.30814e+05  3.08279e+45  4.16479e+05  3.10973e+45  7.39261e-09
 1.39526e+01  4.45643e+05  3.77561e+45  4.45643e+05  3.83343e+45  4.30814e+05  3.26904e+45  4.16479e+05  3.22374e+45  7.39261e-09
 1.44086e+01  4.45643e+05  4.04943e+45  4.30814e+05  3.96678e+45  4.30814e+05  3.47433e+45  4.16479e+05  3.35280e+45  7.39261e-09
 1.48795e+01  4.45643e+05  4.35100e+45  4.30814e+05  4.10106e+45  4.30814e+05  3.69952e+45  4.16479e+05  3.49744e+45  7.39261e-09
 1.53658e+01  4.30814e+05  4.54819e+45  4.30814e+05  4.26183e+45  4.30814e+05  3.94553e+45  4.16479e+05  3.65828e+45  7.39261e-09
 1.58680e+01  4.30814e+05  4.69611e+45  4.30814e+05  4.44975e+45  4.30814e+05  4.21338e+45  4.16479e+05  3.83598e+45  7.39261e-09
 1.63866e+01  4.30814e+05  4.87446e+45  4.30814e+05  4.66560e+45  4.30814e+05  4.50419e+45  4.16479e+05  4.03126e+45  7.39261e-09
 1.69222e+01  4.30814e+05  5.08397e+45  4.30814e+05  4.91027e+45  4.30814e+05  4.81915e+45  4.16479e+05  4.24494e+45  7.39261e-09
 1.74753e+01  4.30814e+05  5.32550e+45  4.30814e+05  5.18478e+45  4.30814e+05  5.15956e+45  4.16479e+05  4.47790e+45  7.39261e-09
 1.80464e+01  4.30814e+05  5.60006e+45  4.30814e+05  5.49027e+45  4.30814e+05  5.52685e+45  4.16479e+05  4.73111e+45  7.39261e-09
 1.86362e+01  4.30814e+05  5.90878e+45  4.30814e+05  5.82799e+45  4.30814e+05  5.92252e+45  4.16479e+05  5.00561e+45  7.39261e-09
 1.92453e+01  4.30814e+05  6.25294e+45  4.30814e+05  6.19934e+45  4.30814e+05  6.34821e+45  4.16479e+05  5.30254e+45  7.39261e-09
 1.98743e+01  4.30814e+05  6.63397e+45  4.30814e+05  6.60586e+45  4.30814e+05  6.80569e+45  4.16479e+05  5.62314e+45  7.39261e-09
 2.05238e+01  4.30814e+05  7.05344e+45  4.30814e+05  7.04924e+45  4.30814e+05  7.29685e+45  4.16479e+05  5.96872e+45  7.39261e-09
 2.11946e+01  4.30814e+05  7.51308e+45  4.30814e+05  7.53131e+45  4.30814e+05  7.82372e+45  4.16479e+05  6.34071e+45  7.39261e-09
 2.18873e+01  4.30814e+05  8.01481e+45  4.30814e+05  8.05406e+45  4.30814e+05  8.38848e+45  4.16479e+05  6.74066e+45  7.39261e-09
 2.26026e+01  4.30814e+05  8.56069e+45  4.30814e+05  8.61965e+45  4.30814e+05  8.99347e+45  4.16479e+05  7.17022e+45  7.39261e-09
 2.33413e+01  4.30814e+05  9.15299e+45  4.30814e+05  9.23044e+45  4.30814e+05  9.64120e+45  4.16479e+05  7.63117e+45  7.39261e-09
 2.41042e+01  4.30814e+05  9.79416e+45  4.30814e+05  9.88893e+45  4.30814e+05  1.03343e+46  4.16479e+05  8.12541e+45  7.39261e-09
 2.48920e+01  4.30814e+05  1.04868e+46  4.30814e+05  1.05979e+46  4.30814e+05  1.10758e+46  4.16479e+05  8.65500e+45  7.39261e-09
 2.57055e+01  4.30814e+05  1.12339e+46  4.30814e+05  1.13602e+46  4.16479e+05  1.18282e+46  4.16479e+05  9.22212e+45  7.39261e-09
 2.65456e+01  4.30814e+05  1.20385e+46  4.30814e+05  1.21790e+46  4.16479e+05  1.22157e+46  4.16479e+05  9.82912e+45  7.39261e-09
 2.74132e+01  4.30814e+05  1.29038e+46  4.30814e+05  1.30578e+46  4.16479e+05  1.26592e+46  4.16479e+05  1.04785e+46  7.39261e-09
 2.83091e+01  4.30814e+05  1.38336e+46  4.30814e+05  1.40001e+46  4.16479e+05  1.31607e+46  4.16479e+05  1.11730e+46  7.39261e-09
 2.92343e+01  4.30814e+05  1.48316e+46  4.30814e+05  1.50099e+46  4.16479e+05  1.37221e+46  4.16479e+05  1.19154e+46  7.39261e-09
 3.01898e+01  4.30814e+05  1.59019e+46  4.30814e+05  1.60913e+46  4.16479e+05  1.43458e+46  4.16479e+05  1.27089e+46  7.39261e-09
 3.11765e+01  4.30814e+05  1.70491e+46  4.30814e+05  1.72488e+46  4.16479e+05  1.50344e+46  4.16479e+05  1.35566e+46  7.39261e-09
 3.21954e+01  4.30814e+05  1.82777e+46  4.30814e+05  1.84872e+46  4.16479e+05  1.57907e+46  4.16479e+05  1.44622e+46  7.39261e-09
 3.32476e+01  4.30814e+05  1.95931e+46  4.30814e+05  1.98116e+46  4.16479e+05  1.66179e+46  4.16479e+05  1.54293e+46  7.39261e-09
 3.43343e+01  4.30814e+05  2.10005e+46  4.16479e+05  2.07914e+46  4.16479e+05  1.75194e+46  4.16479e+05  1.64621e+46  7.39261e-09
 3.54564e+01  4.30814e+05  2.25057e+46  4.16479e+05  2.15068e+46  4.16479e+05  1.84989e+46  4.16479e+05  1.75646e+46  7.39261e-09
 3.66152e+01  4.16479e+05  2.38288e+46  4.16479e+05  2.23208e+46  4.16479e+05  1.95605e+46  4.16479e+05  1.87416e+46  7.39261e-09
 3.78119e+01  4.16479e+05  2.46286e+46  4.16479e+05  2.32366e+46  4.16479e+05  2.07085e+46  4.16479e+05  1.99978e+46  7.39261e-09
 3.90477e+01  4.16479e+05  2.55412e+46  4.16479e+05  2.42582e+46  4.16479e+05  2.19478e+46  4.16479e+05  2.13385e+46  7.39261e-09
 4.03238e+01  4.16479e+05  2.65706e+46  4.16479e+05  2.53896e+46  4.16479e+05  2.32834e+46  4.16479e+05  2.27693e+46  7.39261e-09
 4.16417e+01  4.16479e+05  2.77209e+46  4.16479e+05  2.66356e+46  4.16479e+05  2.47208e+46  4.16479e+05  2.42959e+46  7.39261e-09
 4.30027e+01  4.16479e+05  2.89969e+46  4.16479e+05  2.80014e+46  4.16479e+05  2.62661e+46  4.16479e+05  2.59249e+46  7.39261e-09
 4.44081e+01  4.16479e+05  3.04039e+46  4.16479e+05  2.94926e+46  4.16479e+05  2.79256e+46  4.16479e+05  2.76628e+46  7.39261e-09
 4.58595e+01  4.16479e+05  3.19477e+46  4.16479e+05  3.11153e+46  4.16479e+05  2.97062e+46  4.16479e+05  2.95170e+46  7.39261e-09
 4.73583e+01  4.16479e+05  3.36347e+46  4.16479e+05  3.28763e+46  4.16479e+05  3.16152e+46  4.16479e+05  3.14950e+46  7.39261e-09
 4.89061e+01  4.16479e+05  3.54719e+46  4.16479e+05  3.47829e+46  4.16479e+05  3.36606e+46  4.16479e+05  3.36051e+46  7.39261e-09
 5.05045e+01  4.16479e+05  3.74669e+46  4.16479e+05  3.68430e+46  4.16479e+05  3.58508e+46  4.16479e+05  3.58559e+46  7.39261e-09
 5.21551e+01  4.16479e+05  3.96279e+46  4.16479e+05  3.90651e+46  4.16479e+05  3.81949e+46  4.16479e+05  3.82569e+46  7.39261e-09
 5.38597e+01  4.16479e+05  4.19639e+46  4.16479e+05  4.14583e+46  4.16479e+05  4.07026e+46  4.16479e+05  4.08179e+46  7.39261e-09
 5.56199e+01  4.16479e+05  4.44846e+46  4.16479e+05  4.40326e+46  4.16479e+05  4.33842e+46  4.16479e+05  4.35495e+46  7.39261e-09
 5.74378e+01  4.16479e+05  4.72004e+46  4.16479e+05  4.67987e+46  4.16479e+05  4.62509e+46  4.16479e+05  4.64631e+46  7.39261e-09
 5.93150e+01  4.16479e+05  5.01224e+46  4.16479e+05  4.97679e+46  4.16479e+05  4.93145e+46  4.16479e+05  4.95707e+46  7.39261e-09
 6.12535e+01  4.16479e+05  5.32629e+46  4.16479e+05  5.29527e+46  4.16479e+05  5.25877e+46  4.16479e+05  5.28851e+46  7.39261e-09
 6.32555e+01  4.16479e+05  5.66348e+46  4.16479e+05  5.63661e+46  4.16479e+05  5.60841e+46  4.16479e+05  5.64201e+46  7.39261e-09
 6.53228e+01  4.16479e+05  6.02521e+46  4.16479e+05  6.00222e+46  4.16479e+05  5.98180e+46  4.16479e+05  6.01904e+46  7.39261e-09
 6.74577e+01  4.16479e+05  6.41297e+46  4.16479e+05  6.39363e+46  4.16479e+05  6.38051e+46  4.16479e+05  6.42114e+46  7.39261e-09
 6.96624e+01  4.16479e+05  6.82837e+46  4.16479e+05  6.81245e+46  4.16479e+05  6.80617e+46  4.16479e+05  6.84999e+46  7.39261e-09
 7.19392e+01  4.16479e+05  7.27313e+46  4.16479e+05  7.26042e+46  4.16479e+05  7.26055e+46  4.16479e+05  7.30736e+46  7.39261e-09
 7.42903e+01  4.16479e+05  7.74909e+46  4.16479e+05  7.73938e+46  4.16479e+05  7.74553e+46  4.16479e+05  7.79514e+46  7.39261e-09
 7.67183e+01  4.16479e+05  8.25821e+46  4.16479e+05  8.25133e+46  4.16479e+05  8.26311e+46  4.16479e+05  8.31535e+46  7.39261e-09
 7.92257e+01  4.16479e+05  8.80261e+46  4.16479e+05  8.79837e+46  4.16479e+05  8.81544e+46  4.16479e+05  8.87015e+46  7.39261e-09
 8.18150e+01  4.16479e+05  9.38453e+46  4.16479e+05  9.38278e+46  4.16479e+05  9.40481e+46  4.16479e+05  9.46182e+46  7.39261e-09
 8.44889e+01  4.16479e+05  1.00064e+47  4.16479e+05  1.00070e+47  4.16479e+05  1.00336e+47  4.16479e+05  1.00928e+47  7.39261e-09
 8.72502e+01  4.16479e+05  1.06708e+47  4.16479e+05  1.06735e+47  4.16479e+05  1.07046e+47  4.16479e+05  1.07658e+47  7.39261e-09
 9.01018e+01  4.16479e+05  1.13804e+47  4.16479e+05  1.13852e+47  4.16479e+05  1.14203e+47  4.16479e+05  1.14834e+47  7.39261e-09
 9.30466e+01  4.16479e+05  1.21382e+47  4.16479e+05  1.21449e+47  4.16479e+05  1.21839e+47  4.16479e+05  1.22488e+47  7.39261e-09
 9.60876e+01  4.16479e+05  1.29474e+47  4.16479e+05  1.29559e+47  4.16479e+05  1.29985e+47  4.16479e+05  1.30650e+47  7.39261e-09
 9.92280e+01  4.16479e+05  1.38112e+47  4.16479e+05  1.38214e+47  4.16479e+05  1.38674e+47  4.16479e+05  1.39355e+47  7.39261e-09
 1.02471e+02  4.16479e+05  1.47333e+47  4.16479e+05  1.47451e+47  4.16479e+05  1.47942e+47  4.16479e+05  1.48638e+47  7.39261e-09
 1.05820e+02  4.16479e+05  1.57175e+47  4.16479e+05  1.57308e+47  4.16479e+05  1.57828e+47  4.16479e+05  1.58538e+47  7.39261e-09
 1.09278e+02  4.16479e+05  1.67678e+47  4.16479e+05  1.67825e+47  4.16479e+05  1.68373e+47  4.16479e+05  1.69096e+47  7.39261e-09
 1.12850e+02  4.16479e+05  1.78886e+47  4.16479e+05  1.79046e+47  4.16479e+05  1.79620e+47  4.02620e+05  1.76385e+47  7.39261e-09
 1.16538e+02  4.16479e+05  1.90846e+47  4.16479e+05  1.91017e+47  4.16479e+05  1.91616e+47  4.02620e+05  1.82042e+47  7.39261e-09
 1.20347e+02  4.16479e+05  2.03606e+47  4.16479e+05  2.03789e+47  4.16479e+05  2.04411e+47  4.02620e+05  1.88455e+47  7.39261e-09
 1.24280e+02  4.16479e+05  2.17219e+47  4.16479e+05  2.17413e+47  4.16479e+05  2.18057e+47  4.02620e+05  1.95649e+47  7.39261e-09
 1.28342e+02  4.16479e+05  2.31743e+47  4.16479e+05  2.31947e+47  4.16479e+05  2.32611e+47  4.02620e+05  2.03654e+47  7.39261e-09
 1.32537e+02  4.16479e+05  2.47237e+47  4.16479e+05  2.47450e+47  4.16479e+05  2.48133e+47  4.02620e+05  2.12504e+47  7.39261e-09
 1.36868e+02  4.16479e+05  2.63765e+47  4.16479e+05  2.63987e+47  4.16479e+05  2.64687e+47  4.02620e+05  2.22235e+47  7.39261e-09
 1.41341e+02  4.16479e+05  2.81395e+47  4.16479e+05  2.81626e+47  4.16479e+05  2.82343e+47  4.02620e+05  2.32888e+47  7.39261e-09
 1.45961e+02  4.16479e+05  3.00201e+47  4.16479e+05  3.00440e+47  4.16479e+05  3.01172e+47  4.02620e+05  2.44506e+47  7.39261e-09
 1.50731e+02  4.16479e+05  3.20261e+47  4.16479e+05  3.20506e+47  4.16479e+05  3.21253e+47  4.02620e+05  2.57137e+47  7.39261e-09
 1.55658e+02  4.16479e+05  3.41656e+47  4.16479e+05  3.41909e+47  4.16479e+05  3.42670e+47  4.02620e+05  2.70835e+47  7.39261e-09
 1.60745e+02  4.16479e+05  3.64477e+47  4.16479e+05  3.64736e+47  4.16479e+05  3.65510e+47  4.02620e+05  2.85655e+47  7.39261e-09
 1.65998e+02  4.16479e+05  3.88817e+47  4.16479e+05  3.89082e+47  4.16479e+05  3.89868e+47  4.02620e+05  3.01659e+47  7.39261e-09
 1.71424e+02  4.16479e+05  4.14777e+47  4.16479e+05  4.15048e+47  4.16479e+05  4.15845e+47  4.02620e+05  3.18913e+47  7.39261e-09
 1.77026e+02  4.16479e+05  4.42465e+47  4.16479e+05  4.42741e+47  4.16479e+05  4.43548e+47  4.02620e+05  3.37488e+47  7.39261e-09
 1.82812e+02  4.16479e+05  4.71995e+47  4.16479e+05  4.72275e+47  4.16479e+05  4.73093e+47  4.02620e+05  3.57462e+47  7.39261e-09
 1.88787e+02  4.16479e+05  5.03489e+47  4.16479e+05  5.03774e+47  4.16479e+05  5.04601e+47  4.02620e+05  3.78917e+47  7.39261e-09
 1.94957e+02  4.16479e+05  5.37077e+47  4.16479e+05  5.37367e+47  4.16479e+05  5.38203e+47  4.02620e+05  4.01942e+47  7.39261e-09
 2.01328e+02  4.16479e+05  5.72900e+47  4.16479e+05  5.73194e+47  4.16479e+05  5.74037e+47  4.02620e+05  4.26632e+47  7.39261e-09
 2.07908e+02  4.16479e+05  6.11104e+47  4.16479e+05  6.11402e+47  4.16479e+05  6.12253e+47  4.02620e+05  4.53090e+47  7.39261e-09
 2.14703e+02  4.16479e+05  6.51848e+47  4.16479e+05  6.52150e+47  4.02620e+05  6.50924e+47  4.02620e+05  4.81424e+47  7.39261e-09
 2.21720e+02  4.16479e+05  6.95301e+47  4.16479e+05  6.95606e+47  4.02620e+05  6.70636e+47  4.02620e+05  5.11752e+47  7.39261e-09
 2.28967e+02  4.16479e+05  7.41643e+47  4.16479e+05  7.41951e+47  4.02620e+05  6.93129e+47  4.02620e+05  5.44200e+47  7.39261e-09
 2.36450e+02  4.16479e+05  7.91064e+47  4.16479e+05  7.91375e+47  4.02620e+05  7.18496e+47  4.02620e+05  5.78901e+47  7.39261e-09
 2.44178e+02  4.16479e+05  8.43771e+47  4.16479e+05  8.44084e+47  4.02620e+05  7.46842e+47  4.02620e+05  6.16000e+47  7.39261e-09
 2.52158e+02  4.16479e+05  8.99980e+47  4.16479e+05  9.00296e+47  4.02620e+05  7.78284e+47  4.02620e+05  6.55650e+47  7.39261e-09
 2.60399e+02  4.16479e+05  9.59925e+47  4.16479e+05  9.60244e+47  4.02620e+05  8.12952e+47  4.02620e+05  6.98016e+47  7.39261e-09
 2.68910e+02  4.16479e+05  1.02385e+48  4.16479e+05  1.02417e+48  4.02620e+05  8.50991e+47  4.02620e+05  7.43271e+47  7.39261e-09
 2.77699e+02  4.16479e+05  1.09203e+48  4.16479e+05  1.09235e+48  4.02620e+05  8.92557e+47  4.02620e+05  7.91605e+47  7.39261e-09
 2.86774e+02  4.16479e+05  1.16474e+48  4.02620e+05  1.14255e+48  4.02620e+05  9.37822e+47  4.02620e+05  8.43216e+47  7.39261e-09
 2.96147e+02  4.16479e+05  1.24227e+48  4.02620e+05  1.17889e+48  4.02620e+05  9.86974e+47  4.02620e+05  8.98318e+47  7.39261e-09
 3.05826e+02  4.02620e+05  1.31019e+48  4.02620e+05  1.22011e+48  4.02620e+05  1.04022e+48  4.02620e+05  9.57140e+47  7.39261e-09
 3.15821e+02  4.02620e+05  1.35084e+48  4.02620e+05  1.26640e+48  4.02620e+05  1.09777e+48  4.02620e+05  1.01992e+48  7.39261e-09
 3.26143e+02  4.02620e+05  1.39710e+48  4.02620e+05  1.31793e+48  4.02620e+05  1.15987e+48  4.02620e+05  1.08693e+48  7.39261e-09
 3.36802e+02  4.02620e+05  1.44914e+48  4.02620e+05  1.37493e+48  4.02620e+05  1.22677e+48  4.02620e+05  1.15844e+48  7.39261e-09
 3.47810e+02  4.02620e+05  1.50720e+48  4.02620e+05  1.43763e+48  4.02620e+05  1.29876e+48  4.02620e+05  1.23474e+48  7.39261e-09
 3.59177e+02  4.02620e+05  1.57150e+48  4.02620e+05  1.50629e+48  4.02620e+05  1.37613e+48  4.02620e+05  1.31616e+48  7.39261e-09
 3.70916e+02  4.02620e+05  1.64232e+48  4.02620e+05  1.58119e+48  4.02620e+05  1.45920e+48  4.02620e+05  1.40302e+48  7.39261e-09
 3.83038e+02  4.02620e+05  1.71994e+48  4.02620e+05  1.66265e+48  4.02620e+05  1.54832e+48  4.02620e+05  1.49569e+48  7.39261e-09
 3.95557e+02  4.02620e+05  1.80469e+48  4.02620e+05  1.75099e+48  4.02620e+05  1.64384e+48  4.02620e+05  1.59455e+48  7.39261e-09
 4.08485e+02  4.02620e+05  1.89693e+48  4.02620e+05  1.84659e+48  4.02620e+05  1.74618e+48  4.02620e+05  1.70002e+48  7.39261e-09
 4.21835e+02  4.02620e+05  1.99702e+48  4.02620e+05  1.94985e+48  4.02620e+05  1.85575e+48  4.02620e+05  1.81252e+48  7.39261e-09
 4.35622e+02  4.02620e+05  2.10539e+48  4.02620e+05  2.06118e+48  4.02620e+05  1.97300e+48  4.02620e+05  1.93252e+48  7.39261e-09
 4.49859e+02  4.02620e+05  2.22249e+48  4.02620e+05  2.18105e+48  4.02620e+05  2.09843e+48  4.02620e+05  2.06052e+48  7.39261e-09
 4.64562e+02  4.02620e+05  2.34879e+48  4.02620e+05  2.30995e+48  4.02620e+05  2.23254e+48  4.02620e+05  2.19706e+48  7.39261e-09
 4.79745e+02  4.02620e+05  2.48482e+48  4.02620e+05  2.44843e+48  4.02620e+05  2.37590e+48  4.02620e+05  2.34268e+48  7.39261e-09
 4.95424e+02  4.02620e+05  2.63115e+48  4.02620e+05  2.59705e+48  4.02620e+05  2.52909e+48  4.02620e+05  2.49801e+48  7.39261e-09
 5.11616e+02  4.02620e+05  2.78838e+48  4.02620e+05  2.75642e+48  4.02620e+05  2.69276e+48  4.02620e+05  2.66367e+48  7.39261e-09
 5.28337e+02  4.02620e+05  2.95716e+48  4.02620e+05  2.92722e+48  4.02620e+05  2.86758e+48  4.02620e+05  2.84036e+48  7.39261e-09
 5.45604e+02  4.02620e+05  3.13819e+48  4.02620e+05  3.11013e+48  4.02620e+05  3.05427e+48  4.02620e+05  3.02880e+48  7.39261e-09
 5.63436e+02  4.02620e+05  3.33222e+48  4.02620e+05  3.30593e+48  4.02620e+05  3.25361e+48  4.02620e+05  3.22978e+48  7.39261e-09
 5.81850e+02  4.02620e+05  3.54004e+48  4.02620e+05  3.51542e+48  4.02620e+05  3.46642e+48  4.02620e+05  3.44413e+48  7.39261e-09
 6.00867e+02  4.02620e+05  3.76253e+48  4.02620e+05  3.73946e+48  4.02620e+05  3.69357e+48  4.02620e+05  3.67273e+48  7.39261e-09
 6.20505e+02  4.02620e+05  4.00060e+48  4.02620e+05  3.97899e+48  4.02620e+05  3.93602e+48  4.02620e+05  3.91654e+48  7.39261e-09
 6.40784e+02  4.02620e+05  4.25524e+48  4.02620e+05  4.23500e+48  4.02620e+05  4.19477e+48  4.02620e+05  4.17655e+48  7.39261e-09
 6.61727e+02  4.02620e+05  4.52750e+48  4.02620e+05  4.50854e+48  4.02620e+05  4.47088e+48  4.02620e+05  4.45385e+48  7.39261e-09
 6.83354e+02  4.02620e+05  4.81851e+48  4.02620e+05  4.80075e+48  4.02620e+05  4.76549e+48  4.02620e+05  4.74959e+48  7.39261e-09
 7.05688e+02  4.02620e+05  5.12947e+48  4.02620e+05  5.11284e+48  4.02620e+05  5.07984e+48  4.02620e+05  5.06498e+48  7.39261e-09
 7.28751e+02  4.02620e+05  5.46167e+48  4.02620e+05  5.44610e+48  4.02620e+05  5.41521e+48  4.02620e+05  5.40134e+48  7.39261e-09
 7.52569e+02  4.02620e+05  5.81648e+48  4.02620e+05  5.80190e+48  4.02620e+05  5.77300e+48  4.02620e+05  5.76005e+48  7.39261e-09
 7.77165e+02  4.02620e+05  6.19537e+48  4.02620e+05  6.18173e+48  4.02620e+05  6.15469e+48  4.02620e+05  6.14260e+48  7.39261e-09
 8.02565e+02  4.02620e+05  6.59992e+48  4.02620e+05  6.58714e+48  4.02620e+05  6.56185e+48  4.02620e+05  6.55057e+48  7.39261e-09
 8.28794e+02  4.02620e+05  7.03179e+48  4.02620e+05  7.01983e+48  4.02620e+05  6.99617e+48  4.02620e+05  6.98565e+48  7.39261e-09
 8.55882e+02  4.02620e+05  7.49277e+48  4.02620e+05  7.48158e+48  4.02620e+05  7.45945e+48  4.02620e+05  7.44965e+48  7.39261e-09
 8.83854e+02  4.02620e+05  7.98477e+48  4.02620e+05  7.97430e+48  4.02620e+05  7.95361e+48  4.02620e+05  7.94447e+48  7.39261e-09
 9.12741e+02  4.02620e+05  8.50983e+48  4.02620e+05  8.50003e+48  4.02620e+05  8.48069e+48  4.02620e+05  8.47218e+48  7.39261e-09
 9.42571e+02  4.02620e+05  9.07011e+48  4.02620e+05  9.06095e+48  4.02620e+05  9.04288e+48  4.02620e+05  9.03495e+48  7.39261e-09
 9.73377e+02  4.02620e+05  9.66795e+48  4.02620e+05  9.65937e+48  4.02620e+05  9.64249e+48  4.02620e+05  9.63511e+48  7.39261e-09
 1.00519e+03  4.02620e+05  1.03058e+49  4.02620e+05  1.02978e+49  4.02620e+05  1.02820e+49  4.02620e+05  1.02752e+49  7.39261e-09
 1.03804e+03  4.02620e+05  1.09863e+49  4.02620e+05  1.09788e+49  4.02620e+05  1.09641e+49  4.02620e+05  1.09577e+49  7.39261e-09
 1.07197e+03  4.02620e+05  1.17123e+49  4.02620e+05  1.17053e+49  4.02620e+05  1.16915e+49  4.02620e+05  1.16856e+49  7.39261e-09
 1.10700e+03  4.02620e+05  1.24868e+49  4.02620e+05  1.24802e+49  4.02620e+05  1.24674e+49  4.02620e+05  1.24619e+49  7.39261e-09
 1.14318e+03  4.02620e+05  1.33129e+49  4.02620e+05  1.33068e+49  4.02620e+05  1.32948e+49  4.02620e+05  1.32898e+49  7.39261e-09
 1.18054e+03  4.02620e+05  1.41942e+49  4.02620e+05  1.41885e+49  4.02620e+05  1.41773e+49  4.02620e+05  1.41726e+49  7.39261e-09
 1.21913e+03  4.02620e+05  1.51342e+49  4.02620e+05  1.51289e+49  4.02620e+05  1.51185e+49  4.02620e+05  1.51141e+49  7.39261e-09
 1.25897e+03  4.02620e+05  1.61369e+49  4.02620e+05  1.61319e+49  4.02620e+05  1.61222e+49  4.02620e+05  1.61182e+49  7.39261e-09
 1.30012e+03  4.02620e+05  1.72063e+49  4.02620e+05  1.72017e+49  4.02620e+05  1.71927e+49  3.89223e+05  1.67385e+49  7.39261e-09
 1.34261e+03  4.02620e+05  1.83470e+49  4.02620e+05  1.83427e+49  4.02620e+05  1.83343e+49  3.89223e+05  1.72661e+49  7.39261e-09
 1.38649e+03  4.02620e+05  1.95636e+49  4.02620e+05  1.95596e+49  4.02620e+05  1.95518e+49  3.89223e+05  1.78651e+49  7.39261e-09
 1.43180e+03  4.02620e+05  2.08612e+49  4.02620e+05  2.08575e+49  4.02620e+05  2.08502e+49  3.89223e+05  1.85381e+49  7.39261e-09
 1.47860e+03  4.02620e+05  2.22452e+49  4.02620e+05  2.22416e+49  4.02620e+05  2.22349e+49  3.89223e+05  1.92879e+49  7.39261e-09
 1.52692e+03  4.02620e+05  2.37212e+49  4.02620e+05  2.37179e+49  4.02620e+05  2.37116e+49  3.89223e+05  2.01174e+49  7.39261e-09
 1.57683e+03  4.02620e+05  2.52954e+49  4.02620e+05  2.52923e+49  4.02620e+05  2.52865e+49  3.89223e+05  2.10302e+49  7.39261e-09
 1.62836e+03  4.02620e+05  2.69742e+49  4.02620e+05  2.69714e+49  4.02620e+05  2.69660e+49  3.89223e+05  2.20300e+49  7.39261e-09
 1.68158e+03  4.02620e+05  2.87648e+49  4.02620e+05  2.87621e+49  4.02620e+05  2.87571e+49  3.89223e+05  2.31210e+49  7.39261e-09
 1.73654e+03  4.02620e+05  3.06743e+49  4.02620e+05  3.06719e+49  4.02620e+05  3.06672e+49  3.89223e+05  2.43077e+49  7.39261e-09
 1.79329e+03  4.02620e+05  3.27109e+49  4.02620e+05  3.27086e+49  4.02620e+05  3.27043e+49  3.89223e+05  2.55950e+49  7.39261e-09
 1.85190e+03  4.02620e+05  3.48828e+49  4.02620e+05  3.48807e+49  4.02620e+05  3.48767e+49  3.89223e+05  2.69882e+49  7.39261e-09
 1.91243e+03  4.02620e+05  3.71991e+49  4.02620e+05  3.71971e+49  4.02620e+05  3.71934e+49  3.89223e+05  2.84931e+49  7.39261e-09
 1.97493e+03  4.02620e+05  3.96693e+49  4.02620e+05  3.96675e+49  4.02620e+05  3.96641e+49  3.89223e+05  3.01159e+49  7.39261e-09
 2.03948e+03  4.02620e+05  4.23037e+49  4.02620e+05  4.23021e+49  4.02620e+05  4.22990e+49  3.89223e+05  3.18634e+49  7.39261e-09
 2.10613e+03  4.02620e+05  4.51132e+49  4.02620e+05  4.51117e+49  4.02620e+05  4.51088e+49  3.89223e+05  3.37427e+49  7.39261e-09
 2.17497e+03  4.02620e+05  4.81095e+49  4.02620e+05  4.81080e+49  4.02620e+05  4.81054e+49  3.89223e+05  3.57616e+49  7.39261e-09
 2.24605e+03  4.02620e+05  5.13048e+49  4.02620e+05  5.13035e+49  4.02620e+05  5.13011e+49  3.89223e+05  3.79286e+49  7.39261e-09
 2.31946e+03  4.02620e+05  5.47124e+49  4.02620e+05  5.47112e+49  4.02620e+05  5.47091e+49  3.89223e+05  4.02525e+49  7.39261e-09
 2.39526e+03  4.02620e+05  5.83465e+49  4.02620e+05  5.83454e+49  4.02620e+05  5.83434e+49  3.89223e+05  4.27431e+49  7.39261e-09
 2.47355e+03  4.02620e+05  6.22221e+49  4.02620e+05  6.22211e+49  3.89223e+05  6.16724e+49  3.89223e+05  4.54105e+49  7.39261e-09
 2.55439e+03  4.02620e+05  6.63552e+49  4.02620e+05  6.63543e+49  3.89223e+05  6.35147e+49  3.89223e+05  4.82658e+49  7.39261e-09
 2.63787e+03  4.02620e+05  7.07629e+49  4.02620e+05  7.07621e+49  3.89223e+05  6.56198e+49  3.89223e+05  5.13209e+49  7.39261e-09
 2.72409e+03  4.02620e+05  7.54635e+49  4.02620e+05  7.54627e+49  3.89223e+05  6.79965e+49  3.89223e+05  5.45884e+49  7.39261e-09
 2.81312e+03  4.02620e+05  8.04764e+49  4.02620e+05  8.04757e+49  3.89223e+05  7.06545e+49  3.89223e+05  5.80818e+49  7.39261e-09
 2.90506e+03  4.02620e+05  8.58223e+49  4.02620e+05  8.58217e+49  3.89223e+05  7.36050e+49  3.89223e+05  6.18155e+49  7.39261e-09
 3.00000e+03  4.02620e+05  9.15234e+49  4.02620e+05  9.15229e+49  3.89223e+05  7.68601e+49  3.89223e+05  6.58051e+49  7.39261e-09
