radius_rg T_0deg chi2_0deg T_15deg chi2_15deg T_30deg chi2_30deg T_45deg chi2_45deg nuLnusavg_last
 2.00000e-01  8.76865e+05  3.66138e+43  8.47687e+05  2.73985e+43  7.65850e+05  9.63110e+42  6.46632e+05  1.52765e+42  1.05705e-09
 2.06537e-01  8.47687e+05  3.37693e+43  8.19480e+05  2.64467e+43  7.65850e+05  9.14333e+42  6.46632e+05  1.18434e+42  1.05705e-09
 2.13287e-01  8.47687e+05  3.19022e+43  8.19480e+05  2.42140e+43  7.40366e+05  8.91423e+42  6.46632e+05  1.04320e+42  1.05705e-09
 2.20257e-01  8.47687e+05  3.12399e+43  8.19480e+05  2.30105e+43  7.40366e+05  7.79504e+42  6.46632e+05  1.10363e+42  1.05705e-09
 2.27456e-01  8.19480e+05  2.84617e+43  7.92211e+05  2.22919e+43  7.40366e+05  7.25220e+42  6.25115e+05  9.79456e+41  1.05705e-09
 2.34890e-01  8.19480e+05  2.67919e+43  7.92211e+05  2.01564e+43  7.40366e+05  7.28348e+42  6.25115e+05  7.21962e+41  1.05705e-09
 2.42567e-01  8.19480e+05  2.63057e+43  7.92211e+05  1.90334e+43  7.15730e+05  6.25552e+42  6.25115e+05  6.64716e+41  1.05705e-09
 2.50494e-01  7.92211e+05  2.37517e+43  7.65850e+05  1.87086e+43  7.15730e+05  5.60647e+42  6.25115e+05  8.07482e+41  1.05705e-09
 2.58681e-01  7.92211e+05  2.21793e+43  7.65850e+05  1.65827e+43  7.15730e+05  5.52473e+42  6.04314e+05  5.91684e+41  1.05705e-09
 2.67136e-01  7.92211e+05  2.17715e+43  7.65850e+05  1.54544e+43  6.91914e+05  5.05299e+42  6.04314e+05  3.95040e+41  1.05705e-09
 2.75866e-01  7.65850e+05  1.96240e+43  7.65850e+05  1.53191e+43  6.91914e+05  4.24506e+42  6.04314e+05  3.97291e+41  1.05705e-09
 2.84882e-01  7.65850e+05  1.80496e+43  7.40366e+05  1.35044e+43  6.91914e+05  3.99881e+42  6.04314e+05  5.98446e+41  1.05705e-09
 2.94193e-01  7.65850e+05  1.76226e+43  7.40366e+05  1.22844e+43  6.68890e+05  4.24916e+42  5.84205e+05  3.52002e+41  1.05705e-09
 3.03808e-01  7.40366e+05  1.60924e+43  7.40366e+05  1.20443e+43  6.68890e+05  3.22737e+42  5.84205e+05  1.90706e+41  1.05705e-09
 3.13737e-01  7.40366e+05  1.44156e+43  7.15730e+05  1.09608e+43  6.68890e+05  2.76303e+42  5.84205e+05  2.27459e+41  1.05705e-09
 3.23991e-01  7.40366e+05  1.38711e+43  7.15730e+05  9.56116e+42  6.68890e+05  2.85423e+42  5.84205e+05  4.62414e+41  1.05705e-09
 3.34580e-01  7.15730e+05  1.32026e+43  7.15730e+05  9.13007e+42  6.46632e+05  2.63731e+42  5.64766e+05  2.59928e+41  1.05705e-09
 3.45515e-01  7.15730e+05  1.13212e+43  6.91914e+05  9.02283e+42  6.46632e+05  1.89825e+42  5.64766e+05  1.07436e+41  1.05705e-09
 3.56807e-01  7.15730e+05  1.05595e+43  6.91914e+05  7.35278e+42  6.46632e+05  1.71114e+42  5.64766e+05  1.52649e+41  1.05705e-09
 3.68468e-01  7.15730e+05  1.09141e+43  6.91914e+05  6.64218e+42  6.46632e+05  2.07522e+42  5.64766e+05  3.95754e+41  1.05705e-09
 3.80511e-01  6.91914e+05  8.84587e+42  6.91914e+05  6.88809e+42  6.25115e+05  1.51428e+42  5.45973e+05  3.29609e+41  1.05705e-09
 3.92947e-01  6.91914e+05  7.76398e+42  6.68890e+05  5.76295e+42  6.25115e+05  9.89765e+41  5.45973e+05  1.57709e+41  1.05705e-09
 4.05790e-01  6.91914e+05  7.78697e+42  6.68890e+05  4.68051e+42  6.25115e+05  1.01344e+42  5.45973e+05  1.83721e+41  1.05705e-09
 4.19052e-01  6.68890e+05  7.11039e+42  6.68890e+05  4.54646e+42  6.25115e+05  1.58542e+42  5.45973e+05  4.07754e+41  1.05705e-09
 4.32748e-01  6.68890e+05  5.60109e+42  6.46632e+05  4.93816e+42  6.04314e+05  8.30984e+41  5.27805e+05  5.94359e+41  1.05705e-09
 4.46891e-01  6.68890e+05  5.18771e+42  6.46632e+05  3.38602e+42  6.04314e+05  4.51721e+41  5.27805e+05  3.72306e+41  1.05705e-09
 4.61496e-01  6.68890e+05  5.86855e+42  6.46632e+05  2.77691e+42  6.04314e+05  6.18428e+41  5.27805e+05  3.49055e+41  1.05705e-09
 4.76579e-01  6.46632e+05  4.23499e+42  6.46632e+05  3.10832e+42  6.04314e+05  1.33179e+42  5.27805e+05  5.24507e+41  1.05705e-09
 4.92155e-01  6.46632e+05  3.27473e+42  6.25115e+05  2.95029e+42  5.84205e+05  5.69366e+41  5.27805e+05  8.99391e+41  1.05705e-09
 5.08240e-01  6.46632e+05  3.40076e+42  6.25115e+05  1.76385e+42  5.84205e+05  2.63540e+41  5.10242e+05  8.07598e+41  1.05705e-09
 5.24851e-01  6.25115e+05  3.88899e+42  6.25115e+05  1.51374e+42  5.84205e+05  5.02904e+41  5.10242e+05  7.01417e+41  1.05705e-09
 5.42004e-01  6.25115e+05  2.26283e+42  6.25115e+05  2.19892e+42  5.84205e+05  1.28845e+42  5.10242e+05  7.95399e+41  1.05705e-09
 5.59718e-01  6.25115e+05  1.71877e+42  6.04314e+05  1.75310e+42  5.64766e+05  7.49269e+41  5.10242e+05  1.08993e+42  1.05705e-09
 5.78011e-01  6.25115e+05  2.25458e+42  6.04314e+05  8.13033e+41  5.64766e+05  4.40823e+41  4.93264e+05  1.55870e+42  1.05705e-09
 5.96902e-01  6.04314e+05  2.43856e+42  6.04314e+05  8.05355e+41  5.64766e+05  6.78301e+41  4.93264e+05  1.33033e+42  1.05705e-09
 6.16411e-01  6.04314e+05  1.09812e+42  6.04314e+05  1.73004e+42  5.64766e+05  1.46269e+42  4.93264e+05  1.30473e+42  1.05705e-09
 6.36557e-01  6.04314e+05  8.34975e+41  5.84205e+05  1.31930e+42  5.45973e+05  1.43967e+42  4.93264e+05  1.48179e+42  1.05705e-09
 6.57361e-01  6.04314e+05  1.64803e+42  5.84205e+05  5.01844e+41  5.45973e+05  1.04605e+42  4.93264e+05  1.86225e+42  1.05705e-09
 6.78845e-01  5.84205e+05  1.90390e+42  5.84205e+05  6.15490e+41  5.45973e+05  1.20085e+42  4.76850e+05  2.38665e+42  1.05705e-09
 7.01032e-01  5.84205e+05  7.05477e+41  5.84205e+05  1.66071e+42  5.45973e+05  1.90473e+42  4.76850e+05  2.19480e+42  1.05705e-09
 7.23943e-01  5.84205e+05  5.82722e+41  5.64766e+05  1.68793e+42  5.27805e+05  2.77757e+42  4.76850e+05  2.20928e+42  1.05705e-09
 7.47603e-01  5.84205e+05  1.53512e+42  5.64766e+05  8.61872e+41  5.27805e+05  2.20640e+42  4.76850e+05  2.43017e+42  1.05705e-09
 7.72037e-01  5.64766e+05  2.33214e+42  5.64766e+05  9.68409e+41  5.27805e+05  2.18846e+42  4.76850e+05  2.85838e+42  1.05705e-09
 7.97269e-01  5.64766e+05  1.12338e+42  5.64766e+05  2.00798e+42  5.27805e+05  2.72368e+42  4.76850e+05  3.49567e+42  1.05705e-09
 8.23326e-01  5.64766e+05  9.92015e+41  5.45973e+05  2.98433e+42  5.27805e+05  3.81428e+42  4.60983e+05  3.51060e+42  1.05705e-09
 8.50234e-01  5.64766e+05  1.93750e+42  5.45973e+05  2.00698e+42  5.10242e+05  4.14506e+42  4.60983e+05  3.51485e+42  1.05705e-09
 8.78022e-01  5.45973e+05  3.87126e+42  5.45973e+05  1.96695e+42  5.10242e+05  3.85016e+42  4.60983e+05  3.73091e+42  1.05705e-09
 9.06718e-01  5.45973e+05  2.48639e+42  5.45973e+05  2.86409e+42  5.10242e+05  4.11529e+42  4.60983e+05  4.15967e+42  1.05705e-09
 9.36352e-01  5.45973e+05  2.18456e+42  5.45973e+05  4.70210e+42  5.10242e+05  4.94155e+42  4.60983e+05  4.80290e+42  1.05705e-09
 9.66955e-01  5.45973e+05  2.96451e+42  5.27805e+05  4.16500e+42  5.10242e+05  6.33237e+42  4.45643e+05  5.56551e+42  1.05705e-09
 9.98557e-01  5.45973e+05  4.82948e+42  5.27805e+05  3.82248e+42  4.93264e+05  6.54153e+42  4.45643e+05  5.48863e+42  1.05705e-09
 1.03119e+00  5.27805e+05  5.06225e+42  5.27805e+05  4.42481e+42  4.93264e+05  6.41399e+42  4.45643e+05  5.63173e+42  1.05705e-09
 1.06489e+00  5.27805e+05  4.40883e+42  5.27805e+05  5.97448e+42  4.93264e+05  6.85710e+42  4.45643e+05  5.99540e+42  1.05705e-09
 1.09970e+00  5.27805e+05  4.84640e+42  5.10242e+05  7.73353e+42  4.93264e+05  7.87268e+42  4.45643e+05  6.58114e+42  1.05705e-09
 1.13564e+00  5.27805e+05  6.37677e+42  5.10242e+05  6.90741e+42  4.93264e+05  9.46494e+42  4.45643e+05  7.39137e+42  1.05705e-09
 1.17276e+00  5.27805e+05  9.00628e+42  5.10242e+05  7.03890e+42  4.76850e+05  1.02013e+43  4.45643e+05  8.42946e+42  1.05705e-09
 1.21108e+00  5.10242e+05  8.10154e+42  5.10242e+05  8.12855e+42  4.76850e+05  1.01087e+43  4.30814e+05  8.96811e+42  1.05705e-09
 1.25067e+00  5.10242e+05  7.99216e+42  5.10242e+05  1.01809e+43  4.76850e+05  1.06020e+43  4.30814e+05  9.14652e+42  1.05705e-09
 1.29154e+00  5.10242e+05  8.98860e+42  4.93264e+05  1.18542e+43  4.76850e+05  1.16832e+43  4.30814e+05  9.56004e+42  1.05705e-09
 1.33375e+00  5.10242e+05  1.10950e+43  4.93264e+05  1.13011e+43  4.76850e+05  1.33569e+43  4.30814e+05  1.02104e+43  1.05705e-09
 1.37734e+00  4.93264e+05  1.40037e+43  4.93264e+05  1.17238e+43  4.76850e+05  1.56301e+43  4.30814e+05  1.11003e+43  1.05705e-09
 1.42236e+00  4.93264e+05  1.30985e+43  4.93264e+05  1.31240e+43  4.60983e+05  1.54831e+43  4.30814e+05  1.22333e+43  1.05705e-09
 1.46884e+00  4.93264e+05  1.33203e+43  4.93264e+05  1.55076e+43  4.60983e+05  1.58557e+43  4.30814e+05  1.36143e+43  1.05705e-09
 1.51685e+00  4.93264e+05  1.46700e+43  4.76850e+05  1.82457e+43  4.60983e+05  1.68380e+43  4.30814e+05  1.52488e+43  1.05705e-09
 1.56642e+00  4.93264e+05  1.71531e+43  4.76850e+05  1.77343e+43  4.60983e+05  1.84341e+43  4.30814e+05  1.71437e+43  1.05705e-09
 1.61762e+00  4.93264e+05  2.07800e+43  4.76850e+05  1.82252e+43  4.60983e+05  2.06505e+43  4.30814e+05  1.93068e+43  1.05705e-09
 1.67049e+00  4.76850e+05  2.05128e+43  4.76850e+05  1.97206e+43  4.60983e+05  2.34966e+43  4.30814e+05  2.17471e+43  1.05705e-09
 1.72508e+00  4.76850e+05  2.08061e+43  4.76850e+05  2.22266e+43  4.45643e+05  2.39075e+43  4.30814e+05  2.44747e+43  1.05705e-09
 1.78146e+00  4.76850e+05  2.22583e+43  4.76850e+05  2.57537e+43  4.45643e+05  2.45374e+43  4.30814e+05  2.75008e+43  1.05705e-09
 1.83968e+00  4.76850e+05  2.48753e+43  4.60983e+05  2.71991e+43  4.45643e+05  2.58130e+43  4.30814e+05  3.08379e+43  1.05705e-09
 1.89981e+00  4.76850e+05  2.86680e+43  4.60983e+05  2.74586e+43  4.45643e+05  2.77395e+43  4.30814e+05  3.45000e+43  1.05705e-09
 1.96190e+00  4.60983e+05  3.15116e+43  4.60983e+05  2.87608e+43  4.45643e+05  3.03249e+43  4.30814e+05  3.85021e+43  1.05705e-09
 2.02602e+00  4.60983e+05  3.15271e+43  4.60983e+05  3.11110e+43  4.45643e+05  3.35800e+43  4.30814e+05  4.28607e+43  1.05705e-09
 2.09224e+00  4.60983e+05  3.27457e+43  4.60983e+05  3.45190e+43  4.45643e+05  3.75181e+43  4.30814e+05  4.75941e+43  1.05705e-09
 2.16062e+00  4.60983e+05  3.51727e+43  4.60983e+05  3.89988e+43  4.30814e+05  3.95203e+43  4.30814e+05  5.27216e+43  1.05705e-09
 2.23123e+00  4.60983e+05  3.88179e+43  4.45643e+05  4.17413e+43  4.30814e+05  4.06648e+43  4.30814e+05  5.82646e+43  1.05705e-09
 2.30415e+00  4.60983e+05  4.36966e+43  4.45643e+05  4.24033e+43  4.30814e+05  4.25217e+43  4.30814e+05  6.42460e+43  1.05705e-09
 2.37946e+00  4.45643e+05  4.82037e+43  4.45643e+05  4.41699e+43  4.30814e+05  4.50986e+43  4.30814e+05  7.06905e+43  1.05705e-09
 2.45723e+00  4.45643e+05  4.86674e+43  4.45643e+05  4.70483e+43  4.30814e+05  4.84063e+43  4.30814e+05  7.76248e+43  1.05705e-09
 2.53753e+00  4.45643e+05  5.04053e+43  4.45643e+05  5.10504e+43  4.30814e+05  5.24584e+43  4.30814e+05  8.50777e+43  1.05705e-09
 2.62047e+00  4.45643e+05  5.34245e+43  4.45643e+05  5.61928e+43  4.30814e+05  5.72718e+43  4.30814e+05  9.30798e+43  1.05705e-09
 2.70611e+00  4.45643e+05  5.77376e+43  4.45643e+05  6.24968e+43  4.30814e+05  6.28662e+43  4.30814e+05  1.01664e+44  1.05705e-09
 2.79455e+00  4.45643e+05  6.33623e+43  4.30814e+05  6.86262e+43  4.30814e+05  6.92649e+43  4.30814e+05  1.10867e+44  1.05705e-09
 2.88589e+00  4.45643e+05  7.03220e+43  4.30814e+05  7.01013e+43  4.30814e+05  7.64944e+43  4.30814e+05  1.20726e+44  1.05705e-09
 2.98021e+00  4.45643e+05  7.86455e+43  4.30814e+05  7.27956e+43  4.30814e+05  8.45845e+43  4.30814e+05  1.31281e+44  1.05705e-09
 3.07761e+00  4.30814e+05  8.04166e+43  4.30814e+05  7.67201e+43  4.30814e+05  9.35688e+43  4.30814e+05  1.42578e+44  1.05705e-09
 3.17819e+00  4.30814e+05  8.31940e+43  4.30814e+05  8.18912e+43  4.30814e+05  1.03484e+44  4.30814e+05  1.54661e+44  1.05705e-09
 3.28206e+00  4.30814e+05  8.73885e+43  4.30814e+05  8.83301e+43  4.30814e+05  1.14372e+44  4.30814e+05  1.67582e+44  1.05705e-09
 3.38933e+00  4.30814e+05  9.30173e+43  4.30814e+05  9.60637e+43  4.30814e+05  1.26278e+44  4.30814e+05  1.81394e+44  1.05705e-09
 3.50010e+00  4.30814e+05  1.00104e+44  4.30814e+05  1.05124e+44  4.30814e+05  1.39250e+44  4.16479e+05  1.89971e+44  1.05705e-09
 3.61449e+00  4.30814e+05  1.08677e+44  4.30814e+05  1.15548e+44  4.30814e+05  1.53342e+44  4.16479e+05  1.97551e+44  1.05705e-09
 3.73262e+00  4.30814e+05  1.18773e+44  4.30814e+05  1.27379e+44  4.30814e+05  1.68614e+44  4.16479e+05  2.06146e+44  1.05705e-09
 3.85462e+00  4.30814e+05  1.30434e+44  4.30814e+05  1.40667e+44  4.30814e+05  1.85127e+44  4.16479e+05  2.15791e+44  1.05705e-09
 3.98060e+00  4.30814e+05  1.43707e+44  4.30814e+05  1.55466e+44  4.30814e+05  2.02950e+44  4.16479e+05  2.26526e+44  1.05705e-09
 4.11069e+00  4.30814e+05  1.58647e+44  4.30814e+05  1.71837e+44  4.30814e+05  2.22157e+44  4.16479e+05  2.38396e+44  1.05705e-09
 4.24504e+00  4.30814e+05  1.75317e+44  4.30814e+05  1.89848e+44  4.30814e+05  2.42828e+44  4.16479e+05  2.51450e+44  1.05705e-09
 4.38378e+00  4.30814e+05  1.93785e+44  4.30814e+05  2.09574e+44  4.30814e+05  2.65048e+44  4.16479e+05  2.65742e+44  1.05705e-09
 4.52705e+00  4.30814e+05  2.14127e+44  4.30814e+05  2.31097e+44  4.30814e+05  2.88909e+44  4.16479e+05  2.81331e+44  1.05705e-09
 4.67501e+00  4.30814e+05  2.36429e+44  4.30814e+05  2.54505e+44  4.30814e+05  3.14509e+44  4.16479e+05  2.98281e+44  1.05705e-09
 4.82780e+00  4.30814e+05  2.60782e+44  4.30814e+05  2.79895e+44  4.30814e+05  3.41956e+44  4.16479e+05  3.16663e+44  1.05705e-09
 4.98558e+00  4.30814e+05  2.87286e+44  4.30814e+05  3.07372e+44  4.30814e+05  3.71361e+44  4.16479e+05  3.36553e+44  1.05705e-09
 5.14853e+00  4.30814e+05  3.16053e+44  4.30814e+05  3.37051e+44  4.30814e+05  4.02848e+44  4.16479e+05  3.58033e+44  1.05705e-09
 5.31679e+00  4.30814e+05  3.47200e+44  4.30814e+05  3.69053e+44  4.30814e+05  4.36545e+44  4.16479e+05  3.81192e+44  1.05705e-09
 5.49056e+00  4.30814e+05  3.80857e+44  4.30814e+05  4.03512e+44  4.30814e+05  4.72594e+44  4.16479e+05  4.06125e+44  1.05705e-09
 5.67001e+00  4.30814e+05  4.17162e+44  4.30814e+05  4.40570e+44  4.30814e+05  5.11142e+44  4.16479e+05  4.32937e+44  1.05705e-09
 5.85532e+00  4.30814e+05  4.56267e+44  4.30814e+05  4.80380e+44  4.30814e+05  5.52350e+44  4.16479e+05  4.61738e+44  1.05705e-09
 6.04668e+00  4.30814e+05  4.98333e+44  4.30814e+05  5.23107e+44  4.30814e+05  5.96388e+44  4.16479e+05  4.92646e+44  1.05705e-09
 6.24430e+00  4.30814e+05  5.43534e+44  4.30814e+05  5.68928e+44  4.30814e+05  6.43438e+44  4.16479e+05  5.25791e+44  1.05705e-09
 6.44838e+00  4.30814e+05  5.92057e+44  4.30814e+05  6.18032e+44  4.30814e+05  6.93695e+44  4.16479e+05  5.61309e+44  1.05705e-09
 6.65913e+00  4.30814e+05  6.44102e+44  4.30814e+05  6.70623e+44  4.30814e+05  7.47367e+44  4.16479e+05  5.99347e+44  1.05705e-09
 6.87677e+00  4.30814e+05  6.99887e+44  4.30814e+05  7.26919e+44  4.30814e+05  8.04676e+44  4.16479e+05  6.40063e+44  1.05705e-09
 7.10152e+00  4.30814e+05  7.59640e+44  4.30814e+05  7.87152e+44  4.30814e+05  8.65859e+44  4.16479e+05  6.83625e+44  1.05705e-09
 7.33362e+00  4.30814e+05  8.23610e+44  4.30814e+05  8.51571e+44  4.16479e+05  9.20745e+44  4.16479e+05  7.30214e+44  1.05705e-09
 7.57330e+00  4.30814e+05  8.92061e+44  4.30814e+05  9.20444e+44  4.16479e+05  9.53463e+44  4.16479e+05  7.80021e+44  1.05705e-09
 7.82082e+00  4.30814e+05  9.65277e+44  4.30814e+05  9.94055e+44  4.16479e+05  9.90670e+44  4.16479e+05  8.33254e+44  1.05705e-09
 8.07642e+00  4.30814e+05  1.04356e+45  4.30814e+05  1.07271e+45  4.16479e+05  1.03252e+45  4.16479e+05  8.90133e+44  1.05705e-09
 8.34038e+00  4.30814e+05  1.12723e+45  4.30814e+05  1.15673e+45  4.16479e+05  1.07919e+45  4.16479e+05  9.50892e+44  1.05705e-09
 8.61296e+00  4.30814e+05  1.21665e+45  4.30814e+05  1.24647e+45  4.16479e+05  1.13087e+45  4.16479e+05  1.01578e+45  1.05705e-09
 8.89446e+00  4.30814e+05  1.31217e+45  4.30814e+05  1.34230e+45  4.16479e+05  1.18777e+45  4.16479e+05  1.08508e+45  1.05705e-09
 9.18515e+00  4.30814e+05  1.41419e+45  4.30814e+05  1.44460e+45  4.16479e+05  1.25014e+45  4.16479e+05  1.15906e+45  1.05705e-09
 9.48535e+00  4.30814e+05  1.52314e+45  4.30814e+05  1.55382e+45  4.16479e+05  1.31822e+45  4.16479e+05  1.23803e+45  1.05705e-09
 9.79535e+00  4.30814e+05  1.63946e+45  4.16479e+05  1.62277e+45  4.16479e+05  1.39230e+45  4.16479e+05  1.32233e+45  1.05705e-09
 1.01155e+01  4.30814e+05  1.76365e+45  4.16479e+05  1.68301e+45  4.16479e+05  1.47268e+45  4.16479e+05  1.41230e+45  1.05705e-09
 1.04461e+01  4.16479e+05  1.85868e+45  4.16479e+05  1.75113e+45  4.16479e+05  1.55971e+45  4.16479e+05  1.50830e+45  1.05705e-09
 1.07875e+01  4.16479e+05  1.92612e+45  4.16479e+05  1.82744e+45  4.16479e+05  1.65373e+45  4.16479e+05  1.61075e+45  1.05705e-09
 1.11401e+01  4.16479e+05  2.00260e+45  4.16479e+05  1.91224e+45  4.16479e+05  1.75514e+45  4.16479e+05  1.72006e+45  1.05705e-09
 1.15041e+01  4.16479e+05  2.08845e+45  4.16479e+05  2.00587e+45  4.16479e+05  1.86436e+45  4.16479e+05  1.83669e+45  1.05705e-09
 1.18801e+01  4.16479e+05  2.18401e+45  4.16479e+05  2.10874e+45  4.16479e+05  1.98184e+45  4.16479e+05  1.96111e+45  1.05705e-09
 1.22684e+01  4.16479e+05  2.28968e+45  4.16479e+05  2.22127e+45  4.16479e+05  2.10807e+45  4.16479e+05  2.09385e+45  1.05705e-09
 1.26694e+01  4.16479e+05  2.40591e+45  4.16479e+05  2.34392e+45  4.16479e+05  2.24356e+45  4.16479e+05  2.23545e+45  1.05705e-09
 1.30834e+01  4.16479e+05  2.53316e+45  4.16479e+05  2.47719e+45  4.16479e+05  2.38888e+45  4.16479e+05  2.38649e+45  1.05705e-09
 1.35110e+01  4.16479e+05  2.67196e+45  4.16479e+05  2.62165e+45  4.16479e+05  2.54463e+45  4.16479e+05  2.54762e+45  1.05705e-09
 1.39526e+01  4.16479e+05  2.82290e+45  4.16479e+05  2.77788e+45  4.16479e+05  2.71146e+45  4.16479e+05  2.71948e+45  1.05705e-09
 1.44086e+01  4.16479e+05  2.98660e+45  4.16479e+05  2.94655e+45  4.16479e+05  2.89005e+45  4.16479e+05  2.90279e+45  1.05705e-09
 1.48795e+01  4.16479e+05  3.16372e+45  4.16479e+05  3.12833e+45  4.16479e+05  3.08115e+45  4.16479e+05  3.09832e+45  1.05705e-09
 1.53658e+01  4.16479e+05  3.35501e+45  4.16479e+05  3.32399e+45  4.16479e+05  3.28554e+45  4.16479e+05  3.30686e+45  1.05705e-09
 1.58680e+01  4.16479e+05  3.56126e+45  4.16479e+05  3.53433e+45  4.16479e+05  3.50408e+45  4.16479e+05  3.52929e+45  1.05705e-09
 1.63866e+01  4.16479e+05  3.78332e+45  4.16479e+05  3.76023e+45  4.16479e+05  3.73766e+45  4.16479e+05  3.76652e+45  1.05705e-09
 1.69222e+01  4.16479e+05  4.02211e+45  4.16479e+05  4.00263e+45  4.16479e+05  3.98725e+45  4.16479e+05  4.01953e+45  1.05705e-09
 1.74753e+01  4.16479e+05  4.27862e+45  4.16479e+05  4.26251e+45  4.16479e+05  4.25388e+45  4.16479e+05  4.28938e+45  1.05705e-09
 1.80464e+01  4.16479e+05  4.55391e+45  4.16479e+05  4.54096e+45  4.16479e+05  4.53867e+45  4.16479e+05  4.57717e+45  1.05705e-09
 1.86362e+01  4.16479e+05  4.84911e+45  4.16479e+05  4.83914e+45  4.16479e+05  4.84278e+45  4.16479e+05  4.88411e+45  1.05705e-09
 1.92453e+01  4.16479e+05  5.16546e+45  4.16479e+05  5.15827e+45  4.16479e+05  5.16748e+45  4.16479e+05  5.21145e+45  1.05705e-09
 1.98743e+01  4.16479e+05  5.50425e+45  4.16479e+05  5.49968e+45  4.16479e+05  5.51411e+45  4.16479e+05  5.56056e+45  1.05705e-09
 2.05238e+01  4.16479e+05  5.86690e+45  4.16479e+05  5.86477e+45  4.16479e+05  5.88410e+45  4.16479e+05  5.93288e+45  1.05705e-09
 2.11946e+01  4.16479e+05  6.25490e+45  4.16479e+05  6.25507e+45  4.16479e+05  6.27899e+45  4.16479e+05  6.32995e+45  1.05705e-09
 2.18873e+01  4.16479e+05  6.66986e+45  4.16479e+05  6.67218e+45  4.16479e+05  6.70040e+45  4.16479e+05  6.75341e+45  1.05705e-09
 2.26026e+01  4.16479e+05  7.11350e+45  4.16479e+05  7.11784e+45  4.16479e+05  7.15009e+45  4.16479e+05  7.20502e+45  1.05705e-09
 2.33413e+01  4.16479e+05  7.58764e+45  4.16479e+05  7.59388e+45  4.16479e+05  7.62992e+45  4.16479e+05  7.68665e+45  1.05705e-09
 2.41042e+01  4.16479e+05  8.09427e+45  4.16479e+05  8.10227e+45  4.16479e+05  8.14186e+45  4.16479e+05  8.20028e+45  1.05705e-09
 2.48920e+01  4.16479e+05  8.63546e+45  4.16479e+05  8.64513e+45  4.16479e+05  8.68805e+45  4.16479e+05  8.74804e+45  1.05705e-09
 2.57055e+01  4.16479e+05  9.21346e+45  4.16479e+05  9.22469e+45  4.16479e+05  9.27073e+45  4.16479e+05  9.33221e+45  1.05705e-09
 2.65456e+01  4.16479e+05  9.83066e+45  4.16479e+05  9.84336e+45  4.16479e+05  9.89232e+45  4.16479e+05  9.95519e+45  1.05705e-09
 2.74132e+01  4.16479e+05  1.04896e+46  4.16479e+05  1.05037e+46  4.16479e+05  1.05554e+46  4.16479e+05  1.06196e+46  1.05705e-09
 2.83091e+01  4.16479e+05  1.11931e+46  4.16479e+05  1.12084e+46  4.16479e+05  1.12627e+46  4.16479e+05  1.13281e+46  1.05705e-09
 2.92343e+01  4.16479e+05  1.19439e+46  4.16479e+05  1.19605e+46  4.16479e+05  1.20172e+46  4.16479e+05  1.20837e+46  1.05705e-09
 3.01898e+01  4.16479e+05  1.27452e+46  4.16479e+05  1.27629e+46  4.16479e+05  1.28219e+46  4.16479e+05  1.28895e+46  1.05705e-09
 3.11765e+01  4.16479e+05  1.36004e+46  4.16479e+05  1.36192e+46  4.16479e+05  1.36802e+46  4.16479e+05  1.37489e+46  1.05705e-09
 3.21954e+01  4.16479e+05  1.45129e+46  4.16479e+05  1.45327e+46  4.16479e+05  1.45957e+46  4.16479e+05  1.46653e+46  1.05705e-09
 3.32476e+01  4.16479e+05  1.54866e+46  4.16479e+05  1.55073e+46  4.16479e+05  1.55722e+46  4.16479e+05  1.56426e+46  1.05705e-09
 3.43343e+01  4.16479e+05  1.65254e+46  4.16479e+05  1.65469e+46  4.16479e+05  1.66136e+46  4.16479e+05  1.66849e+46  1.05705e-09
 3.54564e+01  4.16479e+05  1.76337e+46  4.16479e+05  1.76560e+46  4.16479e+05  1.77244e+46  4.16479e+05  1.77964e+46  1.05705e-09
 3.66152e+01  4.16479e+05  1.88160e+46  4.16479e+05  1.88391e+46  4.16479e+05  1.89090e+46  4.02620e+05  1.87348e+46  1.05705e-09
 3.78119e+01  4.16479e+05  2.00773e+46  4.16479e+05  2.01011e+46  4.16479e+05  2.01724e+46  4.02620e+05  1.93198e+46  1.05705e-09
 3.90477e+01  4.16479e+05  2.14227e+46  4.16479e+05  2.14472e+46  4.16479e+05  2.15199e+46  4.02620e+05  1.99849e+46  1.05705e-09
 4.03238e+01  4.16479e+05  2.28578e+46  4.16479e+05  2.28830e+46  4.16479e+05  2.29569e+46  4.02620e+05  2.07329e+46  1.05705e-09
 4.16417e+01  4.16479e+05  2.43887e+46  4.16479e+05  2.44144e+46  4.16479e+05  2.44896e+46  4.02620e+05  2.15669e+46  1.05705e-09
 4.30027e+01  4.16479e+05  2.60215e+46  4.16479e+05  2.60478e+46  4.16479e+05  2.61241e+46  4.02620e+05  2.24904e+46  1.05705e-09
 4.44081e+01  4.16479e+05  2.77631e+46  4.16479e+05  2.77899e+46  4.16479e+05  2.78672e+46  4.02620e+05  2.35071e+46  1.05705e-09
 4.58595e+01  4.16479e+05  2.96207e+46  4.16479e+05  2.96480e+46  4.16479e+05  2.97263e+46  4.02620e+05  2.46214e+46  1.05705e-09
 4.73583e+01  4.16479e+05  3.16019e+46  4.16479e+05  3.16297e+46  4.16479e+05  3.17089e+46  4.02620e+05  2.58377e+46  1.05705e-09
 4.89061e+01  4.16479e+05  3.37149e+46  4.16479e+05  3.37432e+46  4.16479e+05  3.38232e+46  4.02620e+05  2.71611e+46  1.05705e-09
 5.05045e+01  4.16479e+05  3.59686e+46  4.16479e+05  3.59973e+46  4.16479e+05  3.60781e+46  4.02620e+05  2.85972e+46  1.05705e-09
 5.21551e+01  4.16479e+05  3.83722e+46  4.16479e+05  3.84012e+46  4.16479e+05  3.84828e+46  4.02620e+05  3.01517e+46  1.05705e-09
 5.38597e+01  4.16479e+05  4.09357e+46  4.16479e+05  4.09651e+46  4.16479e+05  4.10474e+46  4.02620e+05  3.18313e+46  1.05705e-09
 5.56199e+01  4.16479e+05  4.36697e+46  4.16479e+05  4.36994e+46  4.16479e+05  4.37824e+46  4.02620e+05  3.36428e+46  1.05705e-09
 5.74378e+01  4.16479e+05  4.65854e+46  4.16479e+05  4.66154e+46  4.16479e+05  4.66991e+46  4.02620e+05  3.55937e+46  1.05705e-09
 5.93150e+01  4.16479e+05  4.96950e+46  4.16479e+05  4.97254e+46  4.16479e+05  4.98096e+46  4.02620e+05  3.76922e+46  1.05705e-09
 6.12535e+01  4.16479e+05  5.30114e+46  4.16479e+05  5.30420e+46  4.16479e+05  5.31267e+46  4.02620e+05  3.99468e+46  1.05705e-09
 6.32555e+01  4.16479e+05  5.65482e+46  4.16479e+05  5.65791e+46  4.16479e+05  5.66643e+46  4.02620e+05  4.23669e+46  1.05705e-09
 6.53228e+01  4.16479e+05  6.03201e+46  4.16479e+05  6.03512e+46  4.16479e+05  6.04370e+46  4.02620e+05  4.49626e+46  1.05705e-09
 6.74577e+01  4.16479e+05  6.43427e+46  4.16479e+05  6.43741e+46  4.16479e+05  6.44603e+46  4.02620e+05  4.77445e+46  1.05705e-09
 6.96624e+01  4.16479e+05  6.86327e+46  4.16479e+05  6.86642e+46  4.16479e+05  6.87509e+46  4.02620e+05  5.07242e+46  1.05705e-09
 7.19392e+01  4.16479e+05  7.32078e+46  4.16479e+05  7.32395e+46  4.16479e+05  7.33265e+46  4.02620e+05  5.39140e+46  1.05705e-09
 7.42903e+01  4.16479e+05  7.80869e+46  4.16479e+05  7.81188e+46  4.16479e+05  7.82062e+46  4.02620e+05  5.73272e+46  1.05705e-09
 7.67183e+01  4.16479e+05  8.32903e+46  4.16479e+05  8.33223e+46  4.16479e+05  8.34101e+46  4.02620e+05  6.09778e+46  1.05705e-09
 7.92257e+01  4.16479e+05  8.88394e+46  4.16479e+05  8.88716e+46  4.02620e+05  8.66330e+46  4.02620e+05  6.48809e+46  1.05705e-09
 8.18150e+01  4.16479e+05  9.47572e+46  4.16479e+05  9.47896e+46  4.02620e+05  8.94446e+46  4.02620e+05  6.90528e+46  1.05705e-09
 8.44889e+01  4.16479e+05  1.01068e+47  4.16479e+05  1.01101e+47  4.02620e+05  9.26268e+46  4.02620e+05  7.35106e+46  1.05705e-09
 8.72502e+01  4.16479e+05  1.07799e+47  4.16479e+05  1.07831e+47  4.02620e+05  9.61930e+46  4.02620e+05  7.82728e+46  1.05705e-09
 9.01018e+01  4.16479e+05  1.14976e+47  4.16479e+05  1.15009e+47  4.02620e+05  1.00158e+47  4.02620e+05  8.33592e+46  1.05705e-09
 9.30466e+01  4.16479e+05  1.22631e+47  4.16479e+05  1.22664e+47  4.02620e+05  1.04538e+47  4.02620e+05  8.87907e+46  1.05705e-09
 9.60876e+01  4.16479e+05  1.30794e+47  4.16479e+05  1.30827e+47  4.02620e+05  1.09351e+47  4.02620e+05  9.45899e+46  1.05705e-09
 9.92280e+01  4.16479e+05  1.39499e+47  4.16479e+05  1.39532e+47  4.02620e+05  1.14617e+47  4.02620e+05  1.00781e+47  1.05705e-09
 1.02471e+02  4.16479e+05  1.48783e+47  4.02620e+05  1.47680e+47  4.02620e+05  1.20358e+47  4.02620e+05  1.07389e+47  1.05705e-09
 1.05820e+02  4.16479e+05  1.58684e+47  4.02620e+05  1.52212e+47  4.02620e+05  1.26597e+47  4.02620e+05  1.14442e+47  1.05705e-09
 1.09278e+02  4.16479e+05  1.69242e+47  4.02620e+05  1.57375e+47  4.02620e+05  1.33361e+47  4.02620e+05  1.21968e+47  1.05705e-09
 1.12850e+02  4.02620e+05  1.74457e+47  4.02620e+05  1.63189e+47  4.02620e+05  1.40678e+47  4.02620e+05  1.30000e+47  1.05705e-09
 1.16538e+02  4.02620e+05  1.80245e+47  4.02620e+05  1.69681e+47  4.02620e+05  1.48577e+47  4.02620e+05  1.38569e+47  1.05705e-09
 1.20347e+02  4.02620e+05  1.86779e+47  4.02620e+05  1.76875e+47  4.02620e+05  1.57092e+47  4.02620e+05  1.47713e+47  1.05705e-09
 1.24280e+02  4.02620e+05  1.94087e+47  4.02620e+05  1.84802e+47  4.02620e+05  1.66257e+47  4.02620e+05  1.57468e+47  1.05705e-09
 1.28342e+02  4.02620e+05  2.02199e+47  4.02620e+05  1.93495e+47  4.02620e+05  1.76111e+47  4.02620e+05  1.67874e+47  1.05705e-09
 1.32537e+02  4.02620e+05  2.11149e+47  4.02620e+05  2.02990e+47  4.02620e+05  1.86695e+47  4.02620e+05  1.78976e+47  1.05705e-09
 1.36868e+02  4.02620e+05  2.20974e+47  4.02620e+05  2.13325e+47  4.02620e+05  1.98051e+47  4.02620e+05  1.90819e+47  1.05705e-09
 1.41341e+02  4.02620e+05  2.31715e+47  4.02620e+05  2.24545e+47  4.02620e+05  2.10228e+47  4.02620e+05  2.03451e+47  1.05705e-09
 1.45961e+02  4.02620e+05  2.43416e+47  4.02620e+05  2.36694e+47  4.02620e+05  2.23275e+47  4.02620e+05  2.16926e+47  1.05705e-09
 1.50731e+02  4.02620e+05  2.56125e+47  4.02620e+05  2.49824e+47  4.02620e+05  2.37247e+47  4.02620e+05  2.31298e+47  1.05705e-09
 1.55658e+02  4.02620e+05  2.69895e+47  4.02620e+05  2.63989e+47  4.02620e+05  2.52201e+47  4.02620e+05  2.46628e+47  1.05705e-09
 1.60745e+02  4.02620e+05  2.84783e+47  4.02620e+05  2.79247e+47  4.02620e+05  2.68200e+47  4.02620e+05  2.62979e+47  1.05705e-09
 1.65998e+02  4.02620e+05  3.00851e+47  4.02620e+05  2.95662e+47  4.02620e+05  2.85308e+47  4.02620e+05  2.80418e+47  1.05705e-09
 1.71424e+02  4.02620e+05  3.18165e+47  4.02620e+05  3.13302e+47  4.02620e+05  3.03599e+47  4.02620e+05  2.99018e+47  1.05705e-09
 1.77026e+02  4.02620e+05  3.36797e+47  4.02620e+05  3.32239e+47  4.02620e+05  3.23146e+47  4.02620e+05  3.18856e+47  1.05705e-09
 1.82812e+02  4.02620e+05  3.56824e+47  4.02620e+05  3.52552e+47  4.02620e+05  3.44031e+47  4.02620e+05  3.40014e+47  1.05705e-09
 1.88787e+02  4.02620e+05  3.78328e+47  4.02620e+05  3.74324e+47  4.02620e+05  3.66340e+47  4.02620e+05  3.62578e+47  1.05705e-09
 1.94957e+02  4.02620e+05  4.01400e+47  4.02620e+05  3.97647e+47  4.02620e+05  3.90166e+47  4.02620e+05  3.86644e+47  1.05705e-09
 2.01328e+02  4.02620e+05  4.26133e+47  4.02620e+05  4.22616e+47  4.02620e+05  4.15607e+47  4.02620e+05  4.12310e+47  1.05705e-09
 2.07908e+02  4.02620e+05  4.52631e+47  4.02620e+05  4.49336e+47  4.02620e+05  4.42769e+47  4.02620e+05  4.39682e+47  1.05705e-09
 2.14703e+02  4.02620e+05  4.81003e+47  4.02620e+05  4.77916e+47  4.02620e+05  4.71764e+47  4.02620e+05  4.68874e+47  1.05705e-09
 2.21720e+02  4.02620e+05  5.11367e+47  4.02620e+05  5.08474e+47  4.02620e+05  5.02711e+47  4.02620e+05  5.00007e+47  1.05705e-09
 2.28967e+02  4.02620e+05  5.43849e+47  4.02620e+05  5.41138e+47  4.02620e+05  5.35740e+47  4.02620e+05  5.33209e+47  1.05705e-09
 2.36450e+02  4.02620e+05  5.78582e+47  4.02620e+05  5.76042e+47  4.02620e+05  5.70986e+47  4.02620e+05  5.68619e+47  1.05705e-09
 2.44178e+02  4.02620e+05  6.15711e+47  4.02620e+05  6.13331e+47  4.02620e+05  6.08596e+47  4.02620e+05  6.06381e+47  1.05705e-09
 2.52158e+02  4.02620e+05  6.55388e+47  4.02620e+05  6.53159e+47  4.02620e+05  6.48725e+47  4.02620e+05  6.46653e+47  1.05705e-09
 2.60399e+02  4.02620e+05  6.97780e+47  4.02620e+05  6.95692e+47  4.02620e+05  6.91539e+47  4.02620e+05  6.89602e+47  1.05705e-09
 2.68910e+02  4.02620e+05  7.43060e+47  4.02620e+05  7.41104e+47  4.02620e+05  7.37216e+47  4.02620e+05  7.35404e+47  1.05705e-09
 2.77699e+02  4.02620e+05  7.91416e+47  4.02620e+05  7.89584e+47  4.02620e+05  7.85944e+47  4.02620e+05  7.84251e+47  1.05705e-09
 2.86774e+02  4.02620e+05  8.43048e+47  4.02620e+05  8.41333e+47  4.02620e+05  8.37925e+47  4.02620e+05  8.36343e+47  1.05705e-09
 2.96147e+02  4.02620e+05  8.98171e+47  4.02620e+05  8.96564e+47  4.02620e+05  8.93375e+47  4.02620e+05  8.91896e+47  1.05705e-09
 3.05826e+02  4.02620e+05  9.57012e+47  4.02620e+05  9.55507e+47  4.02620e+05  9.52522e+47  4.02620e+05  9.51141e+47  1.05705e-09
 3.15821e+02  4.02620e+05  1.01981e+48  4.02620e+05  1.01841e+48  4.02620e+05  1.01561e+48  4.02620e+05  1.01432e+48  1.05705e-09
 3.26143e+02  4.02620e+05  1.08684e+48  4.02620e+05  1.08552e+48  4.02620e+05  1.08291e+48  4.02620e+05  1.08170e+48  1.05705e-09
 3.36802e+02  4.02620e+05  1.15836e+48  4.02620e+05  1.15713e+48  4.02620e+05  1.15468e+48  4.02620e+05  1.15356e+48  1.05705e-09
 3.47810e+02  4.02620e+05  1.23468e+48  4.02620e+05  1.23352e+48  4.02620e+05  1.23124e+48  4.02620e+05  1.23019e+48  1.05705e-09
 3.59177e+02  4.02620e+05  1.31611e+48  4.02620e+05  1.31503e+48  4.02620e+05  1.31289e+48  4.02620e+05  1.31191e+48  1.05705e-09
 3.70916e+02  4.02620e+05  1.40298e+48  4.02620e+05  1.40197e+48  4.02620e+05  1.39997e+48  4.02620e+05  1.39906e+48  1.05705e-09
 3.83038e+02  4.02620e+05  1.49567e+48  4.02620e+05  1.49472e+48  4.02620e+05  1.49285e+48  4.02620e+05  1.49200e+48  1.05705e-09
 3.95557e+02  4.02620e+05  1.59454e+48  4.02620e+05  1.59365e+48  4.02620e+05  1.59191e+48  4.02620e+05  1.59112e+48  1.05705e-09
 4.08485e+02  4.02620e+05  1.70001e+48  4.02620e+05  1.69919e+48  4.02620e+05  1.69755e+48  4.02620e+05  1.69682e+48  1.05705e-09
 4.21835e+02  4.02620e+05  1.81252e+48  4.02620e+05  1.81175e+48  4.02620e+05  1.81023e+48  4.02620e+05  1.80954e+48  1.05705e-09
 4.35622e+02  4.02620e+05  1.93254e+48  4.02620e+05  1.93181e+48  4.02620e+05  1.93039e+48  3.89223e+05  1.91056e+48  1.05705e-09
 4.49859e+02  4.02620e+05  2.06055e+48  4.02620e+05  2.05987e+48  4.02620e+05  2.05854e+48  3.89223e+05  1.96784e+48  1.05705e-09
 4.64562e+02  4.02620e+05  2.19709e+48  4.02620e+05  2.19646e+48  4.02620e+05  2.19522e+48  3.89223e+05  2.03326e+48  1.05705e-09
 4.79745e+02  4.02620e+05  2.34272e+48  4.02620e+05  2.34213e+48  4.02620e+05  2.34097e+48  3.89223e+05  2.10709e+48  1.05705e-09
 4.95424e+02  4.02620e+05  2.49805e+48  4.02620e+05  2.49750e+48  4.02620e+05  2.49642e+48  3.89223e+05  2.18965e+48  1.05705e-09
 5.11616e+02  4.02620e+05  2.66372e+48  4.02620e+05  2.66321e+48  4.02620e+05  2.66220e+48  3.89223e+05  2.28127e+48  1.05705e-09
 5.28337e+02  4.02620e+05  2.84042e+48  4.02620e+05  2.83994e+48  4.02620e+05  2.83900e+48  3.89223e+05  2.38233e+48  1.05705e-09
 5.45604e+02  4.02620e+05  3.02887e+48  4.02620e+05  3.02842e+48  4.02620e+05  3.02754e+48  3.89223e+05  2.49325e+48  1.05705e-09
 5.63436e+02  4.02620e+05  3.22985e+48  4.02620e+05  3.22943e+48  4.02620e+05  3.22862e+48  3.89223e+05  2.61449e+48  1.05705e-09
 5.81850e+02  4.02620e+05  3.44421e+48  4.02620e+05  3.44382e+48  4.02620e+05  3.44306e+48  3.89223e+05  2.74654e+48  1.05705e-09
 6.00867e+02  4.02620e+05  3.67281e+48  4.02620e+05  3.67245e+48  4.02620e+05  3.67175e+48  3.89223e+05  2.88997e+48  1.05705e-09
 6.20505e+02  4.02620e+05  3.91662e+48  4.02620e+05  3.91628e+48  4.02620e+05  3.91563e+48  3.89223e+05  3.04535e+48  1.05705e-09
 6.40784e+02  4.02620e+05  4.17664e+48  4.02620e+05  4.17633e+48  4.02620e+05  4.17572e+48  3.89223e+05  3.21334e+48  1.05705e-09
 6.61727e+02  4.02620e+05  4.45395e+48  4.02620e+05  4.45365e+48  4.02620e+05  4.45309e+48  3.89223e+05  3.39463e+48  1.05705e-09
 6.83354e+02  4.02620e+05  4.74969e+48  4.02620e+05  4.74941e+48  4.02620e+05  4.74889e+48  3.89223e+05  3.58996e+48  1.05705e-09
 7.05688e+02  4.02620e+05  5.06508e+48  4.02620e+05  5.06483e+48  4.02620e+05  5.06434e+48  3.89223e+05  3.80016e+48  1.05705e-09
 7.28751e+02  4.02620e+05  5.40144e+48  4.02620e+05  5.40121e+48  4.02620e+05  5.40076e+48  3.89223e+05  4.02607e+48  1.05705e-09
 7.52569e+02  4.02620e+05  5.76016e+48  4.02620e+05  5.75994e+48  4.02620e+05  5.75952e+48  3.89223e+05  4.26866e+48  1.05705e-09
 7.77165e+02  4.02620e+05  6.14271e+48  4.02620e+05  6.14250e+48  4.02620e+05  6.14212e+48  3.89223e+05  4.52890e+48  1.05705e-09
 8.02565e+02  4.02620e+05  6.55068e+48  4.02620e+05  6.55049e+48  4.02620e+05  6.55014e+48  3.89223e+05  4.80789e+48  1.05705e-09
 8.28794e+02  4.02620e+05  6.98577e+48  4.02620e+05  6.98559e+48  4.02620e+05  6.98527e+48  3.89223e+05  5.10678e+48  1.05705e-09
 8.55882e+02  4.02620e+05  7.44977e+48  4.02620e+05  7.44960e+48  4.02620e+05  7.44931e+48  3.89223e+05  5.42680e+48  1.05705e-09
 8.83854e+02  4.02620e+05  7.94460e+48  4.02620e+05  7.94445e+48  4.02620e+05  7.94417e+48  3.89223e+05  5.76928e+48  1.05705e-09
 9.12741e+02  4.02620e+05  8.47230e+48  4.02620e+05  8.47217e+48  4.02620e+05  8.47191e+48  3.89223e+05  6.13564e+48  1.05705e-09
 9.42571e+02  4.02620e+05  9.03508e+48  4.02620e+05  9.03495e+48  3.89223e+05  8.82016e+48  3.89223e+05  6.52739e+48  1.05705e-09
 9.73377e+02  4.02620e+05  9.63524e+48  4.02620e+05  9.63512e+48  3.89223e+05  9.09609e+48  3.89223e+05  6.94615e+48  1.05705e-09
 1.00519e+03  4.02620e+05  1.02753e+49  4.02620e+05  1.02752e+49  3.89223e+05  9.40966e+48  3.89223e+05  7.39366e+48  1.05705e-09
 1.03804e+03  4.02620e+05  1.09578e+49  4.02620e+05  1.09577e+49  3.89223e+05  9.76218e+48  3.89223e+05  7.87177e+48  1.05705e-09
 1.07197e+03  4.02620e+05  1.16858e+49  4.02620e+05  1.16857e+49  3.89223e+05  1.01551e+49  3.89223e+05  8.38245e+48  1.05705e-09
 1.10700e+03  4.02620e+05  1.24620e+49  4.02620e+05  1.24620e+49  3.89223e+05  1.05900e+49  3.89223e+05  8.92783e+48  1.05705e-09
 1.14318e+03  4.02620e+05  1.32899e+49  4.02620e+05  1.32898e+49  3.89223e+05  1.10688e+49  3.89223e+05  9.51015e+48  1.05705e-09
 1.18054e+03  4.02620e+05  1.41727e+49  4.02620e+05  1.41727e+49  3.89223e+05  1.15934e+49  3.89223e+05  1.01318e+49  1.05705e-09
 1.21913e+03  4.02620e+05  1.51142e+49  3.89223e+05  1.50447e+49  3.89223e+05  1.21659e+49  3.89223e+05  1.07954e+49  1.05705e-09
 1.25897e+03  4.02620e+05  1.61183e+49  3.89223e+05  1.54882e+49  3.89223e+05  1.27889e+49  3.89223e+05  1.15037e+49  1.05705e-09
 1.30012e+03  4.02620e+05  1.71891e+49  3.89223e+05  1.59959e+49  3.89223e+05  1.34647e+49  3.89223e+05  1.22596e+49  1.05705e-09
 1.34261e+03  3.89223e+05  1.77566e+49  3.89223e+05  1.65698e+49  3.89223e+05  1.41962e+49  3.89223e+05  1.30663e+49  1.05705e-09
 1.38649e+03  3.89223e+05  1.83251e+49  3.89223e+05  1.72122e+49  3.89223e+05  1.49866e+49  3.89223e+05  1.39270e+49  1.05705e-09
 1.43180e+03  3.89223e+05  1.89695e+49  3.89223e+05  1.79259e+49  3.89223e+05  1.58389e+49  3.89223e+05  1.48453e+49  1.05705e-09
 1.47860e+03  3.89223e+05  1.96923e+49  3.89223e+05  1.87138e+49  3.89223e+05  1.67568e+49  3.89223e+05  1.58251e+49  1.05705e-09
 1.52692e+03  3.89223e+05  2.04967e+49  3.89223e+05  1.95791e+49  3.89223e+05  1.77440e+49  3.89223e+05  1.68704e+49  1.05705e-09
 1.57683e+03  3.89223e+05  2.13858e+49  3.89223e+05  2.05254e+49  3.89223e+05  1.88046e+49  3.89223e+05  1.79854e+49  1.05705e-09
 1.62836e+03  3.89223e+05  2.23635e+49  3.89223e+05  2.15567e+49  3.89223e+05  1.99431e+49  3.89223e+05  1.91750e+49  1.05705e-09
 1.68158e+03  3.89223e+05  2.34338e+49  3.89223e+05  2.26772e+49  3.89223e+05  2.11641e+49  3.89223e+05  2.04438e+49  1.05705e-09
 1.73654e+03  3.89223e+05  2.46010e+49  3.89223e+05  2.38915e+49  3.89223e+05  2.24728e+49  3.89223e+05  2.17973e+49  1.05705e-09
 1.79329e+03  3.89223e+05  2.58700e+49  3.89223e+05  2.52048e+49  3.89223e+05  2.38744e+49  3.89223e+05  2.32410e+49  1.05705e-09
 1.85190e+03  3.89223e+05  2.72461e+49  3.89223e+05  2.66223e+49  3.89223e+05  2.53748e+49  3.89223e+05  2.47809e+49  1.05705e-09
 1.91243e+03  3.89223e+05  2.87349e+49  3.89223e+05  2.81500e+49  3.89223e+05  2.69802e+49  3.89223e+05  2.64233e+49  1.05705e-09
 1.97493e+03  3.89223e+05  3.03427e+49  3.89223e+05  2.97942e+49  3.89223e+05  2.86973e+49  3.89223e+05  2.81751e+49  1.05705e-09
 2.03948e+03  3.89223e+05  3.20760e+49  3.89223e+05  3.15617e+49  3.89223e+05  3.05331e+49  3.89223e+05  3.00435e+49  1.05705e-09
 2.10613e+03  3.89223e+05  3.39421e+49  3.89223e+05  3.34598e+49  3.89223e+05  3.24953e+49  3.89223e+05  3.20362e+49  1.05705e-09
 2.17497e+03  3.89223e+05  3.59487e+49  3.89223e+05  3.54964e+49  3.89223e+05  3.45920e+49  3.89223e+05  3.41615e+49  1.05705e-09
 2.24605e+03  3.89223e+05  3.81040e+49  3.89223e+05  3.76799e+49  3.89223e+05  3.68319e+49  3.89223e+05  3.64281e+49  1.05705e-09
 2.31946e+03  3.89223e+05  4.04170e+49  3.89223e+05  4.00194e+49  3.89223e+05  3.92241e+49  3.89223e+05  3.88456e+49  1.05705e-09
 2.39526e+03  3.89223e+05  4.28973e+49  3.89223e+05  4.25244e+49  3.89223e+05  4.17787e+49  3.89223e+05  4.14238e+49  1.05705e-09
 2.47355e+03  3.89223e+05  4.55551e+49  3.89223e+05  4.52055e+49  3.89223e+05  4.45062e+49  3.89223e+05  4.41734e+49  1.05705e-09
 2.55439e+03  3.89223e+05  4.84014e+49  3.89223e+05  4.80736e+49  3.89223e+05  4.74179e+49  3.89223e+05  4.71058e+49  1.05705e-09
 2.63787e+03  3.89223e+05  5.14481e+49  3.89223e+05  5.11407e+49  3.89223e+05  5.05259e+49  3.89223e+05  5.02332e+49  1.05705e-09
 2.72409e+03  3.89223e+05  5.47077e+49  3.89223e+05  5.44194e+49  3.89223e+05  5.38429e+49  3.89223e+05  5.35685e+49  1.05705e-09
 2.81312e+03  3.89223e+05  5.81936e+49  3.89223e+05  5.79233e+49  3.89223e+05  5.73827e+49  3.89223e+05  5.71254e+49  1.05705e-09
 2.90506e+03  3.89223e+05  6.19204e+49  3.89223e+05  6.16670e+49  3.89223e+05  6.11601e+49  3.89223e+05  6.09188e+49  1.05705e-09
 3.00000e+03  3.89223e+05  6.59035e+49  3.89223e+05  6.56658e+49  3.89223e+05  6.51905e+49  3.89223e+05  6.49642e+49  1.05705e-09
