radius_rg T_0deg chi2_0deg T_15deg chi2_15deg T_30deg chi2_30deg T_45deg chi2_45deg nuLnusavg_last
 2.00000e-01  8.19480e+05  3.58085e+43  7.92211e+05  2.82146e+43  7.40366e+05  1.15276e+43  6.46632e+05  2.17491e+42  1.30646e-04
 2.06537e-01  8.19480e+05  3.50679e+43  7.92211e+05  2.71010e+43  7.15730e+05  1.06181e+43  6.25115e+05  2.03409e+42  1.30646e-04
 2.13287e-01  7.92211e+05  3.30103e+43  7.65850e+05  2.65988e+43  7.15730e+05  1.00413e+43  6.25115e+05  1.85269e+42  1.30646e-04
 2.20257e-01  7.92211e+05  3.15192e+43  7.65850e+05  2.47933e+43  7.15730e+05  9.88242e+42  6.25115e+05  1.83447e+42  1.30646e-04
 2.27456e-01  7.92211e+05  3.08943e+43  7.65850e+05  2.37275e+43  6.91914e+05  9.33721e+42  6.25115e+05  1.97936e+42  1.30646e-04
 2.34890e-01  7.65850e+05  2.90442e+43  7.65850e+05  2.33971e+43  6.91914e+05  8.67074e+42  6.04314e+05  1.84253e+42  1.30646e-04
 2.42567e-01  7.65850e+05  2.76123e+43  7.40366e+05  2.17505e+43  6.91914e+05  8.41650e+42  6.04314e+05  1.70332e+42  1.30646e-04
 2.50494e-01  7.65850e+05  2.70304e+43  7.40366e+05  2.06688e+43  6.68890e+05  8.36182e+42  6.04314e+05  1.72667e+42  1.30646e-04
 2.58681e-01  7.40366e+05  2.55329e+43  7.40366e+05  2.03097e+43  6.68890e+05  7.56476e+42  6.04314e+05  1.91268e+42  1.30646e-04
 2.67136e-01  7.40366e+05  2.40860e+43  7.15730e+05  1.91069e+43  6.68890e+05  7.17535e+42  5.84205e+05  1.89366e+42  1.30646e-04
 2.75866e-01  7.40366e+05  2.34745e+43  7.15730e+05  1.79447e+43  6.68890e+05  7.19199e+42  5.84205e+05  1.76809e+42  1.30646e-04
 2.84882e-01  7.15730e+05  2.25005e+43  7.15730e+05  1.74940e+43  6.46632e+05  6.79740e+42  5.84205e+05  1.80536e+42  1.30646e-04
 2.94193e-01  7.15730e+05  2.09637e+43  6.91914e+05  1.69100e+43  6.46632e+05  6.22997e+42  5.84205e+05  2.00561e+42  1.30646e-04
 3.03808e-01  7.15730e+05  2.02494e+43  6.91914e+05  1.56012e+43  6.46632e+05  6.06467e+42  5.64766e+05  2.29334e+42  1.30646e-04
 3.13737e-01  6.91914e+05  2.00022e+43  6.91914e+05  1.49940e+43  6.46632e+05  6.30082e+42  5.64766e+05  2.14540e+42  1.30646e-04
 3.23991e-01  6.91914e+05  1.82986e+43  6.91914e+05  1.50860e+43  6.25115e+05  5.68919e+42  5.64766e+05  2.16186e+42  1.30646e-04
 3.34580e-01  6.91914e+05  1.74064e+43  6.68890e+05  1.37168e+43  6.25115e+05  5.29562e+42  5.64766e+05  2.34279e+42  1.30646e-04
 3.45515e-01  6.91914e+05  1.73219e+43  6.68890e+05  1.28856e+43  6.25115e+05  5.30031e+42  5.64766e+05  2.68892e+42  1.30646e-04
 3.56807e-01  6.68890e+05  1.61825e+43  6.68890e+05  1.27449e+43  6.25115e+05  5.70329e+42  5.45973e+05  3.07292e+42  1.30646e-04
 3.68468e-01  6.68890e+05  1.50338e+43  6.46632e+05  1.24156e+43  6.04314e+05  5.04722e+42  5.45973e+05  3.01835e+42  1.30646e-04
 3.80511e-01  6.68890e+05  1.46831e+43  6.46632e+05  1.12877e+43  6.04314e+05  4.76808e+42  5.45973e+05  3.13179e+42  1.30646e-04
 3.92947e-01  6.46632e+05  1.47600e+43  6.46632e+05  1.08437e+43  6.04314e+05  4.88503e+42  5.45973e+05  3.41370e+42  1.30646e-04
 4.05790e-01  6.46632e+05  1.32703e+43  6.46632e+05  1.10817e+43  6.04314e+05  5.39855e+42  5.45973e+05  3.86526e+42  1.30646e-04
 4.19052e-01  6.46632e+05  1.25713e+43  6.25115e+05  1.03830e+43  5.84205e+05  4.95843e+42  5.45973e+05  4.48833e+42  1.30646e-04
 4.32748e-01  6.46632e+05  1.26600e+43  6.25115e+05  9.55712e+42  5.84205e+05  4.72625e+42  5.27805e+05  4.92028e+42  1.30646e-04
 4.46891e-01  6.25115e+05  1.23292e+43  6.25115e+05  9.40792e+42  5.84205e+05  4.88999e+42  5.27805e+05  5.05712e+42  1.30646e-04
 4.61496e-01  6.25115e+05  1.11904e+43  6.25115e+05  9.93478e+42  5.84205e+05  5.45031e+42  5.27805e+05  5.37041e+42  1.30646e-04
 4.76579e-01  6.25115e+05  1.08336e+43  6.04314e+05  9.15877e+42  5.64766e+05  5.66006e+42  5.27805e+05  5.86143e+42  1.30646e-04
 4.92155e-01  6.25115e+05  1.12574e+43  6.04314e+05  8.53368e+42  5.64766e+05  5.39040e+42  5.27805e+05  6.53223e+42  1.30646e-04
 5.08240e-01  6.04314e+05  1.08599e+43  6.04314e+05  8.58104e+42  5.64766e+05  5.51940e+42  5.27805e+05  7.38557e+42  1.30646e-04
 5.24851e-01  6.04314e+05  9.95431e+42  6.04314e+05  9.30106e+42  5.64766e+05  6.04759e+42  5.27805e+05  8.42500e+42  1.30646e-04
 5.42004e-01  6.04314e+05  9.82559e+42  5.84205e+05  8.88865e+42  5.64766e+05  6.97715e+42  5.10242e+05  9.44616e+42  1.30646e-04
 5.59718e-01  6.04314e+05  1.04732e+43  5.84205e+05  8.34969e+42  5.45973e+05  7.30684e+42  5.10242e+05  9.83017e+42  1.30646e-04
 5.78011e-01  5.84205e+05  1.05243e+43  5.84205e+05  8.48242e+42  5.45973e+05  7.28385e+42  5.10242e+05  1.04104e+43  1.30646e-04
 5.96902e-01  5.84205e+05  9.71844e+42  5.84205e+05  9.28740e+42  5.45973e+05  7.66736e+42  5.10242e+05  1.11892e+43  1.30646e-04
 6.16411e-01  5.84205e+05  9.68846e+42  5.64766e+05  9.97537e+42  5.45973e+05  8.45894e+42  5.10242e+05  1.21698e+43  1.30646e-04
 6.36557e-01  5.84205e+05  1.04343e+43  5.64766e+05  9.37913e+42  5.45973e+05  9.66189e+42  5.10242e+05  1.33563e+43  1.30646e-04
 6.57361e-01  5.64766e+05  1.17956e+43  5.64766e+05  9.45884e+42  5.45973e+05  1.12812e+43  5.10242e+05  1.47536e+43  1.30646e-04
 6.78845e-01  5.64766e+05  1.09223e+43  5.64766e+05  1.02148e+43  5.27805e+05  1.15893e+43  5.10242e+05  1.63675e+43  1.30646e-04
 7.01032e-01  5.64766e+05  1.08300e+43  5.64766e+05  1.16502e+43  5.27805e+05  1.20537e+43  5.10242e+05  1.82046e+43  1.30646e-04
 7.23943e-01  5.64766e+05  1.15181e+43  5.45973e+05  1.25550e+43  5.27805e+05  1.29444e+43  5.10242e+05  2.02726e+43  1.30646e-04
 7.47603e-01  5.64766e+05  1.29897e+43  5.45973e+05  1.23823e+43  5.27805e+05  1.42650e+43  4.93264e+05  2.25581e+43  1.30646e-04
 7.72037e-01  5.45973e+05  1.46605e+43  5.45973e+05  1.28981e+43  5.27805e+05  1.60210e+43  4.93264e+05  2.35597e+43  1.30646e-04
 7.97269e-01  5.45973e+05  1.42733e+43  5.45973e+05  1.41043e+43  5.27805e+05  1.82196e+43  4.93264e+05  2.48142e+43  1.30646e-04
 8.23326e-01  5.45973e+05  1.46808e+43  5.45973e+05  1.60060e+43  5.27805e+05  2.08700e+43  4.93264e+05  2.63270e+43  1.30646e-04
 8.50234e-01  5.45973e+05  1.58848e+43  5.45973e+05  1.86111e+43  5.10242e+05  2.24221e+43  4.93264e+05  2.81043e+43  1.30646e-04
 8.78022e-01  5.45973e+05  1.78903e+43  5.27805e+05  1.95323e+43  5.10242e+05  2.35138e+43  4.93264e+05  3.01534e+43  1.30646e-04
 9.06718e-01  5.45973e+05  2.07054e+43  5.27805e+05  2.01867e+43  5.10242e+05  2.50790e+43  4.93264e+05  3.24827e+43  1.30646e-04
 9.36352e-01  5.27805e+05  2.24966e+43  5.27805e+05  2.15618e+43  5.10242e+05  2.71245e+43  4.93264e+05  3.51021e+43  1.30646e-04
 9.66955e-01  5.27805e+05  2.30561e+43  5.27805e+05  2.36632e+43  5.10242e+05  2.96585e+43  4.93264e+05  3.80222e+43  1.30646e-04
 9.98557e-01  5.27805e+05  2.44467e+43  5.27805e+05  2.64997e+43  5.10242e+05  3.26916e+43  4.93264e+05  4.12552e+43  1.30646e-04
 1.03119e+00  5.27805e+05  2.66743e+43  5.27805e+05  3.00830e+43  5.10242e+05  3.62364e+43  4.93264e+05  4.48144e+43  1.30646e-04
 1.06489e+00  5.27805e+05  2.97479e+43  5.27805e+05  3.44280e+43  5.10242e+05  4.03075e+43  4.93264e+05  4.87146e+43  1.30646e-04
 1.09970e+00  5.27805e+05  3.36803e+43  5.10242e+05  3.76187e+43  5.10242e+05  4.49217e+43  4.93264e+05  5.29719e+43  1.30646e-04
 1.13564e+00  5.27805e+05  3.84878e+43  5.10242e+05  3.93246e+43  5.10242e+05  5.00982e+43  4.93264e+05  5.76040e+43  1.30646e-04
 1.17276e+00  5.10242e+05  4.31068e+43  5.10242e+05  4.18303e+43  4.93264e+05  5.44643e+43  4.93264e+05  6.26299e+43  1.30646e-04
 1.21108e+00  5.10242e+05  4.48596e+43  5.10242e+05  4.51463e+43  4.93264e+05  5.70895e+43  4.93264e+05  6.80706e+43  1.30646e-04
 1.25067e+00  5.10242e+05  4.75337e+43  5.10242e+05  4.92862e+43  4.93264e+05  6.03273e+43  4.76850e+05  7.39083e+43  1.30646e-04
 1.29154e+00  5.10242e+05  5.11402e+43  5.10242e+05  5.42673e+43  4.93264e+05  6.41911e+43  4.76850e+05  7.68952e+43  1.30646e-04
 1.33375e+00  5.10242e+05  5.56942e+43  5.10242e+05  6.01101e+43  4.93264e+05  6.86970e+43  4.76850e+05  8.03558e+43  1.30646e-04
 1.37734e+00  5.10242e+05  6.12142e+43  5.10242e+05  6.68388e+43  4.93264e+05  7.38634e+43  4.76850e+05  8.43044e+43  1.30646e-04
 1.42236e+00  5.10242e+05  6.77234e+43  5.10242e+05  7.44812e+43  4.93264e+05  7.97119e+43  4.76850e+05  8.87575e+43  1.30646e-04
 1.46884e+00  5.10242e+05  7.52485e+43  5.10242e+05  8.30690e+43  4.93264e+05  8.62667e+43  4.76850e+05  9.37334e+43  1.30646e-04
 1.51685e+00  5.10242e+05  8.38207e+43  4.93264e+05  9.15407e+43  4.93264e+05  9.35548e+43  4.76850e+05  9.92527e+43  1.30646e-04
 1.56642e+00  5.10242e+05  9.34755e+43  4.93264e+05  9.57922e+43  4.93264e+05  1.01606e+44  4.76850e+05  1.05338e+44  1.30646e-04
 1.61762e+00  5.10242e+05  1.04253e+44  4.93264e+05  1.01077e+44  4.93264e+05  1.10455e+44  4.76850e+05  1.12015e+44  1.30646e-04
 1.67049e+00  4.93264e+05  1.09344e+44  4.93264e+05  1.07418e+44  4.93264e+05  1.20137e+44  4.76850e+05  1.19312e+44  1.30646e-04
 1.72508e+00  4.93264e+05  1.15163e+44  4.93264e+05  1.14840e+44  4.93264e+05  1.30692e+44  4.76850e+05  1.27257e+44  1.30646e-04
 1.78146e+00  4.93264e+05  1.22193e+44  4.93264e+05  1.23375e+44  4.93264e+05  1.42165e+44  4.76850e+05  1.35885e+44  1.30646e-04
 1.83968e+00  4.93264e+05  1.30466e+44  4.93264e+05  1.33057e+44  4.93264e+05  1.54602e+44  4.76850e+05  1.45230e+44  1.30646e-04
 1.89981e+00  4.93264e+05  1.40014e+44  4.93264e+05  1.43927e+44  4.93264e+05  1.68056e+44  4.76850e+05  1.55332e+44  1.30646e-04
 1.96190e+00  4.93264e+05  1.50877e+44  4.93264e+05  1.56030e+44  4.76850e+05  1.80351e+44  4.76850e+05  1.66232e+44  1.30646e-04
 2.02602e+00  4.93264e+05  1.63100e+44  4.93264e+05  1.69416e+44  4.76850e+05  1.87891e+44  4.76850e+05  1.77976e+44  1.30646e-04
 2.09224e+00  4.93264e+05  1.76733e+44  4.93264e+05  1.84140e+44  4.76850e+05  1.96585e+44  4.76850e+05  1.90612e+44  1.30646e-04
 2.16062e+00  4.93264e+05  1.91834e+44  4.93264e+05  2.00263e+44  4.76850e+05  2.06469e+44  4.76850e+05  2.04192e+44  1.30646e-04
 2.23123e+00  4.93264e+05  2.08465e+44  4.93264e+05  2.17852e+44  4.76850e+05  2.17584e+44  4.76850e+05  2.18773e+44  1.30646e-04
 2.30415e+00  4.93264e+05  2.26694e+44  4.93264e+05  2.36980e+44  4.76850e+05  2.29975e+44  4.76850e+05  2.34415e+44  1.30646e-04
 2.37946e+00  4.93264e+05  2.46597e+44  4.93264e+05  2.57725e+44  4.76850e+05  2.43695e+44  4.76850e+05  2.51182e+44  1.30646e-04
 2.45723e+00  4.93264e+05  2.68256e+44  4.93264e+05  2.80175e+44  4.76850e+05  2.58800e+44  4.76850e+05  2.69144e+44  1.30646e-04
 2.53753e+00  4.93264e+05  2.91760e+44  4.76850e+05  3.03921e+44  4.76850e+05  2.75351e+44  4.76850e+05  2.88376e+44  1.30646e-04
 2.62047e+00  4.93264e+05  3.17208e+44  4.76850e+05  3.16283e+44  4.76850e+05  2.93419e+44  4.76850e+05  3.08957e+44  1.30646e-04
 2.70611e+00  4.93264e+05  3.44705e+44  4.76850e+05  3.30592e+44  4.76850e+05  3.13078e+44  4.76850e+05  3.30971e+44  1.30646e-04
 2.79455e+00  4.76850e+05  3.61638e+44  4.76850e+05  3.46906e+44  4.76850e+05  3.34408e+44  4.76850e+05  3.54511e+44  1.30646e-04
 2.88589e+00  4.76850e+05  3.77624e+44  4.76850e+05  3.65293e+44  4.76850e+05  3.57499e+44  4.76850e+05  3.79674e+44  1.30646e-04
 2.98021e+00  4.76850e+05  3.95907e+44  4.76850e+05  3.85828e+44  4.76850e+05  3.82446e+44  4.76850e+05  4.06563e+44  1.30646e-04
 3.07761e+00  4.76850e+05  4.16565e+44  4.76850e+05  4.08598e+44  4.76850e+05  4.09351e+44  4.76850e+05  4.35291e+44  1.30646e-04
 3.17819e+00  4.76850e+05  4.39683e+44  4.76850e+05  4.33695e+44  4.76850e+05  4.38328e+44  4.76850e+05  4.65975e+44  1.30646e-04
 3.28206e+00  4.76850e+05  4.65355e+44  4.76850e+05  4.61225e+44  4.76850e+05  4.69494e+44  4.60983e+05  4.84512e+44  1.30646e-04
 3.38933e+00  4.76850e+05  4.93690e+44  4.76850e+05  4.91300e+44  4.76850e+05  5.02980e+44  4.60983e+05  5.02716e+44  1.30646e-04
 3.50010e+00  4.76850e+05  5.24803e+44  4.76850e+05  5.24046e+44  4.76850e+05  5.38924e+44  4.60983e+05  5.23156e+44  1.30646e-04
 3.61449e+00  4.76850e+05  5.58824e+44  4.76850e+05  5.59597e+44  4.76850e+05  5.77474e+44  4.60983e+05  5.45917e+44  1.30646e-04
 3.73262e+00  4.76850e+05  5.95893e+44  4.76850e+05  5.98102e+44  4.76850e+05  6.18791e+44  4.60983e+05  5.71092e+44  1.30646e-04
 3.85462e+00  4.76850e+05  6.36164e+44  4.76850e+05  6.39719e+44  4.76850e+05  6.63045e+44  4.60983e+05  5.98787e+44  1.30646e-04
 3.98060e+00  4.76850e+05  6.79803e+44  4.76850e+05  6.84621e+44  4.76850e+05  7.10419e+44  4.60983e+05  6.29115e+44  1.30646e-04
 4.11069e+00  4.76850e+05  7.26992e+44  4.76850e+05  7.32993e+44  4.76850e+05  7.61109e+44  4.60983e+05  6.62202e+44  1.30646e-04
 4.24504e+00  4.76850e+05  7.77925e+44  4.76850e+05  7.85035e+44  4.76850e+05  8.15326e+44  4.60983e+05  6.98185e+44  1.30646e-04
 4.38378e+00  4.76850e+05  8.32812e+44  4.76850e+05  8.40964e+44  4.76850e+05  8.73293e+44  4.60983e+05  7.37213e+44  1.30646e-04
 4.52705e+00  4.76850e+05  8.91883e+44  4.76850e+05  9.01010e+44  4.76850e+05  9.35251e+44  4.60983e+05  7.79448e+44  1.30646e-04
 4.67501e+00  4.76850e+05  9.55379e+44  4.76850e+05  9.65422e+44  4.76850e+05  1.00146e+45  4.60983e+05  8.25064e+44  1.30646e-04
 4.82780e+00  4.76850e+05  1.02357e+45  4.76850e+05  1.03447e+45  4.76850e+05  1.07218e+45  4.60983e+05  8.74249e+44  1.30646e-04
 4.98558e+00  4.76850e+05  1.09672e+45  4.76850e+05  1.10843e+45  4.60983e+05  1.14471e+45  4.60983e+05  9.27209e+44  1.30646e-04
 5.14853e+00  4.76850e+05  1.17516e+45  4.76850e+05  1.18762e+45  4.60983e+05  1.18478e+45  4.60983e+05  9.84161e+44  1.30646e-04
 5.31679e+00  4.76850e+05  1.25919e+45  4.76850e+05  1.27236e+45  4.60983e+05  1.23014e+45  4.60983e+05  1.04534e+45  1.30646e-04
 5.49056e+00  4.76850e+05  1.34917e+45  4.76850e+05  1.36300e+45  4.60983e+05  1.28097e+45  4.60983e+05  1.11100e+45  1.30646e-04
 5.67001e+00  4.76850e+05  1.44546e+45  4.76850e+05  1.45992e+45  4.60983e+05  1.33747e+45  4.60983e+05  1.18142e+45  1.30646e-04
 5.85532e+00  4.76850e+05  1.54848e+45  4.76850e+05  1.56352e+45  4.60983e+05  1.39989e+45  4.60983e+05  1.25688e+45  1.30646e-04
 6.04668e+00  4.76850e+05  1.65864e+45  4.76850e+05  1.67422e+45  4.60983e+05  1.46847e+45  4.60983e+05  1.33770e+45  1.30646e-04
 6.24430e+00  4.76850e+05  1.77640e+45  4.76850e+05  1.79249e+45  4.60983e+05  1.54351e+45  4.60983e+05  1.42420e+45  1.30646e-04
 6.44838e+00  4.76850e+05  1.90224e+45  4.76850e+05  1.91882e+45  4.60983e+05  1.62531e+45  4.60983e+05  1.51676e+45  1.30646e-04
 6.65913e+00  4.76850e+05  2.03670e+45  4.60983e+05  1.99721e+45  4.60983e+05  1.71422e+45  4.60983e+05  1.61575e+45  1.30646e-04
 6.87677e+00  4.76850e+05  2.18032e+45  4.60983e+05  2.07203e+45  4.60983e+05  1.81059e+45  4.60983e+05  1.72159e+45  1.30646e-04
 7.10152e+00  4.60983e+05  2.28727e+45  4.60983e+05  2.15606e+45  4.60983e+05  1.91484e+45  4.60983e+05  1.83470e+45  1.30646e-04
 7.33362e+00  4.60983e+05  2.37121e+45  4.60983e+05  2.24965e+45  4.60983e+05  2.02738e+45  4.60983e+05  1.95556e+45  1.30646e-04
 7.57330e+00  4.60983e+05  2.46569e+45  4.60983e+05  2.35319e+45  4.60983e+05  2.14869e+45  4.60983e+05  2.08467e+45  1.30646e-04
 7.82082e+00  4.60983e+05  2.57112e+45  4.60983e+05  2.46711e+45  4.60983e+05  2.27927e+45  4.60983e+05  2.22257e+45  1.30646e-04
 8.07642e+00  4.60983e+05  2.68792e+45  4.60983e+05  2.59187e+45  4.60983e+05  2.41966e+45  4.60983e+05  2.36981e+45  1.30646e-04
 8.34038e+00  4.60983e+05  2.81658e+45  4.60983e+05  2.72800e+45  4.60983e+05  2.57044e+45  4.60983e+05  2.52702e+45  1.30646e-04
 8.61296e+00  4.60983e+05  2.95763e+45  4.60983e+05  2.87605e+45  4.60983e+05  2.73224e+45  4.60983e+05  2.69484e+45  1.30646e-04
 8.89446e+00  4.60983e+05  3.11166e+45  4.60983e+05  3.03665e+45  4.60983e+05  2.90572e+45  4.60983e+05  2.87398e+45  1.30646e-04
 9.18515e+00  4.60983e+05  3.27930e+45  4.60983e+05  3.21044e+45  4.60983e+05  3.09159e+45  4.60983e+05  3.06516e+45  1.30646e-04
 9.48535e+00  4.60983e+05  3.46124e+45  4.60983e+05  3.39816e+45  4.60983e+05  3.29064e+45  4.60983e+05  3.26918e+45  1.30646e-04
 9.79535e+00  4.60983e+05  3.65825e+45  4.60983e+05  3.60058e+45  4.60983e+05  3.50369e+45  4.60983e+05  3.48688e+45  1.30646e-04
 1.01155e+01  4.60983e+05  3.87113e+45  4.60983e+05  3.81854e+45  4.60983e+05  3.73161e+45  4.60983e+05  3.71917e+45  1.30646e-04
 1.04461e+01  4.60983e+05  4.10077e+45  4.60983e+05  4.05294e+45  4.60983e+05  3.97535e+45  4.60983e+05  3.96701e+45  1.30646e-04
 1.07875e+01  4.60983e+05  4.34812e+45  4.60983e+05  4.30475e+45  4.60983e+05  4.23592e+45  4.60983e+05  4.23142e+45  1.30646e-04
 1.11401e+01  4.60983e+05  4.61419e+45  4.60983e+05  4.57501e+45  4.60983e+05  4.51439e+45  4.60983e+05  4.51350e+45  1.30646e-04
 1.15041e+01  4.60983e+05  4.90010e+45  4.60983e+05  4.86484e+45  4.60983e+05  4.81193e+45  4.60983e+05  4.81442e+45  1.30646e-04
 1.18801e+01  4.60983e+05  5.20702e+45  4.60983e+05  5.17545e+45  4.60983e+05  5.12975e+45  4.60983e+05  5.13541e+45  1.30646e-04
 1.22684e+01  4.60983e+05  5.53623e+45  4.60983e+05  5.50810e+45  4.60983e+05  5.46918e+45  4.60983e+05  5.47781e+45  1.30646e-04
 1.26694e+01  4.60983e+05  5.88908e+45  4.60983e+05  5.86419e+45  4.60983e+05  5.83162e+45  4.60983e+05  5.84304e+45  1.30646e-04
 1.30834e+01  4.60983e+05  6.26705e+45  4.60983e+05  6.24519e+45  4.60983e+05  6.21857e+45  4.60983e+05  6.23260e+45  1.30646e-04
 1.35110e+01  4.60983e+05  6.67168e+45  4.60983e+05  6.65267e+45  4.60983e+05  6.63163e+45  4.60983e+05  6.64811e+45  1.30646e-04
 1.39526e+01  4.60983e+05  7.10466e+45  4.60983e+05  7.08831e+45  4.60983e+05  7.07251e+45  4.60983e+05  7.09129e+45  1.30646e-04
 1.44086e+01  4.60983e+05  7.56777e+45  4.60983e+05  7.55393e+45  4.60983e+05  7.54304e+45  4.60983e+05  7.56398e+45  1.30646e-04
 1.48795e+01  4.60983e+05  8.06295e+45  4.60983e+05  8.05145e+45  4.60983e+05  8.04516e+45  4.60983e+05  8.06812e+45  1.30646e-04
 1.53658e+01  4.60983e+05  8.59222e+45  4.60983e+05  8.58293e+45  4.60983e+05  8.58096e+45  4.60983e+05  8.60580e+45  1.30646e-04
 1.58680e+01  4.60983e+05  9.15779e+45  4.60983e+05  9.15056e+45  4.60983e+05  9.15264e+45  4.60983e+05  9.17926e+45  1.30646e-04
 1.63866e+01  4.60983e+05  9.76200e+45  4.60983e+05  9.75670e+45  4.60983e+05  9.76257e+45  4.60983e+05  9.79086e+45  1.30646e-04
 1.69222e+01  4.60983e+05  1.04073e+46  4.60983e+05  1.04039e+46  4.60983e+05  1.04133e+46  4.60983e+05  1.04431e+46  1.30646e-04
 1.74753e+01  4.60983e+05  1.10965e+46  4.60983e+05  1.10947e+46  4.60983e+05  1.11075e+46  4.60983e+05  1.11388e+46  1.30646e-04
 1.80464e+01  4.60983e+05  1.18323e+46  4.60983e+05  1.18321e+46  4.60983e+05  1.18480e+46  4.45643e+05  1.16580e+46  1.30646e-04
 1.86362e+01  4.60983e+05  1.26178e+46  4.60983e+05  1.26191e+46  4.60983e+05  1.26379e+46  4.45643e+05  1.20577e+46  1.30646e-04
 1.92453e+01  4.60983e+05  1.34563e+46  4.60983e+05  1.34590e+46  4.60983e+05  1.34806e+46  4.45643e+05  1.25074e+46  1.30646e-04
 1.98743e+01  4.60983e+05  1.43511e+46  4.60983e+05  1.43552e+46  4.60983e+05  1.43793e+46  4.45643e+05  1.30090e+46  1.30646e-04
 2.05238e+01  4.60983e+05  1.53062e+46  4.60983e+05  1.53114e+46  4.60983e+05  1.53380e+46  4.45643e+05  1.35646e+46  1.30646e-04
 2.11946e+01  4.60983e+05  1.63252e+46  4.60983e+05  1.63317e+46  4.60983e+05  1.63605e+46  4.45643e+05  1.41765e+46  1.30646e-04
 2.18873e+01  4.60983e+05  1.74126e+46  4.60983e+05  1.74201e+46  4.60983e+05  1.74511e+46  4.45643e+05  1.48472e+46  1.30646e-04
 2.26026e+01  4.60983e+05  1.85728e+46  4.60983e+05  1.85813e+46  4.60983e+05  1.86143e+46  4.45643e+05  1.55796e+46  1.30646e-04
 2.33413e+01  4.60983e+05  1.98106e+46  4.60983e+05  1.98201e+46  4.60983e+05  1.98549e+46  4.45643e+05  1.63765e+46  1.30646e-04
 2.41042e+01  4.60983e+05  2.11311e+46  4.60983e+05  2.11415e+46  4.60983e+05  2.11781e+46  4.45643e+05  1.72414e+46  1.30646e-04
 2.48920e+01  4.60983e+05  2.25398e+46  4.60983e+05  2.25510e+46  4.60983e+05  2.25893e+46  4.45643e+05  1.81778e+46  1.30646e-04
 2.57055e+01  4.60983e+05  2.40425e+46  4.60983e+05  2.40545e+46  4.60983e+05  2.40943e+46  4.45643e+05  1.91896e+46  1.30646e-04
 2.65456e+01  4.60983e+05  2.56454e+46  4.60983e+05  2.56582e+46  4.60983e+05  2.56994e+46  4.45643e+05  2.02810e+46  1.30646e-04
 2.74132e+01  4.60983e+05  2.73553e+46  4.60983e+05  2.73687e+46  4.60983e+05  2.74113e+46  4.45643e+05  2.14564e+46  1.30646e-04
 2.83091e+01  4.60983e+05  2.91790e+46  4.60983e+05  2.91931e+46  4.45643e+05  2.84860e+46  4.45643e+05  2.27208e+46  1.30646e-04
 2.92343e+01  4.60983e+05  3.11243e+46  4.60983e+05  3.11389e+46  4.45643e+05  2.94821e+46  4.45643e+05  2.40794e+46  1.30646e-04
 3.01898e+01  4.60983e+05  3.31990e+46  4.60983e+05  3.32143e+46  4.45643e+05  3.06006e+46  4.45643e+05  2.55378e+46  1.30646e-04
 3.11765e+01  4.60983e+05  3.54120e+46  4.60983e+05  3.54277e+46  4.45643e+05  3.18462e+46  4.45643e+05  2.71020e+46  1.30646e-04
 3.21954e+01  4.60983e+05  3.77722e+46  4.60983e+05  3.77884e+46  4.45643e+05  3.32238e+46  4.45643e+05  2.87786e+46  1.30646e-04
 3.32476e+01  4.60983e+05  4.02894e+46  4.60983e+05  4.03062e+46  4.45643e+05  3.47394e+46  4.45643e+05  3.05743e+46  1.30646e-04
 3.43343e+01  4.60983e+05  4.29742e+46  4.60983e+05  4.29913e+46  4.45643e+05  3.63991e+46  4.45643e+05  3.24968e+46  1.30646e-04
 3.54564e+01  4.60983e+05  4.58375e+46  4.60983e+05  4.58551e+46  4.45643e+05  3.82098e+46  4.45643e+05  3.45540e+46  1.30646e-04
 3.66152e+01  4.60983e+05  4.88912e+46  4.45643e+05  4.80449e+46  4.45643e+05  4.01790e+46  4.45643e+05  3.67542e+46  1.30646e-04
 3.78119e+01  4.60983e+05  5.21480e+46  4.45643e+05  4.96869e+46  4.45643e+05  4.23149e+46  4.45643e+05  3.91068e+46  1.30646e-04
 3.90477e+01  4.45643e+05  5.50633e+46  4.45643e+05  5.15351e+46  4.45643e+05  4.46263e+46  4.45643e+05  4.16213e+46  1.30646e-04
 4.03238e+01  4.45643e+05  5.69042e+46  4.45643e+05  5.35972e+46  4.45643e+05  4.71227e+46  4.45643e+05  4.43083e+46  1.30646e-04
 4.16417e+01  4.45643e+05  5.89812e+46  4.45643e+05  5.58818e+46  4.45643e+05  4.98145e+46  4.45643e+05  4.71788e+46  1.30646e-04
 4.30027e+01  4.45643e+05  6.13032e+46  4.45643e+05  5.83982e+46  4.45643e+05  5.27129e+46  4.45643e+05  5.02446e+46  1.30646e-04
 4.44081e+01  4.45643e+05  6.38795e+46  4.45643e+05  6.11570e+46  4.45643e+05  5.58298e+46  4.45643e+05  5.35186e+46  1.30646e-04
 4.58595e+01  4.45643e+05  6.67209e+46  4.45643e+05  6.41695e+46  4.45643e+05  5.91781e+46  4.45643e+05  5.70142e+46  1.30646e-04
 4.73583e+01  4.45643e+05  6.98392e+46  4.45643e+05  6.74483e+46  4.45643e+05  6.27716e+46  4.45643e+05  6.07459e+46  1.30646e-04
 4.89061e+01  4.45643e+05  7.32473e+46  4.45643e+05  7.10067e+46  4.45643e+05  6.66254e+46  4.45643e+05  6.47292e+46  1.30646e-04
 5.05045e+01  4.45643e+05  7.69592e+46  4.45643e+05  7.48597e+46  4.45643e+05  7.07552e+46  4.45643e+05  6.89805e+46  1.30646e-04
 5.21551e+01  4.45643e+05  8.09904e+46  4.45643e+05  7.90231e+46  4.45643e+05  7.51783e+46  4.45643e+05  7.35174e+46  1.30646e-04
 5.38597e+01  4.45643e+05  8.53574e+46  4.45643e+05  8.35142e+46  4.45643e+05  7.99128e+46  4.45643e+05  7.83587e+46  1.30646e-04
 5.56199e+01  4.45643e+05  9.00785e+46  4.45643e+05  8.83516e+46  4.45643e+05  8.49784e+46  4.45643e+05  8.35245e+46  1.30646e-04
 5.74378e+01  4.45643e+05  9.51730e+46  4.45643e+05  9.35552e+46  4.45643e+05  9.03961e+46  4.45643e+05  8.90361e+46  1.30646e-04
 5.93150e+01  4.45643e+05  1.00662e+47  4.45643e+05  9.91467e+46  4.45643e+05  9.61883e+46  4.45643e+05  9.49163e+46  1.30646e-04
 6.12535e+01  4.45643e+05  1.06569e+47  4.45643e+05  1.05149e+47  4.45643e+05  1.02379e+47  4.45643e+05  1.01189e+47  1.30646e-04
 6.32555e+01  4.45643e+05  1.12917e+47  4.45643e+05  1.11587e+47  4.45643e+05  1.08994e+47  4.45643e+05  1.07882e+47  1.30646e-04
 6.53228e+01  4.45643e+05  1.19733e+47  4.45643e+05  1.18488e+47  4.45643e+05  1.16060e+47  4.45643e+05  1.15020e+47  1.30646e-04
 6.74577e+01  4.45643e+05  1.27046e+47  4.45643e+05  1.25879e+47  4.45643e+05  1.23606e+47  4.45643e+05  1.22635e+47  1.30646e-04
 6.96624e+01  4.45643e+05  1.34885e+47  4.45643e+05  1.33793e+47  4.45643e+05  1.31665e+47  4.45643e+05  1.30758e+47  1.30646e-04
 7.19392e+01  4.45643e+05  1.43283e+47  4.45643e+05  1.42260e+47  4.45643e+05  1.40269e+47  4.45643e+05  1.39422e+47  1.30646e-04
 7.42903e+01  4.45643e+05  1.52275e+47  4.45643e+05  1.51317e+47  4.45643e+05  1.49454e+47  4.45643e+05  1.48663e+47  1.30646e-04
 7.67183e+01  4.45643e+05  1.61897e+47  4.45643e+05  1.61001e+47  4.45643e+05  1.59258e+47  4.45643e+05  1.58519e+47  1.30646e-04
 7.92257e+01  4.45643e+05  1.72191e+47  4.45643e+05  1.71352e+47  4.45643e+05  1.69721e+47  4.45643e+05  1.69031e+47  1.30646e-04
 8.18150e+01  4.45643e+05  1.83197e+47  4.45643e+05  1.82412e+47  4.45643e+05  1.80887e+47  4.45643e+05  1.80244e+47  1.30646e-04
 8.44889e+01  4.45643e+05  1.94963e+47  4.45643e+05  1.94228e+47  4.45643e+05  1.92802e+47  4.45643e+05  1.92202e+47  1.30646e-04
 8.72502e+01  4.45643e+05  2.07536e+47  4.45643e+05  2.06849e+47  4.45643e+05  2.05515e+47  4.45643e+05  2.04956e+47  1.30646e-04
 9.01018e+01  4.45643e+05  2.20969e+47  4.45643e+05  2.20326e+47  4.45643e+05  2.19079e+47  4.45643e+05  2.18558e+47  1.30646e-04
 9.30466e+01  4.45643e+05  2.35317e+47  4.45643e+05  2.34715e+47  4.45643e+05  2.33550e+47  4.45643e+05  2.33065e+47  1.30646e-04
 9.60876e+01  4.45643e+05  2.50640e+47  4.45643e+05  2.50077e+47  4.45643e+05  2.48988e+47  4.45643e+05  2.48537e+47  1.30646e-04
 9.92280e+01  4.45643e+05  2.67000e+47  4.45643e+05  2.66474e+47  4.45643e+05  2.65457e+47  4.45643e+05  2.65037e+47  1.30646e-04
 1.02471e+02  4.45643e+05  2.84466e+47  4.45643e+05  2.83974e+47  4.45643e+05  2.83025e+47  4.45643e+05  2.82634e+47  1.30646e-04
 1.05820e+02  4.45643e+05  3.03111e+47  4.45643e+05  3.02651e+47  4.45643e+05  3.01765e+47  4.45643e+05  3.01402e+47  1.30646e-04
 1.09278e+02  4.45643e+05  3.23010e+47  4.45643e+05  3.22580e+47  4.45643e+05  3.21753e+47  4.45643e+05  3.21416e+47  1.30646e-04
 1.12850e+02  4.45643e+05  3.44247e+47  4.45643e+05  3.43846e+47  4.45643e+05  3.43074e+47  4.45643e+05  3.42761e+47  1.30646e-04
 1.16538e+02  4.45643e+05  3.66909e+47  4.45643e+05  3.66534e+47  4.45643e+05  3.65815e+47  4.45643e+05  3.65525e+47  1.30646e-04
 1.20347e+02  4.45643e+05  3.91091e+47  4.45643e+05  3.90741e+47  4.45643e+05  3.90070e+47  4.45643e+05  3.89801e+47  1.30646e-04
 1.24280e+02  4.45643e+05  4.16892e+47  4.45643e+05  4.16565e+47  4.45643e+05  4.15940e+47  4.45643e+05  4.15691e+47  1.30646e-04
 1.28342e+02  4.45643e+05  4.44418e+47  4.45643e+05  4.44113e+47  4.45643e+05  4.43531e+47  4.45643e+05  4.43301e+47  1.30646e-04
 1.32537e+02  4.45643e+05  4.73785e+47  4.45643e+05  4.73501e+47  4.45643e+05  4.72958e+47  4.45643e+05  4.72746e+47  1.30646e-04
 1.36868e+02  4.45643e+05  5.05113e+47  4.45643e+05  5.04848e+47  4.45643e+05  5.04344e+47  4.45643e+05  5.04148e+47  1.30646e-04
 1.41341e+02  4.45643e+05  5.38533e+47  4.45643e+05  5.38285e+47  4.45643e+05  5.37816e+47  4.45643e+05  5.37636e+47  1.30646e-04
 1.45961e+02  4.45643e+05  5.74181e+47  4.45643e+05  5.73951e+47  4.45643e+05  5.73515e+47  4.45643e+05  5.73350e+47  1.30646e-04
 1.50731e+02  4.45643e+05  6.12207e+47  4.45643e+05  6.11993e+47  4.45643e+05  6.11588e+47  4.30814e+05  6.08200e+47  1.30646e-04
 1.55658e+02  4.45643e+05  6.52767e+47  4.45643e+05  6.52567e+47  4.45643e+05  6.52192e+47  4.30814e+05  6.27723e+47  1.30646e-04
 1.60745e+02  4.45643e+05  6.96029e+47  4.45643e+05  6.95844e+47  4.45643e+05  6.95495e+47  4.30814e+05  6.49843e+47  1.30646e-04
 1.65998e+02  4.45643e+05  7.42173e+47  4.45643e+05  7.42000e+47  4.45643e+05  7.41677e+47  4.30814e+05  6.74653e+47  1.30646e-04
 1.71424e+02  4.45643e+05  7.91388e+47  4.45643e+05  7.91228e+47  4.45643e+05  7.90929e+47  4.30814e+05  7.02255e+47  1.30646e-04
 1.77026e+02  4.45643e+05  8.43880e+47  4.45643e+05  8.43731e+47  4.45643e+05  8.43455e+47  4.30814e+05  7.32764e+47  1.30646e-04
 1.82812e+02  4.45643e+05  8.99865e+47  4.45643e+05  8.99726e+47  4.45643e+05  8.99471e+47  4.30814e+05  7.66305e+47  1.30646e-04
 1.88787e+02  4.45643e+05  9.59574e+47  4.45643e+05  9.59446e+47  4.45643e+05  9.59211e+47  4.30814e+05  8.03018e+47  1.30646e-04
 1.94957e+02  4.45643e+05  1.02326e+48  4.45643e+05  1.02314e+48  4.45643e+05  1.02292e+48  4.30814e+05  8.43054e+47  1.30646e-04
 2.01328e+02  4.45643e+05  1.09117e+48  4.45643e+05  1.09106e+48  4.45643e+05  1.09086e+48  4.30814e+05  8.86579e+47  1.30646e-04
 2.07908e+02  4.45643e+05  1.16361e+48  4.45643e+05  1.16350e+48  4.45643e+05  1.16332e+48  4.30814e+05  9.33773e+47  1.30646e-04
 2.14703e+02  4.45643e+05  1.24085e+48  4.45643e+05  1.24076e+48  4.45643e+05  1.24059e+48  4.30814e+05  9.84832e+47  1.30646e-04
 2.21720e+02  4.45643e+05  1.32324e+48  4.45643e+05  1.32315e+48  4.45643e+05  1.32300e+48  4.30814e+05  1.03997e+48  1.30646e-04
 2.28967e+02  4.45643e+05  1.41110e+48  4.45643e+05  1.41102e+48  4.45643e+05  1.41088e+48  4.30814e+05  1.09941e+48  1.30646e-04
 2.36450e+02  4.45643e+05  1.50481e+48  4.45643e+05  1.50473e+48  4.30814e+05  1.48541e+48  4.30814e+05  1.16339e+48  1.30646e-04
 2.44178e+02  4.45643e+05  1.60474e+48  4.45643e+05  1.60467e+48  4.30814e+05  1.53415e+48  4.30814e+05  1.23220e+48  1.30646e-04
 2.52158e+02  4.45643e+05  1.71131e+48  4.45643e+05  1.71125e+48  4.30814e+05  1.58924e+48  4.30814e+05  1.30610e+48  1.30646e-04
 2.60399e+02  4.45643e+05  1.82497e+48  4.45643e+05  1.82491e+48  4.30814e+05  1.65091e+48  4.30814e+05  1.38541e+48  1.30646e-04
 2.68910e+02  4.45643e+05  1.94617e+48  4.45643e+05  1.94612e+48  4.30814e+05  1.71941e+48  4.30814e+05  1.47045e+48  1.30646e-04
 2.77699e+02  4.45643e+05  2.07544e+48  4.45643e+05  2.07539e+48  4.30814e+05  1.79502e+48  4.30814e+05  1.56158e+48  1.30646e-04
 2.86774e+02  4.45643e+05  2.21329e+48  4.45643e+05  2.21325e+48  4.30814e+05  1.87807e+48  4.30814e+05  1.65917e+48  1.30646e-04
 2.96147e+02  4.45643e+05  2.36031e+48  4.45643e+05  2.36027e+48  4.30814e+05  1.96889e+48  4.30814e+05  1.76363e+48  1.30646e-04
 3.05826e+02  4.45643e+05  2.51709e+48  4.30814e+05  2.50667e+48  4.30814e+05  2.06785e+48  4.30814e+05  1.87538e+48  1.30646e-04
 3.15821e+02  4.45643e+05  2.68429e+48  4.30814e+05  2.58686e+48  4.30814e+05  2.17538e+48  4.30814e+05  1.99490e+48  1.30646e-04
 3.26143e+02  4.45643e+05  2.86260e+48  4.30814e+05  2.67775e+48  4.30814e+05  2.29190e+48  4.30814e+05  2.12267e+48  1.30646e-04
 3.36802e+02  4.30814e+05  2.96406e+48  4.30814e+05  2.77972e+48  4.30814e+05  2.41792e+48  4.30814e+05  2.25923e+48  1.30646e-04
 3.47810e+02  4.30814e+05  3.06605e+48  4.30814e+05  2.89320e+48  4.30814e+05  2.55393e+48  4.30814e+05  2.40514e+48  1.30646e-04
 3.59177e+02  4.30814e+05  3.18074e+48  4.30814e+05  3.01865e+48  4.30814e+05  2.70052e+48  4.30814e+05  2.56100e+48  1.30646e-04
 3.70916e+02  4.30814e+05  3.30858e+48  4.30814e+05  3.15659e+48  4.30814e+05  2.85829e+48  4.30814e+05  2.72746e+48  1.30646e-04
 3.83038e+02  4.30814e+05  3.45012e+48  4.30814e+05  3.30760e+48  4.30814e+05  3.02788e+48  4.30814e+05  2.90521e+48  1.30646e-04
 3.95557e+02  4.30814e+05  3.60594e+48  4.30814e+05  3.47230e+48  4.30814e+05  3.21001e+48  4.30814e+05  3.09498e+48  1.30646e-04
 4.08485e+02  4.30814e+05  3.77668e+48  4.30814e+05  3.65136e+48  4.30814e+05  3.40542e+48  4.30814e+05  3.29756e+48  1.30646e-04
 4.21835e+02  4.30814e+05  3.96305e+48  4.30814e+05  3.84554e+48  4.30814e+05  3.61492e+48  4.30814e+05  3.51379e+48  1.30646e-04
 4.35622e+02  4.30814e+05  4.16582e+48  4.30814e+05  4.05564e+48  4.30814e+05  3.83939e+48  4.30814e+05  3.74456e+48  1.30646e-04
 4.49859e+02  4.30814e+05  4.38584e+48  4.30814e+05  4.28252e+48  4.30814e+05  4.07974e+48  4.30814e+05  3.99082e+48  1.30646e-04
 4.64562e+02  4.30814e+05  4.62400e+48  4.30814e+05  4.52712e+48  4.30814e+05  4.33698e+48  4.30814e+05  4.25360e+48  1.30646e-04
 4.79745e+02  4.30814e+05  4.88130e+48  4.30814e+05  4.79046e+48  4.30814e+05  4.61217e+48  4.30814e+05  4.53399e+48  1.30646e-04
 4.95424e+02  4.30814e+05  5.15881e+48  4.30814e+05  5.07362e+48  4.30814e+05  4.90644e+48  4.30814e+05  4.83314e+48  1.30646e-04
 5.11616e+02  4.30814e+05  5.45766e+48  4.30814e+05  5.37779e+48  4.30814e+05  5.22103e+48  4.30814e+05  5.15229e+48  1.30646e-04
 5.28337e+02  4.30814e+05  5.77910e+48  4.30814e+05  5.70420e+48  4.30814e+05  5.55721e+48  4.30814e+05  5.49276e+48  1.30646e-04
 5.45604e+02  4.30814e+05  6.12446e+48  4.30814e+05  6.05423e+48  4.30814e+05  5.91640e+48  4.30814e+05  5.85596e+48  1.30646e-04
 5.63436e+02  4.30814e+05  6.49517e+48  4.30814e+05  6.42931e+48  4.30814e+05  6.30007e+48  4.30814e+05  6.24340e+48  1.30646e-04
 5.81850e+02  4.30814e+05  6.89275e+48  4.30814e+05  6.83100e+48  4.30814e+05  6.70982e+48  4.30814e+05  6.65668e+48  1.30646e-04
 6.00867e+02  4.30814e+05  7.31886e+48  4.30814e+05  7.26096e+48  4.30814e+05  7.14733e+48  4.30814e+05  7.09751e+48  1.30646e-04
 6.20505e+02  4.30814e+05  7.77527e+48  4.30814e+05  7.72097e+48  4.30814e+05  7.61442e+48  4.30814e+05  7.56771e+48  1.30646e-04
 6.40784e+02  4.30814e+05  8.26385e+48  4.30814e+05  8.21294e+48  4.30814e+05  8.11303e+48  4.30814e+05  8.06923e+48  1.30646e-04
 6.61727e+02  4.30814e+05  8.78663e+48  4.30814e+05  8.73889e+48  4.30814e+05  8.64521e+48  4.30814e+05  8.60414e+48  1.30646e-04
 6.83354e+02  4.30814e+05  9.34577e+48  4.30814e+05  9.30101e+48  4.30814e+05  9.21317e+48  4.30814e+05  9.17466e+48  1.30646e-04
 7.05688e+02  4.30814e+05  9.94359e+48  4.30814e+05  9.90162e+48  4.30814e+05  9.81926e+48  4.30814e+05  9.78315e+48  1.30646e-04
 7.28751e+02  4.30814e+05  1.05826e+49  4.30814e+05  1.05432e+49  4.30814e+05  1.04660e+49  4.30814e+05  1.04321e+49  1.30646e-04
 7.52569e+02  4.30814e+05  1.12653e+49  4.30814e+05  1.12284e+49  4.30814e+05  1.11560e+49  4.30814e+05  1.11243e+49  1.30646e-04
 7.77165e+02  4.30814e+05  1.19947e+49  4.30814e+05  1.19601e+49  4.30814e+05  1.18922e+49  4.30814e+05  1.18625e+49  1.30646e-04
 8.02565e+02  4.30814e+05  1.27738e+49  4.30814e+05  1.27413e+49  4.30814e+05  1.26776e+49  4.30814e+05  1.26497e+49  1.30646e-04
 8.28794e+02  4.30814e+05  1.36057e+49  4.30814e+05  1.35752e+49  4.30814e+05  1.35155e+49  4.30814e+05  1.34894e+49  1.30646e-04
 8.55882e+02  4.30814e+05  1.44939e+49  4.30814e+05  1.44653e+49  4.30814e+05  1.44094e+49  4.30814e+05  1.43848e+49  1.30646e-04
 8.83854e+02  4.30814e+05  1.54420e+49  4.30814e+05  1.54153e+49  4.30814e+05  1.53628e+49  4.30814e+05  1.53398e+49  1.30646e-04
 9.12741e+02  4.30814e+05  1.64541e+49  4.30814e+05  1.64291e+49  4.30814e+05  1.63799e+49  4.30814e+05  1.63583e+49  1.30646e-04
 9.42571e+02  4.30814e+05  1.75343e+49  4.30814e+05  1.75108e+49  4.30814e+05  1.74647e+49  4.30814e+05  1.74445e+49  1.30646e-04
 9.73377e+02  4.30814e+05  1.86871e+49  4.30814e+05  1.86650e+49  4.30814e+05  1.86218e+49  4.30814e+05  1.86028e+49  1.30646e-04
 1.00519e+03  4.30814e+05  1.99172e+49  4.30814e+05  1.98965e+49  4.30814e+05  1.98559e+49  4.30814e+05  1.98382e+49  1.30646e-04
 1.03804e+03  4.30814e+05  2.12297e+49  4.30814e+05  2.12103e+49  4.30814e+05  2.11723e+49  4.30814e+05  2.11556e+49  1.30646e-04
 1.07197e+03  4.30814e+05  2.26301e+49  4.30814e+05  2.26119e+49  4.30814e+05  2.25762e+49  4.30814e+05  2.25606e+49  1.30646e-04
 1.10700e+03  4.30814e+05  2.41241e+49  4.30814e+05  2.41071e+49  4.30814e+05  2.40736e+49  4.30814e+05  2.40590e+49  1.30646e-04
 1.14318e+03  4.30814e+05  2.57180e+49  4.30814e+05  2.57020e+49  4.30814e+05  2.56707e+49  4.30814e+05  2.56569e+49  1.30646e-04
 1.18054e+03  4.30814e+05  2.74183e+49  4.30814e+05  2.74033e+49  4.30814e+05  2.73739e+49  4.30814e+05  2.73610e+49  1.30646e-04
 1.21913e+03  4.30814e+05  2.92321e+49  4.30814e+05  2.92180e+49  4.30814e+05  2.91905e+49  4.30814e+05  2.91784e+49  1.30646e-04
 1.25897e+03  4.30814e+05  3.11668e+49  4.30814e+05  3.11536e+49  4.30814e+05  3.11278e+49  4.30814e+05  3.11165e+49  1.30646e-04
 1.30012e+03  4.30814e+05  3.32305e+49  4.30814e+05  3.32182e+49  4.30814e+05  3.31940e+49  4.30814e+05  3.31834e+49  1.30646e-04
 1.34261e+03  4.30814e+05  3.54318e+49  4.30814e+05  3.54202e+49  4.30814e+05  3.53975e+49  4.30814e+05  3.53876e+49  1.30646e-04
 1.38649e+03  4.30814e+05  3.77797e+49  4.30814e+05  3.77688e+49  4.30814e+05  3.77475e+49  4.30814e+05  3.77382e+49  1.30646e-04
 1.43180e+03  4.30814e+05  4.02839e+49  4.30814e+05  4.02738e+49  4.30814e+05  4.02538e+49  4.30814e+05  4.02451e+49  1.30646e-04
 1.47860e+03  4.30814e+05  4.29549e+49  4.30814e+05  4.29453e+49  4.30814e+05  4.29266e+49  4.30814e+05  4.29184e+49  1.30646e-04
 1.52692e+03  4.30814e+05  4.58036e+49  4.30814e+05  4.57947e+49  4.30814e+05  4.57771e+49  4.16479e+05  4.44382e+49  1.30646e-04
 1.57683e+03  4.30814e+05  4.88419e+49  4.30814e+05  4.88335e+49  4.30814e+05  4.88171e+49  4.16479e+05  4.59298e+49  1.30646e-04
 1.62836e+03  4.30814e+05  5.20823e+49  4.30814e+05  5.20744e+49  4.30814e+05  5.20590e+49  4.16479e+05  4.76115e+49  1.30646e-04
 1.68158e+03  4.30814e+05  5.55383e+49  4.30814e+05  5.55309e+49  4.30814e+05  5.55164e+49  4.16479e+05  4.94903e+49  1.30646e-04
 1.73654e+03  4.30814e+05  5.92240e+49  4.30814e+05  5.92171e+49  4.30814e+05  5.92036e+49  4.16479e+05  5.15738e+49  1.30646e-04
 1.79329e+03  4.30814e+05  6.31549e+49  4.30814e+05  6.31485e+49  4.30814e+05  6.31358e+49  4.16479e+05  5.38708e+49  1.30646e-04
 1.85190e+03  4.30814e+05  6.73472e+49  4.30814e+05  6.73411e+49  4.30814e+05  6.73292e+49  4.16479e+05  5.63907e+49  1.30646e-04
 1.91243e+03  4.30814e+05  7.18182e+49  4.30814e+05  7.18125e+49  4.30814e+05  7.18013e+49  4.16479e+05  5.91440e+49  1.30646e-04
 1.97493e+03  4.30814e+05  7.65864e+49  4.30814e+05  7.65810e+49  4.30814e+05  7.65706e+49  4.16479e+05  6.21421e+49  1.30646e-04
 2.03948e+03  4.30814e+05  8.16715e+49  4.30814e+05  8.16665e+49  4.30814e+05  8.16567e+49  4.16479e+05  6.53973e+49  1.30646e-04
 2.10613e+03  4.30814e+05  8.70946e+49  4.30814e+05  8.70899e+49  4.30814e+05  8.70808e+49  4.16479e+05  6.89232e+49  1.30646e-04
 2.17497e+03  4.30814e+05  9.28782e+49  4.30814e+05  9.28738e+49  4.30814e+05  9.28652e+49  4.16479e+05  7.27343e+49  1.30646e-04
 2.24605e+03  4.30814e+05  9.90462e+49  4.30814e+05  9.90420e+49  4.30814e+05  9.90340e+49  4.16479e+05  7.68464e+49  1.30646e-04
 2.31946e+03  4.30814e+05  1.05624e+50  4.30814e+05  1.05620e+50  4.16479e+05  1.05297e+50  4.16479e+05  8.12766e+49  1.30646e-04
 2.39526e+03  4.30814e+05  1.12639e+50  4.30814e+05  1.12635e+50  4.16479e+05  1.08567e+50  4.16479e+05  8.60431e+49  1.30646e-04
 2.47355e+03  4.30814e+05  1.20120e+50  4.30814e+05  1.20117e+50  4.16479e+05  1.12287e+50  4.16479e+05  9.11657e+49  1.30646e-04
 2.55439e+03  4.30814e+05  1.28098e+50  4.30814e+05  1.28095e+50  4.16479e+05  1.16471e+50  4.16479e+05  9.66656e+49  1.30646e-04
 2.63787e+03  4.30814e+05  1.36607e+50  4.30814e+05  1.36604e+50  4.16479e+05  1.21137e+50  4.16479e+05  1.02565e+50  1.30646e-04
 2.72409e+03  4.30814e+05  1.45680e+50  4.30814e+05  1.45678e+50  4.16479e+05  1.26304e+50  4.16479e+05  1.08890e+50  1.30646e-04
 2.81312e+03  4.30814e+05  1.55357e+50  4.30814e+05  1.55354e+50  4.16479e+05  1.31995e+50  4.16479e+05  1.15665e+50  1.30646e-04
 2.90506e+03  4.30814e+05  1.65677e+50  4.30814e+05  1.65674e+50  4.16479e+05  1.38231e+50  4.16479e+05  1.22919e+50  1.30646e-04
 3.00000e+03  4.30814e+05  1.76682e+50  4.30814e+05  1.76679e+50  4.16479e+05  1.45040e+50  4.16479e+05  1.30681e+50  1.30646e-04
