radius_rg T_0deg chi2_0deg T_15deg chi2_15deg T_30deg chi2_30deg T_45deg chi2_45deg nuLnusavg_last
 2.00000e-01  1.27234e+06  7.41709e+44  1.23000e+06  5.83217e+44  1.11126e+06  2.36443e+44  9.07048e+05  4.18554e+43  5.06449e-06
 2.06537e-01  1.27234e+06  7.13302e+44  1.23000e+06  5.59716e+44  1.07428e+06  2.25407e+44  9.07048e+05  4.06270e+43  5.06449e-06
 2.13287e-01  1.23000e+06  6.81387e+44  1.18907e+06  5.35238e+44  1.07428e+06  2.13301e+44  8.76865e+05  3.71337e+43  5.06449e-06
 2.20257e-01  1.23000e+06  6.51778e+44  1.18907e+06  5.10293e+44  1.07428e+06  2.05991e+44  8.76865e+05  3.47670e+43  5.06449e-06
 2.27456e-01  1.18907e+06  6.26347e+44  1.14951e+06  4.91898e+44  1.03853e+06  1.92933e+44  8.76865e+05  3.39618e+43  5.06449e-06
 2.34890e-01  1.18907e+06  5.95125e+44  1.14951e+06  4.65158e+44  1.03853e+06  1.83750e+44  8.47687e+05  3.04777e+43  5.06449e-06
 2.42567e-01  1.18907e+06  5.74088e+44  1.14951e+06  4.47030e+44  1.00397e+06  1.75613e+44  8.47687e+05  2.84321e+43  5.06449e-06
 2.50494e-01  1.14951e+06  5.43516e+44  1.11126e+06  4.24532e+44  1.00397e+06  1.64356e+44  8.47687e+05  2.79218e+43  5.06449e-06
 2.58681e-01  1.14951e+06  5.20243e+44  1.11126e+06  4.04085e+44  1.00397e+06  1.57693e+44  8.19480e+05  2.46418e+43  5.06449e-06
 2.67136e-01  1.11126e+06  4.97210e+44  1.07428e+06  3.88717e+44  9.70565e+05  1.48138e+44  8.19480e+05  2.27873e+43  5.06449e-06
 2.75866e-01  1.11126e+06  4.71305e+44  1.07428e+06  3.65605e+44  9.70565e+05  1.39121e+44  8.19480e+05  2.24446e+43  5.06449e-06
 2.84882e-01  1.11126e+06  4.55073e+44  1.07428e+06  3.50695e+44  9.70565e+05  1.34592e+44  7.92211e+05  1.95964e+43  5.06449e-06
 2.94193e-01  1.07428e+06  4.27616e+44  1.03853e+06  3.31972e+44  9.38269e+05  1.23910e+44  7.92211e+05  1.78027e+43  5.06449e-06
 3.03808e-01  1.07428e+06  4.08168e+44  1.03853e+06  3.13902e+44  9.38269e+05  1.16750e+44  7.92211e+05  1.75002e+43  5.06449e-06
 3.13737e-01  1.03853e+06  3.89617e+44  1.00397e+06  3.03661e+44  9.07048e+05  1.12531e+44  7.65850e+05  1.53498e+43  5.06449e-06
 3.23991e-01  1.03853e+06  3.66561e+44  1.00397e+06  2.82081e+44  9.07048e+05  1.02522e+44  7.65850e+05  1.34854e+43  5.06449e-06
 3.34580e-01  1.03853e+06  3.52744e+44  1.00397e+06  2.68356e+44  9.07048e+05  9.68499e+43  7.65850e+05  1.30944e+43  5.06449e-06
 3.45515e-01  1.00397e+06  3.30788e+44  9.70565e+05  2.55802e+44  8.76865e+05  9.24533e+43  7.40366e+05  1.19542e+43  5.06449e-06
 3.56807e-01  1.00397e+06  3.12803e+44  9.70565e+05  2.38086e+44  8.76865e+05  8.36494e+43  7.40366e+05  9.88434e+42  5.06449e-06
 3.68468e-01  9.70565e+05  3.01514e+44  9.70565e+05  2.28043e+44  8.76865e+05  7.91047e+43  7.40366e+05  9.27298e+42  5.06449e-06
 3.80511e-01  9.70565e+05  2.78952e+44  9.38269e+05  2.13681e+44  8.47687e+05  7.50185e+43  7.15730e+05  9.51170e+42  5.06449e-06
 3.92947e-01  9.70565e+05  2.65266e+44  9.38269e+05  1.99170e+44  8.47687e+05  6.70553e+43  7.15730e+05  7.09662e+42  5.06449e-06
 4.05790e-01  9.38269e+05  2.51973e+44  9.38269e+05  1.92172e+44  8.47687e+05  6.32826e+43  7.15730e+05  6.12850e+42  5.06449e-06
 4.19052e-01  9.38269e+05  2.33158e+44  9.07048e+05  1.76598e+44  8.19480e+05  6.00789e+43  7.15730e+05  6.60333e+42  5.06449e-06
 4.32748e-01  9.38269e+05  2.23031e+44  9.07048e+05  1.64658e+44  8.19480e+05  5.25936e+43  6.91914e+05  5.27732e+42  5.06449e-06
 4.46891e-01  9.07048e+05  2.08426e+44  9.07048e+05  1.60087e+44  8.19480e+05  4.92389e+43  6.91914e+05  3.80902e+42  5.06449e-06
 4.61496e-01  9.07048e+05  1.92620e+44  8.76865e+05  1.44002e+44  7.92211e+05  4.75888e+43  6.91914e+05  3.77407e+42  5.06449e-06
 4.76579e-01  9.07048e+05  1.85334e+44  8.76865e+05  1.34011e+44  7.92211e+05  4.02165e+43  6.68890e+05  4.65292e+42  5.06449e-06
 4.92155e-01  8.76865e+05  1.70233e+44  8.76865e+05  1.31264e+44  7.92211e+05  3.69236e+43  6.68890e+05  2.53086e+42  5.06449e-06
 5.08240e-01  8.76865e+05  1.56714e+44  8.47687e+05  1.15489e+44  7.65850e+05  3.76175e+43  6.68890e+05  1.83687e+42  5.06449e-06
 5.24851e-01  8.76865e+05  1.51567e+44  8.47687e+05  1.06837e+44  7.65850e+05  2.99865e+43  6.68890e+05  2.56807e+42  5.06449e-06
 5.42004e-01  8.47687e+05  1.36924e+44  8.47687e+05  1.05315e+44  7.65850e+05  2.63926e+43  6.46632e+05  2.59717e+42  5.06449e-06
 5.59718e-01  8.47687e+05  1.24983e+44  8.19480e+05  9.08147e+43  7.65850e+05  2.68210e+43  6.46632e+05  1.08163e+42  5.06449e-06
 5.78011e-01  8.47687e+05  1.21281e+44  8.19480e+05  8.28920e+43  7.40366e+05  2.20928e+43  6.46632e+05  9.88158e+41  5.06449e-06
 5.96902e-01  8.19480e+05  1.08216e+44  8.19480e+05  8.20003e+43  7.40366e+05  1.78237e+43  6.46632e+05  2.31636e+42  5.06449e-06
 6.16411e-01  8.19480e+05  9.71446e+43  7.92211e+05  6.99053e+43  7.40366e+05  1.75415e+43  6.25115e+05  1.90694e+42  5.06449e-06
 6.36557e-01  8.19480e+05  9.41975e+43  7.92211e+05  6.20987e+43  7.15730e+05  1.68746e+43  6.25115e+05  8.13828e+41  5.06449e-06
 6.57361e-01  7.92211e+05  8.40260e+43  7.92211e+05  6.12369e+43  7.15730e+05  1.15387e+43  6.25115e+05  1.14167e+42  5.06449e-06
 6.78845e-01  7.92211e+05  7.31118e+43  7.65850e+05  5.28788e+43  7.15730e+05  1.01636e+43  6.25115e+05  2.89181e+42  5.06449e-06
 7.01032e-01  7.92211e+05  7.02227e+43  7.65850e+05  4.45632e+43  7.15730e+05  1.27435e+43  6.04314e+05  2.56710e+42  5.06449e-06
 7.23943e-01  7.65850e+05  6.44923e+43  7.65850e+05  4.31199e+43  6.91914e+05  8.03496e+42  6.04314e+05  1.70234e+42  5.06449e-06
 7.47603e-01  7.65850e+05  5.30099e+43  7.40366e+05  4.00740e+43  6.91914e+05  5.16112e+42  6.04314e+05  2.26221e+42  5.06449e-06
 7.72037e-01  7.65850e+05  4.94693e+43  7.40366e+05  3.06039e+43  6.91914e+05  6.22169e+42  6.04314e+05  4.24903e+42  5.06449e-06
 7.97269e-01  7.40366e+05  5.00125e+43  7.40366e+05  2.79484e+43  6.68890e+05  8.03155e+42  5.84205e+05  4.68698e+42  5.06449e-06
 8.23326e-01  7.40366e+05  3.72120e+43  7.15730e+05  3.20922e+43  6.68890e+05  3.21949e+42  5.84205e+05  3.84011e+42  5.06449e-06
 8.50234e-01  7.40366e+05  3.22880e+43  7.15730e+05  2.07908e+43  6.68890e+05  2.33379e+42  5.84205e+05  4.42672e+42  5.06449e-06
 8.78022e-01  7.40366e+05  3.52202e+43  7.15730e+05  1.62633e+43  6.68890e+05  5.37080e+42  5.84205e+05  6.44924e+42  5.06449e-06
 9.06718e-01  7.15730e+05  2.63845e+43  7.15730e+05  1.84911e+43  6.46632e+05  5.29896e+42  5.64766e+05  8.55064e+42  5.06449e-06
 9.36352e-01  7.15730e+05  1.93108e+43  6.91914e+05  1.60013e+43  6.46632e+05  1.99611e+42  5.64766e+05  7.48562e+42  5.06449e-06
 9.66955e-01  7.15730e+05  2.00396e+43  6.91914e+05  8.89989e+42  6.46632e+05  2.61457e+42  5.64766e+05  7.86917e+42  5.06449e-06
 9.98557e-01  6.91914e+05  2.15528e+43  6.91914e+05  8.52320e+42  6.46632e+05  7.15690e+42  5.64766e+05  9.70287e+42  5.06449e-06
 1.03119e+00  6.91914e+05  1.15135e+43  6.91914e+05  1.48697e+43  6.25115e+05  6.47741e+42  5.64766e+05  1.29943e+43  5.06449e-06
 1.06489e+00  6.91914e+05  9.24440e+42  6.68890e+05  7.06440e+42  6.25115e+05  4.16301e+42  5.45973e+05  1.31491e+43  5.06449e-06
 1.09970e+00  6.91914e+05  1.47361e+43  6.68890e+05  3.34381e+42  6.25115e+05  5.77888e+42  5.45973e+05  1.30618e+43  5.06449e-06
 1.13564e+00  6.68890e+05  1.03049e+43  6.68890e+05  6.32497e+42  6.25115e+05  1.13317e+43  5.45973e+05  1.44462e+43  5.06449e-06
 1.17276e+00  6.68890e+05  4.17806e+42  6.46632e+05  1.24472e+43  6.04314e+05  1.16952e+43  5.45973e+05  1.73080e+43  5.06449e-06
 1.21108e+00  6.68890e+05  5.79111e+42  6.46632e+05  4.56434e+42  6.04314e+05  9.80993e+42  5.45973e+05  2.16589e+43  5.06449e-06
 1.25067e+00  6.68890e+05  1.51507e+43  6.46632e+05  3.38830e+42  6.04314e+05  1.18783e+43  5.27805e+05  2.08752e+43  5.06449e-06
 1.29154e+00  6.46632e+05  6.72221e+42  6.46632e+05  8.91420e+42  6.04314e+05  1.79089e+43  5.27805e+05  2.14917e+43  5.06449e-06
 1.33375e+00  6.46632e+05  3.53532e+42  6.25115e+05  1.44183e+43  5.84205e+05  2.15006e+43  5.27805e+05  2.36147e+43  5.06449e-06
 1.37734e+00  6.46632e+05  8.08563e+42  6.25115e+05  8.18899e+42  5.84205e+05  1.94242e+43  5.27805e+05  2.72531e+43  5.06449e-06
 1.42236e+00  6.25115e+05  1.94858e+43  6.25115e+05  8.68153e+42  5.84205e+05  2.13411e+43  5.27805e+05  3.24218e+43  5.06449e-06
 1.46884e+00  6.25115e+05  1.04550e+43  6.25115e+05  1.58979e+43  5.84205e+05  2.72595e+43  5.10242e+05  3.23620e+43  5.06449e-06
 1.51685e+00  6.25115e+05  9.18998e+42  6.04314e+05  2.36851e+43  5.64766e+05  3.70603e+43  5.10242e+05  3.33417e+43  5.06449e-06
 1.56642e+00  6.25115e+05  1.56856e+43  6.04314e+05  1.81402e+43  5.64766e+05  3.40776e+43  5.10242e+05  3.58770e+43  5.06449e-06
 1.61762e+00  6.25115e+05  2.99687e+43  6.04314e+05  1.93583e+43  5.64766e+05  3.51490e+43  5.10242e+05  3.99783e+43  5.06449e-06
 1.67049e+00  6.04314e+05  2.17546e+43  6.04314e+05  2.73444e+43  5.64766e+05  4.02789e+43  5.10242e+05  4.56627e+43  5.06449e-06
 1.72508e+00  6.04314e+05  2.13159e+43  5.84205e+05  4.12602e+43  5.64766e+05  4.94886e+43  4.93264e+05  4.94267e+43  5.06449e-06
 1.78146e+00  6.04314e+05  2.86880e+43  5.84205e+05  3.53225e+43  5.45973e+05  5.57769e+43  4.93264e+05  5.02884e+43  5.06449e-06
 1.83968e+00  6.04314e+05  4.39014e+43  5.84205e+05  3.62189e+43  5.45973e+05  5.51663e+43  4.93264e+05  5.27758e+43  5.06449e-06
 1.89981e+00  5.84205e+05  4.16947e+43  5.84205e+05  4.39531e+43  5.45973e+05  5.86970e+43  4.93264e+05  5.68992e+43  5.06449e-06
 1.96190e+00  5.84205e+05  4.08653e+43  5.84205e+05  5.85571e+43  5.45973e+05  6.63837e+43  4.93264e+05  6.26756e+43  5.06449e-06
 2.02602e+00  5.84205e+05  4.79275e+43  5.64766e+05  6.16768e+43  5.45973e+05  7.82581e+43  4.93264e+05  7.01290e+43  5.06449e-06
 2.09224e+00  5.84205e+05  6.29107e+43  5.64766e+05  6.10439e+43  5.27805e+05  8.48125e+43  4.76850e+05  7.74417e+43  5.06449e-06
 2.16062e+00  5.64766e+05  7.25616e+43  5.64766e+05  6.73517e+43  5.27805e+05  8.57096e+43  4.76850e+05  7.90743e+43  5.06449e-06
 2.23123e+00  5.64766e+05  6.99373e+43  5.64766e+05  8.06260e+43  5.27805e+05  9.08745e+43  4.76850e+05  8.24517e+43  5.06449e-06
 2.30415e+00  5.64766e+05  7.53249e+43  5.45973e+05  1.00806e+44  5.27805e+05  1.00328e+44  4.76850e+05  8.75879e+43  5.06449e-06
 2.37946e+00  5.64766e+05  8.87469e+43  5.45973e+05  9.71831e+43  5.27805e+05  1.14111e+44  4.76850e+05  9.45042e+43  5.06449e-06
 2.45723e+00  5.64766e+05  1.10259e+44  5.45973e+05  1.00650e+44  5.10242e+05  1.27449e+44  4.76850e+05  1.03229e+44  5.06449e-06
 2.53753e+00  5.45973e+05  1.12467e+44  5.45973e+05  1.11222e+44  5.10242e+05  1.28709e+44  4.76850e+05  1.13799e+44  5.06449e-06
 2.62047e+00  5.45973e+05  1.14535e+44  5.45973e+05  1.28942e+44  5.10242e+05  1.34415e+44  4.76850e+05  1.26257e+44  5.06449e-06
 2.70611e+00  5.45973e+05  1.24800e+44  5.27805e+05  1.50758e+44  5.10242e+05  1.44590e+44  4.60983e+05  1.40091e+44  5.06449e-06
 2.79455e+00  5.45973e+05  1.43304e+44  5.27805e+05  1.49571e+44  5.10242e+05  1.59276e+44  4.60983e+05  1.44512e+44  5.06449e-06
 2.88589e+00  5.45973e+05  1.70123e+44  5.27805e+05  1.55692e+44  5.10242e+05  1.78535e+44  4.60983e+05  1.50948e+44  5.06449e-06
 2.98021e+00  5.27805e+05  1.72273e+44  5.27805e+05  1.69145e+44  4.93264e+05  1.92156e+44  4.60983e+05  1.59426e+44  5.06449e-06
 3.07761e+00  5.27805e+05  1.77344e+44  5.27805e+05  1.89985e+44  4.93264e+05  1.96729e+44  4.60983e+05  1.69982e+44  5.06449e-06
 3.17819e+00  5.27805e+05  1.90873e+44  5.27805e+05  2.18300e+44  4.93264e+05  2.06031e+44  4.60983e+05  1.82659e+44  5.06449e-06
 3.28206e+00  5.27805e+05  2.12913e+44  5.10242e+05  2.24315e+44  4.93264e+05  2.20097e+44  4.60983e+05  1.97510e+44  5.06449e-06
 3.38933e+00  5.27805e+05  2.43558e+44  5.10242e+05  2.31166e+44  4.93264e+05  2.38988e+44  4.60983e+05  2.14595e+44  5.06449e-06
 3.50010e+00  5.10242e+05  2.58433e+44  5.10242e+05  2.45661e+44  4.93264e+05  2.62781e+44  4.60983e+05  2.33986e+44  5.06449e-06
 3.61449e+00  5.10242e+05  2.64263e+44  5.10242e+05  2.67860e+44  4.93264e+05  2.91574e+44  4.60983e+05  2.55763e+44  5.06449e-06
 3.73262e+00  5.10242e+05  2.78908e+44  5.10242e+05  2.97856e+44  4.76850e+05  3.06017e+44  4.60983e+05  2.80016e+44  5.06449e-06
 3.85462e+00  5.10242e+05  3.02431e+44  5.10242e+05  3.35773e+44  4.76850e+05  3.16518e+44  4.60983e+05  3.06846e+44  5.06449e-06
 3.98060e+00  5.10242e+05  3.34928e+44  4.93264e+05  3.40448e+44  4.76850e+05  3.32243e+44  4.60983e+05  3.36363e+44  5.06449e-06
 4.11069e+00  5.10242e+05  3.76534e+44  4.93264e+05  3.53167e+44  4.76850e+05  3.53255e+44  4.60983e+05  3.68689e+44  5.06449e-06
 4.24504e+00  4.93264e+05  3.91012e+44  4.93264e+05  3.74036e+44  4.76850e+05  3.79642e+44  4.60983e+05  4.03959e+44  5.06449e-06
 4.38378e+00  4.93264e+05  4.03485e+44  4.93264e+05  4.03140e+44  4.76850e+05  4.11513e+44  4.60983e+05  4.42318e+44  5.06449e-06
 4.52705e+00  4.93264e+05  4.25350e+44  4.93264e+05  4.40601e+44  4.76850e+05  4.49001e+44  4.60983e+05  4.83926e+44  5.06449e-06
 4.67501e+00  4.93264e+05  4.56698e+44  4.93264e+05  4.86573e+44  4.76850e+05  4.92259e+44  4.60983e+05  5.28954e+44  5.06449e-06
 4.82780e+00  4.93264e+05  4.97658e+44  4.76850e+05  5.30054e+44  4.76850e+05  5.41468e+44  4.60983e+05  5.77588e+44  5.06449e-06
 4.98558e+00  4.93264e+05  5.48401e+44  4.76850e+05  5.44358e+44  4.60983e+05  5.77098e+44  4.45643e+05  6.13971e+44  5.06449e-06
 5.14853e+00  4.93264e+05  6.09136e+44  4.76850e+05  5.67604e+44  4.60983e+05  5.99299e+44  4.45643e+05  6.40494e+44  5.06449e-06
 5.31679e+00  4.76850e+05  6.23738e+44  4.76850e+05  5.99886e+44  4.60983e+05  6.27893e+44  4.45643e+05  6.71086e+44  5.06449e-06
 5.49056e+00  4.76850e+05  6.48131e+44  4.76850e+05  6.41338e+44  4.60983e+05  6.62999e+44  4.45643e+05  7.05872e+44  5.06449e-06
 5.67001e+00  4.76850e+05  6.82928e+44  4.76850e+05  6.92133e+44  4.60983e+05  7.04762e+44  4.45643e+05  7.44996e+44  5.06449e-06
 5.85532e+00  4.76850e+05  7.28274e+44  4.76850e+05  7.52480e+44  4.60983e+05  7.53355e+44  4.45643e+05  7.88622e+44  5.06449e-06
 6.04668e+00  4.76850e+05  7.84357e+44  4.76850e+05  8.22629e+44  4.60983e+05  8.08978e+44  4.45643e+05  8.36929e+44  5.06449e-06
 6.24430e+00  4.76850e+05  8.51409e+44  4.76850e+05  9.02871e+44  4.60983e+05  8.71862e+44  4.45643e+05  8.90117e+44  5.06449e-06
 6.44838e+00  4.76850e+05  9.29706e+44  4.60983e+05  9.92809e+44  4.60983e+05  9.42268e+44  4.45643e+05  9.48406e+44  5.06449e-06
 6.65913e+00  4.76850e+05  1.01957e+45  4.60983e+05  1.02611e+45  4.60983e+05  1.02049e+45  4.45643e+05  1.01204e+45  5.06449e-06
 6.87677e+00  4.76850e+05  1.12138e+45  4.60983e+05  1.07034e+45  4.60983e+05  1.10684e+45  4.45643e+05  1.08128e+45  5.06449e-06
 7.10152e+00  4.60983e+05  1.17463e+45  4.60983e+05  1.12570e+45  4.60983e+05  1.20169e+45  4.45643e+05  1.15641e+45  5.06449e-06
 7.33362e+00  4.60983e+05  1.22270e+45  4.60983e+05  1.19240e+45  4.60983e+05  1.30542e+45  4.45643e+05  1.23774e+45  5.06449e-06
 7.57330e+00  4.60983e+05  1.28356e+45  4.60983e+05  1.27072e+45  4.60983e+05  1.41847e+45  4.45643e+05  1.32561e+45  5.06449e-06
 7.82082e+00  4.60983e+05  1.35746e+45  4.60983e+05  1.36098e+45  4.60983e+05  1.54131e+45  4.45643e+05  1.42039e+45  5.06449e-06
 8.07642e+00  4.60983e+05  1.44469e+45  4.60983e+05  1.46357e+45  4.60983e+05  1.67443e+45  4.45643e+05  1.52246e+45  5.06449e-06
 8.34038e+00  4.60983e+05  1.54563e+45  4.60983e+05  1.57891e+45  4.60983e+05  1.81840e+45  4.45643e+05  1.63225e+45  5.06449e-06
 8.61296e+00  4.60983e+05  1.66068e+45  4.60983e+05  1.70746e+45  4.60983e+05  1.97380e+45  4.45643e+05  1.75022e+45  5.06449e-06
 8.89446e+00  4.60983e+05  1.79033e+45  4.60983e+05  1.84977e+45  4.60983e+05  2.14129e+45  4.45643e+05  1.87684e+45  5.06449e-06
 9.18515e+00  4.60983e+05  1.93511e+45  4.60983e+05  2.00642e+45  4.60983e+05  2.32155e+45  4.45643e+05  2.01265e+45  5.06449e-06
 9.48535e+00  4.60983e+05  2.09562e+45  4.60983e+05  2.17807e+45  4.60983e+05  2.51534e+45  4.45643e+05  2.15821e+45  5.06449e-06
 9.79535e+00  4.60983e+05  2.27253e+45  4.60983e+05  2.36541e+45  4.45643e+05  2.62107e+45  4.45643e+05  2.31411e+45  5.06449e-06
 1.01155e+01  4.60983e+05  2.46657e+45  4.60983e+05  2.56924e+45  4.45643e+05  2.73128e+45  4.45643e+05  2.48101e+45  5.06449e-06
 1.04461e+01  4.60983e+05  2.67853e+45  4.60983e+05  2.79038e+45  4.45643e+05  2.85672e+45  4.45643e+05  2.65960e+45  5.06449e-06
 1.07875e+01  4.60983e+05  2.90931e+45  4.60983e+05  3.02976e+45  4.45643e+05  2.99788e+45  4.45643e+05  2.85061e+45  5.06449e-06
 1.11401e+01  4.60983e+05  3.15984e+45  4.60983e+05  3.28837e+45  4.45643e+05  3.15537e+45  4.45643e+05  3.05483e+45  5.06449e-06
 1.15041e+01  4.60983e+05  3.43118e+45  4.60983e+05  3.56727e+45  4.45643e+05  3.32983e+45  4.45643e+05  3.27311e+45  5.06449e-06
 1.18801e+01  4.60983e+05  3.72443e+45  4.60983e+05  3.86762e+45  4.45643e+05  3.52198e+45  4.45643e+05  3.50636e+45  5.06449e-06
 1.22684e+01  4.60983e+05  4.04083e+45  4.60983e+05  4.19067e+45  4.45643e+05  3.73262e+45  4.45643e+05  3.75554e+45  5.06449e-06
 1.26694e+01  4.60983e+05  4.38167e+45  4.45643e+05  4.46454e+45  4.45643e+05  3.96262e+45  4.45643e+05  4.02167e+45  5.06449e-06
 1.30834e+01  4.60983e+05  4.74836e+45  4.45643e+05  4.64181e+45  4.45643e+05  4.21293e+45  4.45643e+05  4.30587e+45  5.06449e-06
 1.35110e+01  4.45643e+05  5.11109e+45  4.45643e+05  4.84499e+45  4.45643e+05  4.48459e+45  4.45643e+05  4.60930e+45  5.06449e-06
 1.39526e+01  4.45643e+05  5.30886e+45  4.45643e+05  5.07490e+45  4.45643e+05  4.77872e+45  4.45643e+05  4.93323e+45  5.06449e-06
 1.44086e+01  4.45643e+05  5.53631e+45  4.45643e+05  5.33250e+45  4.45643e+05  5.09654e+45  4.45643e+05  5.27899e+45  5.06449e-06
 1.48795e+01  4.45643e+05  5.79440e+45  4.45643e+05  5.61886e+45  4.45643e+05  5.43937e+45  4.45643e+05  5.64801e+45  5.06449e-06
 1.53658e+01  4.45643e+05  6.08419e+45  4.45643e+05  5.93516e+45  4.45643e+05  5.80862e+45  4.45643e+05  6.04183e+45  5.06449e-06
 1.58680e+01  4.45643e+05  6.40688e+45  4.45643e+05  6.28271e+45  4.45643e+05  6.20582e+45  4.45643e+05  6.46207e+45  5.06449e-06
 1.63866e+01  4.45643e+05  6.76381e+45  4.45643e+05  6.66295e+45  4.45643e+05  6.63262e+45  4.45643e+05  6.91046e+45  5.06449e-06
 1.69222e+01  4.45643e+05  7.15645e+45  4.45643e+05  7.07745e+45  4.45643e+05  7.09078e+45  4.45643e+05  7.38888e+45  5.06449e-06
 1.74753e+01  4.45643e+05  7.58643e+45  4.45643e+05  7.52793e+45  4.45643e+05  7.58219e+45  4.45643e+05  7.89929e+45  5.06449e-06
 1.80464e+01  4.45643e+05  8.05554e+45  4.45643e+05  8.01625e+45  4.45643e+05  8.10890e+45  4.45643e+05  8.44381e+45  5.06449e-06
 1.86362e+01  4.45643e+05  8.56570e+45  4.45643e+05  8.54443e+45  4.45643e+05  8.67308e+45  4.45643e+05  9.02469e+45  5.06449e-06
 1.92453e+01  4.45643e+05  9.11903e+45  4.45643e+05  9.11466e+45  4.45643e+05  9.27707e+45  4.45643e+05  9.64434e+45  5.06449e-06
 1.98743e+01  4.45643e+05  9.71782e+45  4.45643e+05  9.72930e+45  4.45643e+05  9.92336e+45  4.45643e+05  1.03053e+46  5.06449e-06
 2.05238e+01  4.45643e+05  1.03646e+46  4.45643e+05  1.03909e+46  4.45643e+05  1.06146e+46  4.45643e+05  1.10104e+46  5.06449e-06
 2.11946e+01  4.45643e+05  1.10619e+46  4.45643e+05  1.11022e+46  4.45643e+05  1.13538e+46  4.45643e+05  1.17624e+46  5.06449e-06
 2.18873e+01  4.45643e+05  1.18128e+46  4.45643e+05  1.18661e+46  4.45643e+05  1.21438e+46  4.45643e+05  1.25645e+46  5.06449e-06
 2.26026e+01  4.45643e+05  1.26202e+46  4.45643e+05  1.26858e+46  4.45643e+05  1.29879e+46  4.45643e+05  1.34200e+46  5.06449e-06
 2.33413e+01  4.45643e+05  1.34876e+46  4.45643e+05  1.35647e+46  4.45643e+05  1.38898e+46  4.45643e+05  1.43325e+46  5.06449e-06
 2.41042e+01  4.45643e+05  1.44186e+46  4.45643e+05  1.45064e+46  4.45643e+05  1.48530e+46  4.45643e+05  1.53058e+46  5.06449e-06
 2.48920e+01  4.45643e+05  1.54169e+46  4.45643e+05  1.55149e+46  4.45643e+05  1.58817e+46  4.45643e+05  1.63437e+46  5.06449e-06
 2.57055e+01  4.45643e+05  1.64868e+46  4.45643e+05  1.65942e+46  4.45643e+05  1.69799e+46  4.45643e+05  1.74508e+46  5.06449e-06
 2.65456e+01  4.45643e+05  1.76326e+46  4.45643e+05  1.77489e+46  4.45643e+05  1.81524e+46  4.45643e+05  1.86315e+46  5.06449e-06
 2.74132e+01  4.45643e+05  1.88591e+46  4.45643e+05  1.89838e+46  4.45643e+05  1.94039e+46  4.30814e+05  1.94831e+46  5.06449e-06
 2.83091e+01  4.45643e+05  2.01714e+46  4.45643e+05  2.03039e+46  4.45643e+05  2.07396e+46  4.30814e+05  2.01471e+46  5.06449e-06
 2.92343e+01  4.45643e+05  2.15749e+46  4.45643e+05  2.17147e+46  4.45643e+05  2.21650e+46  4.30814e+05  2.08958e+46  5.06449e-06
 3.01898e+01  4.45643e+05  2.30754e+46  4.45643e+05  2.32220e+46  4.45643e+05  2.36861e+46  4.30814e+05  2.17324e+46  5.06449e-06
 3.11765e+01  4.45643e+05  2.46791e+46  4.45643e+05  2.48322e+46  4.45643e+05  2.53091e+46  4.30814e+05  2.26604e+46  5.06449e-06
 3.21954e+01  4.45643e+05  2.63927e+46  4.45643e+05  2.65518e+46  4.45643e+05  2.70408e+46  4.30814e+05  2.36836e+46  5.06449e-06
 3.32476e+01  4.45643e+05  2.82232e+46  4.45643e+05  2.83880e+46  4.45643e+05  2.88883e+46  4.30814e+05  2.48062e+46  5.06449e-06
 3.43343e+01  4.45643e+05  3.01783e+46  4.45643e+05  3.03484e+46  4.45643e+05  3.08592e+46  4.30814e+05  2.60329e+46  5.06449e-06
 3.54564e+01  4.45643e+05  3.22659e+46  4.45643e+05  3.24410e+46  4.45643e+05  3.29618e+46  4.30814e+05  2.73687e+46  5.06449e-06
 3.66152e+01  4.45643e+05  3.44948e+46  4.45643e+05  3.46746e+46  4.45643e+05  3.52047e+46  4.30814e+05  2.88193e+46  5.06449e-06
 3.78119e+01  4.45643e+05  3.68742e+46  4.45643e+05  3.70583e+46  4.45643e+05  3.75972e+46  4.30814e+05  3.03905e+46  5.06449e-06
 3.90477e+01  4.45643e+05  3.94139e+46  4.45643e+05  3.96022e+46  4.45643e+05  4.01492e+46  4.30814e+05  3.20889e+46  5.06449e-06
 4.03238e+01  4.45643e+05  4.21245e+46  4.45643e+05  4.23166e+46  4.45643e+05  4.28713e+46  4.30814e+05  3.39215e+46  5.06449e-06
 4.16417e+01  4.45643e+05  4.50171e+46  4.45643e+05  4.52128e+46  4.45643e+05  4.57748e+46  4.30814e+05  3.58959e+46  5.06449e-06
 4.30027e+01  4.45643e+05  4.81037e+46  4.45643e+05  4.83028e+46  4.45643e+05  4.88715e+46  4.30814e+05  3.80203e+46  5.06449e-06
 4.44081e+01  4.45643e+05  5.13972e+46  4.45643e+05  5.15994e+46  4.45643e+05  5.21745e+46  4.30814e+05  4.03034e+46  5.06449e-06
 4.58595e+01  4.45643e+05  5.49110e+46  4.45643e+05  5.51162e+46  4.45643e+05  5.56972e+46  4.30814e+05  4.27548e+46  5.06449e-06
 4.73583e+01  4.45643e+05  5.86598e+46  4.45643e+05  5.88678e+46  4.45643e+05  5.94544e+46  4.30814e+05  4.53845e+46  5.06449e-06
 4.89061e+01  4.45643e+05  6.26591e+46  4.45643e+05  6.28698e+46  4.45643e+05  6.34616e+46  4.30814e+05  4.82035e+46  5.06449e-06
 5.05045e+01  4.45643e+05  6.69255e+46  4.45643e+05  6.71385e+46  4.45643e+05  6.77353e+46  4.30814e+05  5.12233e+46  5.06449e-06
 5.21551e+01  4.45643e+05  7.14765e+46  4.45643e+05  7.16919e+46  4.45643e+05  7.22932e+46  4.30814e+05  5.44566e+46  5.06449e-06
 5.38597e+01  4.45643e+05  7.63311e+46  4.45643e+05  7.65486e+46  4.30814e+05  7.62897e+46  4.30814e+05  5.79167e+46  5.06449e-06
 5.56199e+01  4.45643e+05  8.15092e+46  4.45643e+05  8.17288e+46  4.30814e+05  7.88088e+46  4.30814e+05  6.16178e+46  5.06449e-06
 5.74378e+01  4.45643e+05  8.70325e+46  4.45643e+05  8.72539e+46  4.30814e+05  8.16579e+46  4.30814e+05  6.55754e+46  5.06449e-06
 5.93150e+01  4.45643e+05  9.29236e+46  4.45643e+05  9.31468e+46  4.30814e+05  8.48488e+46  4.30814e+05  6.98058e+46  5.06449e-06
 6.12535e+01  4.45643e+05  9.92070e+46  4.45643e+05  9.94319e+46  4.30814e+05  8.83948e+46  4.30814e+05  7.43264e+46  5.06449e-06
 6.32555e+01  4.45643e+05  1.05909e+47  4.45643e+05  1.06135e+47  4.30814e+05  9.23106e+46  4.30814e+05  7.91561e+46  5.06449e-06
 6.53228e+01  4.45643e+05  1.13056e+47  4.45643e+05  1.13284e+47  4.30814e+05  9.66122e+46  4.30814e+05  8.43148e+46  5.06449e-06
 6.74577e+01  4.45643e+05  1.20680e+47  4.45643e+05  1.20909e+47  4.30814e+05  1.01318e+47  4.30814e+05  8.98239e+46  5.06449e-06
 6.96624e+01  4.45643e+05  1.28810e+47  4.45643e+05  1.29041e+47  4.30814e+05  1.06446e+47  4.30814e+05  9.57061e+46  5.06449e-06
 7.19392e+01  4.45643e+05  1.37481e+47  4.30814e+05  1.34095e+47  4.30814e+05  1.12019e+47  4.30814e+05  1.01986e+47  5.06449e-06
 7.42903e+01  4.45643e+05  1.46729e+47  4.30814e+05  1.38719e+47  4.30814e+05  1.18060e+47  4.30814e+05  1.08689e+47  5.06449e-06
 7.67183e+01  4.30814e+05  1.53674e+47  4.30814e+05  1.43923e+47  4.30814e+05  1.24593e+47  4.30814e+05  1.15843e+47  5.06449e-06
 7.92257e+01  4.30814e+05  1.58858e+47  4.30814e+05  1.49730e+47  4.30814e+05  1.31646e+47  4.30814e+05  1.23479e+47  5.06449e-06
 8.18150e+01  4.30814e+05  1.64706e+47  4.30814e+05  1.56163e+47  4.30814e+05  1.39247e+47  4.30814e+05  1.31626e+47  5.06449e-06
 8.44889e+01  4.30814e+05  1.71245e+47  4.30814e+05  1.63249e+47  4.30814e+05  1.47428e+47  4.30814e+05  1.40320e+47  5.06449e-06
 8.72502e+01  4.30814e+05  1.78499e+47  4.30814e+05  1.71017e+47  4.30814e+05  1.56224e+47  4.30814e+05  1.49596e+47  5.06449e-06
 9.01018e+01  4.30814e+05  1.86500e+47  4.30814e+05  1.79500e+47  4.30814e+05  1.65670e+47  4.30814e+05  1.59492e+47  5.06449e-06
 9.30466e+01  4.30814e+05  1.95281e+47  4.30814e+05  1.88732e+47  4.30814e+05  1.75805e+47  4.30814e+05  1.70050e+47  5.06449e-06
 9.60876e+01  4.30814e+05  2.04877e+47  4.30814e+05  1.98752e+47  4.30814e+05  1.86672e+47  4.30814e+05  1.81313e+47  5.06449e-06
 9.92280e+01  4.30814e+05  2.15329e+47  4.30814e+05  2.09601e+47  4.30814e+05  1.98316e+47  4.30814e+05  1.93328e+47  5.06449e-06
 1.02471e+02  4.30814e+05  2.26680e+47  4.30814e+05  2.21324e+47  4.30814e+05  2.10784e+47  4.30814e+05  2.06145e+47  5.06449e-06
 1.05820e+02  4.30814e+05  2.38977e+47  4.30814e+05  2.33970e+47  4.30814e+05  2.24128e+47  4.30814e+05  2.19815e+47  5.06449e-06
 1.09278e+02  4.30814e+05  2.52270e+47  4.30814e+05  2.47591e+47  4.30814e+05  2.38404e+47  4.30814e+05  2.34397e+47  5.06449e-06
 1.12850e+02  4.30814e+05  2.66615e+47  4.30814e+05  2.62244e+47  4.30814e+05  2.53670e+47  4.30814e+05  2.49951e+47  5.06449e-06
 1.16538e+02  4.30814e+05  2.82072e+47  4.30814e+05  2.77988e+47  4.30814e+05  2.69990e+47  4.30814e+05  2.66540e+47  5.06449e-06
 1.20347e+02  4.30814e+05  2.98703e+47  4.30814e+05  2.94889e+47  4.30814e+05  2.87432e+47  4.30814e+05  2.84234e+47  5.06449e-06
 1.24280e+02  4.30814e+05  3.16578e+47  4.30814e+05  3.13017e+47  4.30814e+05  3.06066e+47  4.30814e+05  3.03105e+47  5.06449e-06
 1.28342e+02  4.30814e+05  3.35771e+47  4.30814e+05  3.32448e+47  4.30814e+05  3.25972e+47  4.30814e+05  3.23233e+47  5.06449e-06
 1.32537e+02  4.30814e+05  3.56362e+47  4.30814e+05  3.53261e+47  4.30814e+05  3.47230e+47  4.30814e+05  3.44699e+47  5.06449e-06
 1.36868e+02  4.30814e+05  3.78435e+47  4.30814e+05  3.75543e+47  4.30814e+05  3.69929e+47  4.30814e+05  3.67593e+47  5.06449e-06
 1.41341e+02  4.30814e+05  4.02081e+47  4.30814e+05  3.99385e+47  4.30814e+05  3.94163e+47  4.30814e+05  3.92010e+47  5.06449e-06
 1.45961e+02  4.30814e+05  4.27400e+47  4.30814e+05  4.24887e+47  4.30814e+05  4.20032e+47  4.30814e+05  4.18051e+47  5.06449e-06
 1.50731e+02  4.30814e+05  4.54495e+47  4.30814e+05  4.52154e+47  4.30814e+05  4.47643e+47  4.30814e+05  4.45824e+47  5.06449e-06
 1.55658e+02  4.30814e+05  4.83478e+47  4.30814e+05  4.81299e+47  4.30814e+05  4.77111e+47  4.30814e+05  4.75442e+47  5.06449e-06
 1.60745e+02  4.30814e+05  5.14471e+47  4.30814e+05  5.12443e+47  4.30814e+05  5.08557e+47  4.30814e+05  5.07030e+47  5.06449e-06
 1.65998e+02  4.30814e+05  5.47600e+47  4.30814e+05  5.45714e+47  4.30814e+05  5.42112e+47  4.30814e+05  5.40717e+47  5.06449e-06
 1.71424e+02  4.30814e+05  5.83003e+47  4.30814e+05  5.81250e+47  4.30814e+05  5.77914e+47  4.30814e+05  5.76644e+47  5.06449e-06
 1.77026e+02  4.30814e+05  6.20826e+47  4.30814e+05  6.19198e+47  4.30814e+05  6.16112e+47  4.30814e+05  6.14958e+47  5.06449e-06
 1.82812e+02  4.30814e+05  6.61227e+47  4.30814e+05  6.59715e+47  4.30814e+05  6.56863e+47  4.30814e+05  6.55819e+47  5.06449e-06
 1.88787e+02  4.30814e+05  7.04371e+47  4.30814e+05  7.02970e+47  4.30814e+05  7.00337e+47  4.30814e+05  6.99396e+47  5.06449e-06
 1.94957e+02  4.30814e+05  7.50438e+47  4.30814e+05  7.49140e+47  4.30814e+05  7.46713e+47  4.30814e+05  7.45868e+47  5.06449e-06
 2.01328e+02  4.30814e+05  7.99619e+47  4.30814e+05  7.98417e+47  4.30814e+05  7.96183e+47  4.30814e+05  7.95428e+47  5.06449e-06
 2.07908e+02  4.30814e+05  8.52117e+47  4.30814e+05  8.51005e+47  4.30814e+05  8.48952e+47  4.30814e+05  8.48282e+47  5.06449e-06
 2.14703e+02  4.30814e+05  9.08149e+47  4.30814e+05  9.07122e+47  4.30814e+05  9.05239e+47  4.30814e+05  9.04647e+47  5.06449e-06
 2.21720e+02  4.30814e+05  9.67946e+47  4.30814e+05  9.66999e+47  4.30814e+05  9.65275e+47  4.30814e+05  9.64758e+47  5.06449e-06
 2.28967e+02  4.30814e+05  1.03176e+48  4.30814e+05  1.03089e+48  4.30814e+05  1.02931e+48  4.30814e+05  1.02886e+48  5.06449e-06
 2.36450e+02  4.30814e+05  1.09985e+48  4.30814e+05  1.09904e+48  4.30814e+05  1.09761e+48  4.30814e+05  1.09723e+48  5.06449e-06
 2.44178e+02  4.30814e+05  1.17250e+48  4.30814e+05  1.17176e+48  4.30814e+05  1.17045e+48  4.30814e+05  1.17013e+48  5.06449e-06
 2.52158e+02  4.30814e+05  1.25000e+48  4.30814e+05  1.24933e+48  4.30814e+05  1.24815e+48  4.16479e+05  1.22392e+48  5.06449e-06
 2.60399e+02  4.30814e+05  1.33269e+48  4.30814e+05  1.33207e+48  4.30814e+05  1.33101e+48  4.16479e+05  1.26383e+48  5.06449e-06
 2.68910e+02  4.30814e+05  1.42091e+48  4.30814e+05  1.42034e+48  4.30814e+05  1.41938e+48  4.16479e+05  1.30897e+48  5.06449e-06
 2.77699e+02  4.30814e+05  1.51501e+48  4.30814e+05  1.51449e+48  4.30814e+05  1.51364e+48  4.16479e+05  1.35953e+48  5.06449e-06
 2.86774e+02  4.30814e+05  1.61538e+48  4.30814e+05  1.61492e+48  4.30814e+05  1.61416e+48  4.16479e+05  1.41572e+48  5.06449e-06
 2.96147e+02  4.30814e+05  1.72245e+48  4.30814e+05  1.72203e+48  4.30814e+05  1.72136e+48  4.16479e+05  1.47776e+48  5.06449e-06
 3.05826e+02  4.30814e+05  1.83666e+48  4.30814e+05  1.83628e+48  4.30814e+05  1.83569e+48  4.16479e+05  1.54593e+48  5.06449e-06
 3.15821e+02  4.30814e+05  1.95848e+48  4.30814e+05  1.95814e+48  4.30814e+05  1.95763e+48  4.16479e+05  1.62049e+48  5.06449e-06
 3.26143e+02  4.30814e+05  2.08840e+48  4.30814e+05  2.08810e+48  4.30814e+05  2.08767e+48  4.16479e+05  1.70176e+48  5.06449e-06
 3.36802e+02  4.30814e+05  2.22698e+48  4.30814e+05  2.22671e+48  4.30814e+05  2.22635e+48  4.16479e+05  1.79008e+48  5.06449e-06
 3.47810e+02  4.30814e+05  2.37479e+48  4.30814e+05  2.37455e+48  4.30814e+05  2.37425e+48  4.16479e+05  1.88580e+48  5.06449e-06
 3.59177e+02  4.30814e+05  2.53242e+48  4.30814e+05  2.53222e+48  4.30814e+05  2.53198e+48  4.16479e+05  1.98934e+48  5.06449e-06
 3.70916e+02  4.30814e+05  2.70055e+48  4.30814e+05  2.70037e+48  4.30814e+05  2.70019e+48  4.16479e+05  2.10110e+48  5.06449e-06
 3.83038e+02  4.30814e+05  2.87986e+48  4.30814e+05  2.87971e+48  4.30814e+05  2.87958e+48  4.16479e+05  2.22156e+48  5.06449e-06
 3.95557e+02  4.30814e+05  3.07110e+48  4.30814e+05  3.07097e+48  4.30814e+05  3.07089e+48  4.16479e+05  2.35122e+48  5.06449e-06
 4.08485e+02  4.30814e+05  3.27505e+48  4.30814e+05  3.27495e+48  4.30814e+05  3.27491e+48  4.16479e+05  2.49061e+48  5.06449e-06
 4.21835e+02  4.30814e+05  3.49257e+48  4.30814e+05  3.49249e+48  4.30814e+05  3.49249e+48  4.16479e+05  2.64031e+48  5.06449e-06
 4.35622e+02  4.30814e+05  3.72454e+48  4.30814e+05  3.72448e+48  4.30814e+05  3.72453e+48  4.16479e+05  2.80093e+48  5.06449e-06
 4.49859e+02  4.30814e+05  3.97194e+48  4.30814e+05  3.97190e+48  4.30814e+05  3.97199e+48  4.16479e+05  2.97315e+48  5.06449e-06
 4.64562e+02  4.30814e+05  4.23578e+48  4.30814e+05  4.23576e+48  4.30814e+05  4.23589e+48  4.16479e+05  3.15767e+48  5.06449e-06
 4.79745e+02  4.30814e+05  4.51717e+48  4.30814e+05  4.51716e+48  4.30814e+05  4.51732e+48  4.16479e+05  3.35527e+48  5.06449e-06
 4.95424e+02  4.30814e+05  4.81725e+48  4.30814e+05  4.81726e+48  4.16479e+05  4.77483e+48  4.16479e+05  3.56675e+48  5.06449e-06
 5.11616e+02  4.30814e+05  5.13727e+48  4.30814e+05  5.13730e+48  4.16479e+05  4.92578e+48  4.16479e+05  3.79299e+48  5.06449e-06
 5.28337e+02  4.30814e+05  5.47857e+48  4.30814e+05  5.47861e+48  4.16479e+05  5.09711e+48  4.16479e+05  4.03493e+48  5.06449e-06
 5.45604e+02  4.30814e+05  5.84254e+48  4.30814e+05  5.84260e+48  4.16479e+05  5.28955e+48  4.16479e+05  4.29358e+48  5.06449e-06
 5.63436e+02  4.30814e+05  6.23071e+48  4.30814e+05  6.23077e+48  4.16479e+05  5.50388e+48  4.16479e+05  4.56999e+48  5.06449e-06
 5.81850e+02  4.30814e+05  6.64466e+48  4.30814e+05  6.64474e+48  4.16479e+05  5.74099e+48  4.16479e+05  4.86531e+48  5.06449e-06
 6.00867e+02  4.30814e+05  7.08612e+48  4.30814e+05  7.08621e+48  4.16479e+05  6.00186e+48  4.16479e+05  5.18077e+48  5.06449e-06
 6.20505e+02  4.30814e+05  7.55692e+48  4.30814e+05  7.55702e+48  4.16479e+05  6.28758e+48  4.16479e+05  5.51768e+48  5.06449e-06
 6.40784e+02  4.30814e+05  8.05900e+48  4.30814e+05  8.05910e+48  4.16479e+05  6.59932e+48  4.16479e+05  5.87742e+48  5.06449e-06
 6.61727e+02  4.30814e+05  8.59443e+48  4.16479e+05  8.38617e+48  4.16479e+05  6.93838e+48  4.16479e+05  6.26148e+48  5.06449e-06
 6.83354e+02  4.30814e+05  9.16544e+48  4.16479e+05  8.66371e+48  4.16479e+05  7.30615e+48  4.16479e+05  6.67146e+48  5.06449e-06
 7.05688e+02  4.16479e+05  9.61368e+48  4.16479e+05  8.97712e+48  4.16479e+05  7.70417e+48  4.16479e+05  7.10905e+48  5.06449e-06
 7.28751e+02  4.16479e+05  9.92457e+48  4.16479e+05  9.32768e+48  4.16479e+05  8.13407e+48  4.16479e+05  7.57606e+48  5.06449e-06
 7.52569e+02  4.16479e+05  1.02765e+49  4.16479e+05  9.71685e+48  4.16479e+05  8.59764e+48  4.16479e+05  8.07443e+48  5.06449e-06
 7.77165e+02  4.16479e+05  1.06711e+49  4.16479e+05  1.01462e+49  4.16479e+05  9.09679e+48  4.16479e+05  8.60622e+48  5.06449e-06
 8.02565e+02  4.16479e+05  1.11097e+49  4.16479e+05  1.06176e+49  4.16479e+05  9.63360e+48  4.16479e+05  9.17362e+48  5.06449e-06
 8.28794e+02  4.16479e+05  1.15944e+49  4.16479e+05  1.11330e+49  4.16479e+05  1.02103e+49  4.16479e+05  9.77899e+48  5.06449e-06
 8.55882e+02  4.16479e+05  1.21270e+49  4.16479e+05  1.16944e+49  4.16479e+05  1.08292e+49  4.16479e+05  1.04248e+49  5.06449e-06
 8.83854e+02  4.16479e+05  1.27099e+49  4.16479e+05  1.23042e+49  4.16479e+05  1.14930e+49  4.16479e+05  1.11138e+49  5.06449e-06
 9.12741e+02  4.16479e+05  1.33453e+49  4.16479e+05  1.29649e+49  4.16479e+05  1.22043e+49  4.16479e+05  1.18488e+49  5.06449e-06
 9.42571e+02  4.16479e+05  1.40360e+49  4.16479e+05  1.36793e+49  4.16479e+05  1.29661e+49  4.16479e+05  1.26328e+49  5.06449e-06
 9.73377e+02  4.16479e+05  1.47848e+49  4.16479e+05  1.44504e+49  4.16479e+05  1.37816e+49  4.16479e+05  1.34691e+49  5.06449e-06
 1.00519e+03  4.16479e+05  1.55948e+49  4.16479e+05  1.52812e+49  4.16479e+05  1.46541e+49  4.16479e+05  1.43611e+49  5.06449e-06
 1.03804e+03  4.16479e+05  1.64693e+49  4.16479e+05  1.61753e+49  4.16479e+05  1.55873e+49  4.16479e+05  1.53126e+49  5.06449e-06
 1.07197e+03  4.16479e+05  1.74120e+49  4.16479e+05  1.71363e+49  4.16479e+05  1.65850e+49  4.16479e+05  1.63275e+49  5.06449e-06
 1.10700e+03  4.16479e+05  1.84268e+49  4.16479e+05  1.81683e+49  4.16479e+05  1.76514e+49  4.16479e+05  1.74099e+49  5.06449e-06
 1.14318e+03  4.16479e+05  1.95178e+49  4.16479e+05  1.92754e+49  4.16479e+05  1.87908e+49  4.16479e+05  1.85644e+49  5.06449e-06
 1.18054e+03  4.16479e+05  2.06896e+49  4.16479e+05  2.04623e+49  4.16479e+05  2.00079e+49  4.16479e+05  1.97957e+49  5.06449e-06
 1.21913e+03  4.16479e+05  2.19471e+49  4.16479e+05  2.17339e+49  4.16479e+05  2.13079e+49  4.16479e+05  2.11089e+49  5.06449e-06
 1.25897e+03  4.16479e+05  2.32953e+49  4.16479e+05  2.30955e+49  4.16479e+05  2.26960e+49  4.16479e+05  2.25095e+49  5.06449e-06
 1.30012e+03  4.16479e+05  2.47400e+49  4.16479e+05  2.45527e+49  4.16479e+05  2.41781e+49  4.16479e+05  2.40032e+49  5.06449e-06
 1.34261e+03  4.16479e+05  2.62871e+49  4.16479e+05  2.61114e+49  4.16479e+05  2.57602e+49  4.16479e+05  2.55963e+49  5.06449e-06
 1.38649e+03  4.16479e+05  2.79430e+49  4.16479e+05  2.77783e+49  4.16479e+05  2.74490e+49  4.16479e+05  2.72953e+49  5.06449e-06
 1.43180e+03  4.16479e+05  2.97145e+49  4.16479e+05  2.95601e+49  4.16479e+05  2.92514e+49  4.16479e+05  2.91073e+49  5.06449e-06
 1.47860e+03  4.16479e+05  3.16090e+49  4.16479e+05  3.14642e+49  4.16479e+05  3.11748e+49  4.16479e+05  3.10397e+49  5.06449e-06
 1.52692e+03  4.16479e+05  3.36344e+49  4.16479e+05  3.34986e+49  4.16479e+05  3.32272e+49  4.16479e+05  3.31006e+49  5.06449e-06
 1.57683e+03  4.16479e+05  3.57989e+49  4.16479e+05  3.56716e+49  4.16479e+05  3.54172e+49  4.16479e+05  3.52984e+49  5.06449e-06
 1.62836e+03  4.16479e+05  3.81116e+49  4.16479e+05  3.79922e+49  4.16479e+05  3.77537e+49  4.16479e+05  3.76424e+49  5.06449e-06
 1.68158e+03  4.16479e+05  4.05820e+49  4.16479e+05  4.04701e+49  4.16479e+05  4.02465e+49  4.16479e+05  4.01421e+49  5.06449e-06
 1.73654e+03  4.16479e+05  4.32204e+49  4.16479e+05  4.31154e+49  4.16479e+05  4.29058e+49  4.16479e+05  4.28080e+49  5.06449e-06
 1.79329e+03  4.16479e+05  4.60376e+49  4.16479e+05  4.59392e+49  4.16479e+05  4.57427e+49  4.16479e+05  4.56510e+49  5.06449e-06
 1.85190e+03  4.16479e+05  4.90454e+49  4.16479e+05  4.89532e+49  4.16479e+05  4.87689e+49  4.16479e+05  4.86830e+49  5.06449e-06
 1.91243e+03  4.16479e+05  5.22562e+49  4.16479e+05  5.21697e+49  4.16479e+05  5.19969e+49  4.16479e+05  5.19164e+49  5.06449e-06
 1.97493e+03  4.16479e+05  5.56832e+49  4.16479e+05  5.56021e+49  4.16479e+05  5.54402e+49  4.16479e+05  5.53647e+49  5.06449e-06
 2.03948e+03  4.16479e+05  5.93407e+49  4.16479e+05  5.92647e+49  4.16479e+05  5.91129e+49  4.16479e+05  5.90421e+49  5.06449e-06
 2.10613e+03  4.16479e+05  6.32437e+49  4.16479e+05  6.31725e+49  4.16479e+05  6.30302e+49  4.16479e+05  6.29639e+49  5.06449e-06
 2.17497e+03  4.16479e+05  6.74085e+49  4.16479e+05  6.73417e+49  4.16479e+05  6.72083e+49  4.16479e+05  6.71462e+49  5.06449e-06
 2.24605e+03  4.16479e+05  7.18523e+49  4.16479e+05  7.17897e+49  4.16479e+05  7.16646e+49  4.16479e+05  7.16064e+49  5.06449e-06
 2.31946e+03  4.16479e+05  7.65935e+49  4.16479e+05  7.65348e+49  4.16479e+05  7.64175e+49  4.16479e+05  7.63630e+49  5.06449e-06
 2.39526e+03  4.16479e+05  8.16516e+49  4.16479e+05  8.15966e+49  4.16479e+05  8.14867e+49  4.16479e+05  8.14356e+49  5.06449e-06
 2.47355e+03  4.16479e+05  8.70476e+49  4.16479e+05  8.69961e+49  4.16479e+05  8.68931e+49  4.16479e+05  8.68452e+49  5.06449e-06
 2.55439e+03  4.16479e+05  9.28039e+49  4.16479e+05  9.27556e+49  4.16479e+05  9.26590e+49  4.16479e+05  9.26142e+49  5.06449e-06
 2.63787e+03  4.16479e+05  9.89443e+49  4.16479e+05  9.88990e+49  4.16479e+05  9.88085e+49  4.16479e+05  9.87665e+49  5.06449e-06
 2.72409e+03  4.16479e+05  1.05494e+50  4.16479e+05  1.05452e+50  4.16479e+05  1.05367e+50  4.02620e+05  1.02870e+50  5.06449e-06
 2.81312e+03  4.16479e+05  1.12481e+50  4.16479e+05  1.12441e+50  4.16479e+05  1.12361e+50  4.02620e+05  1.06175e+50  5.06449e-06
 2.90506e+03  4.16479e+05  1.19933e+50  4.16479e+05  1.19895e+50  4.16479e+05  1.19821e+50  4.02620e+05  1.09920e+50  5.06449e-06
 3.00000e+03  4.16479e+05  1.27881e+50  4.16479e+05  1.27846e+50  4.16479e+05  1.27776e+50  4.02620e+05  1.14121e+50  5.06449e-06
