radius_rg T_0deg chi2_0deg T_15deg chi2_15deg T_30deg chi2_30deg T_45deg chi2_45deg nuLnusavg_last
 2.00000e-01  1.27234e+06  7.47674e+44  1.23000e+06  5.89897e+44  1.07428e+06  2.49866e+44  9.07048e+05  4.92047e+43  5.22375e-07
 2.06537e-01  1.23000e+06  7.20067e+44  1.18907e+06  5.68969e+44  1.07428e+06  2.35770e+44  8.76865e+05  4.59926e+43  5.22375e-07
 2.13287e-01  1.23000e+06  6.87398e+44  1.18907e+06  5.41528e+44  1.07428e+06  2.26341e+44  8.76865e+05  4.33379e+43  5.22375e-07
 2.20257e-01  1.23000e+06  6.64805e+44  1.18907e+06  5.22591e+44  1.03853e+06  2.15881e+44  8.76865e+05  4.21745e+43  5.22375e-07
 2.27456e-01  1.18907e+06  6.31900e+44  1.14951e+06  4.97340e+44  1.03853e+06  2.04746e+44  8.47687e+05  3.88964e+43  5.22375e-07
 2.34890e-01  1.18907e+06  6.07723e+44  1.14951e+06  4.76661e+44  1.03853e+06  1.98151e+44  8.47687e+05  3.65961e+43  5.22375e-07
 2.42567e-01  1.14951e+06  5.81321e+44  1.11126e+06  4.57524e+44  1.00397e+06  1.85905e+44  8.47687e+05  3.57592e+43  5.22375e-07
 2.50494e-01  1.14951e+06  5.55182e+44  1.11126e+06  4.34777e+44  1.00397e+06  1.77330e+44  8.19480e+05  3.25846e+43  5.22375e-07
 2.58681e-01  1.11126e+06  5.35881e+44  1.11126e+06  4.20091e+44  9.70565e+05  1.70113e+44  8.19480e+05  3.05157e+43  5.22375e-07
 2.67136e-01  1.11126e+06  5.07400e+44  1.07428e+06  3.97195e+44  9.70565e+05  1.59367e+44  8.19480e+05  2.98850e+43  5.22375e-07
 2.75866e-01  1.11126e+06  4.88251e+44  1.07428e+06  3.79956e+44  9.70565e+05  1.52974e+44  7.92211e+05  2.70099e+43  5.22375e-07
 2.84882e-01  1.07428e+06  4.64675e+44  1.03853e+06  3.64251e+44  9.38269e+05  1.44611e+44  7.92211e+05  2.50506e+43  5.22375e-07
 2.94193e-01  1.07428e+06  4.42620e+44  1.03853e+06  3.44137e+44  9.38269e+05  1.35780e+44  7.92211e+05  2.45069e+43  5.22375e-07
 3.03808e-01  1.03853e+06  4.27395e+44  1.03853e+06  3.31709e+44  9.38269e+05  1.31203e+44  7.65850e+05  2.21581e+43  5.22375e-07
 3.13737e-01  1.03853e+06  4.02059e+44  1.00397e+06  3.13045e+44  9.07048e+05  1.22008e+44  7.65850e+05  2.01866e+43  5.22375e-07
 3.23991e-01  1.03853e+06  3.85619e+44  1.00397e+06  2.97281e+44  9.07048e+05  1.14731e+44  7.65850e+05  1.96107e+43  5.22375e-07
 3.34580e-01  1.00397e+06  3.67047e+44  9.70565e+05  2.87190e+44  9.07048e+05  1.11622e+44  7.40366e+05  1.80510e+43  5.22375e-07
 3.45515e-01  1.00397e+06  3.46789e+44  9.70565e+05  2.67758e+44  8.76865e+05  1.01962e+44  7.40366e+05  1.59444e+43  5.22375e-07
 3.56807e-01  1.00397e+06  3.35198e+44  9.70565e+05  2.55697e+44  8.76865e+05  9.58884e+43  7.40366e+05  1.52158e+43  5.22375e-07
 3.68468e-01  9.70565e+05  3.13712e+44  9.38269e+05  2.43741e+44  8.47687e+05  9.34614e+43  7.15730e+05  1.47508e+43  5.22375e-07
 3.80511e-01  9.70565e+05  2.97780e+44  9.38269e+05  2.27561e+44  8.47687e+05  8.42078e+43  7.15730e+05  1.23835e+43  5.22375e-07
 3.92947e-01  9.38269e+05  2.87086e+44  9.38269e+05  2.18586e+44  8.47687e+05  7.89949e+43  7.15730e+05  1.13793e+43  5.22375e-07
 4.05790e-01  9.38269e+05  2.66427e+44  9.07048e+05  2.05302e+44  8.19480e+05  7.72343e+43  7.15730e+05  1.17342e+43  5.22375e-07
 4.19052e-01  9.38269e+05  2.54103e+44  9.07048e+05  1.91761e+44  8.19480e+05  6.85669e+43  6.91914e+05  9.60817e+42  5.22375e-07
 4.32748e-01  9.07048e+05  2.41954e+44  9.07048e+05  1.85276e+44  8.19480e+05  6.38756e+43  6.91914e+05  8.20161e+42  5.22375e-07
 4.46891e-01  9.07048e+05  2.24384e+44  8.76865e+05  1.71292e+44  8.19480e+05  6.31410e+43  6.91914e+05  8.14096e+42  5.22375e-07
 4.61496e-01  9.07048e+05  2.14975e+44  8.76865e+05  1.59794e+44  7.92211e+05  5.49493e+43  6.68890e+05  7.77580e+42  5.22375e-07
 4.76579e-01  8.76865e+05  2.02102e+44  8.76865e+05  1.55220e+44  7.92211e+05  5.04412e+43  6.68890e+05  5.83389e+42  5.22375e-07
 4.92155e-01  8.76865e+05  1.86929e+44  8.47687e+05  1.41270e+44  7.92211e+05  4.98342e+43  6.68890e+05  5.22809e+42  5.22375e-07
 5.08240e-01  8.76865e+05  1.79761e+44  8.47687e+05  1.31232e+44  7.65850e+05  4.33618e+43  6.68890e+05  5.95589e+42  5.22375e-07
 5.24851e-01  8.47687e+05  1.67016e+44  8.47687e+05  1.27999e+44  7.65850e+05  3.86957e+43  6.46632e+05  4.48882e+42  5.22375e-07
 5.42004e-01  8.47687e+05  1.53562e+44  8.19480e+05  1.14937e+44  7.65850e+05  3.78821e+43  6.46632e+05  3.20032e+42  5.22375e-07
 5.59718e-01  8.47687e+05  1.47975e+44  8.19480e+05  1.05781e+44  7.40366e+05  3.39199e+43  6.46632e+05  3.23703e+42  5.22375e-07
 5.78011e-01  8.19480e+05  1.36350e+44  8.19480e+05  1.03327e+44  7.40366e+05  2.87477e+43  6.25115e+05  4.45573e+42  5.22375e-07
 5.96902e-01  8.19480e+05  1.23945e+44  7.92211e+05  9.21478e+43  7.40366e+05  2.73869e+43  6.25115e+05  2.33552e+42  5.22375e-07
 6.16411e-01  8.19480e+05  1.19284e+44  7.92211e+05  8.32994e+43  7.15730e+05  2.68638e+43  6.25115e+05  1.53695e+42  5.22375e-07
 6.36557e-01  7.92211e+05  1.09936e+44  7.92211e+05  8.10585e+43  7.15730e+05  2.08260e+43  6.25115e+05  2.05670e+42  5.22375e-07
 6.57361e-01  7.92211e+05  9.79108e+43  7.65850e+05  7.29241e+43  7.15730e+05  1.85667e+43  6.04314e+05  3.00536e+42  5.22375e-07
 6.78845e-01  7.92211e+05  9.35224e+43  7.65850e+05  6.38015e+43  7.15730e+05  2.00766e+43  6.04314e+05  1.21245e+42  5.22375e-07
 7.01032e-01  7.65850e+05  8.77999e+43  7.65850e+05  6.12056e+43  6.91914e+05  1.53009e+43  6.04314e+05  7.36533e+41  5.22375e-07
 7.23943e-01  7.65850e+05  7.54797e+43  7.40366e+05  5.74743e+43  6.91914e+05  1.17757e+43  6.04314e+05  1.57563e+42  5.22375e-07
 7.47603e-01  7.65850e+05  7.07035e+43  7.40366e+05  4.74835e+43  6.91914e+05  1.19917e+43  5.84205e+05  2.73840e+42  5.22375e-07
 7.72037e-01  7.40366e+05  7.01859e+43  7.40366e+05  4.39520e+43  6.68890e+05  1.27145e+43  5.84205e+05  1.09397e+42  5.22375e-07
 7.97269e-01  7.40366e+05  5.68812e+43  7.15730e+05  4.62220e+43  6.68890e+05  7.53278e+42  5.84205e+05  7.66042e+41  5.22375e-07
 8.23326e-01  7.40366e+05  5.10434e+43  7.15730e+05  3.47487e+43  6.68890e+05  6.07458e+42  5.84205e+05  1.75325e+42  5.22375e-07
 8.50234e-01  7.40366e+05  5.26485e+43  7.15730e+05  2.96820e+43  6.68890e+05  8.33381e+42  5.64766e+05  3.73780e+42  5.22375e-07
 8.78022e-01  7.15730e+05  4.25861e+43  7.15730e+05  3.10008e+43  6.46632e+05  6.56187e+42  5.64766e+05  2.05093e+42  5.22375e-07
 9.06718e-01  7.15730e+05  3.49906e+43  6.91914e+05  2.62451e+43  6.46632e+05  3.01904e+42  5.64766e+05  1.68451e+42  5.22375e-07
 9.36352e-01  7.15730e+05  3.47715e+43  6.91914e+05  1.90147e+43  6.46632e+05  3.18101e+42  5.64766e+05  2.63704e+42  5.22375e-07
 9.66955e-01  6.91914e+05  3.33511e+43  6.91914e+05  1.81257e+43  6.46632e+05  7.04844e+42  5.64766e+05  4.91245e+42  5.22375e-07
 9.98557e-01  6.91914e+05  2.32678e+43  6.68890e+05  2.29191e+43  6.25115e+05  3.76996e+42  5.45973e+05  4.28104e+42  5.22375e-07
 1.03119e+00  6.91914e+05  2.05123e+43  6.68890e+05  1.28551e+43  6.25115e+05  1.39676e+42  5.45973e+05  3.67193e+42  5.22375e-07
 1.06489e+00  6.91914e+05  2.50733e+43  6.68890e+05  9.10698e+42  6.25115e+05  2.72164e+42  5.45973e+05  4.38999e+42  5.22375e-07
 1.09970e+00  6.68890e+05  1.69307e+43  6.68890e+05  1.16593e+43  6.25115e+05  7.75009e+42  5.45973e+05  6.43819e+42  5.22375e-07
 1.13564e+00  6.68890e+05  1.08820e+43  6.46632e+05  1.24650e+43  6.04314e+05  4.20286e+42  5.27805e+05  8.15963e+42  5.22375e-07
 1.17276e+00  6.68890e+05  1.21099e+43  6.46632e+05  5.15267e+42  6.04314e+05  2.50988e+42  5.27805e+05  7.07710e+42  5.22375e-07
 1.21108e+00  6.46632e+05  1.74520e+43  6.46632e+05  4.12440e+42  6.04314e+05  4.51960e+42  5.27805e+05  7.33583e+42  5.22375e-07
 1.25067e+00  6.46632e+05  7.28965e+42  6.46632e+05  9.37593e+42  6.04314e+05  1.02403e+43  5.27805e+05  8.93689e+42  5.22375e-07
 1.29154e+00  6.46632e+05  4.38907e+42  6.25115e+05  7.90910e+42  5.84205e+05  7.99400e+42  5.27805e+05  1.18869e+43  5.22375e-07
 1.33375e+00  6.46632e+05  8.73822e+42  6.25115e+05  2.54629e+42  5.84205e+05  6.45836e+42  5.10242e+05  1.25009e+43  5.22375e-07
 1.37734e+00  6.25115e+05  1.16565e+43  6.25115e+05  3.45675e+42  5.84205e+05  8.64174e+42  5.10242e+05  1.20374e+43  5.22375e-07
 1.42236e+00  6.25115e+05  3.74958e+42  6.25115e+05  1.06443e+43  5.84205e+05  1.45532e+43  5.10242e+05  1.29357e+43  5.22375e-07
 1.46884e+00  6.25115e+05  3.08976e+42  6.04314e+05  9.05484e+42  5.64766e+05  1.56305e+43  5.10242e+05  1.51995e+43  5.22375e-07
 1.51685e+00  6.25115e+05  9.67430e+42  6.04314e+05  4.80372e+42  5.64766e+05  1.36783e+43  5.10242e+05  1.88381e+43  5.22375e-07
 1.56642e+00  6.04314e+05  1.26772e+43  6.04314e+05  6.83521e+42  5.64766e+05  1.54750e+43  4.93264e+05  1.94428e+43  5.22375e-07
 1.61762e+00  6.04314e+05  6.05213e+42  6.04314e+05  1.51577e+43  5.64766e+05  2.10280e+43  4.93264e+05  1.93260e+43  5.22375e-07
 1.67049e+00  6.04314e+05  6.68373e+42  5.84205e+05  1.61756e+43  5.45973e+05  2.80935e+43  4.93264e+05  2.06012e+43  5.22375e-07
 1.72508e+00  6.04314e+05  1.45746e+43  5.84205e+05  1.21392e+43  5.45973e+05  2.50744e+43  4.93264e+05  2.32737e+43  5.22375e-07
 1.78146e+00  5.84205e+05  2.08460e+43  5.84205e+05  1.44158e+43  5.45973e+05  2.58515e+43  4.93264e+05  2.73544e+43  5.22375e-07
 1.83968e+00  5.84205e+05  1.44608e+43  5.84205e+05  2.30147e+43  5.45973e+05  3.04279e+43  4.76850e+05  2.96445e+43  5.22375e-07
 1.89981e+00  5.84205e+05  1.53669e+43  5.64766e+05  3.01647e+43  5.45973e+05  3.88224e+43  4.76850e+05  2.95392e+43  5.22375e-07
 1.96190e+00  5.84205e+05  2.35683e+43  5.64766e+05  2.53558e+43  5.27805e+05  4.22475e+43  4.76850e+05  3.08680e+43  5.22375e-07
 2.02602e+00  5.64766e+05  3.72197e+43  5.64766e+05  2.69145e+43  5.27805e+05  4.12630e+43  4.76850e+05  3.36366e+43  5.22375e-07
 2.09224e+00  5.64766e+05  2.99270e+43  5.64766e+05  3.48474e+43  5.27805e+05  4.41415e+43  4.76850e+05  3.78563e+43  5.22375e-07
 2.16062e+00  5.64766e+05  2.99897e+43  5.64766e+05  4.91872e+43  5.27805e+05  5.08950e+43  4.76850e+05  4.35447e+43  5.22375e-07
 2.23123e+00  5.64766e+05  3.74080e+43  5.45973e+05  4.60806e+43  5.27805e+05  6.15514e+43  4.60983e+05  4.41379e+43  5.22375e-07
 2.30415e+00  5.64766e+05  5.22128e+43  5.45973e+05  4.58301e+43  5.10242e+05  6.42480e+43  4.60983e+05  4.50841e+43  5.22375e-07
 2.37946e+00  5.45973e+05  5.43658e+43  5.45973e+05  5.20321e+43  5.10242e+05  6.45476e+43  4.60983e+05  4.75290e+43  5.22375e-07
 2.45723e+00  5.45973e+05  5.23168e+43  5.45973e+05  6.47122e+43  5.10242e+05  6.88065e+43  4.60983e+05  5.14824e+43  5.22375e-07
 2.53753e+00  5.45973e+05  5.77160e+43  5.27805e+05  7.71693e+43  5.10242e+05  7.70425e+43  4.60983e+05  5.69610e+43  5.22375e-07
 2.62047e+00  5.45973e+05  7.05856e+43  5.27805e+05  7.38249e+43  5.10242e+05  8.92897e+43  4.60983e+05  6.39872e+43  5.22375e-07
 2.70611e+00  5.45973e+05  9.09789e+43  5.27805e+05  7.70487e+43  4.93264e+05  9.57273e+43  4.45643e+05  6.70319e+43  5.22375e-07
 2.79455e+00  5.27805e+05  8.54742e+43  5.27805e+05  8.68542e+43  4.93264e+05  9.63913e+43  4.45643e+05  6.84767e+43  5.22375e-07
 2.88589e+00  5.27805e+05  8.74041e+43  5.27805e+05  1.03282e+44  4.93264e+05  1.01147e+44  4.45643e+05  7.15168e+43  5.22375e-07
 2.98021e+00  5.27805e+05  9.69274e+43  5.10242e+05  1.15416e+44  4.93264e+05  1.10013e+44  4.45643e+05  7.61649e+43  5.22375e-07
 3.07761e+00  5.27805e+05  1.14083e+44  5.10242e+05  1.14130e+44  4.93264e+05  1.23027e+44  4.45643e+05  8.24402e+43  5.22375e-07
 3.17819e+00  5.10242e+05  1.34758e+44  5.10242e+05  1.19579e+44  4.93264e+05  1.40242e+44  4.45643e+05  9.03686e+43  5.22375e-07
 3.28206e+00  5.10242e+05  1.31436e+44  5.10242e+05  1.31785e+44  4.76850e+05  1.40341e+44  4.45643e+05  9.99829e+43  5.22375e-07
 3.38933e+00  5.10242e+05  1.35888e+44  5.10242e+05  1.50800e+44  4.76850e+05  1.44418e+44  4.45643e+05  1.11323e+44  5.22375e-07
 3.50010e+00  5.10242e+05  1.48135e+44  4.93264e+05  1.70533e+44  4.76850e+05  1.52784e+44  4.45643e+05  1.24436e+44  5.22375e-07
 3.61449e+00  5.10242e+05  1.68227e+44  4.93264e+05  1.69704e+44  4.76850e+05  1.65475e+44  4.45643e+05  1.39375e+44  5.22375e-07
 3.73262e+00  5.10242e+05  1.96246e+44  4.93264e+05  1.75839e+44  4.76850e+05  1.82543e+44  4.45643e+05  1.56204e+44  5.22375e-07
 3.85462e+00  4.93264e+05  1.95458e+44  4.93264e+05  1.88966e+44  4.76850e+05  2.04059e+44  4.45643e+05  1.74991e+44  5.22375e-07
 3.98060e+00  4.93264e+05  2.00641e+44  4.93264e+05  2.09137e+44  4.60983e+05  2.06143e+44  4.45643e+05  1.95814e+44  5.22375e-07
 4.11069e+00  4.93264e+05  2.13886e+44  4.93264e+05  2.36436e+44  4.60983e+05  2.12341e+44  4.45643e+05  2.18759e+44  5.22375e-07
 4.24504e+00  4.93264e+05  2.35248e+44  4.76850e+05  2.46971e+44  4.60983e+05  2.23110e+44  4.45643e+05  2.43922e+44  5.22375e-07
 4.38378e+00  4.93264e+05  2.64814e+44  4.76850e+05  2.51738e+44  4.60983e+05  2.38495e+44  4.45643e+05  2.71406e+44  5.22375e-07
 4.52705e+00  4.76850e+05  2.85106e+44  4.76850e+05  2.63809e+44  4.60983e+05  2.58559e+44  4.45643e+05  3.01325e+44  5.22375e-07
 4.67501e+00  4.76850e+05  2.88622e+44  4.76850e+05  2.83235e+44  4.60983e+05  2.83385e+44  4.45643e+05  3.33804e+44  5.22375e-07
 4.82780e+00  4.76850e+05  3.00564e+44  4.76850e+05  3.10096e+44  4.45643e+05  3.09612e+44  4.45643e+05  3.68975e+44  5.22375e-07
 4.98558e+00  4.76850e+05  3.20981e+44  4.76850e+05  3.44503e+44  4.45643e+05  3.15490e+44  4.45643e+05  4.06986e+44  5.22375e-07
 5.14853e+00  4.76850e+05  3.49958e+44  4.60983e+05  3.60807e+44  4.45643e+05  3.26367e+44  4.45643e+05  4.47993e+44  5.22375e-07
 5.31679e+00  4.76850e+05  3.87615e+44  4.60983e+05  3.68889e+44  4.45643e+05  3.42286e+44  4.45643e+05  4.92166e+44  5.22375e-07
 5.49056e+00  4.60983e+05  4.15728e+44  4.60983e+05  3.84760e+44  4.45643e+05  3.63314e+44  4.45643e+05  5.39688e+44  5.22375e-07
 5.67001e+00  4.60983e+05  4.22942e+44  4.60983e+05  4.08487e+44  4.45643e+05  3.89538e+44  4.45643e+05  5.90755e+44  5.22375e-07
 5.85532e+00  4.60983e+05  4.39138e+44  4.60983e+05  4.40167e+44  4.45643e+05  4.21066e+44  4.45643e+05  6.45579e+44  5.22375e-07
 6.04668e+00  4.60983e+05  4.64382e+44  4.60983e+05  4.79931e+44  4.45643e+05  4.58029e+44  4.45643e+05  7.04386e+44  5.22375e-07
 6.24430e+00  4.60983e+05  4.98780e+44  4.60983e+05  5.27944e+44  4.45643e+05  5.00580e+44  4.45643e+05  7.67421e+44  5.22375e-07
 6.44838e+00  4.60983e+05  5.42474e+44  4.45643e+05  5.48806e+44  4.45643e+05  5.48895e+44  4.45643e+05  8.34943e+44  5.22375e-07
 6.65913e+00  4.60983e+05  5.95645e+44  4.45643e+05  5.64399e+44  4.45643e+05  6.03174e+44  4.45643e+05  9.07233e+44  5.22375e-07
 6.87677e+00  4.45643e+05  6.30895e+44  4.45643e+05  5.88589e+44  4.45643e+05  6.63641e+44  4.45643e+05  9.84589e+44  5.22375e-07
 7.10152e+00  4.45643e+05  6.46565e+44  4.45643e+05  6.21479e+44  4.45643e+05  7.30547e+44  4.30814e+05  1.04257e+45  5.22375e-07
 7.33362e+00  4.45643e+05  6.72143e+44  4.45643e+05  6.63203e+44  4.45643e+05  8.04169e+44  4.30814e+05  1.08531e+45  5.22375e-07
 7.57330e+00  4.45643e+05  7.07734e+44  4.45643e+05  7.13935e+44  4.45643e+05  8.84811e+44  4.30814e+05  1.13386e+45  5.22375e-07
 7.82082e+00  4.45643e+05  7.53485e+44  4.45643e+05  7.73883e+44  4.45643e+05  9.72807e+44  4.30814e+05  1.18841e+45  5.22375e-07
 8.07642e+00  4.45643e+05  8.09587e+44  4.45643e+05  8.43298e+44  4.45643e+05  1.06852e+45  4.30814e+05  1.24919e+45  5.22375e-07
 8.34038e+00  4.45643e+05  8.76270e+44  4.45643e+05  9.22465e+44  4.45643e+05  1.17235e+45  4.30814e+05  1.31646e+45  5.22375e-07
 8.61296e+00  4.45643e+05  9.53811e+44  4.45643e+05  1.01171e+45  4.45643e+05  1.28472e+45  4.30814e+05  1.39048e+45  5.22375e-07
 8.89446e+00  4.45643e+05  1.04253e+45  4.45643e+05  1.11141e+45  4.45643e+05  1.40610e+45  4.30814e+05  1.47157e+45  5.22375e-07
 9.18515e+00  4.45643e+05  1.14280e+45  4.45643e+05  1.22197e+45  4.45643e+05  1.53700e+45  4.30814e+05  1.56006e+45  5.22375e-07
 9.48535e+00  4.45643e+05  1.25503e+45  4.45643e+05  1.34385e+45  4.45643e+05  1.67794e+45  4.30814e+05  1.65632e+45  5.22375e-07
 9.79535e+00  4.45643e+05  1.37968e+45  4.45643e+05  1.47755e+45  4.45643e+05  1.82953e+45  4.30814e+05  1.76075e+45  5.22375e-07
 1.01155e+01  4.45643e+05  1.51727e+45  4.45643e+05  1.62363e+45  4.45643e+05  1.99237e+45  4.30814e+05  1.87378e+45  5.22375e-07
 1.04461e+01  4.45643e+05  1.66838e+45  4.45643e+05  1.78269e+45  4.45643e+05  2.16716e+45  4.30814e+05  1.99587e+45  5.22375e-07
 1.07875e+01  4.45643e+05  1.83362e+45  4.45643e+05  1.95540e+45  4.45643e+05  2.35460e+45  4.30814e+05  2.12753e+45  5.22375e-07
 1.11401e+01  4.45643e+05  2.01368e+45  4.45643e+05  2.14246e+45  4.45643e+05  2.55548e+45  4.30814e+05  2.26931e+45  5.22375e-07
 1.15041e+01  4.45643e+05  2.20930e+45  4.45643e+05  2.34464e+45  4.45643e+05  2.77063e+45  4.30814e+05  2.42180e+45  5.22375e-07
 1.18801e+01  4.45643e+05  2.42131e+45  4.45643e+05  2.56280e+45  4.45643e+05  3.00094e+45  4.30814e+05  2.58562e+45  5.22375e-07
 1.22684e+01  4.45643e+05  2.65056e+45  4.45643e+05  2.79782e+45  4.45643e+05  3.24736e+45  4.30814e+05  2.76145e+45  5.22375e-07
 1.26694e+01  4.45643e+05  2.89801e+45  4.45643e+05  3.05068e+45  4.45643e+05  3.51091e+45  4.30814e+05  2.95002e+45  5.22375e-07
 1.30834e+01  4.45643e+05  3.16469e+45  4.45643e+05  3.32243e+45  4.45643e+05  3.79269e+45  4.30814e+05  3.15211e+45  5.22375e-07
 1.35110e+01  4.45643e+05  3.45170e+45  4.45643e+05  3.61420e+45  4.45643e+05  4.09385e+45  4.30814e+05  3.36856e+45  5.22375e-07
 1.39526e+01  4.45643e+05  3.76022e+45  4.45643e+05  3.92718e+45  4.45643e+05  4.41564e+45  4.30814e+05  3.60026e+45  5.22375e-07
 1.44086e+01  4.45643e+05  4.09154e+45  4.45643e+05  4.26268e+45  4.45643e+05  4.75941e+45  4.30814e+05  3.84818e+45  5.22375e-07
 1.48795e+01  4.45643e+05  4.44702e+45  4.45643e+05  4.62208e+45  4.45643e+05  5.12656e+45  4.30814e+05  4.11333e+45  5.22375e-07
 1.53658e+01  4.45643e+05  4.82813e+45  4.45643e+05  5.00688e+45  4.30814e+05  5.45974e+45  4.30814e+05  4.39681e+45  5.22375e-07
 1.58680e+01  4.45643e+05  5.23646e+45  4.45643e+05  5.41865e+45  4.30814e+05  5.66069e+45  4.30814e+05  4.69980e+45  5.22375e-07
 1.63866e+01  4.45643e+05  5.67369e+45  4.45643e+05  5.85912e+45  4.30814e+05  5.88876e+45  4.30814e+05  5.02356e+45  5.22375e-07
 1.69222e+01  4.45643e+05  6.14164e+45  4.45643e+05  6.33009e+45  4.30814e+05  6.14489e+45  4.30814e+05  5.36942e+45  5.22375e-07
 1.74753e+01  4.45643e+05  6.64223e+45  4.45643e+05  6.83353e+45  4.30814e+05  6.43014e+45  4.30814e+05  5.73881e+45  5.22375e-07
 1.80464e+01  4.45643e+05  7.17754e+45  4.45643e+05  7.37151e+45  4.30814e+05  6.74569e+45  4.30814e+05  6.13326e+45  5.22375e-07
 1.86362e+01  4.45643e+05  7.74979e+45  4.45643e+05  7.94625e+45  4.30814e+05  7.09286e+45  4.30814e+05  6.55440e+45  5.22375e-07
 1.92453e+01  4.45643e+05  8.36134e+45  4.45643e+05  8.56015e+45  4.30814e+05  7.47307e+45  4.30814e+05  7.00399e+45  5.22375e-07
 1.98743e+01  4.45643e+05  9.01472e+45  4.45643e+05  9.21573e+45  4.30814e+05  7.88790e+45  4.30814e+05  7.48387e+45  5.22375e-07
 2.05238e+01  4.45643e+05  9.71265e+45  4.30814e+05  9.63961e+45  4.30814e+05  8.33906e+45  4.30814e+05  7.99603e+45  5.22375e-07
 2.11946e+01  4.45643e+05  1.04580e+46  4.30814e+05  1.00093e+46  4.30814e+05  8.82843e+45  4.30814e+05  8.54260e+45  5.22375e-07
 2.18873e+01  4.30814e+05  1.10378e+46  4.30814e+05  1.04266e+46  4.30814e+05  9.35803e+45  4.30814e+05  9.12583e+45  5.22375e-07
 2.26026e+01  4.30814e+05  1.14519e+46  4.30814e+05  1.08934e+46  4.30814e+05  9.93004e+45  4.30814e+05  9.74814e+45  5.22375e-07
 2.33413e+01  4.30814e+05  1.19206e+46  4.30814e+05  1.14115e+46  4.30814e+05  1.05468e+46  4.30814e+05  1.04121e+46  5.22375e-07
 2.41042e+01  4.30814e+05  1.24459e+46  4.30814e+05  1.19831e+46  4.30814e+05  1.12110e+46  4.30814e+05  1.11205e+46  5.22375e-07
 2.48920e+01  4.30814e+05  1.30300e+46  4.30814e+05  1.26105e+46  4.30814e+05  1.19252e+46  4.30814e+05  1.18762e+46  5.22375e-07
 2.57055e+01  4.30814e+05  1.36751e+46  4.30814e+05  1.32964e+46  4.30814e+05  1.26925e+46  4.30814e+05  1.26823e+46  5.22375e-07
 2.65456e+01  4.30814e+05  1.43842e+46  4.30814e+05  1.40436e+46  4.30814e+05  1.35160e+46  4.30814e+05  1.35423e+46  5.22375e-07
 2.74132e+01  4.30814e+05  1.51599e+46  4.30814e+05  1.48552e+46  4.30814e+05  1.43991e+46  4.30814e+05  1.44596e+46  5.22375e-07
 2.83091e+01  4.30814e+05  1.60057e+46  4.30814e+05  1.57345e+46  4.30814e+05  1.53455e+46  4.30814e+05  1.54381e+46  5.22375e-07
 2.92343e+01  4.30814e+05  1.69249e+46  4.30814e+05  1.66851e+46  4.30814e+05  1.63591e+46  4.30814e+05  1.64818e+46  5.22375e-07
 3.01898e+01  4.30814e+05  1.79213e+46  4.30814e+05  1.77111e+46  4.30814e+05  1.74441e+46  4.30814e+05  1.75949e+46  5.22375e-07
 3.11765e+01  4.30814e+05  1.89992e+46  4.30814e+05  1.88167e+46  4.30814e+05  1.86050e+46  4.30814e+05  1.87823e+46  5.22375e-07
 3.21954e+01  4.30814e+05  2.01630e+46  4.30814e+05  2.00064e+46  4.30814e+05  1.98466e+46  4.30814e+05  2.00486e+46  5.22375e-07
 3.32476e+01  4.30814e+05  2.14174e+46  4.30814e+05  2.12851e+46  4.30814e+05  2.11740e+46  4.30814e+05  2.13993e+46  5.22375e-07
 3.43343e+01  4.30814e+05  2.27677e+46  4.30814e+05  2.26582e+46  4.30814e+05  2.25927e+46  4.30814e+05  2.28398e+46  5.22375e-07
 3.54564e+01  4.30814e+05  2.42194e+46  4.30814e+05  2.41314e+46  4.30814e+05  2.41086e+46  4.30814e+05  2.43761e+46  5.22375e-07
 3.66152e+01  4.30814e+05  2.57786e+46  4.30814e+05  2.57106e+46  4.30814e+05  2.57280e+46  4.30814e+05  2.60147e+46  5.22375e-07
 3.78119e+01  4.30814e+05  2.74517e+46  4.30814e+05  2.74026e+46  4.30814e+05  2.74575e+46  4.30814e+05  2.77622e+46  5.22375e-07
 3.90477e+01  4.30814e+05  2.92457e+46  4.30814e+05  2.92142e+46  4.30814e+05  2.93044e+46  4.30814e+05  2.96259e+46  5.22375e-07
 4.03238e+01  4.30814e+05  3.11679e+46  4.30814e+05  3.11529e+46  4.30814e+05  3.12762e+46  4.30814e+05  3.16135e+46  5.22375e-07
 4.16417e+01  4.30814e+05  3.32263e+46  4.30814e+05  3.32269e+46  4.30814e+05  3.33812e+46  4.30814e+05  3.37333e+46  5.22375e-07
 4.30027e+01  4.30814e+05  3.54295e+46  4.30814e+05  3.54446e+46  4.30814e+05  3.56280e+46  4.30814e+05  3.59940e+46  5.22375e-07
 4.44081e+01  4.30814e+05  3.77865e+46  4.30814e+05  3.78153e+46  4.30814e+05  3.80259e+46  4.30814e+05  3.84050e+46  5.22375e-07
 4.58595e+01  4.30814e+05  4.03071e+46  4.30814e+05  4.03487e+46  4.30814e+05  4.05849e+46  4.30814e+05  4.09762e+46  5.22375e-07
 4.73583e+01  4.30814e+05  4.30018e+46  4.30814e+05  4.30554e+46  4.30814e+05  4.33156e+46  4.30814e+05  4.37183e+46  5.22375e-07
 4.89061e+01  4.30814e+05  4.58817e+46  4.30814e+05  4.59465e+46  4.30814e+05  4.62292e+46  4.30814e+05  4.66426e+46  5.22375e-07
 5.05045e+01  4.30814e+05  4.89587e+46  4.30814e+05  4.90340e+46  4.30814e+05  4.93378e+46  4.30814e+05  4.97613e+46  5.22375e-07
 5.21551e+01  4.30814e+05  5.22455e+46  4.30814e+05  5.23307e+46  4.30814e+05  5.26543e+46  4.30814e+05  5.30873e+46  5.22375e-07
 5.38597e+01  4.30814e+05  5.57558e+46  4.30814e+05  5.58503e+46  4.30814e+05  5.61924e+46  4.30814e+05  5.66342e+46  5.22375e-07
 5.56199e+01  4.30814e+05  5.95040e+46  4.30814e+05  5.96072e+46  4.30814e+05  5.99667e+46  4.30814e+05  6.04168e+46  5.22375e-07
 5.74378e+01  4.30814e+05  6.35058e+46  4.30814e+05  6.36171e+46  4.30814e+05  6.39929e+46  4.30814e+05  6.44508e+46  5.22375e-07
 5.93150e+01  4.30814e+05  6.77775e+46  4.30814e+05  6.78966e+46  4.30814e+05  6.82876e+46  4.30814e+05  6.87528e+46  5.22375e-07
 6.12535e+01  4.30814e+05  7.23371e+46  4.30814e+05  7.24632e+46  4.30814e+05  7.28686e+46  4.30814e+05  7.33407e+46  5.22375e-07
 6.32555e+01  4.30814e+05  7.72032e+46  4.30814e+05  7.73361e+46  4.30814e+05  7.77549e+46  4.30814e+05  7.82334e+46  5.22375e-07
 6.53228e+01  4.30814e+05  8.23960e+46  4.30814e+05  8.25352e+46  4.30814e+05  8.29666e+46  4.30814e+05  8.34512e+46  5.22375e-07
 6.74577e+01  4.30814e+05  8.79371e+46  4.30814e+05  8.80822e+46  4.30814e+05  8.85254e+46  4.30814e+05  8.90156e+46  5.22375e-07
 6.96624e+01  4.30814e+05  9.38493e+46  4.30814e+05  9.39999e+46  4.30814e+05  9.44543e+46  4.16479e+05  9.49427e+46  5.22375e-07
 7.19392e+01  4.30814e+05  1.00157e+47  4.30814e+05  1.00313e+47  4.30814e+05  1.00778e+47  4.16479e+05  9.78752e+46  5.22375e-07
 7.42903e+01  4.30814e+05  1.06887e+47  4.30814e+05  1.07047e+47  4.30814e+05  1.07522e+47  4.16479e+05  1.01214e+47  5.22375e-07
 7.67183e+01  4.30814e+05  1.14066e+47  4.30814e+05  1.14231e+47  4.30814e+05  1.14715e+47  4.16479e+05  1.04973e+47  5.22375e-07
 7.92257e+01  4.30814e+05  1.21724e+47  4.30814e+05  1.21894e+47  4.30814e+05  1.22386e+47  4.16479e+05  1.09168e+47  5.22375e-07
 8.18150e+01  4.30814e+05  1.29894e+47  4.30814e+05  1.30067e+47  4.30814e+05  1.30567e+47  4.16479e+05  1.13816e+47  5.22375e-07
 8.44889e+01  4.30814e+05  1.38608e+47  4.30814e+05  1.38785e+47  4.30814e+05  1.39293e+47  4.16479e+05  1.18936e+47  5.22375e-07
 8.72502e+01  4.30814e+05  1.47903e+47  4.30814e+05  1.48084e+47  4.30814e+05  1.48599e+47  4.16479e+05  1.24550e+47  5.22375e-07
 9.01018e+01  4.30814e+05  1.57817e+47  4.30814e+05  1.58002e+47  4.30814e+05  1.58523e+47  4.16479e+05  1.30680e+47  5.22375e-07
 9.30466e+01  4.30814e+05  1.68392e+47  4.30814e+05  1.68579e+47  4.30814e+05  1.69107e+47  4.16479e+05  1.37353e+47  5.22375e-07
 9.60876e+01  4.30814e+05  1.79671e+47  4.30814e+05  1.79861e+47  4.30814e+05  1.80395e+47  4.16479e+05  1.44595e+47  5.22375e-07
 9.92280e+01  4.30814e+05  1.91701e+47  4.30814e+05  1.91894e+47  4.30814e+05  1.92432e+47  4.16479e+05  1.52437e+47  5.22375e-07
 1.02471e+02  4.30814e+05  2.04531e+47  4.30814e+05  2.04726e+47  4.30814e+05  2.05270e+47  4.16479e+05  1.60912e+47  5.22375e-07
 1.05820e+02  4.30814e+05  2.18215e+47  4.30814e+05  2.18413e+47  4.30814e+05  2.18961e+47  4.16479e+05  1.70053e+47  5.22375e-07
 1.09278e+02  4.30814e+05  2.32809e+47  4.30814e+05  2.33009e+47  4.30814e+05  2.33562e+47  4.16479e+05  1.79900e+47  5.22375e-07
 1.12850e+02  4.30814e+05  2.48374e+47  4.30814e+05  2.48576e+47  4.30814e+05  2.49134e+47  4.16479e+05  1.90492e+47  5.22375e-07
 1.16538e+02  4.30814e+05  2.64974e+47  4.30814e+05  2.65178e+47  4.30814e+05  2.65740e+47  4.16479e+05  2.01874e+47  5.22375e-07
 1.20347e+02  4.30814e+05  2.82678e+47  4.30814e+05  2.82884e+47  4.30814e+05  2.83449e+47  4.16479e+05  2.14093e+47  5.22375e-07
 1.24280e+02  4.30814e+05  3.01559e+47  4.30814e+05  3.01766e+47  4.30814e+05  3.02335e+47  4.16479e+05  2.27199e+47  5.22375e-07
 1.28342e+02  4.30814e+05  3.21695e+47  4.30814e+05  3.21904e+47  4.30814e+05  3.22476e+47  4.16479e+05  2.41246e+47  5.22375e-07
 1.32537e+02  4.30814e+05  3.43169e+47  4.30814e+05  3.43380e+47  4.30814e+05  3.43955e+47  4.16479e+05  2.56294e+47  5.22375e-07
 1.36868e+02  4.30814e+05  3.66072e+47  4.30814e+05  3.66284e+47  4.30814e+05  3.66862e+47  4.16479e+05  2.72403e+47  5.22375e-07
 1.41341e+02  4.30814e+05  3.90496e+47  4.30814e+05  3.90710e+47  4.30814e+05  3.91290e+47  4.16479e+05  2.89641e+47  5.22375e-07
 1.45961e+02  4.30814e+05  4.16543e+47  4.30814e+05  4.16759e+47  4.30814e+05  4.17342e+47  4.16479e+05  3.08079e+47  5.22375e-07
 1.50731e+02  4.30814e+05  4.44322e+47  4.30814e+05  4.44538e+47  4.30814e+05  4.45124e+47  4.16479e+05  3.27793e+47  5.22375e-07
 1.55658e+02  4.30814e+05  4.73947e+47  4.30814e+05  4.74164e+47  4.16479e+05  4.66031e+47  4.16479e+05  3.48866e+47  5.22375e-07
 1.60745e+02  4.30814e+05  5.05540e+47  4.30814e+05  5.05759e+47  4.16479e+05  4.81213e+47  4.16479e+05  3.71383e+47  5.22375e-07
 1.65998e+02  4.30814e+05  5.39233e+47  4.30814e+05  5.39452e+47  4.16479e+05  4.98391e+47  4.16479e+05  3.95438e+47  5.22375e-07
 1.71424e+02  4.30814e+05  5.75165e+47  4.30814e+05  5.75385e+47  4.16479e+05  5.17635e+47  4.16479e+05  4.21132e+47  5.22375e-07
 1.77026e+02  4.30814e+05  6.13484e+47  4.30814e+05  6.13705e+47  4.16479e+05  5.39025e+47  4.16479e+05  4.48569e+47  5.22375e-07
 1.82812e+02  4.30814e+05  6.54349e+47  4.30814e+05  6.54571e+47  4.16479e+05  5.62649e+47  4.16479e+05  4.77864e+47  5.22375e-07
 1.88787e+02  4.30814e+05  6.97929e+47  4.30814e+05  6.98152e+47  4.16479e+05  5.88606e+47  4.16479e+05  5.09138e+47  5.22375e-07
 1.94957e+02  4.30814e+05  7.44405e+47  4.30814e+05  7.44629e+47  4.16479e+05  6.17002e+47  4.16479e+05  5.42521e+47  5.22375e-07
 2.01328e+02  4.30814e+05  7.93969e+47  4.30814e+05  7.94193e+47  4.16479e+05  6.47955e+47  4.16479e+05  5.78149e+47  5.22375e-07
 2.07908e+02  4.30814e+05  8.46826e+47  4.16479e+05  8.18891e+47  4.16479e+05  6.81594e+47  4.16479e+05  6.16172e+47  5.22375e-07
 2.14703e+02  4.30814e+05  9.03195e+47  4.16479e+05  8.46762e+47  4.16479e+05  7.18057e+47  4.16479e+05  6.56747e+47  5.22375e-07
 2.21720e+02  4.16479e+05  9.38545e+47  4.16479e+05  8.78144e+47  4.16479e+05  7.57495e+47  4.16479e+05  7.00040e+47  5.22375e-07
 2.28967e+02  4.16479e+05  9.69790e+47  4.16479e+05  9.13167e+47  4.16479e+05  8.00072e+47  4.16479e+05  7.46232e+47  5.22375e-07
 2.36450e+02  4.16479e+05  1.00506e+48  4.16479e+05  9.51974e+47  4.16479e+05  8.45964e+47  4.16479e+05  7.95513e+47  5.22375e-07
 2.44178e+02  4.16479e+05  1.04449e+48  4.16479e+05  9.94728e+47  4.16479e+05  8.95360e+47  4.16479e+05  8.48088e+47  5.22375e-07
 2.52158e+02  4.16479e+05  1.08825e+48  4.16479e+05  1.04160e+48  4.16479e+05  9.48465e+47  4.16479e+05  9.04174e+47  5.22375e-07
 2.60399e+02  4.16479e+05  1.13652e+48  4.16479e+05  1.09280e+48  4.16479e+05  1.00550e+48  4.16479e+05  9.64003e+47  5.22375e-07
 2.68910e+02  4.16479e+05  1.18951e+48  4.16479e+05  1.14852e+48  4.16479e+05  1.06670e+48  4.16479e+05  1.02782e+48  5.22375e-07
 2.77699e+02  4.16479e+05  1.24742e+48  4.16479e+05  1.20900e+48  4.16479e+05  1.13232e+48  4.16479e+05  1.09590e+48  5.22375e-07
 2.86774e+02  4.16479e+05  1.31050e+48  4.16479e+05  1.27449e+48  4.16479e+05  1.20262e+48  4.16479e+05  1.16851e+48  5.22375e-07
 2.96147e+02  4.16479e+05  1.37902e+48  4.16479e+05  1.34527e+48  4.16479e+05  1.27791e+48  4.16479e+05  1.24596e+48  5.22375e-07
 3.05826e+02  4.16479e+05  1.45325e+48  4.16479e+05  1.42161e+48  4.16479e+05  1.35849e+48  4.16479e+05  1.32856e+48  5.22375e-07
 3.15821e+02  4.16479e+05  1.53350e+48  4.16479e+05  1.50385e+48  4.16479e+05  1.44470e+48  4.16479e+05  1.41667e+48  5.22375e-07
 3.26143e+02  4.16479e+05  1.62010e+48  4.16479e+05  1.59231e+48  4.16479e+05  1.53689e+48  4.16479e+05  1.51064e+48  5.22375e-07
 3.36802e+02  4.16479e+05  1.71342e+48  4.16479e+05  1.68737e+48  4.16479e+05  1.63544e+48  4.16479e+05  1.61086e+48  5.22375e-07
 3.47810e+02  4.16479e+05  1.81383e+48  4.16479e+05  1.78942e+48  4.16479e+05  1.74076e+48  4.16479e+05  1.71775e+48  5.22375e-07
 3.59177e+02  4.16479e+05  1.92176e+48  4.16479e+05  1.89888e+48  4.16479e+05  1.85329e+48  4.16479e+05  1.83176e+48  5.22375e-07
 3.70916e+02  4.16479e+05  2.03764e+48  4.16479e+05  2.01621e+48  4.16479e+05  1.97350e+48  4.16479e+05  1.95334e+48  5.22375e-07
 3.83038e+02  4.16479e+05  2.16197e+48  4.16479e+05  2.14189e+48  4.16479e+05  2.10188e+48  4.16479e+05  2.08301e+48  5.22375e-07
 3.95557e+02  4.16479e+05  2.29525e+48  4.16479e+05  2.27644e+48  4.16479e+05  2.23895e+48  4.16479e+05  2.22130e+48  5.22375e-07
 4.08485e+02  4.16479e+05  2.43804e+48  4.16479e+05  2.42041e+48  4.16479e+05  2.38530e+48  4.16479e+05  2.36878e+48  5.22375e-07
 4.21835e+02  4.16479e+05  2.59092e+48  4.16479e+05  2.57441e+48  4.16479e+05  2.54153e+48  4.16479e+05  2.52607e+48  5.22375e-07
 4.35622e+02  4.16479e+05  2.75454e+48  4.16479e+05  2.73907e+48  4.16479e+05  2.70827e+48  4.16479e+05  2.69381e+48  5.22375e-07
 4.49859e+02  4.16479e+05  2.92956e+48  4.16479e+05  2.91506e+48  4.16479e+05  2.88623e+48  4.16479e+05  2.87271e+48  5.22375e-07
 4.64562e+02  4.16479e+05  3.11671e+48  4.16479e+05  3.10313e+48  4.16479e+05  3.07613e+48  4.16479e+05  3.06349e+48  5.22375e-07
 4.79745e+02  4.16479e+05  3.31677e+48  4.16479e+05  3.30405e+48  4.16479e+05  3.27877e+48  4.16479e+05  3.26695e+48  5.22375e-07
 4.95424e+02  4.16479e+05  3.53056e+48  4.16479e+05  3.51865e+48  4.16479e+05  3.49498e+48  4.16479e+05  3.48394e+48  5.22375e-07
 5.11616e+02  4.16479e+05  3.75897e+48  4.16479e+05  3.74782e+48  4.16479e+05  3.72566e+48  4.16479e+05  3.71534e+48  5.22375e-07
 5.28337e+02  4.16479e+05  4.00295e+48  4.16479e+05  3.99250e+48  4.16479e+05  3.97176e+48  4.16479e+05  3.96212e+48  5.22375e-07
 5.45604e+02  4.16479e+05  4.26349e+48  4.16479e+05  4.25371e+48  4.16479e+05  4.23431e+48  4.16479e+05  4.22530e+48  5.22375e-07
 5.63436e+02  4.16479e+05  4.54169e+48  4.16479e+05  4.53253e+48  4.16479e+05  4.51438e+48  4.16479e+05  4.50597e+48  5.22375e-07
 5.81850e+02  4.16479e+05  4.83869e+48  4.16479e+05  4.83012e+48  4.16479e+05  4.81313e+48  4.16479e+05  4.80528e+48  5.22375e-07
 6.00867e+02  4.16479e+05  5.15572e+48  4.16479e+05  5.14770e+48  4.16479e+05  5.13181e+48  4.16479e+05  5.12448e+48  5.22375e-07
 6.20505e+02  4.16479e+05  5.49410e+48  4.16479e+05  5.48659e+48  4.16479e+05  5.47173e+48  4.16479e+05  5.46490e+48  5.22375e-07
 6.40784e+02  4.16479e+05  5.85522e+48  4.16479e+05  5.84820e+48  4.16479e+05  5.83430e+48  4.16479e+05  5.82793e+48  5.22375e-07
 6.61727e+02  4.16479e+05  6.24058e+48  4.16479e+05  6.23401e+48  4.16479e+05  6.22102e+48  4.16479e+05  6.21508e+48  5.22375e-07
 6.83354e+02  4.16479e+05  6.65178e+48  4.16479e+05  6.64563e+48  4.16479e+05  6.63348e+48  4.16479e+05  6.62795e+48  5.22375e-07
 7.05688e+02  4.16479e+05  7.09050e+48  4.16479e+05  7.08475e+48  4.16479e+05  7.07340e+48  4.16479e+05  7.06825e+48  5.22375e-07
 7.28751e+02  4.16479e+05  7.55858e+48  4.16479e+05  7.55321e+48  4.16479e+05  7.54260e+48  4.16479e+05  7.53781e+48  5.22375e-07
 7.52569e+02  4.16479e+05  8.05795e+48  4.16479e+05  8.05292e+48  4.16479e+05  8.04302e+48  4.16479e+05  8.03856e+48  5.22375e-07
 7.77165e+02  4.16479e+05  8.59068e+48  4.16479e+05  8.58597e+48  4.16479e+05  8.57673e+48  4.02620e+05  8.49564e+48  5.22375e-07
 8.02565e+02  4.16479e+05  9.15896e+48  4.16479e+05  9.15456e+48  4.16479e+05  9.14593e+48  4.02620e+05  8.75703e+48  5.22375e-07
 8.28794e+02  4.16479e+05  9.76515e+48  4.16479e+05  9.76105e+48  4.16479e+05  9.75299e+48  4.02620e+05  9.05467e+48  5.22375e-07
 8.55882e+02  4.16479e+05  1.04118e+49  4.16479e+05  1.04079e+49  4.16479e+05  1.04004e+49  4.02620e+05  9.38978e+48  5.22375e-07
 8.83854e+02  4.16479e+05  1.11015e+49  4.16479e+05  1.10979e+49  4.16479e+05  1.10909e+49  4.02620e+05  9.76375e+48  5.22375e-07
 9.12741e+02  4.16479e+05  1.18371e+49  4.16479e+05  1.18338e+49  4.16479e+05  1.18273e+49  4.02620e+05  1.01781e+49  5.22375e-07
 9.42571e+02  4.16479e+05  1.26218e+49  4.16479e+05  1.26187e+49  4.16479e+05  1.26126e+49  4.02620e+05  1.06346e+49  5.22375e-07
 9.73377e+02  4.16479e+05  1.34587e+49  4.16479e+05  1.34558e+49  4.16479e+05  1.34501e+49  4.02620e+05  1.11352e+49  5.22375e-07
 1.00519e+03  4.16479e+05  1.43513e+49  4.16479e+05  1.43486e+49  4.16479e+05  1.43433e+49  4.02620e+05  1.16818e+49  5.22375e-07
 1.03804e+03  4.16479e+05  1.53033e+49  4.16479e+05  1.53008e+49  4.16479e+05  1.52958e+49  4.02620e+05  1.22767e+49  5.22375e-07
 1.07197e+03  4.16479e+05  1.63186e+49  4.16479e+05  1.63163e+49  4.16479e+05  1.63117e+49  4.02620e+05  1.29225e+49  5.22375e-07
 1.10700e+03  4.16479e+05  1.74015e+49  4.16479e+05  1.73993e+49  4.16479e+05  1.73951e+49  4.02620e+05  1.36217e+49  5.22375e-07
 1.14318e+03  4.16479e+05  1.85564e+49  4.16479e+05  1.85544e+49  4.16479e+05  1.85504e+49  4.02620e+05  1.43773e+49  5.22375e-07
 1.18054e+03  4.16479e+05  1.97881e+49  4.16479e+05  1.97862e+49  4.16479e+05  1.97826e+49  4.02620e+05  1.51924e+49  5.22375e-07
 1.21913e+03  4.16479e+05  2.11017e+49  4.16479e+05  2.11000e+49  4.16479e+05  2.10966e+49  4.02620e+05  1.60704e+49  5.22375e-07
 1.25897e+03  4.16479e+05  2.25027e+49  4.16479e+05  2.25010e+49  4.16479e+05  2.24979e+49  4.02620e+05  1.70149e+49  5.22375e-07
 1.30012e+03  4.16479e+05  2.39967e+49  4.16479e+05  2.39952e+49  4.16479e+05  2.39923e+49  4.02620e+05  1.80298e+49  5.22375e-07
 1.34261e+03  4.16479e+05  2.55901e+49  4.16479e+05  2.55887e+49  4.16479e+05  2.55860e+49  4.02620e+05  1.91193e+49  5.22375e-07
 1.38649e+03  4.16479e+05  2.72894e+49  4.16479e+05  2.72881e+49  4.16479e+05  2.72856e+49  4.02620e+05  2.02880e+49  5.22375e-07
 1.43180e+03  4.16479e+05  2.91017e+49  4.16479e+05  2.91005e+49  4.16479e+05  2.90982e+49  4.02620e+05  2.15406e+49  5.22375e-07
 1.47860e+03  4.16479e+05  3.10344e+49  4.16479e+05  3.10332e+49  4.16479e+05  3.10311e+49  4.02620e+05  2.28823e+49  5.22375e-07
 1.52692e+03  4.16479e+05  3.30955e+49  4.16479e+05  3.30945e+49  4.16479e+05  3.30925e+49  4.02620e+05  2.43188e+49  5.22375e-07
 1.57683e+03  4.16479e+05  3.52936e+49  4.16479e+05  3.52926e+49  4.16479e+05  3.52909e+49  4.02620e+05  2.58559e+49  5.22375e-07
 1.62836e+03  4.16479e+05  3.76378e+49  4.16479e+05  3.76369e+49  4.16479e+05  3.76353e+49  4.02620e+05  2.75000e+49  5.22375e-07
 1.68158e+03  4.16479e+05  4.01377e+49  4.16479e+05  4.01369e+49  4.16479e+05  4.01354e+49  4.02620e+05  2.92579e+49  5.22375e-07
 1.73654e+03  4.16479e+05  4.28038e+49  4.16479e+05  4.28030e+49  4.02620e+05  4.16433e+49  4.02620e+05  3.11369e+49  5.22375e-07
 1.79329e+03  4.16479e+05  4.56470e+49  4.16479e+05  4.56463e+49  4.02620e+05  4.29966e+49  4.02620e+05  3.31448e+49  5.22375e-07
 1.85190e+03  4.16479e+05  4.86791e+49  4.16479e+05  4.86785e+49  4.02620e+05  4.45279e+49  4.02620e+05  3.52898e+49  5.22375e-07
 1.91243e+03  4.16479e+05  5.19127e+49  4.16479e+05  5.19121e+49  4.02620e+05  4.62435e+49  4.02620e+05  3.75809e+49  5.22375e-07
 1.97493e+03  4.16479e+05  5.53611e+49  4.16479e+05  5.53606e+49  4.02620e+05  4.81504e+49  4.02620e+05  4.00275e+49  5.22375e-07
 2.03948e+03  4.16479e+05  5.90387e+49  4.16479e+05  5.90382e+49  4.02620e+05  5.02566e+49  4.02620e+05  4.26397e+49  5.22375e-07
 2.10613e+03  4.16479e+05  6.29606e+49  4.16479e+05  6.29601e+49  4.02620e+05  5.25708e+49  4.02620e+05  4.54285e+49  5.22375e-07
 2.17497e+03  4.16479e+05  6.71430e+49  4.16479e+05  6.71426e+49  4.02620e+05  5.51026e+49  4.02620e+05  4.84052e+49  5.22375e-07
 2.24605e+03  4.16479e+05  7.16033e+49  4.02620e+05  7.09869e+49  4.02620e+05  5.78624e+49  4.02620e+05  5.15822e+49  5.22375e-07
 2.31946e+03  4.16479e+05  7.63600e+49  4.02620e+05  7.31686e+49  4.02620e+05  6.08616e+49  4.02620e+05  5.49728e+49  5.22375e-07
 2.39526e+03  4.02620e+05  8.14232e+49  4.02620e+05  7.56530e+49  4.02620e+05  6.41128e+49  4.02620e+05  5.85908e+49  5.22375e-07
 2.47355e+03  4.02620e+05  8.38613e+49  4.02620e+05  7.84506e+49  4.02620e+05  6.76293e+49  4.02620e+05  6.24513e+49  5.22375e-07
 2.55439e+03  4.02620e+05  8.66464e+49  4.02620e+05  8.15728e+49  4.02620e+05  7.14256e+49  4.02620e+05  6.65703e+49  5.22375e-07
 2.63787e+03  4.02620e+05  8.97901e+49  4.02620e+05  8.50326e+49  4.02620e+05  7.55176e+49  4.02620e+05  7.09647e+49  5.22375e-07
 2.72409e+03  4.02620e+05  9.33055e+49  4.02620e+05  8.88443e+49  4.02620e+05  7.99221e+49  4.02620e+05  7.56529e+49  5.22375e-07
 2.81312e+03  4.02620e+05  9.72069e+49  4.02620e+05  9.30237e+49  4.02620e+05  8.46573e+49  4.02620e+05  8.06541e+49  5.22375e-07
 2.90506e+03  4.02620e+05  1.01511e+50  4.02620e+05  9.75881e+49  4.02620e+05  8.97429e+49  4.02620e+05  8.59891e+49  5.22375e-07
 3.00000e+03  4.02620e+05  1.06235e+50  4.02620e+05  1.02556e+50  4.02620e+05  9.51999e+49  4.02620e+05  9.16800e+49  5.22375e-07
