radius_rg T_0deg chi2_0deg T_15deg chi2_15deg T_30deg chi2_30deg T_45deg chi2_45deg nuLnusavg_last
 2.00000e-01  1.23000e+06  6.03432e+44  1.18907e+06  4.74605e+44  1.07428e+06  2.02281e+44  9.07048e+05  5.16289e+43  7.66163e-08
 2.06537e-01  1.23000e+06  5.80662e+44  1.18907e+06  4.55482e+44  1.07428e+06  1.95633e+44  9.07048e+05  4.96377e+43  7.66163e-08
 2.13287e-01  1.18907e+06  5.54527e+44  1.14951e+06  4.35846e+44  1.03853e+06  1.83692e+44  8.76865e+05  4.67724e+43  7.66163e-08
 2.20257e-01  1.18907e+06  5.30371e+44  1.14951e+06  4.15185e+44  1.03853e+06  1.75440e+44  8.76865e+05  4.36513e+43  7.66163e-08
 2.27456e-01  1.14951e+06  5.10166e+44  1.11126e+06  4.01130e+44  1.00397e+06  1.67740e+44  8.76865e+05  4.21387e+43  7.66163e-08
 2.34890e-01  1.14951e+06  4.84277e+44  1.11126e+06  3.78633e+44  1.00397e+06  1.57710e+44  8.47687e+05  3.92467e+43  7.66163e-08
 2.42567e-01  1.14951e+06  4.66949e+44  1.11126e+06  3.63380e+44  1.00397e+06  1.51727e+44  8.47687e+05  3.65009e+43  7.66163e-08
 2.50494e-01  1.11126e+06  4.42587e+44  1.07428e+06  3.46067e+44  9.70565e+05  1.42716e+44  8.47687e+05  3.53340e+43  7.66163e-08
 2.58681e-01  1.11126e+06  4.23005e+44  1.07428e+06  3.28538e+44  9.70565e+05  1.34708e+44  8.19480e+05  3.26058e+43  7.66163e-08
 2.67136e-01  1.07428e+06  4.05580e+44  1.03853e+06  3.17803e+44  9.70565e+05  1.30652e+44  8.19480e+05  3.01012e+43  7.66163e-08
 2.75866e-01  1.07428e+06  3.83409e+44  1.03853e+06  2.97702e+44  9.38269e+05  1.20578e+44  8.19480e+05  2.91490e+43  7.66163e-08
 2.84882e-01  1.07428e+06  3.69380e+44  1.03853e+06  2.84511e+44  9.38269e+05  1.14255e+44  7.92211e+05  2.68063e+43  7.66163e-08
 2.94193e-01  1.03853e+06  3.48518e+44  1.00397e+06  2.71260e+44  9.07048e+05  1.09729e+44  7.92211e+05  2.44095e+43  7.66163e-08
 3.03808e-01  1.03853e+06  3.31408e+44  1.00397e+06  2.55078e+44  9.07048e+05  1.00953e+44  7.92211e+05  2.35415e+43  7.66163e-08
 3.13737e-01  1.00397e+06  3.18781e+44  1.00397e+06  2.45630e+44  9.07048e+05  9.59899e+43  7.65850e+05  2.18423e+43  7.66163e-08
 3.23991e-01  1.00397e+06  2.98250e+44  9.70565e+05  2.30211e+44  8.76865e+05  9.12039e+43  7.65850e+05  1.94195e+43  7.66163e-08
 3.34580e-01  1.00397e+06  2.85508e+44  9.70565e+05  2.17363e+44  8.76865e+05  8.35424e+43  7.65850e+05  1.85049e+43  7.66163e-08
 3.45515e-01  9.70565e+05  2.70446e+44  9.38269e+05  2.10477e+44  8.76865e+05  7.96210e+43  7.40366e+05  1.77506e+43  7.66163e-08
 3.56807e-01  9.70565e+05  2.53807e+44  9.38269e+05  1.93921e+44  8.47687e+05  7.49872e+43  7.40366e+05  1.51658e+43  7.66163e-08
 3.68468e-01  9.70565e+05  2.44775e+44  9.38269e+05  1.83846e+44  8.47687e+05  6.81201e+43  7.40366e+05  1.40715e+43  7.66163e-08
 3.80511e-01  9.38269e+05  2.27760e+44  9.07048e+05  1.75968e+44  8.47687e+05  6.49293e+43  7.40366e+05  1.44632e+43  7.66163e-08
 3.92947e-01  9.38269e+05  2.14363e+44  9.07048e+05  1.61777e+44  8.19480e+05  6.09297e+43  7.15730e+05  1.17292e+43  7.66163e-08
 4.05790e-01  9.07048e+05  2.08140e+44  9.07048e+05  1.53932e+44  8.19480e+05  5.45402e+43  7.15730e+05  1.03185e+43  7.66163e-08
 4.19052e-01  9.07048e+05  1.90012e+44  8.76865e+05  1.45657e+44  8.19480e+05  5.17709e+43  7.15730e+05  1.03784e+43  7.66163e-08
 4.32748e-01  9.07048e+05  1.79226e+44  8.76865e+05  1.33287e+44  7.92211e+05  4.89701e+43  6.91914e+05  9.24558e+42  7.66163e-08
 4.46891e-01  8.76865e+05  1.72621e+44  8.76865e+05  1.27146e+44  7.92211e+05  4.27408e+43  6.91914e+05  7.37614e+42  7.66163e-08
 4.61496e-01  8.76865e+05  1.56631e+44  8.47687e+05  1.19168e+44  7.92211e+05  4.00828e+43  6.91914e+05  6.96504e+42  7.66163e-08
 4.76579e-01  8.76865e+05  1.47844e+44  8.47687e+05  1.08088e+44  7.65850e+05  3.91441e+43  6.68890e+05  7.91779e+42  7.66163e-08
 4.92155e-01  8.47687e+05  1.41665e+44  8.47687e+05  1.03132e+44  7.65850e+05  3.27533e+43  6.68890e+05  5.43841e+42  7.66163e-08
 5.08240e-01  8.47687e+05  1.27192e+44  8.19480e+05  9.62646e+43  7.65850e+05  2.98924e+43  6.68890e+05  4.40936e+42  7.66163e-08
 5.24851e-01  8.47687e+05  1.19801e+44  8.19480e+05  8.59447e+43  7.65850e+05  3.05497e+43  6.68890e+05  4.82636e+42  7.66163e-08
 5.42004e-01  8.19480e+05  1.14995e+44  8.19480e+05  8.16578e+43  7.40366e+05  2.47158e+43  6.46632e+05  4.77983e+42  7.66163e-08
 5.59718e-01  8.19480e+05  1.01426e+44  7.92211e+05  7.68559e+43  7.40366e+05  2.13296e+43  6.46632e+05  2.97439e+42  7.66163e-08
 5.78011e-01  8.19480e+05  9.48325e+43  7.92211e+05  6.67666e+43  7.40366e+05  2.14261e+43  6.46632e+05  2.60907e+42  7.66163e-08
 5.96902e-01  7.92211e+05  9.25070e+43  7.92211e+05  6.26311e+43  7.15730e+05  1.88922e+43  6.46632e+05  3.68235e+42  7.66163e-08
 6.16411e-01  7.92211e+05  7.92264e+43  7.65850e+05  6.10166e+43  7.15730e+05  1.46448e+43  6.25115e+05  3.02284e+42  7.66163e-08
 6.36557e-01  7.92211e+05  7.28294e+43  7.65850e+05  5.06199e+43  7.15730e+05  1.38525e+43  6.25115e+05  1.70627e+42  7.66163e-08
 6.57361e-01  7.92211e+05  7.32895e+43  7.65850e+05  4.61101e+43  6.91914e+05  1.56990e+43  6.25115e+05  1.82458e+42  7.66163e-08
 6.78845e-01  7.65850e+05  6.06726e+43  7.65850e+05  4.74685e+43  6.91914e+05  1.02349e+43  6.25115e+05  3.37825e+42  7.66163e-08
 7.01032e-01  7.65850e+05  5.38618e+43  7.40366e+05  3.77517e+43  6.91914e+05  8.20759e+42  6.04314e+05  2.59347e+42  7.66163e-08
 7.23943e-01  7.65850e+05  5.38295e+43  7.40366e+05  3.23271e+43  6.91914e+05  9.60862e+42  6.04314e+05  1.57313e+42  7.66163e-08
 7.47603e-01  7.40366e+05  4.60543e+43  7.40366e+05  3.27136e+43  6.68890e+05  8.68011e+42  6.04314e+05  1.98712e+42  7.66163e-08
 7.72037e-01  7.40366e+05  3.82020e+43  7.15730e+05  2.86234e+43  6.68890e+05  5.04517e+42  6.04314e+05  3.83714e+42  7.66163e-08
 7.97269e-01  7.40366e+05  3.70635e+43  7.15730e+05  2.17198e+43  6.68890e+05  4.82551e+42  5.84205e+05  3.55404e+42  7.66163e-08
 8.23326e-01  7.15730e+05  3.59108e+43  7.15730e+05  2.05836e+43  6.68890e+05  8.02022e+42  5.84205e+05  2.62381e+42  7.66163e-08
 8.50234e-01  7.15730e+05  2.63617e+43  6.91914e+05  2.39573e+43  6.46632e+05  5.14612e+42  5.84205e+05  3.13226e+42  7.66163e-08
 8.78022e-01  7.15730e+05  2.34775e+43  6.91914e+05  1.49762e+43  6.46632e+05  2.90870e+42  5.84205e+05  5.08148e+42  7.66163e-08
 9.06718e-01  7.15730e+05  2.72462e+43  6.91914e+05  1.17345e+43  6.46632e+05  4.07771e+42  5.64766e+05  6.12585e+42  7.66163e-08
 9.36352e-01  6.91914e+05  1.91444e+43  6.91914e+05  1.42187e+43  6.46632e+05  8.65800e+42  5.64766e+05  5.05795e+42  7.66163e-08
 9.66955e-01  6.91914e+05  1.38374e+43  6.68890e+05  1.30989e+43  6.25115e+05  4.89474e+42  5.64766e+05  5.43879e+42  7.66163e-08
 9.98557e-01  6.91914e+05  1.51435e+43  6.68890e+05  7.12269e+42  6.25115e+05  3.60665e+42  5.64766e+05  7.26995e+42  7.66163e-08
 1.03119e+00  6.68890e+05  1.77210e+43  6.68890e+05  6.85341e+42  6.25115e+05  5.72789e+42  5.64766e+05  1.05590e+43  7.66163e-08
 1.06489e+00  6.68890e+05  9.25992e+42  6.68890e+05  1.22899e+43  6.25115e+05  1.12672e+43  5.45973e+05  9.29977e+42  7.66163e-08
 1.09970e+00  6.68890e+05  7.39285e+42  6.46632e+05  8.09616e+42  6.04314e+05  7.98318e+42  5.45973e+05  9.29836e+42  7.66163e-08
 1.13564e+00  6.68890e+05  1.21121e+43  6.46632e+05  4.40125e+42  6.04314e+05  7.16584e+42  5.45973e+05  1.07632e+43  7.66163e-08
 1.17276e+00  6.46632e+05  1.13189e+43  6.46632e+05  6.40195e+42  6.04314e+05  9.77255e+42  5.45973e+05  1.37005e+43  7.66163e-08
 1.21108e+00  6.46632e+05  5.49659e+42  6.46632e+05  1.41066e+43  6.04314e+05  1.58141e+43  5.27805e+05  1.61405e+43  7.66163e-08
 1.25067e+00  6.46632e+05  6.25277e+42  6.25115e+05  8.65198e+42  5.84205e+05  1.48205e+43  5.27805e+05  1.54493e+43  7.66163e-08
 1.29154e+00  6.46632e+05  1.35905e+43  6.25115e+05  6.48439e+42  5.84205e+05  1.39462e+43  5.27805e+05  1.62499e+43  7.66163e-08
 1.33375e+00  6.25115e+05  1.15446e+43  6.25115e+05  1.00210e+43  5.84205e+05  1.65240e+43  5.27805e+05  1.85455e+43  7.66163e-08
 1.37734e+00  6.25115e+05  7.48464e+42  6.25115e+05  1.92766e+43  5.84205e+05  2.25646e+43  5.27805e+05  2.23457e+43  7.66163e-08
 1.42236e+00  6.25115e+05  1.00114e+43  6.04314e+05  1.49165e+43  5.64766e+05  2.63311e+43  5.10242e+05  2.52610e+43  7.66163e-08
 1.46884e+00  6.25115e+05  1.91352e+43  6.04314e+05  1.34681e+43  5.64766e+05  2.47952e+43  5.10242e+05  2.50132e+43  7.66163e-08
 1.51685e+00  6.04314e+05  1.85866e+43  6.04314e+05  1.77527e+43  5.64766e+05  2.67564e+43  5.10242e+05  2.62967e+43  7.66163e-08
 1.56642e+00  6.04314e+05  1.53496e+43  6.04314e+05  2.77883e+43  5.64766e+05  3.22226e+43  5.10242e+05  2.91169e+43  7.66163e-08
 1.61762e+00  6.04314e+05  1.87319e+43  5.84205e+05  2.76512e+43  5.64766e+05  4.12166e+43  5.10242e+05  3.34854e+43  7.66163e-08
 1.67049e+00  6.04314e+05  2.87473e+43  5.84205e+05  2.60267e+43  5.45973e+05  4.13352e+43  5.10242e+05  3.94203e+43  7.66163e-08
 1.72508e+00  5.84205e+05  3.33482e+43  5.84205e+05  3.01873e+43  5.45973e+05  4.19755e+43  4.93264e+05  3.93283e+43  7.66163e-08
 1.78146e+00  5.84205e+05  2.98937e+43  5.84205e+05  4.01503e+43  5.45973e+05  4.61840e+43  4.93264e+05  4.06652e+43  7.66163e-08
 1.83968e+00  5.84205e+05  3.31185e+43  5.64766e+05  4.85188e+43  5.45973e+05  5.39780e+43  4.93264e+05  4.35981e+43  7.66163e-08
 1.89981e+00  5.84205e+05  4.30362e+43  5.64766e+05  4.56871e+43  5.45973e+05  6.53898e+43  4.93264e+05  4.81393e+43  7.66163e-08
 1.96190e+00  5.64766e+05  5.77878e+43  5.64766e+05  4.87219e+43  5.27805e+05  6.49598e+43  4.93264e+05  5.43075e+43  7.66163e-08
 2.02602e+00  5.64766e+05  5.29163e+43  5.64766e+05  5.76357e+43  5.27805e+05  6.70447e+43  4.76850e+05  6.20367e+43  7.66163e-08
 2.09224e+00  5.64766e+05  5.48195e+43  5.64766e+05  7.24655e+43  5.27805e+05  7.28014e+43  4.76850e+05  6.27435e+43  7.66163e-08
 2.16062e+00  5.64766e+05  6.35052e+43  5.45973e+05  7.53382e+43  5.27805e+05  8.22538e+43  4.76850e+05  6.51378e+43  7.66163e-08
 2.23123e+00  5.64766e+05  7.90095e+43  5.45973e+05  7.60400e+43  5.27805e+05  9.54410e+43  4.76850e+05  6.92294e+43  7.66163e-08
 2.30415e+00  5.45973e+05  8.78113e+43  5.45973e+05  8.27340e+43  5.10242e+05  9.97299e+43  4.76850e+05  7.50354e+43  7.66163e-08
 2.37946e+00  5.45973e+05  8.69882e+43  5.45973e+05  9.54478e+43  5.10242e+05  1.02303e+44  4.76850e+05  8.25797e+43  7.66163e-08
 2.45723e+00  5.45973e+05  9.30808e+43  5.45973e+05  1.14234e+44  5.10242e+05  1.08695e+44  4.76850e+05  9.18936e+43  7.66163e-08
 2.53753e+00  5.45973e+05  1.06114e+44  5.27805e+05  1.17074e+44  5.10242e+05  1.18930e+44  4.76850e+05  1.03016e+44  7.66163e-08
 2.62047e+00  5.45973e+05  1.26143e+44  5.27805e+05  1.20054e+44  5.10242e+05  1.33052e+44  4.60983e+05  1.06455e+44  7.66163e-08
 2.70611e+00  5.27805e+05  1.35411e+44  5.27805e+05  1.29209e+44  5.10242e+05  1.51119e+44  4.60983e+05  1.10669e+44  7.66163e-08
 2.79455e+00  5.27805e+05  1.37171e+44  5.27805e+05  1.44576e+44  4.93264e+05  1.53665e+44  4.60983e+05  1.16768e+44  7.66163e-08
 2.88589e+00  5.27805e+05  1.46054e+44  5.27805e+05  1.66218e+44  4.93264e+05  1.59337e+44  4.60983e+05  1.24779e+44  7.66163e-08
 2.98021e+00  5.27805e+05  1.62098e+44  5.10242e+05  1.78339e+44  4.93264e+05  1.69062e+44  4.60983e+05  1.34733e+44  7.66163e-08
 3.07761e+00  5.27805e+05  1.85368e+44  5.10242e+05  1.81944e+44  4.93264e+05  1.82882e+44  4.60983e+05  1.46674e+44  7.66163e-08
 3.17819e+00  5.10242e+05  2.06027e+44  5.10242e+05  1.91979e+44  4.93264e+05  2.00852e+44  4.60983e+05  1.60649e+44  7.66163e-08
 3.28206e+00  5.10242e+05  2.08438e+44  5.10242e+05  2.08486e+44  4.93264e+05  2.23049e+44  4.60983e+05  1.76716e+44  7.66163e-08
 3.38933e+00  5.10242e+05  2.18268e+44  5.10242e+05  2.31534e+44  4.76850e+05  2.39590e+44  4.60983e+05  1.94943e+44  7.66163e-08
 3.50010e+00  5.10242e+05  2.35557e+44  5.10242e+05  2.61217e+44  4.76850e+05  2.46512e+44  4.60983e+05  2.15404e+44  7.66163e-08
 3.61449e+00  5.10242e+05  2.60376e+44  4.93264e+05  2.72364e+44  4.76850e+05  2.57849e+44  4.45643e+05  2.27195e+44  7.66163e-08
 3.73262e+00  5.10242e+05  2.92829e+44  4.93264e+05  2.80915e+44  4.76850e+05  2.73647e+44  4.45643e+05  2.36809e+44  7.66163e-08
 3.85462e+00  4.93264e+05  3.13314e+44  4.93264e+05  2.96306e+44  4.76850e+05  2.93971e+44  4.45643e+05  2.48831e+44  7.66163e-08
 3.98060e+00  4.93264e+05  3.21329e+44  4.93264e+05  3.18601e+44  4.76850e+05  3.18907e+44  4.45643e+05  2.63310e+44  7.66163e-08
 4.11069e+00  4.93264e+05  3.37229e+44  4.93264e+05  3.47892e+44  4.76850e+05  3.48557e+44  4.45643e+05  2.80307e+44  7.66163e-08
 4.24504e+00  4.93264e+05  3.61081e+44  4.93264e+05  3.84300e+44  4.76850e+05  3.83044e+44  4.45643e+05  2.99892e+44  7.66163e-08
 4.38378e+00  4.93264e+05  3.92982e+44  4.76850e+05  4.22672e+44  4.60983e+05  4.11395e+44  4.45643e+05  3.22146e+44  7.66163e-08
 4.52705e+00  4.93264e+05  4.33066e+44  4.76850e+05  4.32906e+44  4.60983e+05  4.25173e+44  4.45643e+05  3.47160e+44  7.66163e-08
 4.67501e+00  4.93264e+05  4.81498e+44  4.76850e+05  4.50608e+44  4.60983e+05  4.44104e+44  4.45643e+05  3.75040e+44  7.66163e-08
 4.82780e+00  4.76850e+05  4.96308e+44  4.76850e+05  4.75853e+44  4.60983e+05  4.68268e+44  4.45643e+05  4.05899e+44  7.66163e-08
 4.98558e+00  4.76850e+05  5.14705e+44  4.76850e+05  5.08745e+44  4.60983e+05  4.97764e+44  4.45643e+05  4.39866e+44  7.66163e-08
 5.14853e+00  4.76850e+05  5.41787e+44  4.76850e+05  5.49420e+44  4.60983e+05  5.32714e+44  4.45643e+05  4.77081e+44  7.66163e-08
 5.31679e+00  4.76850e+05  5.77668e+44  4.76850e+05  5.98046e+44  4.60983e+05  5.73264e+44  4.45643e+05  5.17698e+44  7.66163e-08
 5.49056e+00  4.76850e+05  6.22495e+44  4.76850e+05  6.54824e+44  4.60983e+05  6.19580e+44  4.45643e+05  5.61885e+44  7.66163e-08
 5.67001e+00  4.76850e+05  6.76454e+44  4.76850e+05  7.19989e+44  4.60983e+05  6.71855e+44  4.45643e+05  6.09826e+44  7.66163e-08
 5.85532e+00  4.76850e+05  7.39768e+44  4.60983e+05  7.41253e+44  4.60983e+05  7.30304e+44  4.45643e+05  6.61718e+44  7.66163e-08
 6.04668e+00  4.76850e+05  8.12699e+44  4.60983e+05  7.71072e+44  4.60983e+05  7.95171e+44  4.45643e+05  7.17776e+44  7.66163e-08
 6.24430e+00  4.60983e+05  8.49267e+44  4.60983e+05  8.09759e+44  4.60983e+05  8.66722e+44  4.45643e+05  7.78233e+44  7.66163e-08
 6.44838e+00  4.60983e+05  8.81301e+44  4.60983e+05  8.57475e+44  4.45643e+05  9.22196e+44  4.45643e+05  8.43338e+44  7.66163e-08
 6.65913e+00  4.60983e+05  9.23538e+44  4.60983e+05  9.14416e+44  4.45643e+05  9.57704e+44  4.45643e+05  9.13361e+44  7.66163e-08
 6.87677e+00  4.60983e+05  9.76153e+44  4.60983e+05  9.80820e+44  4.45643e+05  1.00057e+45  4.45643e+05  9.88592e+44  7.66163e-08
 7.10152e+00  4.60983e+05  1.03936e+45  4.60983e+05  1.05696e+45  4.45643e+05  1.05097e+45  4.45643e+05  1.06934e+45  7.66163e-08
 7.33362e+00  4.60983e+05  1.11343e+45  4.60983e+05  1.14315e+45  4.45643e+05  1.10912e+45  4.45643e+05  1.15595e+45  7.66163e-08
 7.57330e+00  4.60983e+05  1.19866e+45  4.60983e+05  1.23975e+45  4.45643e+05  1.17525e+45  4.30814e+05  1.20640e+45  7.66163e-08
 7.82082e+00  4.60983e+05  1.29541e+45  4.60983e+05  1.34716e+45  4.45643e+05  1.24963e+45  4.30814e+05  1.25469e+45  7.66163e-08
 8.07642e+00  4.60983e+05  1.40407e+45  4.60983e+05  1.46582e+45  4.45643e+05  1.33259e+45  4.30814e+05  1.30960e+45  7.66163e-08
 8.34038e+00  4.60983e+05  1.52510e+45  4.60983e+05  1.59622e+45  4.45643e+05  1.42445e+45  4.30814e+05  1.37135e+45  7.66163e-08
 8.61296e+00  4.60983e+05  1.65900e+45  4.45643e+05  1.65262e+45  4.45643e+05  1.52560e+45  4.30814e+05  1.44021e+45  7.66163e-08
 8.89446e+00  4.60983e+05  1.80632e+45  4.45643e+05  1.72120e+45  4.45643e+05  1.63646e+45  4.30814e+05  1.51646e+45  7.66163e-08
 9.18515e+00  4.45643e+05  1.89169e+45  4.45643e+05  1.80259e+45  4.45643e+05  1.75749e+45  4.30814e+05  1.60041e+45  7.66163e-08
 9.48535e+00  4.45643e+05  1.96744e+45  4.45643e+05  1.89711e+45  4.45643e+05  1.88919e+45  4.30814e+05  1.69242e+45  7.66163e-08
 9.79535e+00  4.45643e+05  2.05789e+45  4.45643e+05  2.00516e+45  4.45643e+05  2.03209e+45  4.30814e+05  1.79285e+45  7.66163e-08
 1.01155e+01  4.45643e+05  2.16341e+45  4.45643e+05  2.12718e+45  4.45643e+05  2.18681e+45  4.30814e+05  1.90214e+45  7.66163e-08
 1.04461e+01  4.45643e+05  2.28443e+45  4.45643e+05  2.26369e+45  4.45643e+05  2.35396e+45  4.30814e+05  2.02072e+45  7.66163e-08
 1.07875e+01  4.45643e+05  2.42147e+45  4.45643e+05  2.41524e+45  4.45643e+05  2.53425e+45  4.30814e+05  2.14909e+45  7.66163e-08
 1.11401e+01  4.45643e+05  2.57508e+45  4.45643e+05  2.58246e+45  4.45643e+05  2.72843e+45  4.30814e+05  2.28778e+45  7.66163e-08
 1.15041e+01  4.45643e+05  2.74591e+45  4.45643e+05  2.76605e+45  4.45643e+05  2.93729e+45  4.30814e+05  2.43737e+45  7.66163e-08
 1.18801e+01  4.45643e+05  2.93466e+45  4.45643e+05  2.96676e+45  4.45643e+05  3.16170e+45  4.30814e+05  2.59848e+45  7.66163e-08
 1.22684e+01  4.45643e+05  3.14211e+45  4.45643e+05  3.18543e+45  4.45643e+05  3.40259e+45  4.30814e+05  2.77177e+45  7.66163e-08
 1.26694e+01  4.45643e+05  3.36911e+45  4.45643e+05  3.42296e+45  4.45643e+05  3.66096e+45  4.30814e+05  2.95795e+45  7.66163e-08
 1.30834e+01  4.45643e+05  3.61662e+45  4.45643e+05  3.68033e+45  4.45643e+05  3.93787e+45  4.30814e+05  3.15780e+45  7.66163e-08
 1.35110e+01  4.45643e+05  3.88564e+45  4.45643e+05  3.95861e+45  4.45643e+05  4.23447e+45  4.30814e+05  3.37215e+45  7.66163e-08
 1.39526e+01  4.45643e+05  4.17731e+45  4.45643e+05  4.25895e+45  4.45643e+05  4.55199e+45  4.30814e+05  3.60189e+45  7.66163e-08
 1.44086e+01  4.45643e+05  4.49282e+45  4.45643e+05  4.58259e+45  4.45643e+05  4.89174e+45  4.30814e+05  3.84796e+45  7.66163e-08
 1.48795e+01  4.45643e+05  4.83347e+45  4.45643e+05  4.93087e+45  4.30814e+05  5.07020e+45  4.30814e+05  4.11138e+45  7.66163e-08
 1.53658e+01  4.45643e+05  5.20069e+45  4.45643e+05  5.30524e+45  4.30814e+05  5.26273e+45  4.30814e+05  4.39324e+45  7.66163e-08
 1.58680e+01  4.45643e+05  5.59598e+45  4.45643e+05  5.70724e+45  4.30814e+05  5.48043e+45  4.30814e+05  4.69471e+45  7.66163e-08
 1.63866e+01  4.45643e+05  6.02099e+45  4.45643e+05  6.13854e+45  4.30814e+05  5.72421e+45  4.30814e+05  5.01704e+45  7.66163e-08
 1.69222e+01  4.45643e+05  6.47747e+45  4.45643e+05  6.60092e+45  4.30814e+05  5.99508e+45  4.30814e+05  5.36156e+45  7.66163e-08
 1.74753e+01  4.45643e+05  6.96732e+45  4.45643e+05  7.09630e+45  4.30814e+05  6.29414e+45  4.30814e+05  5.72969e+45  7.66163e-08
 1.80464e+01  4.45643e+05  7.49255e+45  4.45643e+05  7.62672e+45  4.30814e+05  6.62265e+45  4.30814e+05  6.12297e+45  7.66163e-08
 1.86362e+01  4.45643e+05  8.05535e+45  4.45643e+05  8.19438e+45  4.30814e+05  6.98197e+45  4.30814e+05  6.54301e+45  7.66163e-08
 1.92453e+01  4.45643e+05  8.65804e+45  4.30814e+05  8.66197e+45  4.30814e+05  7.37357e+45  4.30814e+05  6.99156e+45  7.66163e-08
 1.98743e+01  4.45643e+05  9.30311e+45  4.30814e+05  8.97285e+45  4.30814e+05  7.79908e+45  4.30814e+05  7.47047e+45  7.66163e-08
 2.05238e+01  4.30814e+05  9.92419e+45  4.30814e+05  9.32655e+45  4.30814e+05  8.26026e+45  4.30814e+05  7.98173e+45  7.66163e-08
 2.11946e+01  4.30814e+05  1.02717e+46  4.30814e+05  9.72452e+45  4.30814e+05  8.75902e+45  4.30814e+05  8.52744e+45  7.66163e-08
 2.18873e+01  4.30814e+05  1.06683e+46  4.30814e+05  1.01684e+46  4.30814e+05  9.29743e+45  4.30814e+05  9.10987e+45  7.66163e-08
 2.26026e+01  4.30814e+05  1.11156e+46  4.30814e+05  1.06601e+46  4.30814e+05  9.87770e+45  4.30814e+05  9.73144e+45  7.66163e-08
 2.33413e+01  4.30814e+05  1.16154e+46  4.30814e+05  1.12015e+46  4.30814e+05  1.05023e+46  4.30814e+05  1.03947e+46  7.66163e-08
 2.41042e+01  4.30814e+05  1.21699e+46  4.30814e+05  1.17950e+46  4.30814e+05  1.11737e+46  4.30814e+05  1.11024e+46  7.66163e-08
 2.48920e+01  4.30814e+05  1.27813e+46  4.30814e+05  1.24430e+46  4.30814e+05  1.18947e+46  4.30814e+05  1.18575e+46  7.66163e-08
 2.57055e+01  4.30814e+05  1.34522e+46  4.30814e+05  1.31481e+46  4.30814e+05  1.26684e+46  4.30814e+05  1.26631e+46  7.66163e-08
 2.65456e+01  4.30814e+05  1.41852e+46  4.30814e+05  1.39133e+46  4.30814e+05  1.34978e+46  4.30814e+05  1.35225e+46  7.66163e-08
 2.74132e+01  4.30814e+05  1.49836e+46  4.30814e+05  1.47418e+46  4.30814e+05  1.43866e+46  4.30814e+05  1.44393e+46  7.66163e-08
 2.83091e+01  4.30814e+05  1.58505e+46  4.30814e+05  1.56370e+46  4.30814e+05  1.53383e+46  4.30814e+05  1.54173e+46  7.66163e-08
 2.92343e+01  4.30814e+05  1.67895e+46  4.30814e+05  1.66026e+46  4.30814e+05  1.63568e+46  4.30814e+05  1.64605e+46  7.66163e-08
 3.01898e+01  4.30814e+05  1.78046e+46  4.30814e+05  1.76425e+46  4.30814e+05  1.74464e+46  4.30814e+05  1.75733e+46  7.66163e-08
 3.11765e+01  4.30814e+05  1.88999e+46  4.30814e+05  1.87612e+46  4.30814e+05  1.86117e+46  4.30814e+05  1.87602e+46  7.66163e-08
 3.21954e+01  4.30814e+05  2.00800e+46  4.30814e+05  1.99631e+46  4.30814e+05  1.98573e+46  4.30814e+05  2.00262e+46  7.66163e-08
 3.32476e+01  4.30814e+05  2.13498e+46  4.30814e+05  2.12534e+46  4.30814e+05  2.11885e+46  4.30814e+05  2.13765e+46  7.66163e-08
 3.43343e+01  4.30814e+05  2.27144e+46  4.30814e+05  2.26373e+46  4.30814e+05  2.26108e+46  4.30814e+05  2.28167e+46  7.66163e-08
 3.54564e+01  4.30814e+05  2.41797e+46  4.30814e+05  2.41205e+46  4.30814e+05  2.41301e+46  4.30814e+05  2.43527e+46  7.66163e-08
 3.66152e+01  4.30814e+05  2.57515e+46  4.30814e+05  2.57093e+46  4.30814e+05  2.57526e+46  4.30814e+05  2.59910e+46  7.66163e-08
 3.78119e+01  4.30814e+05  2.74365e+46  4.30814e+05  2.74101e+46  4.30814e+05  2.74851e+46  4.16479e+05  2.76613e+46  7.66163e-08
 3.90477e+01  4.30814e+05  2.92416e+46  4.30814e+05  2.92300e+46  4.30814e+05  2.93347e+46  4.16479e+05  2.85289e+46  7.66163e-08
 4.03238e+01  4.30814e+05  3.11742e+46  4.30814e+05  3.11766e+46  4.30814e+05  3.13092e+46  4.16479e+05  2.95161e+46  7.66163e-08
 4.16417e+01  4.30814e+05  3.32424e+46  4.30814e+05  3.32579e+46  4.30814e+05  3.34165e+46  4.16479e+05  3.06268e+46  7.66163e-08
 4.30027e+01  4.30814e+05  3.54548e+46  4.30814e+05  3.54825e+46  4.30814e+05  3.56656e+46  4.16479e+05  3.18656e+46  7.66163e-08
 4.44081e+01  4.30814e+05  3.78204e+46  4.30814e+05  3.78596e+46  4.30814e+05  3.80657e+46  4.16479e+05  3.32378e+46  7.66163e-08
 4.58595e+01  4.30814e+05  4.03491e+46  4.30814e+05  4.03991e+46  4.30814e+05  4.06267e+46  4.16479e+05  3.47490e+46  7.66163e-08
 4.73583e+01  4.30814e+05  4.30513e+46  4.30814e+05  4.31115e+46  4.30814e+05  4.33592e+46  4.16479e+05  3.64054e+46  7.66163e-08
 4.89061e+01  4.30814e+05  4.59383e+46  4.30814e+05  4.60079e+46  4.30814e+05  4.62746e+46  4.16479e+05  3.82139e+46  7.66163e-08
 5.05045e+01  4.30814e+05  4.90219e+46  4.30814e+05  4.91004e+46  4.30814e+05  4.93849e+46  4.16479e+05  4.01820e+46  7.66163e-08
 5.21551e+01  4.30814e+05  5.23150e+46  4.30814e+05  5.24018e+46  4.30814e+05  5.27029e+46  4.16479e+05  4.23178e+46  7.66163e-08
 5.38597e+01  4.30814e+05  5.58311e+46  4.30814e+05  5.59257e+46  4.30814e+05  5.62425e+46  4.16479e+05  4.46301e+46  7.66163e-08
 5.56199e+01  4.30814e+05  5.95848e+46  4.30814e+05  5.96868e+46  4.30814e+05  6.00181e+46  4.16479e+05  4.71286e+46  7.66163e-08
 5.74378e+01  4.30814e+05  6.35917e+46  4.30814e+05  6.37005e+46  4.30814e+05  6.40456e+46  4.16479e+05  4.98235e+46  7.66163e-08
 5.93150e+01  4.30814e+05  6.78683e+46  4.30814e+05  6.79836e+46  4.30814e+05  6.83415e+46  4.16479e+05  5.27261e+46  7.66163e-08
 6.12535e+01  4.30814e+05  7.24323e+46  4.30814e+05  7.25536e+46  4.30814e+05  7.29237e+46  4.16479e+05  5.58483e+46  7.66163e-08
 6.32555e+01  4.30814e+05  7.73027e+46  4.30814e+05  7.74297e+46  4.30814e+05  7.78110e+46  4.16479e+05  5.92030e+46  7.66163e-08
 6.53228e+01  4.30814e+05  8.24995e+46  4.30814e+05  8.26318e+46  4.30814e+05  8.30237e+46  4.16479e+05  6.28042e+46  7.66163e-08
 6.74577e+01  4.30814e+05  8.80443e+46  4.30814e+05  8.81815e+46  4.30814e+05  8.85834e+46  4.16479e+05  6.66667e+46  7.66163e-08
 6.96624e+01  4.30814e+05  9.39600e+46  4.30814e+05  9.41019e+46  4.30814e+05  9.45132e+46  4.16479e+05  7.08066e+46  7.66163e-08
 7.19392e+01  4.30814e+05  1.00271e+47  4.30814e+05  1.00417e+47  4.30814e+05  1.00837e+47  4.16479e+05  7.52409e+46  7.66163e-08
 7.42903e+01  4.30814e+05  1.07004e+47  4.30814e+05  1.07154e+47  4.30814e+05  1.07582e+47  4.16479e+05  7.99880e+46  7.66163e-08
 7.67183e+01  4.30814e+05  1.14186e+47  4.30814e+05  1.14340e+47  4.30814e+05  1.14776e+47  4.16479e+05  8.50676e+46  7.66163e-08
 7.92257e+01  4.30814e+05  1.21847e+47  4.30814e+05  1.22005e+47  4.30814e+05  1.22448e+47  4.16479e+05  9.05006e+46  7.66163e-08
 8.18150e+01  4.30814e+05  1.30019e+47  4.30814e+05  1.30180e+47  4.16479e+05  1.27509e+47  4.16479e+05  9.63096e+46  7.66163e-08
 8.44889e+01  4.30814e+05  1.38735e+47  4.30814e+05  1.38900e+47  4.16479e+05  1.31745e+47  4.16479e+05  1.02519e+47  7.66163e-08
 8.72502e+01  4.30814e+05  1.48033e+47  4.30814e+05  1.48200e+47  4.16479e+05  1.36529e+47  4.16479e+05  1.09153e+47  7.66163e-08
 9.01018e+01  4.30814e+05  1.57949e+47  4.30814e+05  1.58119e+47  4.16479e+05  1.41882e+47  4.16479e+05  1.16241e+47  7.66163e-08
 9.30466e+01  4.30814e+05  1.68526e+47  4.30814e+05  1.68699e+47  4.16479e+05  1.47826e+47  4.16479e+05  1.23812e+47  7.66163e-08
 9.60876e+01  4.30814e+05  1.79807e+47  4.30814e+05  1.79982e+47  4.16479e+05  1.54384e+47  4.16479e+05  1.31896e+47  7.66163e-08
 9.92280e+01  4.30814e+05  1.91838e+47  4.30814e+05  1.92016e+47  4.16479e+05  1.61585e+47  4.16479e+05  1.40527e+47  7.66163e-08
 1.02471e+02  4.30814e+05  2.04670e+47  4.30814e+05  2.04850e+47  4.16479e+05  1.69458e+47  4.16479e+05  1.49742e+47  7.66163e-08
 1.05820e+02  4.30814e+05  2.18355e+47  4.16479e+05  2.17321e+47  4.16479e+05  1.78036e+47  4.16479e+05  1.59577e+47  7.66163e-08
 1.09278e+02  4.30814e+05  2.32951e+47  4.16479e+05  2.24158e+47  4.16479e+05  1.87354e+47  4.16479e+05  1.70075e+47  7.66163e-08
 1.12850e+02  4.30814e+05  2.48517e+47  4.16479e+05  2.31927e+47  4.16479e+05  1.97451e+47  4.16479e+05  1.81277e+47  7.66163e-08
 1.16538e+02  4.16479e+05  2.56873e+47  4.16479e+05  2.40662e+47  4.16479e+05  2.08368e+47  4.16479e+05  1.93232e+47  7.66163e-08
 1.20347e+02  4.16479e+05  2.65587e+47  4.16479e+05  2.50399e+47  4.16479e+05  2.20151e+47  4.16479e+05  2.05987e+47  7.66163e-08
 1.24280e+02  4.16479e+05  2.75406e+47  4.16479e+05  2.61178e+47  4.16479e+05  2.32848e+47  4.16479e+05  2.19596e+47  7.66163e-08
 1.28342e+02  4.16479e+05  2.86372e+47  4.16479e+05  2.73043e+47  4.16479e+05  2.46512e+47  4.16479e+05  2.34116e+47  7.66163e-08
 1.32537e+02  4.16479e+05  2.98529e+47  4.16479e+05  2.86044e+47  4.16479e+05  2.61200e+47  4.16479e+05  2.49606e+47  7.66163e-08
 1.36868e+02  4.16479e+05  3.11929e+47  4.16479e+05  3.00234e+47  4.16479e+05  2.76973e+47  4.16479e+05  2.66130e+47  7.66163e-08
 1.41341e+02  4.16479e+05  3.26626e+47  4.16479e+05  3.15673e+47  4.16479e+05  2.93895e+47  4.16479e+05  2.83757e+47  7.66163e-08
 1.45961e+02  4.16479e+05  3.42681e+47  4.16479e+05  3.32423e+47  4.16479e+05  3.12036e+47  4.16479e+05  3.02560e+47  7.66163e-08
 1.50731e+02  4.16479e+05  3.60161e+47  4.16479e+05  3.50555e+47  4.16479e+05  3.31473e+47  4.16479e+05  3.22616e+47  7.66163e-08
 1.55658e+02  4.16479e+05  3.79137e+47  4.16479e+05  3.70144e+47  4.16479e+05  3.52284e+47  4.16479e+05  3.44009e+47  7.66163e-08
 1.60745e+02  4.16479e+05  3.99690e+47  4.16479e+05  3.91270e+47  4.16479e+05  3.74557e+47  4.16479e+05  3.66827e+47  7.66163e-08
 1.65998e+02  4.16479e+05  4.21903e+47  4.16479e+05  4.14021e+47  4.16479e+05  3.98384e+47  4.16479e+05  3.91164e+47  7.66163e-08
 1.71424e+02  4.16479e+05  4.45869e+47  4.16479e+05  4.38491e+47  4.16479e+05  4.23862e+47  4.16479e+05  4.17122e+47  7.66163e-08
 1.77026e+02  4.16479e+05  4.71686e+47  4.16479e+05  4.64781e+47  4.16479e+05  4.51098e+47  4.16479e+05  4.44808e+47  7.66163e-08
 1.82812e+02  4.16479e+05  4.99462e+47  4.16479e+05  4.93001e+47  4.16479e+05  4.80204e+47  4.16479e+05  4.74335e+47  7.66163e-08
 1.88787e+02  4.16479e+05  5.29312e+47  4.16479e+05  5.23266e+47  4.16479e+05  5.11301e+47  4.16479e+05  5.05828e+47  7.66163e-08
 1.94957e+02  4.16479e+05  5.61359e+47  4.16479e+05  5.55703e+47  4.16479e+05  5.44518e+47  4.16479e+05  5.39414e+47  7.66163e-08
 2.01328e+02  4.16479e+05  5.95735e+47  4.16479e+05  5.90445e+47  4.16479e+05  5.79991e+47  4.16479e+05  5.75235e+47  7.66163e-08
 2.07908e+02  4.16479e+05  6.32584e+47  4.16479e+05  6.27636e+47  4.16479e+05  6.17868e+47  4.16479e+05  6.13438e+47  7.66163e-08
 2.14703e+02  4.16479e+05  6.72057e+47  4.16479e+05  6.67430e+47  4.16479e+05  6.58305e+47  4.16479e+05  6.54181e+47  7.66163e-08
 2.21720e+02  4.16479e+05  7.14317e+47  4.16479e+05  7.09992e+47  4.16479e+05  7.01470e+47  4.16479e+05  6.97632e+47  7.66163e-08
 2.28967e+02  4.16479e+05  7.59541e+47  4.16479e+05  7.55499e+47  4.16479e+05  7.47541e+47  4.16479e+05  7.43972e+47  7.66163e-08
 2.36450e+02  4.16479e+05  8.07914e+47  4.16479e+05  8.04137e+47  4.16479e+05  7.96710e+47  4.16479e+05  7.93393e+47  7.66163e-08
 2.44178e+02  4.16479e+05  8.59638e+47  4.16479e+05  8.56109e+47  4.16479e+05  8.49179e+47  4.16479e+05  8.46098e+47  7.66163e-08
 2.52158e+02  4.16479e+05  9.14925e+47  4.16479e+05  9.11630e+47  4.16479e+05  9.05165e+47  4.16479e+05  9.02306e+47  7.66163e-08
 2.60399e+02  4.16479e+05  9.74006e+47  4.16479e+05  9.70929e+47  4.16479e+05  9.64902e+47  4.16479e+05  9.62250e+47  7.66163e-08
 2.68910e+02  4.16479e+05  1.03712e+48  4.16479e+05  1.03425e+48  4.16479e+05  1.02863e+48  4.16479e+05  1.02618e+48  7.66163e-08
 2.77699e+02  4.16479e+05  1.10454e+48  4.16479e+05  1.10186e+48  4.16479e+05  1.09663e+48  4.16479e+05  1.09435e+48  7.66163e-08
 2.86774e+02  4.16479e+05  1.17653e+48  4.16479e+05  1.17403e+48  4.16479e+05  1.16916e+48  4.16479e+05  1.16706e+48  7.66163e-08
 2.96147e+02  4.16479e+05  1.25340e+48  4.16479e+05  1.25107e+48  4.16479e+05  1.24654e+48  4.16479e+05  1.24460e+48  7.66163e-08
 3.05826e+02  4.16479e+05  1.33547e+48  4.16479e+05  1.33330e+48  4.16479e+05  1.32908e+48  4.16479e+05  1.32729e+48  7.66163e-08
 3.15821e+02  4.16479e+05  1.42307e+48  4.16479e+05  1.42104e+48  4.16479e+05  1.41712e+48  4.16479e+05  1.41547e+48  7.66163e-08
 3.26143e+02  4.16479e+05  1.51656e+48  4.16479e+05  1.51467e+48  4.16479e+05  1.51103e+48  4.02620e+05  1.49431e+48  7.66163e-08
 3.36802e+02  4.16479e+05  1.61633e+48  4.16479e+05  1.61458e+48  4.16479e+05  1.61120e+48  4.02620e+05  1.54045e+48  7.66163e-08
 3.47810e+02  4.16479e+05  1.72280e+48  4.16479e+05  1.72117e+48  4.16479e+05  1.71804e+48  4.02620e+05  1.59296e+48  7.66163e-08
 3.59177e+02  4.16479e+05  1.83641e+48  4.16479e+05  1.83490e+48  4.16479e+05  1.83199e+48  4.02620e+05  1.65206e+48  7.66163e-08
 3.70916e+02  4.16479e+05  1.95763e+48  4.16479e+05  1.95622e+48  4.16479e+05  1.95353e+48  4.02620e+05  1.71800e+48  7.66163e-08
 3.83038e+02  4.16479e+05  2.08695e+48  4.16479e+05  2.08564e+48  4.16479e+05  2.08315e+48  4.02620e+05  1.79106e+48  7.66163e-08
 3.95557e+02  4.16479e+05  2.22491e+48  4.16479e+05  2.22370e+48  4.16479e+05  2.22140e+48  4.02620e+05  1.87152e+48  7.66163e-08
 4.08485e+02  4.16479e+05  2.37209e+48  4.16479e+05  2.37097e+48  4.16479e+05  2.36885e+48  4.02620e+05  1.95974e+48  7.66163e-08
 4.21835e+02  4.16479e+05  2.52910e+48  4.16479e+05  2.52806e+48  4.16479e+05  2.52610e+48  4.02620e+05  2.05606e+48  7.66163e-08
 4.35622e+02  4.16479e+05  2.69657e+48  4.16479e+05  2.69561e+48  4.16479e+05  2.69381e+48  4.02620e+05  2.16090e+48  7.66163e-08
 4.49859e+02  4.16479e+05  2.87522e+48  4.16479e+05  2.87433e+48  4.16479e+05  2.87267e+48  4.02620e+05  2.27468e+48  7.66163e-08
 4.64562e+02  4.16479e+05  3.06576e+48  4.16479e+05  3.06494e+48  4.16479e+05  3.06343e+48  4.02620e+05  2.39788e+48  7.66163e-08
 4.79745e+02  4.16479e+05  3.26900e+48  4.16479e+05  3.26825e+48  4.16479e+05  3.26686e+48  4.02620e+05  2.53100e+48  7.66163e-08
 4.95424e+02  4.16479e+05  3.48578e+48  4.16479e+05  3.48509e+48  4.16479e+05  3.48382e+48  4.02620e+05  2.67459e+48  7.66163e-08
 5.11616e+02  4.16479e+05  3.71699e+48  4.16479e+05  3.71635e+48  4.16479e+05  3.71520e+48  4.02620e+05  2.82926e+48  7.66163e-08
 5.28337e+02  4.16479e+05  3.96359e+48  4.16479e+05  3.96300e+48  4.16479e+05  3.96196e+48  4.02620e+05  2.99564e+48  7.66163e-08
 5.45604e+02  4.16479e+05  4.22660e+48  4.16479e+05  4.22606e+48  4.16479e+05  4.22511e+48  4.02620e+05  3.17441e+48  7.66163e-08
 5.63436e+02  4.16479e+05  4.50711e+48  4.16479e+05  4.50661e+48  4.16479e+05  4.50576e+48  4.02620e+05  3.36633e+48  7.66163e-08
 5.81850e+02  4.16479e+05  4.80627e+48  4.16479e+05  4.80582e+48  4.16479e+05  4.80506e+48  4.02620e+05  3.57217e+48  7.66163e-08
 6.00867e+02  4.16479e+05  5.12533e+48  4.16479e+05  5.12493e+48  4.16479e+05  5.12424e+48  4.02620e+05  3.79280e+48  7.66163e-08
 6.20505e+02  4.16479e+05  5.46561e+48  4.16479e+05  5.46525e+48  4.16479e+05  5.46464e+48  4.02620e+05  4.02913e+48  7.66163e-08
 6.40784e+02  4.16479e+05  5.82852e+48  4.16479e+05  5.82819e+48  4.16479e+05  5.82765e+48  4.02620e+05  4.28214e+48  7.66163e-08
 6.61727e+02  4.16479e+05  6.21555e+48  4.16479e+05  6.21526e+48  4.16479e+05  6.21479e+48  4.02620e+05  4.55287e+48  7.66163e-08
 6.83354e+02  4.16479e+05  6.62832e+48  4.16479e+05  6.62805e+48  4.16479e+05  6.62765e+48  4.02620e+05  4.84244e+48  7.66163e-08
 7.05688e+02  4.16479e+05  7.06852e+48  4.16479e+05  7.06828e+48  4.16479e+05  7.06794e+48  4.02620e+05  5.15205e+48  7.66163e-08
 7.28751e+02  4.16479e+05  7.53798e+48  4.16479e+05  7.53777e+48  4.16479e+05  7.53748e+48  4.02620e+05  5.48299e+48  7.66163e-08
 7.52569e+02  4.16479e+05  8.03864e+48  4.16479e+05  8.03846e+48  4.02620e+05  7.80398e+48  4.02620e+05  5.83661e+48  7.66163e-08
 7.77165e+02  4.16479e+05  8.57258e+48  4.16479e+05  8.57242e+48  4.02620e+05  8.05918e+48  4.02620e+05  6.21440e+48  7.66163e-08
 8.02565e+02  4.16479e+05  9.14200e+48  4.16479e+05  9.14186e+48  4.02620e+05  8.34773e+48  4.02620e+05  6.61790e+48  7.66163e-08
 8.28794e+02  4.16479e+05  9.74926e+48  4.16479e+05  9.74914e+48  4.02620e+05  8.67084e+48  4.02620e+05  7.04880e+48  7.66163e-08
 8.55882e+02  4.16479e+05  1.03969e+49  4.16479e+05  1.03968e+49  4.02620e+05  9.02983e+48  4.02620e+05  7.50886e+48  7.66163e-08
 8.83854e+02  4.16479e+05  1.10875e+49  4.16479e+05  1.10874e+49  4.02620e+05  9.42619e+48  4.02620e+05  8.00000e+48  7.66163e-08
 9.12741e+02  4.16479e+05  1.18241e+49  4.16479e+05  1.18240e+49  4.02620e+05  9.86157e+48  4.02620e+05  8.52426e+48  7.66163e-08
 9.42571e+02  4.16479e+05  1.26095e+49  4.16479e+05  1.26095e+49  4.02620e+05  1.03378e+49  4.02620e+05  9.08379e+48  7.66163e-08
 9.73377e+02  4.16479e+05  1.34472e+49  4.02620e+05  1.33015e+49  4.02620e+05  1.08567e+49  4.02620e+05  9.68091e+48  7.66163e-08
 1.00519e+03  4.16479e+05  1.43405e+49  4.02620e+05  1.37131e+49  4.02620e+05  1.14207e+49  4.02620e+05  1.03181e+49  7.66163e-08
 1.03804e+03  4.02620e+05  1.52563e+49  4.02620e+05  1.41814e+49  4.02620e+05  1.20318e+49  4.02620e+05  1.09980e+49  7.66163e-08
 1.07197e+03  4.02620e+05  1.57164e+49  4.02620e+05  1.47085e+49  4.02620e+05  1.26928e+49  4.02620e+05  1.17234e+49  7.66163e-08
 1.10700e+03  4.02620e+05  1.62415e+49  4.02620e+05  1.52964e+49  4.02620e+05  1.34063e+49  4.02620e+05  1.24973e+49  7.66163e-08
 1.14318e+03  4.02620e+05  1.68338e+49  4.02620e+05  1.59476e+49  4.02620e+05  1.41753e+49  4.02620e+05  1.33230e+49  7.66163e-08
 1.18054e+03  4.02620e+05  1.74958e+49  4.02620e+05  1.66648e+49  4.02620e+05  1.50030e+49  4.02620e+05  1.42038e+49  7.66163e-08
 1.21913e+03  4.02620e+05  1.82302e+49  4.02620e+05  1.74510e+49  4.02620e+05  1.58927e+49  4.02620e+05  1.51433e+49  7.66163e-08
 1.25897e+03  4.02620e+05  1.90401e+49  4.02620e+05  1.83094e+49  4.02620e+05  1.68483e+49  4.02620e+05  1.61456e+49  7.66163e-08
 1.30012e+03  4.02620e+05  1.99288e+49  4.02620e+05  1.92436e+49  4.02620e+05  1.78735e+49  4.02620e+05  1.72146e+49  7.66163e-08
 1.34261e+03  4.02620e+05  2.08999e+49  4.02620e+05  2.02575e+49  4.02620e+05  1.89727e+49  4.02620e+05  1.83549e+49  7.66163e-08
 1.38649e+03  4.02620e+05  2.19576e+49  4.02620e+05  2.13552e+49  4.02620e+05  2.01505e+49  4.02620e+05  1.95712e+49  7.66163e-08
 1.43180e+03  4.02620e+05  2.31061e+49  4.02620e+05  2.25412e+49  4.02620e+05  2.14116e+49  4.02620e+05  2.08685e+49  7.66163e-08
 1.47860e+03  4.02620e+05  2.43502e+49  4.02620e+05  2.38206e+49  4.02620e+05  2.27614e+49  4.02620e+05  2.22521e+49  7.66163e-08
 1.52692e+03  4.02620e+05  2.56952e+49  4.02620e+05  2.51985e+49  4.02620e+05  2.42054e+49  4.02620e+05  2.37278e+49  7.66163e-08
 1.57683e+03  4.02620e+05  2.71465e+49  4.02620e+05  2.66808e+49  4.02620e+05  2.57495e+49  4.02620e+05  2.53017e+49  7.66163e-08
 1.62836e+03  4.02620e+05  2.87101e+49  4.02620e+05  2.82734e+49  4.02620e+05  2.74002e+49  4.02620e+05  2.69803e+49  7.66163e-08
 1.68158e+03  4.02620e+05  3.03925e+49  4.02620e+05  2.99831e+49  4.02620e+05  2.91643e+49  4.02620e+05  2.87706e+49  7.66163e-08
 1.73654e+03  4.02620e+05  3.22008e+49  4.02620e+05  3.18168e+49  4.02620e+05  3.10491e+49  4.02620e+05  3.06800e+49  7.66163e-08
 1.79329e+03  4.02620e+05  3.41423e+49  4.02620e+05  3.37823e+49  4.02620e+05  3.30624e+49  4.02620e+05  3.27163e+49  7.66163e-08
 1.85190e+03  4.02620e+05  3.62251e+49  4.02620e+05  3.58875e+49  4.02620e+05  3.52125e+49  4.02620e+05  3.48880e+49  7.66163e-08
 1.91243e+03  4.02620e+05  3.84578e+49  4.02620e+05  3.81413e+49  4.02620e+05  3.75084e+49  4.02620e+05  3.72041e+49  7.66163e-08
 1.97493e+03  4.02620e+05  4.08497e+49  4.02620e+05  4.05529e+49  4.02620e+05  3.99595e+49  4.02620e+05  3.96742e+49  7.66163e-08
 2.03948e+03  4.02620e+05  4.34107e+49  4.02620e+05  4.31324e+49  4.02620e+05  4.25759e+49  4.02620e+05  4.23085e+49  7.66163e-08
 2.10613e+03  4.02620e+05  4.61513e+49  4.02620e+05  4.58904e+49  4.02620e+05  4.53686e+49  4.02620e+05  4.51178e+49  7.66163e-08
 2.17497e+03  4.02620e+05  4.90829e+49  4.02620e+05  4.88382e+49  4.02620e+05  4.83490e+49  4.02620e+05  4.81139e+49  7.66163e-08
 2.24605e+03  4.02620e+05  5.22177e+49  4.02620e+05  5.19883e+49  4.02620e+05  5.15295e+49  4.02620e+05  5.13091e+49  7.66163e-08
 2.31946e+03  4.02620e+05  5.55685e+49  4.02620e+05  5.53534e+49  4.02620e+05  5.49233e+49  4.02620e+05  5.47166e+49  7.66163e-08
 2.39526e+03  4.02620e+05  5.91494e+49  4.02620e+05  5.89477e+49  4.02620e+05  5.85444e+49  4.02620e+05  5.83506e+49  7.66163e-08
 2.47355e+03  4.02620e+05  6.29750e+49  4.02620e+05  6.27859e+49  4.02620e+05  6.24078e+49  4.02620e+05  6.22261e+49  7.66163e-08
 2.55439e+03  4.02620e+05  6.70613e+49  4.02620e+05  6.68839e+49  4.02620e+05  6.65294e+49  4.02620e+05  6.63591e+49  7.66163e-08
 2.63787e+03  4.02620e+05  7.14250e+49  4.02620e+05  7.12588e+49  4.02620e+05  7.09264e+49  4.02620e+05  7.07667e+49  7.66163e-08
 2.72409e+03  4.02620e+05  7.60844e+49  4.02620e+05  7.59285e+49  4.02620e+05  7.56169e+49  4.02620e+05  7.54672e+49  7.66163e-08
 2.81312e+03  4.02620e+05  8.10587e+49  4.02620e+05  8.09125e+49  4.02620e+05  8.06203e+49  4.02620e+05  8.04800e+49  7.66163e-08
 2.90506e+03  4.02620e+05  8.63684e+49  4.02620e+05  8.62314e+49  4.02620e+05  8.59574e+49  4.02620e+05  8.58258e+49  7.66163e-08
 3.00000e+03  4.02620e+05  9.20356e+49  4.02620e+05  9.19071e+49  4.02620e+05  9.16502e+49  4.02620e+05  9.15269e+49  7.66163e-08
