radius_rg T_0deg chi2_0deg T_15deg chi2_15deg T_30deg chi2_30deg T_45deg chi2_45deg nuLnusavg_last
 2.00000e-01  7.40366e+05  1.26941e+43  7.15730e+05  9.60245e+42  6.68890e+05  4.90881e+42  6.04314e+05  2.94443e+42  3.00488e-07
 2.06537e-01  7.15730e+05  1.19020e+43  7.15730e+05  9.44461e+42  6.68890e+05  4.79843e+42  6.04314e+05  2.66906e+42  3.00488e-07
 2.13287e-01  7.15730e+05  1.11932e+43  6.91914e+05  8.84225e+42  6.46632e+05  4.63148e+42  6.04314e+05  2.52241e+42  3.00488e-07
 2.20257e-01  7.15730e+05  1.09104e+43  6.91914e+05  8.24687e+42  6.46632e+05  4.19779e+42  6.04314e+05  2.50388e+42  3.00488e-07
 2.27456e-01  6.91914e+05  1.04342e+43  6.91914e+05  8.01454e+42  6.46632e+05  3.99671e+42  5.84205e+05  2.40783e+42  3.00488e-07
 2.34890e-01  6.91914e+05  9.64723e+42  6.68890e+05  7.76789e+42  6.46632e+05  4.02741e+42  5.84205e+05  2.17809e+42  3.00488e-07
 2.42567e-01  6.91914e+05  9.28004e+42  6.68890e+05  7.07118e+42  6.25115e+05  3.64340e+42  5.84205e+05  2.07504e+42  3.00488e-07
 2.50494e-01  6.68890e+05  9.22048e+42  6.68890e+05  6.73266e+42  6.25115e+05  3.33002e+42  5.84205e+05  2.09826e+42  3.00488e-07
 2.58681e-01  6.68890e+05  8.31781e+42  6.68890e+05  6.75092e+42  6.25115e+05  3.24566e+42  5.64766e+05  1.95414e+42  3.00488e-07
 2.67136e-01  6.68890e+05  7.82937e+42  6.46632e+05  6.11070e+42  6.04314e+05  3.28646e+42  5.64766e+05  1.75450e+42  3.00488e-07
 2.75866e-01  6.68890e+05  7.75315e+42  6.46632e+05  5.63345e+42  6.04314e+05  2.83801e+42  5.64766e+05  1.67979e+42  3.00488e-07
 2.84882e-01  6.46632e+05  7.24591e+42  6.46632e+05  5.50843e+42  6.04314e+05  2.61653e+42  5.64766e+05  1.72972e+42  3.00488e-07
 2.94193e-01  6.46632e+05  6.59842e+42  6.25115e+05  5.41522e+42  6.04314e+05  2.62112e+42  5.45973e+05  1.57472e+42  3.00488e-07
 3.03808e-01  6.46632e+05  6.35805e+42  6.25115e+05  4.76530e+42  5.84205e+05  2.57318e+42  5.45973e+05  1.38970e+42  3.00488e-07
 3.13737e-01  6.25115e+05  6.48944e+42  6.25115e+05  4.46403e+42  5.84205e+05  2.19093e+42  5.45973e+05  1.32811e+42  3.00488e-07
 3.23991e-01  6.25115e+05  5.64344e+42  6.25115e+05  4.51015e+42  5.84205e+05  2.03298e+42  5.45973e+05  1.38970e+42  3.00488e-07
 3.34580e-01  6.25115e+05  5.20060e+42  6.04314e+05  4.19376e+42  5.84205e+05  2.09868e+42  5.27805e+05  1.26699e+42  3.00488e-07
 3.45515e-01  6.25115e+05  5.15909e+42  6.04314e+05  3.68131e+42  5.64766e+05  2.03593e+42  5.27805e+05  1.08103e+42  3.00488e-07
 3.56807e-01  6.04314e+05  5.04068e+42  6.04314e+05  3.51303e+42  5.64766e+05  1.69042e+42  5.27805e+05  1.01721e+42  3.00488e-07
 3.68468e-01  6.04314e+05  4.35473e+42  6.04314e+05  3.68821e+42  5.64766e+05  1.56715e+42  5.27805e+05  1.07529e+42  3.00488e-07
 3.80511e-01  6.04314e+05  4.06662e+42  5.84205e+05  3.24498e+42  5.64766e+05  1.66559e+42  5.10242e+05  1.03548e+42  3.00488e-07
 3.92947e-01  6.04314e+05  4.17515e+42  5.84205e+05  2.82579e+42  5.45973e+05  1.67992e+42  5.10242e+05  8.32655e+41  3.00488e-07
 4.05790e-01  5.84205e+05  3.91902e+42  5.84205e+05  2.74722e+42  5.45973e+05  1.34052e+42  5.10242e+05  7.50951e+41  3.00488e-07
 4.19052e-01  5.84205e+05  3.34179e+42  5.84205e+05  3.00895e+42  5.45973e+05  1.22191e+42  5.10242e+05  7.90033e+41  3.00488e-07
 4.32748e-01  5.84205e+05  3.15821e+42  5.64766e+05  2.55758e+42  5.45973e+05  1.32358e+42  4.93264e+05  8.93744e+41  3.00488e-07
 4.46891e-01  5.84205e+05  3.36751e+42  5.64766e+05  2.18635e+42  5.27805e+05  1.53313e+42  4.93264e+05  6.57485e+41  3.00488e-07
 4.61496e-01  5.64766e+05  3.11172e+42  5.64766e+05  2.15309e+42  5.27805e+05  1.16698e+42  4.93264e+05  5.41625e+41  3.00488e-07
 4.76579e-01  5.64766e+05  2.59063e+42  5.64766e+05  2.45767e+42  5.27805e+05  1.02089e+42  4.93264e+05  5.45685e+41  3.00488e-07
 4.92155e-01  5.64766e+05  2.46006e+42  5.45973e+05  2.14803e+42  5.27805e+05  1.09427e+42  4.93264e+05  6.69681e+41  3.00488e-07
 5.08240e-01  5.64766e+05  2.71949e+42  5.45973e+05  1.77711e+42  5.27805e+05  1.38741e+42  4.76850e+05  5.82198e+41  3.00488e-07
 5.24851e-01  5.45973e+05  2.63845e+42  5.45973e+05  1.74246e+42  5.10242e+05  1.22965e+42  4.76850e+05  4.14720e+41  3.00488e-07
 5.42004e-01  5.45973e+05  2.11817e+42  5.45973e+05  2.04395e+42  5.10242e+05  1.02014e+42  4.76850e+05  3.66637e+41  3.00488e-07
 5.59718e-01  5.45973e+05  1.98646e+42  5.27805e+05  2.07263e+42  5.10242e+05  1.03009e+42  4.76850e+05  4.37749e+41  3.00488e-07
 5.78011e-01  5.45973e+05  2.24279e+42  5.27805e+05  1.65009e+42  5.10242e+05  1.25953e+42  4.76850e+05  6.28352e+41  3.00488e-07
 5.96902e-01  5.27805e+05  2.56540e+42  5.27805e+05  1.56331e+42  4.93264e+05  1.65154e+42  4.60983e+05  4.34581e+41  3.00488e-07
 6.16411e-01  5.27805e+05  1.98563e+42  5.27805e+05  1.81192e+42  4.93264e+05  1.33535e+42  4.60983e+05  3.14003e+41  3.00488e-07
 6.36557e-01  5.27805e+05  1.79389e+42  5.27805e+05  2.39696e+42  4.93264e+05  1.23991e+42  4.60983e+05  3.12403e+41  3.00488e-07
 6.57361e-01  5.27805e+05  1.98938e+42  5.10242e+05  1.91890e+42  4.93264e+05  1.36485e+42  4.60983e+05  4.29775e+41  3.00488e-07
 6.78845e-01  5.27805e+05  2.57292e+42  5.10242e+05  1.72200e+42  4.93264e+05  1.71067e+42  4.60983e+05  6.66603e+41  3.00488e-07
 7.01032e-01  5.10242e+05  2.32625e+42  5.10242e+05  1.86116e+42  4.76850e+05  2.22156e+42  4.60983e+05  1.02387e+42  3.00488e-07
 7.23943e-01  5.10242e+05  2.00710e+42  5.10242e+05  2.33694e+42  4.76850e+05  1.96379e+42  4.60983e+05  1.50305e+42  3.00488e-07
 7.47603e-01  5.10242e+05  2.07607e+42  4.93264e+05  2.81473e+42  4.76850e+05  1.92939e+42  4.60983e+05  2.10613e+42  3.00488e-07
 7.72037e-01  5.10242e+05  2.53344e+42  4.93264e+05  2.43590e+42  4.76850e+05  2.11820e+42  4.60983e+05  2.83560e+42  3.00488e-07
 7.97269e-01  5.10242e+05  3.38111e+42  4.93264e+05  2.39608e+42  4.76850e+05  2.53102e+42  4.45643e+05  3.11419e+42  3.00488e-07
 8.23326e-01  4.93264e+05  2.88075e+42  4.93264e+05  2.69510e+42  4.76850e+05  3.16955e+42  4.45643e+05  3.35086e+42  3.00488e-07
 8.50234e-01  4.93264e+05  2.74233e+42  4.93264e+05  3.33420e+42  4.60983e+05  3.68382e+42  4.45643e+05  3.71907e+42  3.00488e-07
 8.78022e-01  4.93264e+05  2.99506e+42  4.76850e+05  4.18709e+42  4.60983e+05  3.61877e+42  4.45643e+05  4.22035e+42  3.00488e-07
 9.06718e-01  4.93264e+05  3.64001e+42  4.76850e+05  3.87012e+42  4.60983e+05  3.78393e+42  4.45643e+05  4.85678e+42  3.00488e-07
 9.36352e-01  4.93264e+05  4.67982e+42  4.76850e+05  3.89810e+42  4.60983e+05  4.17998e+42  4.45643e+05  5.63098e+42  3.00488e-07
 9.66955e-01  4.76850e+05  4.51935e+42  4.76850e+05  4.27114e+42  4.60983e+05  4.80857e+42  4.45643e+05  6.54617e+42  3.00488e-07
 9.98557e-01  4.76850e+05  4.45757e+42  4.76850e+05  4.99078e+42  4.60983e+05  5.67229e+42  4.45643e+05  7.60612e+42  3.00488e-07
 1.03119e+00  4.76850e+05  4.79405e+42  4.76850e+05  6.05999e+42  4.60983e+05  6.77473e+42  4.45643e+05  8.81523e+42  3.00488e-07
 1.06489e+00  4.76850e+05  5.53017e+42  4.60983e+05  7.33990e+42  4.60983e+05  8.12044e+42  4.45643e+05  1.01785e+43  3.00488e-07
 1.09970e+00  4.76850e+05  6.66900e+42  4.60983e+05  7.27174e+42  4.60983e+05  9.71499e+42  4.45643e+05  1.17016e+43  3.00488e-07
 1.13564e+00  4.76850e+05  8.21524e+42  4.60983e+05  7.56259e+42  4.60983e+05  1.15650e+43  4.45643e+05  1.33908e+43  3.00488e-07
 1.17276e+00  4.60983e+05  8.37788e+42  4.60983e+05  8.21367e+42  4.60983e+05  1.36781e+43  4.45643e+05  1.52530e+43  3.00488e-07
 1.21108e+00  4.60983e+05  8.61569e+42  4.60983e+05  9.22766e+42  4.60983e+05  1.60630e+43  4.45643e+05  1.72961e+43  3.00488e-07
 1.25067e+00  4.60983e+05  9.26896e+42  4.60983e+05  1.06088e+43  4.60983e+05  1.87296e+43  4.45643e+05  1.95284e+43  3.00488e-07
 1.29154e+00  4.60983e+05  1.03404e+43  4.60983e+05  1.23627e+43  4.60983e+05  2.16890e+43  4.45643e+05  2.19593e+43  3.00488e-07
 1.33375e+00  4.60983e+05  1.18345e+43  4.60983e+05  1.44967e+43  4.60983e+05  2.49534e+43  4.45643e+05  2.45986e+43  3.00488e-07
 1.37734e+00  4.60983e+05  1.37573e+43  4.60983e+05  1.70197e+43  4.60983e+05  2.85363e+43  4.45643e+05  2.74575e+43  3.00488e-07
 1.42236e+00  4.60983e+05  1.61169e+43  4.60983e+05  1.99420e+43  4.60983e+05  3.24525e+43  4.45643e+05  3.05477e+43  3.00488e-07
 1.46884e+00  4.60983e+05  1.89230e+43  4.60983e+05  2.32758e+43  4.60983e+05  3.67183e+43  4.45643e+05  3.38820e+43  3.00488e-07
 1.51685e+00  4.60983e+05  2.21872e+43  4.60983e+05  2.70348e+43  4.60983e+05  4.13513e+43  4.45643e+05  3.74741e+43  3.00488e-07
 1.56642e+00  4.60983e+05  2.59230e+43  4.60983e+05  3.12346e+43  4.60983e+05  4.63706e+43  4.45643e+05  4.13391e+43  3.00488e-07
 1.61762e+00  4.60983e+05  3.01460e+43  4.60983e+05  3.58926e+43  4.45643e+05  4.91444e+43  4.45643e+05  4.54928e+43  3.00488e-07
 1.67049e+00  4.60983e+05  3.48735e+43  4.60983e+05  4.10281e+43  4.45643e+05  5.19080e+43  4.45643e+05  4.99524e+43  3.00488e-07
 1.72508e+00  4.60983e+05  4.01251e+43  4.60983e+05  4.66623e+43  4.45643e+05  5.51018e+43  4.45643e+05  5.47364e+43  3.00488e-07
 1.78146e+00  4.60983e+05  4.59227e+43  4.60983e+05  5.28186e+43  4.45643e+05  5.87387e+43  4.45643e+05  5.98647e+43  3.00488e-07
 1.83968e+00  4.60983e+05  5.22900e+43  4.60983e+05  5.95223e+43  4.45643e+05  6.28340e+43  4.45643e+05  6.53584e+43  3.00488e-07
 1.89981e+00  4.60983e+05  5.92536e+43  4.60983e+05  6.68013e+43  4.45643e+05  6.74046e+43  4.45643e+05  7.12402e+43  3.00488e-07
 1.96190e+00  4.60983e+05  6.68422e+43  4.60983e+05  7.46857e+43  4.45643e+05  7.24694e+43  4.45643e+05  7.75345e+43  3.00488e-07
 2.02602e+00  4.60983e+05  7.50873e+43  4.60983e+05  8.32081e+43  4.45643e+05  7.80493e+43  4.45643e+05  8.42674e+43  3.00488e-07
 2.09224e+00  4.60983e+05  8.40229e+43  4.45643e+05  8.97612e+43  4.45643e+05  8.41675e+43  4.45643e+05  9.14667e+43  3.00488e-07
 2.16062e+00  4.60983e+05  9.36860e+43  4.45643e+05  9.43831e+43  4.45643e+05  9.08492e+43  4.45643e+05  9.91622e+43  3.00488e-07
 2.23123e+00  4.45643e+05  1.02505e+44  4.45643e+05  9.97245e+43  4.45643e+05  9.81221e+43  4.45643e+05  1.07386e+44  3.00488e-07
 2.30415e+00  4.45643e+05  1.07649e+44  4.45643e+05  1.05808e+44  4.45643e+05  1.06016e+44  4.45643e+05  1.16171e+44  3.00488e-07
 2.37946e+00  4.45643e+05  1.13618e+44  4.45643e+05  1.12657e+44  4.45643e+05  1.14565e+44  4.45643e+05  1.25556e+44  3.00488e-07
 2.45723e+00  4.45643e+05  1.20437e+44  4.45643e+05  1.20303e+44  4.45643e+05  1.23802e+44  4.45643e+05  1.35577e+44  3.00488e-07
 2.53753e+00  4.45643e+05  1.28135e+44  4.45643e+05  1.28774e+44  4.45643e+05  1.33767e+44  4.45643e+05  1.46277e+44  3.00488e-07
 2.62047e+00  4.45643e+05  1.36742e+44  4.45643e+05  1.38108e+44  4.45643e+05  1.44501e+44  4.45643e+05  1.57700e+44  3.00488e-07
 2.70611e+00  4.45643e+05  1.46296e+44  4.45643e+05  1.48342e+44  4.45643e+05  1.56049e+44  4.45643e+05  1.69894e+44  3.00488e-07
 2.79455e+00  4.45643e+05  1.56834e+44  4.45643e+05  1.59519e+44  4.45643e+05  1.68457e+44  4.45643e+05  1.82908e+44  3.00488e-07
 2.88589e+00  4.45643e+05  1.68401e+44  4.45643e+05  1.71685e+44  4.45643e+05  1.81777e+44  4.45643e+05  1.96797e+44  3.00488e-07
 2.98021e+00  4.45643e+05  1.81046e+44  4.45643e+05  1.84891e+44  4.45643e+05  1.96066e+44  4.45643e+05  2.11618e+44  3.00488e-07
 3.07761e+00  4.45643e+05  1.94819e+44  4.45643e+05  1.99190e+44  4.45643e+05  2.11380e+44  4.45643e+05  2.27433e+44  3.00488e-07
 3.17819e+00  4.45643e+05  2.09778e+44  4.45643e+05  2.14643e+44  4.45643e+05  2.27785e+44  4.45643e+05  2.44306e+44  3.00488e-07
 3.28206e+00  4.45643e+05  2.25985e+44  4.45643e+05  2.31313e+44  4.45643e+05  2.45348e+44  4.45643e+05  2.62308e+44  3.00488e-07
 3.38933e+00  4.45643e+05  2.43508e+44  4.45643e+05  2.49270e+44  4.45643e+05  2.64141e+44  4.45643e+05  2.81513e+44  3.00488e-07
 3.50010e+00  4.45643e+05  2.62417e+44  4.45643e+05  2.68587e+44  4.45643e+05  2.84243e+44  4.45643e+05  3.02001e+44  3.00488e-07
 3.61449e+00  4.45643e+05  2.82793e+44  4.45643e+05  2.89344e+44  4.45643e+05  3.05736e+44  4.45643e+05  3.23857e+44  3.00488e-07
 3.73262e+00  4.45643e+05  3.04719e+44  4.45643e+05  3.11627e+44  4.45643e+05  3.28710e+44  4.45643e+05  3.47171e+44  3.00488e-07
 3.85462e+00  4.45643e+05  3.28285e+44  4.45643e+05  3.35530e+44  4.45643e+05  3.53260e+44  4.45643e+05  3.72038e+44  3.00488e-07
 3.98060e+00  4.45643e+05  3.53591e+44  4.45643e+05  3.61149e+44  4.45643e+05  3.79486e+44  4.45643e+05  3.98564e+44  3.00488e-07
 4.11069e+00  4.45643e+05  3.80739e+44  4.45643e+05  3.88593e+44  4.45643e+05  4.07499e+44  4.45643e+05  4.26856e+44  3.00488e-07
 4.24504e+00  4.45643e+05  4.09842e+44  4.45643e+05  4.17973e+44  4.45643e+05  4.37413e+44  4.45643e+05  4.57033e+44  3.00488e-07
 4.38378e+00  4.45643e+05  4.41022e+44  4.45643e+05  4.49412e+44  4.45643e+05  4.69352e+44  4.45643e+05  4.89218e+44  3.00488e-07
 4.52705e+00  4.45643e+05  4.74407e+44  4.45643e+05  4.83040e+44  4.45643e+05  5.03449e+44  4.45643e+05  5.23546e+44  3.00488e-07
 4.67501e+00  4.45643e+05  5.10134e+44  4.45643e+05  5.18996e+44  4.45643e+05  5.39845e+44  4.45643e+05  5.60159e+44  3.00488e-07
 4.82780e+00  4.45643e+05  5.48353e+44  4.45643e+05  5.57428e+44  4.45643e+05  5.78690e+44  4.45643e+05  5.99207e+44  3.00488e-07
 4.98558e+00  4.45643e+05  5.89221e+44  4.45643e+05  5.98497e+44  4.45643e+05  6.20145e+44  4.45643e+05  6.40853e+44  3.00488e-07
 5.14853e+00  4.45643e+05  6.32907e+44  4.45643e+05  6.42371e+44  4.45643e+05  6.64382e+44  4.30814e+05  6.70149e+44  3.00488e-07
 5.31679e+00  4.45643e+05  6.79592e+44  4.45643e+05  6.89233e+44  4.45643e+05  7.11584e+44  4.30814e+05  6.93614e+44  3.00488e-07
 5.49056e+00  4.45643e+05  7.29469e+44  4.45643e+05  7.39275e+44  4.45643e+05  7.61946e+44  4.30814e+05  7.20067e+44  3.00488e-07
 5.67001e+00  4.45643e+05  7.82746e+44  4.45643e+05  7.92707e+44  4.45643e+05  8.15676e+44  4.30814e+05  7.49618e+44  3.00488e-07
 5.85532e+00  4.45643e+05  8.39641e+44  4.45643e+05  8.49747e+44  4.45643e+05  8.72997e+44  4.30814e+05  7.82389e+44  3.00488e-07
 6.04668e+00  4.45643e+05  9.00391e+44  4.45643e+05  9.10634e+44  4.45643e+05  9.34147e+44  4.30814e+05  8.18515e+44  3.00488e-07
 6.24430e+00  4.45643e+05  9.65247e+44  4.45643e+05  9.75618e+44  4.45643e+05  9.99377e+44  4.30814e+05  8.58147e+44  3.00488e-07
 6.44838e+00  4.45643e+05  1.03448e+45  4.45643e+05  1.04497e+45  4.45643e+05  1.06896e+45  4.30814e+05  9.01447e+44  3.00488e-07
 6.65913e+00  4.45643e+05  1.10837e+45  4.45643e+05  1.11897e+45  4.45643e+05  1.14318e+45  4.30814e+05  9.48596e+44  3.00488e-07
 6.87677e+00  4.45643e+05  1.18723e+45  4.45643e+05  1.19794e+45  4.45643e+05  1.22235e+45  4.30814e+05  9.99788e+44  3.00488e-07
 7.10152e+00  4.45643e+05  1.27138e+45  4.45643e+05  1.28219e+45  4.45643e+05  1.30679e+45  4.30814e+05  1.05524e+45  3.00488e-07
 7.33362e+00  4.45643e+05  1.36117e+45  4.45643e+05  1.37207e+45  4.45643e+05  1.39685e+45  4.30814e+05  1.11517e+45  3.00488e-07
 7.57330e+00  4.45643e+05  1.45698e+45  4.45643e+05  1.46796e+45  4.45643e+05  1.49291e+45  4.30814e+05  1.17983e+45  3.00488e-07
 7.82082e+00  4.45643e+05  1.55919e+45  4.45643e+05  1.57026e+45  4.45643e+05  1.59536e+45  4.30814e+05  1.24950e+45  3.00488e-07
 8.07642e+00  4.45643e+05  1.66824e+45  4.45643e+05  1.67938e+45  4.45643e+05  1.70464e+45  4.30814e+05  1.32445e+45  3.00488e-07
 8.34038e+00  4.45643e+05  1.78457e+45  4.45643e+05  1.79579e+45  4.45643e+05  1.82118e+45  4.30814e+05  1.40500e+45  3.00488e-07
 8.61296e+00  4.45643e+05  1.90867e+45  4.45643e+05  1.91995e+45  4.45643e+05  1.94547e+45  4.30814e+05  1.49149e+45  3.00488e-07
 8.89446e+00  4.45643e+05  2.04104e+45  4.45643e+05  2.05239e+45  4.45643e+05  2.07803e+45  4.30814e+05  1.58427e+45  3.00488e-07
 9.18515e+00  4.45643e+05  2.18224e+45  4.45643e+05  2.19365e+45  4.45643e+05  2.21941e+45  4.30814e+05  1.68371e+45  3.00488e-07
 9.48535e+00  4.45643e+05  2.33286e+45  4.45643e+05  2.34432e+45  4.45643e+05  2.37018e+45  4.30814e+05  1.79025e+45  3.00488e-07
 9.79535e+00  4.45643e+05  2.49350e+45  4.45643e+05  2.50502e+45  4.45643e+05  2.53098e+45  4.30814e+05  1.90431e+45  3.00488e-07
 1.01155e+01  4.45643e+05  2.66485e+45  4.45643e+05  2.67641e+45  4.45643e+05  2.70247e+45  4.30814e+05  2.02637e+45  3.00488e-07
 1.04461e+01  4.45643e+05  2.84760e+45  4.45643e+05  2.85921e+45  4.45643e+05  2.88536e+45  4.30814e+05  2.15693e+45  3.00488e-07
 1.07875e+01  4.45643e+05  3.04252e+45  4.45643e+05  3.05417e+45  4.45643e+05  3.08040e+45  4.30814e+05  2.29654e+45  3.00488e-07
 1.11401e+01  4.45643e+05  3.25041e+45  4.45643e+05  3.26210e+45  4.45643e+05  3.28841e+45  4.30814e+05  2.44577e+45  3.00488e-07
 1.15041e+01  4.45643e+05  3.47213e+45  4.45643e+05  3.48386e+45  4.45643e+05  3.51024e+45  4.30814e+05  2.60524e+45  3.00488e-07
 1.18801e+01  4.45643e+05  3.70860e+45  4.45643e+05  3.72037e+45  4.45643e+05  3.74681e+45  4.30814e+05  2.77561e+45  3.00488e-07
 1.22684e+01  4.45643e+05  3.96080e+45  4.45643e+05  3.97260e+45  4.30814e+05  3.94305e+45  4.30814e+05  2.95758e+45  3.00488e-07
 1.26694e+01  4.45643e+05  4.22977e+45  4.45643e+05  4.24160e+45  4.30814e+05  4.07453e+45  4.30814e+05  3.15191e+45  3.00488e-07
 1.30834e+01  4.45643e+05  4.51662e+45  4.45643e+05  4.52848e+45  4.30814e+05  4.22308e+45  4.30814e+05  3.35941e+45  3.00488e-07
 1.35110e+01  4.45643e+05  4.82255e+45  4.45643e+05  4.83443e+45  4.30814e+05  4.38932e+45  4.30814e+05  3.58092e+45  3.00488e-07
 1.39526e+01  4.45643e+05  5.14881e+45  4.45643e+05  5.16072e+45  4.30814e+05  4.57394e+45  4.30814e+05  3.81737e+45  3.00488e-07
 1.44086e+01  4.45643e+05  5.49677e+45  4.45643e+05  5.50870e+45  4.30814e+05  4.77771e+45  4.30814e+05  4.06973e+45  3.00488e-07
 1.48795e+01  4.45643e+05  5.86784e+45  4.45643e+05  5.87980e+45  4.30814e+05  5.00146e+45  4.30814e+05  4.33906e+45  3.00488e-07
 1.53658e+01  4.45643e+05  6.26359e+45  4.45643e+05  6.27557e+45  4.30814e+05  5.24613e+45  4.30814e+05  4.62646e+45  3.00488e-07
 1.58680e+01  4.45643e+05  6.68563e+45  4.45643e+05  6.69763e+45  4.30814e+05  5.51272e+45  4.30814e+05  4.93312e+45  3.00488e-07
 1.63866e+01  4.45643e+05  7.13572e+45  4.30814e+05  6.94117e+45  4.30814e+05  5.80235e+45  4.30814e+05  5.26032e+45  3.00488e-07
 1.69222e+01  4.45643e+05  7.61573e+45  4.30814e+05  7.18237e+45  4.30814e+05  6.11620e+45  4.30814e+05  5.60941e+45  3.00488e-07
 1.74753e+01  4.30814e+05  7.95410e+45  4.30814e+05  7.45362e+45  4.30814e+05  6.45557e+45  4.30814e+05  5.98182e+45  3.00488e-07
 1.80464e+01  4.30814e+05  8.22458e+45  4.30814e+05  7.75604e+45  4.30814e+05  6.82188e+45  4.30814e+05  6.37911e+45  3.00488e-07
 1.86362e+01  4.30814e+05  8.52948e+45  4.30814e+05  8.09090e+45  4.30814e+05  7.21664e+45  4.30814e+05  6.80292e+45  3.00488e-07
 1.92453e+01  4.30814e+05  8.87006e+45  4.30814e+05  8.45956e+45  4.30814e+05  7.64148e+45  4.30814e+05  7.25500e+45  3.00488e-07
 1.98743e+01  4.30814e+05  9.24772e+45  4.30814e+05  8.86356e+45  4.30814e+05  8.09816e+45  4.30814e+05  7.73722e+45  3.00488e-07
 2.05238e+01  4.30814e+05  9.66404e+45  4.30814e+05  9.30458e+45  4.30814e+05  8.58856e+45  4.30814e+05  8.25158e+45  3.00488e-07
 2.11946e+01  4.30814e+05  1.01207e+46  4.30814e+05  9.78443e+45  4.30814e+05  9.11473e+45  4.30814e+05  8.80021e+45  3.00488e-07
 2.18873e+01  4.30814e+05  1.06197e+46  4.30814e+05  1.03051e+46  4.30814e+05  9.67883e+45  4.30814e+05  9.38537e+45  3.00488e-07
 2.26026e+01  4.30814e+05  1.11630e+46  4.30814e+05  1.08687e+46  4.30814e+05  1.02832e+46  4.30814e+05  1.00095e+46  3.00488e-07
 2.33413e+01  4.30814e+05  1.17528e+46  4.30814e+05  1.14777e+46  4.30814e+05  1.09303e+46  4.30814e+05  1.06752e+46  3.00488e-07
 2.41042e+01  4.30814e+05  1.23917e+46  4.30814e+05  1.21345e+46  4.30814e+05  1.16229e+46  4.30814e+05  1.13851e+46  3.00488e-07
 2.48920e+01  4.30814e+05  1.30822e+46  4.30814e+05  1.28418e+46  4.30814e+05  1.23638e+46  4.30814e+05  1.21423e+46  3.00488e-07
 2.57055e+01  4.30814e+05  1.38273e+46  4.30814e+05  1.36026e+46  4.30814e+05  1.31561e+46  4.30814e+05  1.29499e+46  3.00488e-07
 2.65456e+01  4.30814e+05  1.46300e+46  4.30814e+05  1.44200e+46  4.30814e+05  1.40031e+46  4.30814e+05  1.38111e+46  3.00488e-07
 2.74132e+01  4.30814e+05  1.54936e+46  4.30814e+05  1.52975e+46  4.30814e+05  1.49082e+46  4.30814e+05  1.47297e+46  3.00488e-07
 2.83091e+01  4.30814e+05  1.64217e+46  4.30814e+05  1.62386e+46  4.30814e+05  1.58752e+46  4.30814e+05  1.57093e+46  3.00488e-07
 2.92343e+01  4.30814e+05  1.74181e+46  4.30814e+05  1.72472e+46  4.30814e+05  1.69082e+46  4.30814e+05  1.67541e+46  3.00488e-07
 3.01898e+01  4.30814e+05  1.84870e+46  4.30814e+05  1.83275e+46  4.30814e+05  1.80113e+46  4.30814e+05  1.78683e+46  3.00488e-07
 3.11765e+01  4.30814e+05  1.96328e+46  4.30814e+05  1.94839e+46  4.30814e+05  1.91892e+46  4.30814e+05  1.90565e+46  3.00488e-07
 3.21954e+01  4.30814e+05  2.08602e+46  4.30814e+05  2.07214e+46  4.30814e+05  2.04467e+46  4.30814e+05  2.03238e+46  3.00488e-07
 3.32476e+01  4.30814e+05  2.21743e+46  4.30814e+05  2.20449e+46  4.30814e+05  2.17891e+46  4.30814e+05  2.16753e+46  3.00488e-07
 3.43343e+01  4.30814e+05  2.35806e+46  4.30814e+05  2.34600e+46  4.30814e+05  2.32218e+46  4.30814e+05  2.31166e+46  3.00488e-07
 3.54564e+01  4.30814e+05  2.50848e+46  4.30814e+05  2.49725e+46  4.30814e+05  2.47509e+46  4.30814e+05  2.46536e+46  3.00488e-07
 3.66152e+01  4.30814e+05  2.66932e+46  4.30814e+05  2.65887e+46  4.30814e+05  2.63826e+46  4.30814e+05  2.62929e+46  3.00488e-07
 3.78119e+01  4.30814e+05  2.84125e+46  4.30814e+05  2.83153e+46  4.30814e+05  2.81237e+46  4.30814e+05  2.80410e+46  3.00488e-07
 3.90477e+01  4.30814e+05  3.02497e+46  4.30814e+05  3.01593e+46  4.30814e+05  2.99814e+46  4.30814e+05  2.99054e+46  3.00488e-07
 4.03238e+01  4.30814e+05  3.22125e+46  4.30814e+05  3.21285e+46  4.30814e+05  3.19634e+46  4.30814e+05  3.18936e+46  3.00488e-07
 4.16417e+01  4.30814e+05  3.43090e+46  4.30814e+05  3.42310e+46  4.30814e+05  3.40779e+46  4.30814e+05  3.40139e+46  3.00488e-07
 4.30027e+01  4.30814e+05  3.65479e+46  4.30814e+05  3.64755e+46  4.30814e+05  3.63336e+46  4.30814e+05  3.62751e+46  3.00488e-07
 4.44081e+01  4.30814e+05  3.89384e+46  4.30814e+05  3.88713e+46  4.30814e+05  3.87399e+46  4.30814e+05  3.86865e+46  3.00488e-07
 4.58595e+01  4.30814e+05  4.14904e+46  4.30814e+05  4.14282e+46  4.30814e+05  4.13068e+46  4.30814e+05  4.12582e+46  3.00488e-07
 4.73583e+01  4.30814e+05  4.42145e+46  4.30814e+05  4.41570e+46  4.30814e+05  4.40448e+46  4.30814e+05  4.40007e+46  3.00488e-07
 4.89061e+01  4.30814e+05  4.71220e+46  4.30814e+05  4.70688e+46  4.30814e+05  4.69653e+46  4.30814e+05  4.69254e+46  3.00488e-07
 5.05045e+01  4.30814e+05  5.02248e+46  4.30814e+05  5.01757e+46  4.30814e+05  5.00804e+46  4.16479e+05  4.89657e+46  3.00488e-07
 5.21551e+01  4.30814e+05  5.35359e+46  4.30814e+05  5.34906e+46  4.30814e+05  5.34030e+46  4.16479e+05  5.05741e+46  3.00488e-07
 5.38597e+01  4.30814e+05  5.70689e+46  4.30814e+05  5.70273e+46  4.30814e+05  5.69468e+46  4.16479e+05  5.23918e+46  3.00488e-07
 5.56199e+01  4.30814e+05  6.08385e+46  4.30814e+05  6.08002e+46  4.30814e+05  6.07264e+46  4.16479e+05  5.44265e+46  3.00488e-07
 5.74378e+01  4.30814e+05  6.48603e+46  4.30814e+05  6.48251e+46  4.30814e+05  6.47576e+46  4.16479e+05  5.66865e+46  3.00488e-07
 5.93150e+01  4.30814e+05  6.91508e+46  4.30814e+05  6.91186e+46  4.30814e+05  6.90571e+46  4.16479e+05  5.91813e+46  3.00488e-07
 6.12535e+01  4.30814e+05  7.37279e+46  4.30814e+05  7.36985e+46  4.30814e+05  7.36425e+46  4.16479e+05  6.19211e+46  3.00488e-07
 6.32555e+01  4.30814e+05  7.86105e+46  4.30814e+05  7.85837e+46  4.30814e+05  7.85329e+46  4.16479e+05  6.49172e+46  3.00488e-07
 6.53228e+01  4.30814e+05  8.38188e+46  4.30814e+05  8.37944e+46  4.30814e+05  8.37485e+46  4.16479e+05  6.81822e+46  3.00488e-07
 6.74577e+01  4.30814e+05  8.93744e+46  4.30814e+05  8.93523e+46  4.30814e+05  8.93109e+46  4.16479e+05  7.17294e+46  3.00488e-07
 6.96624e+01  4.30814e+05  9.53002e+46  4.30814e+05  9.52802e+46  4.30814e+05  9.52432e+46  4.16479e+05  7.55736e+46  3.00488e-07
 7.19392e+01  4.30814e+05  1.01621e+47  4.30814e+05  1.01603e+47  4.30814e+05  1.01570e+47  4.16479e+05  7.97307e+46  3.00488e-07
 7.42903e+01  4.30814e+05  1.08362e+47  4.30814e+05  1.08346e+47  4.30814e+05  1.08317e+47  4.16479e+05  8.42178e+46  3.00488e-07
 7.67183e+01  4.30814e+05  1.15553e+47  4.30814e+05  1.15538e+47  4.30814e+05  1.15513e+47  4.16479e+05  8.90536e+46  3.00488e-07
 7.92257e+01  4.30814e+05  1.23222e+47  4.30814e+05  1.23209e+47  4.30814e+05  1.23187e+47  4.16479e+05  9.42581e+46  3.00488e-07
 8.18150e+01  4.30814e+05  1.31401e+47  4.30814e+05  1.31390e+47  4.30814e+05  1.31370e+47  4.16479e+05  9.98527e+46  3.00488e-07
 8.44889e+01  4.30814e+05  1.40124e+47  4.30814e+05  1.40115e+47  4.30814e+05  1.40098e+47  4.16479e+05  1.05861e+47  3.00488e-07
 8.72502e+01  4.30814e+05  1.49428e+47  4.30814e+05  1.49420e+47  4.30814e+05  1.49406e+47  4.16479e+05  1.12307e+47  3.00488e-07
 9.01018e+01  4.30814e+05  1.59351e+47  4.30814e+05  1.59344e+47  4.30814e+05  1.59333e+47  4.16479e+05  1.19218e+47  3.00488e-07
 9.30466e+01  4.30814e+05  1.69933e+47  4.30814e+05  1.69927e+47  4.30814e+05  1.69918e+47  4.16479e+05  1.26623e+47  3.00488e-07
 9.60876e+01  4.30814e+05  1.81219e+47  4.30814e+05  1.81214e+47  4.30814e+05  1.81208e+47  4.16479e+05  1.34552e+47  3.00488e-07
 9.92280e+01  4.30814e+05  1.93255e+47  4.30814e+05  1.93252e+47  4.30814e+05  1.93247e+47  4.16479e+05  1.43037e+47  3.00488e-07
 1.02471e+02  4.30814e+05  2.06092e+47  4.30814e+05  2.06089e+47  4.30814e+05  2.06087e+47  4.16479e+05  1.52115e+47  3.00488e-07
 1.05820e+02  4.30814e+05  2.19782e+47  4.30814e+05  2.19780e+47  4.30814e+05  2.19779e+47  4.16479e+05  1.61822e+47  3.00488e-07
 1.09278e+02  4.30814e+05  2.34381e+47  4.30814e+05  2.34381e+47  4.30814e+05  2.34382e+47  4.16479e+05  1.72200e+47  3.00488e-07
 1.12850e+02  4.30814e+05  2.49951e+47  4.30814e+05  2.49951e+47  4.30814e+05  2.49954e+47  4.16479e+05  1.83290e+47  3.00488e-07
 1.16538e+02  4.30814e+05  2.66556e+47  4.30814e+05  2.66557e+47  4.30814e+05  2.66561e+47  4.16479e+05  1.95138e+47  3.00488e-07
 1.20347e+02  4.30814e+05  2.84265e+47  4.30814e+05  2.84266e+47  4.16479e+05  2.80467e+47  4.16479e+05  2.07795e+47  3.00488e-07
 1.24280e+02  4.30814e+05  3.03150e+47  4.30814e+05  3.03152e+47  4.16479e+05  2.89454e+47  4.16479e+05  2.21311e+47  3.00488e-07
 1.28342e+02  4.30814e+05  3.23290e+47  4.30814e+05  3.23293e+47  4.16479e+05  2.99640e+47  4.16479e+05  2.35744e+47  3.00488e-07
 1.32537e+02  4.30814e+05  3.44768e+47  4.30814e+05  3.44772e+47  4.16479e+05  3.11067e+47  4.16479e+05  2.51152e+47  3.00488e-07
 1.36868e+02  4.30814e+05  3.67674e+47  4.30814e+05  3.67678e+47  4.16479e+05  3.23780e+47  4.16479e+05  2.67599e+47  3.00488e-07
 1.41341e+02  4.30814e+05  3.92102e+47  4.30814e+05  3.92106e+47  4.16479e+05  3.37834e+47  4.16479e+05  2.85155e+47  3.00488e-07
 1.45961e+02  4.30814e+05  4.18152e+47  4.30814e+05  4.18157e+47  4.16479e+05  3.53287e+47  4.16479e+05  3.03890e+47  3.00488e-07
 1.50731e+02  4.30814e+05  4.45934e+47  4.30814e+05  4.45939e+47  4.16479e+05  3.70201e+47  4.16479e+05  3.23883e+47  3.00488e-07
 1.55658e+02  4.30814e+05  4.75561e+47  4.30814e+05  4.75567e+47  4.16479e+05  3.88648e+47  4.16479e+05  3.45217e+47  3.00488e-07
 1.60745e+02  4.30814e+05  5.07157e+47  4.16479e+05  4.92697e+47  4.16479e+05  4.08704e+47  4.16479e+05  3.67979e+47  3.00488e-07
 1.65998e+02  4.30814e+05  5.40853e+47  4.16479e+05  5.09210e+47  4.16479e+05  4.30451e+47  4.16479e+05  3.92265e+47  3.00488e-07
 1.71424e+02  4.16479e+05  5.64758e+47  4.16479e+05  5.27830e+47  4.16479e+05  4.53979e+47  4.16479e+05  4.18174e+47  3.00488e-07
 1.77026e+02  4.16479e+05  5.83262e+47  4.16479e+05  5.48636e+47  4.16479e+05  4.79387e+47  4.16479e+05  4.45813e+47  3.00488e-07
 1.82812e+02  4.16479e+05  6.04180e+47  4.16479e+05  5.71712e+47  4.16479e+05  5.06779e+47  4.16479e+05  4.75298e+47  3.00488e-07
 1.88787e+02  4.16479e+05  6.27600e+47  4.16479e+05  5.97155e+47  4.16479e+05  5.36268e+47  4.16479e+05  5.06750e+47  3.00488e-07
 1.94957e+02  4.16479e+05  6.53617e+47  4.16479e+05  6.25069e+47  4.16479e+05  5.67977e+47  4.16479e+05  5.40299e+47  3.00488e-07
 2.01328e+02  4.16479e+05  6.82339e+47  4.16479e+05  6.55570e+47  4.16479e+05  6.02037e+47  4.16479e+05  5.76085e+47  3.00488e-07
 2.07908e+02  4.16479e+05  7.13885e+47  4.16479e+05  6.88785e+47  4.16479e+05  6.38588e+47  4.16479e+05  6.14254e+47  3.00488e-07
 2.14703e+02  4.16479e+05  7.48386e+47  4.16479e+05  7.24851e+47  4.16479e+05  6.77782e+47  4.16479e+05  6.54966e+47  3.00488e-07
 2.21720e+02  4.16479e+05  7.85985e+47  4.16479e+05  7.63916e+47  4.16479e+05  7.19782e+47  4.16479e+05  6.98388e+47  3.00488e-07
 2.28967e+02  4.16479e+05  8.26837e+47  4.16479e+05  8.06144e+47  4.16479e+05  7.64760e+47  4.16479e+05  7.44701e+47  3.00488e-07
 2.36450e+02  4.16479e+05  8.71111e+47  4.16479e+05  8.51708e+47  4.16479e+05  8.12904e+47  4.16479e+05  7.94096e+47  3.00488e-07
 2.44178e+02  4.16479e+05  9.18991e+47  4.16479e+05  9.00797e+47  4.16479e+05  8.64412e+47  4.16479e+05  8.46777e+47  3.00488e-07
 2.52158e+02  4.16479e+05  9.70674e+47  4.16479e+05  9.53614e+47  4.16479e+05  9.19498e+47  4.16479e+05  9.02962e+47  3.00488e-07
 2.60399e+02  4.16479e+05  1.02637e+48  4.16479e+05  1.01038e+48  4.16479e+05  9.78389e+47  4.16479e+05  9.62885e+47  3.00488e-07
 2.68910e+02  4.16479e+05  1.08632e+48  4.16479e+05  1.07132e+48  4.16479e+05  1.04133e+48  4.16479e+05  1.02679e+48  3.00488e-07
 2.77699e+02  4.16479e+05  1.15077e+48  4.16479e+05  1.13670e+48  4.16479e+05  1.10858e+48  4.16479e+05  1.09495e+48  3.00488e-07
 2.86774e+02  4.16479e+05  1.21998e+48  4.16479e+05  1.20679e+48  4.16479e+05  1.18042e+48  4.16479e+05  1.16764e+48  3.00488e-07
 2.96147e+02  4.16479e+05  1.29423e+48  4.16479e+05  1.28187e+48  4.16479e+05  1.25714e+48  4.16479e+05  1.24516e+48  3.00488e-07
 3.05826e+02  4.16479e+05  1.37385e+48  4.16479e+05  1.36225e+48  4.16479e+05  1.33907e+48  4.16479e+05  1.32783e+48  3.00488e-07
 3.15821e+02  4.16479e+05  1.45914e+48  4.16479e+05  1.44827e+48  4.16479e+05  1.42654e+48  4.16479e+05  1.41600e+48  3.00488e-07
 3.26143e+02  4.16479e+05  1.55048e+48  4.16479e+05  1.54029e+48  4.16479e+05  1.51991e+48  4.16479e+05  1.51003e+48  3.00488e-07
 3.36802e+02  4.16479e+05  1.64824e+48  4.16479e+05  1.63868e+48  4.16479e+05  1.61957e+48  4.16479e+05  1.61031e+48  3.00488e-07
 3.47810e+02  4.16479e+05  1.75281e+48  4.16479e+05  1.74385e+48  4.16479e+05  1.72593e+48  4.16479e+05  1.71725e+48  3.00488e-07
 3.59177e+02  4.16479e+05  1.86465e+48  4.16479e+05  1.85624e+48  4.16479e+05  1.83944e+48  4.16479e+05  1.83130e+48  3.00488e-07
 3.70916e+02  4.16479e+05  1.98419e+48  4.16479e+05  1.97632e+48  4.16479e+05  1.96056e+48  4.16479e+05  1.95293e+48  3.00488e-07
 3.83038e+02  4.16479e+05  2.11195e+48  4.16479e+05  2.10457e+48  4.16479e+05  2.08980e+48  4.16479e+05  2.08265e+48  3.00488e-07
 3.95557e+02  4.16479e+05  2.24845e+48  4.16479e+05  2.24153e+48  4.16479e+05  2.22768e+48  4.16479e+05  2.22098e+48  3.00488e-07
 4.08485e+02  4.16479e+05  2.39426e+48  4.16479e+05  2.38777e+48  4.16479e+05  2.37478e+48  4.16479e+05  2.36850e+48  3.00488e-07
 4.21835e+02  4.16479e+05  2.54998e+48  4.16479e+05  2.54389e+48  4.16479e+05  2.53171e+48  4.16479e+05  2.52582e+48  3.00488e-07
 4.35622e+02  4.16479e+05  2.71624e+48  4.16479e+05  2.71054e+48  4.16479e+05  2.69912e+48  4.16479e+05  2.69360e+48  3.00488e-07
 4.49859e+02  4.16479e+05  2.89375e+48  4.16479e+05  2.88840e+48  4.16479e+05  2.87770e+48  4.16479e+05  2.87252e+48  3.00488e-07
 4.64562e+02  4.16479e+05  3.08324e+48  4.16479e+05  3.07822e+48  4.16479e+05  3.06819e+48  4.16479e+05  3.06334e+48  3.00488e-07
 4.79745e+02  4.16479e+05  3.28549e+48  4.16479e+05  3.28078e+48  4.16479e+05  3.27138e+48  4.16479e+05  3.26683e+48  3.00488e-07
 4.95424e+02  4.16479e+05  3.50133e+48  4.16479e+05  3.49692e+48  4.16479e+05  3.48810e+48  4.16479e+05  3.48384e+48  3.00488e-07
 5.11616e+02  4.16479e+05  3.73166e+48  4.16479e+05  3.72753e+48  4.16479e+05  3.71926e+48  4.16479e+05  3.71526e+48  3.00488e-07
 5.28337e+02  4.16479e+05  3.97744e+48  4.16479e+05  3.97356e+48  4.16479e+05  3.96581e+48  4.16479e+05  3.96207e+48  3.00488e-07
 5.45604e+02  4.16479e+05  4.23968e+48  4.16479e+05  4.23605e+48  4.16479e+05  4.22878e+48  4.02620e+05  4.19453e+48  3.00488e-07
 5.63436e+02  4.16479e+05  4.51946e+48  4.16479e+05  4.51606e+48  4.16479e+05  4.50925e+48  4.02620e+05  4.32291e+48  3.00488e-07
 5.81850e+02  4.16479e+05  4.81795e+48  4.16479e+05  4.81476e+48  4.16479e+05  4.80837e+48  4.02620e+05  4.46919e+48  3.00488e-07
 6.00867e+02  4.16479e+05  5.13638e+48  4.16479e+05  5.13339e+48  4.16479e+05  5.12740e+48  4.02620e+05  4.63396e+48  3.00488e-07
 6.20505e+02  4.16479e+05  5.47607e+48  4.16479e+05  5.47326e+48  4.16479e+05  5.46765e+48  4.02620e+05  4.81791e+48  3.00488e-07
 6.40784e+02  4.16479e+05  5.83841e+48  4.16479e+05  5.83578e+48  4.16479e+05  5.83052e+48  4.02620e+05  5.02180e+48  3.00488e-07
 6.61727e+02  4.16479e+05  6.22492e+48  4.16479e+05  6.22246e+48  4.16479e+05  6.21753e+48  4.02620e+05  5.24647e+48  3.00488e-07
 6.83354e+02  4.16479e+05  6.63720e+48  4.16479e+05  6.63488e+48  4.16479e+05  6.63026e+48  4.02620e+05  5.49285e+48  3.00488e-07
 7.05688e+02  4.16479e+05  7.07694e+48  4.16479e+05  7.07477e+48  4.16479e+05  7.07044e+48  4.02620e+05  5.76197e+48  3.00488e-07
 7.28751e+02  4.16479e+05  7.54597e+48  4.16479e+05  7.54393e+48  4.16479e+05  7.53987e+48  4.02620e+05  6.05493e+48  3.00488e-07
 7.52569e+02  4.16479e+05  8.04622e+48  4.16479e+05  8.04432e+48  4.16479e+05  8.04051e+48  4.02620e+05  6.37295e+48  3.00488e-07
 7.77165e+02  4.16479e+05  8.57978e+48  4.16479e+05  8.57799e+48  4.16479e+05  8.57443e+48  4.02620e+05  6.71734e+48  3.00488e-07
 8.02565e+02  4.16479e+05  9.14884e+48  4.16479e+05  9.14717e+48  4.16479e+05  9.14383e+48  4.02620e+05  7.08953e+48  3.00488e-07
 8.28794e+02  4.16479e+05  9.75577e+48  4.16479e+05  9.75420e+48  4.16479e+05  9.75107e+48  4.02620e+05  7.49107e+48  3.00488e-07
 8.55882e+02  4.16479e+05  1.04031e+49  4.16479e+05  1.04016e+49  4.16479e+05  1.03987e+49  4.02620e+05  7.92360e+48  3.00488e-07
 8.83854e+02  4.16479e+05  1.10934e+49  4.16479e+05  1.10920e+49  4.16479e+05  1.10893e+49  4.02620e+05  8.38893e+48  3.00488e-07
 9.12741e+02  4.16479e+05  1.18297e+49  4.16479e+05  1.18284e+49  4.16479e+05  1.18258e+49  4.02620e+05  8.88897e+48  3.00488e-07
 9.42571e+02  4.16479e+05  1.26149e+49  4.16479e+05  1.26137e+49  4.16479e+05  1.26113e+49  4.02620e+05  9.42580e+48  3.00488e-07
 9.73377e+02  4.16479e+05  1.34523e+49  4.16479e+05  1.34512e+49  4.16479e+05  1.34489e+49  4.02620e+05  1.00016e+49  3.00488e-07
 1.00519e+03  4.16479e+05  1.43454e+49  4.16479e+05  1.43444e+49  4.16479e+05  1.43423e+49  4.02620e+05  1.06189e+49  3.00488e-07
 1.03804e+03  4.16479e+05  1.52979e+49  4.16479e+05  1.52969e+49  4.16479e+05  1.52949e+49  4.02620e+05  1.12800e+49  3.00488e-07
 1.07197e+03  4.16479e+05  1.63137e+49  4.16479e+05  1.63128e+49  4.16479e+05  1.63109e+49  4.02620e+05  1.19879e+49  3.00488e-07
 1.10700e+03  4.16479e+05  1.73970e+49  4.16479e+05  1.73961e+49  4.16479e+05  1.73944e+49  4.02620e+05  1.27454e+49  3.00488e-07
 1.14318e+03  4.16479e+05  1.85523e+49  4.16479e+05  1.85514e+49  4.16479e+05  1.85498e+49  4.02620e+05  1.35556e+49  3.00488e-07
 1.18054e+03  4.16479e+05  1.97843e+49  4.16479e+05  1.97836e+49  4.16479e+05  1.97820e+49  4.02620e+05  1.44219e+49  3.00488e-07
 1.21913e+03  4.16479e+05  2.10983e+49  4.16479e+05  2.10976e+49  4.16479e+05  2.10961e+49  4.02620e+05  1.53479e+49  3.00488e-07
 1.25897e+03  4.16479e+05  2.24995e+49  4.16479e+05  2.24989e+49  4.16479e+05  2.24975e+49  4.02620e+05  1.63374e+49  3.00488e-07
 1.30012e+03  4.16479e+05  2.39939e+49  4.16479e+05  2.39933e+49  4.16479e+05  2.39920e+49  4.02620e+05  1.73945e+49  3.00488e-07
 1.34261e+03  4.16479e+05  2.55876e+49  4.16479e+05  2.55870e+49  4.02620e+05  2.47484e+49  4.02620e+05  1.85237e+49  3.00488e-07
 1.38649e+03  4.16479e+05  2.72872e+49  4.16479e+05  2.72866e+49  4.02620e+05  2.55664e+49  4.02620e+05  1.97294e+49  3.00488e-07
 1.43180e+03  4.16479e+05  2.90996e+49  4.16479e+05  2.90991e+49  4.02620e+05  2.64902e+49  4.02620e+05  2.10169e+49  3.00488e-07
 1.47860e+03  4.16479e+05  3.10326e+49  4.16479e+05  3.10321e+49  4.02620e+05  2.75236e+49  4.02620e+05  2.23913e+49  3.00488e-07
 1.52692e+03  4.16479e+05  3.30939e+49  4.16479e+05  3.30935e+49  4.02620e+05  2.86710e+49  4.02620e+05  2.38583e+49  3.00488e-07
 1.57683e+03  4.16479e+05  3.52922e+49  4.16479e+05  3.52918e+49  4.02620e+05  2.99370e+49  4.02620e+05  2.54241e+49  3.00488e-07
 1.62836e+03  4.16479e+05  3.76366e+49  4.16479e+05  3.76362e+49  4.02620e+05  3.13269e+49  4.02620e+05  2.70952e+49  3.00488e-07
 1.68158e+03  4.16479e+05  4.01367e+49  4.16479e+05  4.01363e+49  4.02620e+05  3.28464e+49  4.02620e+05  2.88783e+49  3.00488e-07
 1.73654e+03  4.16479e+05  4.28029e+49  4.02620e+05  4.21742e+49  4.02620e+05  3.45019e+49  4.02620e+05  3.07810e+49  3.00488e-07
 1.79329e+03  4.16479e+05  4.56463e+49  4.02620e+05  4.34945e+49  4.02620e+05  3.63001e+49  4.02620e+05  3.28110e+49  3.00488e-07
 1.85190e+03  4.02620e+05  4.83679e+49  4.02620e+05  4.49948e+49  4.02620e+05  3.82486e+49  4.02620e+05  3.49769e+49  3.00488e-07
 1.91243e+03  4.02620e+05  4.98443e+49  4.02620e+05  4.66813e+49  4.02620e+05  4.03554e+49  4.02620e+05  3.72875e+49  3.00488e-07
 1.97493e+03  4.02620e+05  5.15270e+49  4.02620e+05  4.85610e+49  4.02620e+05  4.26292e+49  4.02620e+05  3.97524e+49  3.00488e-07
 2.03948e+03  4.02620e+05  5.34229e+49  4.02620e+05  5.06417e+49  4.02620e+05  4.50794e+49  4.02620e+05  4.23818e+49  3.00488e-07
 2.10613e+03  4.02620e+05  5.55399e+49  4.02620e+05  5.29319e+49  4.02620e+05  4.77161e+49  4.02620e+05  4.51866e+49  3.00488e-07
 2.17497e+03  4.02620e+05  5.78867e+49  4.02620e+05  5.54413e+49  4.02620e+05  5.05504e+49  4.02620e+05  4.81784e+49  3.00488e-07
 2.24605e+03  4.02620e+05  6.04731e+49  4.02620e+05  5.81800e+49  4.02620e+05  5.35938e+49  4.02620e+05  5.13696e+49  3.00488e-07
 2.31946e+03  4.02620e+05  6.33098e+49  4.02620e+05  6.11595e+49  4.02620e+05  5.68590e+49  4.02620e+05  5.47734e+49  3.00488e-07
 2.39526e+03  4.02620e+05  6.64085e+49  4.02620e+05  6.43922e+49  4.02620e+05  6.03596e+49  4.02620e+05  5.84038e+49  3.00488e-07
 2.47355e+03  4.02620e+05  6.97820e+49  4.02620e+05  6.78913e+49  4.02620e+05  6.41099e+49  4.02620e+05  6.22760e+49  3.00488e-07
 2.55439e+03  4.02620e+05  7.34443e+49  4.02620e+05  7.16714e+49  4.02620e+05  6.81256e+49  4.02620e+05  6.64059e+49  3.00488e-07
 2.63787e+03  4.02620e+05  7.74106e+49  4.02620e+05  7.57481e+49  4.02620e+05  7.24231e+49  4.02620e+05  7.08106e+49  3.00488e-07
 2.72409e+03  4.02620e+05  8.16972e+49  4.02620e+05  8.01383e+49  4.02620e+05  7.70205e+49  4.02620e+05  7.55084e+49  3.00488e-07
 2.81312e+03  4.02620e+05  8.63219e+49  4.02620e+05  8.48601e+49  4.02620e+05  8.19365e+49  4.02620e+05  8.05186e+49  3.00488e-07
 2.90506e+03  4.02620e+05  9.13039e+49  4.02620e+05  8.99331e+49  4.02620e+05  8.71917e+49  4.02620e+05  8.58621e+49  3.00488e-07
 3.00000e+03  4.02620e+05  9.66637e+49  4.02620e+05  9.53783e+49  4.02620e+05  9.28076e+49  4.02620e+05  9.15609e+49  3.00488e-07
