radius_rg T_0deg chi2_0deg T_15deg chi2_15deg T_30deg chi2_30deg T_45deg chi2_45deg nuLnusavg_last
 2.00000e-01  1.31613e+06  1.06665e+45  1.27234e+06  8.43325e+44  1.14951e+06  3.47018e+44  9.38269e+05  7.54601e+43  6.14010e-07
 2.06537e-01  1.31613e+06  1.01758e+45  1.27234e+06  8.03059e+44  1.14951e+06  3.34617e+44  9.38269e+05  6.99106e+43  6.14010e-07
 2.13287e-01  1.31613e+06  9.82054e+44  1.27234e+06  7.74206e+44  1.11126e+06  3.17202e+44  9.38269e+05  6.65324e+43  6.14010e-07
 2.20257e-01  1.27234e+06  9.37086e+44  1.23000e+06  7.38609e+44  1.11126e+06  3.03143e+44  9.07048e+05  6.36702e+43  6.14010e-07
 2.27456e-01  1.27234e+06  9.00669e+44  1.23000e+06  7.08480e+44  1.07428e+06  2.90779e+44  9.07048e+05  5.89270e+43  6.14010e-07
 2.34890e-01  1.23000e+06  8.62968e+44  1.18907e+06  6.79665e+44  1.07428e+06  2.74817e+44  9.07048e+05  5.63096e+43  6.14010e-07
 2.42567e-01  1.23000e+06  8.25152e+44  1.18907e+06  6.47832e+44  1.07428e+06  2.64752e+44  8.76865e+05  5.32631e+43  6.14010e-07
 2.50494e-01  1.18907e+06  7.95329e+44  1.14951e+06  6.26401e+44  1.03853e+06  2.49902e+44  8.76865e+05  4.91459e+43  6.14010e-07
 2.58681e-01  1.18907e+06  7.55612e+44  1.14951e+06  5.92435e+44  1.03853e+06  2.37579e+44  8.76865e+05  4.71141e+43  6.14010e-07
 2.67136e-01  1.18907e+06  7.28364e+44  1.14951e+06  5.69010e+44  1.00397e+06  2.28725e+44  8.47687e+05  4.41043e+43  6.14010e-07
 2.75866e-01  1.14951e+06  6.92251e+44  1.11126e+06  5.42548e+44  1.00397e+06  2.13897e+44  8.47687e+05  4.04367e+43  6.14010e-07
 2.84882e-01  1.14951e+06  6.62337e+44  1.11126e+06  5.16348e+44  1.00397e+06  2.04713e+44  8.47687e+05  3.88184e+43  6.14010e-07
 2.94193e-01  1.11126e+06  6.35369e+44  1.07428e+06  4.98527e+44  9.70565e+05  1.94099e+44  8.19480e+05  3.61023e+43  6.14010e-07
 3.03808e-01  1.11126e+06  6.02309e+44  1.07428e+06  4.69133e+44  9.70565e+05  1.82068e+44  8.19480e+05  3.27100e+43  6.14010e-07
 3.13737e-01  1.11126e+06  5.81082e+44  1.07428e+06  4.49770e+44  9.70565e+05  1.75549e+44  8.19480e+05  3.13351e+43  6.14010e-07
 3.23991e-01  1.07428e+06  5.48680e+44  1.03853e+06  4.27811e+44  9.38269e+05  1.63523e+44  7.92211e+05  2.92118e+43  6.14010e-07
 3.34580e-01  1.07428e+06  5.23594e+44  1.03853e+06  4.04649e+44  9.38269e+05  1.53818e+44  7.92211e+05  2.59210e+43  6.14010e-07
 3.45515e-01  1.03853e+06  5.01973e+44  1.03853e+06  3.91252e+44  9.38269e+05  1.49509e+44  7.92211e+05  2.46194e+43  6.14010e-07
 3.56807e-01  1.03853e+06  4.72549e+44  1.00397e+06  3.65560e+44  9.07048e+05  1.36482e+44  7.65850e+05  2.34374e+43  6.14010e-07
 3.68468e-01  1.03853e+06  4.54421e+44  1.00397e+06  3.47776e+44  9.07048e+05  1.28650e+44  7.65850e+05  2.00726e+43  6.14010e-07
 3.80511e-01  1.00397e+06  4.28582e+44  9.70565e+05  3.33178e+44  8.76865e+05  1.24187e+44  7.65850e+05  1.86729e+43  6.14010e-07
 3.92947e-01  1.00397e+06  4.05436e+44  9.70565e+05  3.10584e+44  8.76865e+05  1.12563e+44  7.40366e+05  1.88391e+43  6.14010e-07
 4.05790e-01  9.70565e+05  3.92479e+44  9.70565e+05  2.97366e+44  8.76865e+05  1.06163e+44  7.40366e+05  1.52215e+43  6.14010e-07
 4.19052e-01  9.70565e+05  3.63818e+44  9.38269e+05  2.80470e+44  8.47687e+05  1.01997e+44  7.40366e+05  1.35489e+43  6.14010e-07
 4.32748e-01  9.70565e+05  3.46003e+44  9.38269e+05  2.61866e+44  8.47687e+05  9.14570e+43  7.40366e+05  1.38144e+43  6.14010e-07
 4.46891e-01  9.38269e+05  3.30492e+44  9.38269e+05  2.52435e+44  8.47687e+05  8.60547e+43  7.15730e+05  1.14858e+43  6.14010e-07
 4.61496e-01  9.38269e+05  3.06495e+44  9.07048e+05  2.33945e+44  8.19480e+05  8.28590e+43  7.15730e+05  9.35984e+42  6.14010e-07
 4.76579e-01  9.38269e+05  2.93108e+44  9.07048e+05  2.18555e+44  8.19480e+05  7.29623e+43  7.15730e+05  9.15465e+42  6.14010e-07
 4.92155e-01  9.07048e+05  2.75861e+44  9.07048e+05  2.12159e+44  8.19480e+05  6.81265e+43  6.91914e+05  9.05572e+42  6.14010e-07
 5.08240e-01  9.07048e+05  2.55626e+44  8.76865e+05  1.92901e+44  7.92211e+05  6.66885e+43  6.91914e+05  6.28764e+42  6.14010e-07
 5.24851e-01  9.07048e+05  2.45791e+44  8.76865e+05  1.79970e+44  7.92211e+05  5.69925e+43  6.91914e+05  5.42759e+42  6.14010e-07
 5.42004e-01  8.76865e+05  2.27769e+44  8.76865e+05  1.75873e+44  7.92211e+05  5.22913e+43  6.91914e+05  6.47203e+42  6.14010e-07
 5.59718e-01  8.76865e+05  2.10418e+44  8.47687e+05  1.56813e+44  7.92211e+05  5.25654e+43  6.68890e+05  4.59785e+42  6.14010e-07
 5.78011e-01  8.76865e+05  2.03280e+44  8.47687e+05  1.45599e+44  7.65850e+05  4.35880e+43  6.68890e+05  2.88768e+42  6.14010e-07
 5.96902e-01  8.47687e+05  1.85604e+44  8.47687e+05  1.43077e+44  7.65850e+05  3.85838e+43  6.68890e+05  3.07147e+42  6.14010e-07
 6.16411e-01  8.47687e+05  1.70276e+44  8.19480e+05  1.25340e+44  7.65850e+05  3.84982e+43  6.46632e+05  4.65982e+42  6.14010e-07
 6.36557e-01  8.47687e+05  1.64995e+44  8.19480e+05  1.15107e+44  7.40366e+05  3.29321e+43  6.46632e+05  1.88854e+42  6.14010e-07
 6.57361e-01  8.19480e+05  1.48973e+44  8.19480e+05  1.13440e+44  7.40366e+05  2.71765e+43  6.46632e+05  1.00709e+42  6.14010e-07
 6.78845e-01  8.19480e+05  1.34813e+44  7.92211e+05  9.83410e+43  7.40366e+05  2.62923e+43  6.46632e+05  2.01182e+42  6.14010e-07
 7.01032e-01  8.19480e+05  1.30552e+44  7.92211e+05  8.83505e+43  7.15730e+05  2.53746e+43  6.25115e+05  2.91014e+42  6.14010e-07
 7.23943e-01  7.92211e+05  1.17712e+44  7.92211e+05  8.68155e+43  7.15730e+05  1.84016e+43  6.25115e+05  7.38608e+41  6.14010e-07
 7.47603e-01  7.92211e+05  1.03863e+44  7.65850e+05  7.58926e+43  7.15730e+05  1.62636e+43  6.25115e+05  4.52144e+41  6.14010e-07
 7.72037e-01  7.92211e+05  9.97849e+43  7.65850e+05  6.53968e+43  7.15730e+05  1.89518e+43  6.25115e+05  2.04957e+42  6.14010e-07
 7.97269e-01  7.65850e+05  9.19128e+43  7.65850e+05  6.32615e+43  6.91914e+05  1.27810e+43  6.04314e+05  2.88365e+42  6.14010e-07
 8.23326e-01  7.65850e+05  7.75058e+43  7.40366e+05  5.83181e+43  6.91914e+05  8.91074e+42  6.04314e+05  1.06231e+42  6.14010e-07
 8.50234e-01  7.65850e+05  7.27610e+43  7.40366e+05  4.65495e+43  6.91914e+05  9.83624e+42  6.04314e+05  1.12739e+42  6.14010e-07
 8.78022e-01  7.40366e+05  7.19543e+43  7.40366e+05  4.30634e+43  6.68890e+05  1.10691e+43  6.04314e+05  3.07915e+42  6.14010e-07
 9.06718e-01  7.40366e+05  5.60980e+43  7.15730e+05  4.62273e+43  6.68890e+05  4.95449e+42  5.84205e+05  4.63688e+42  6.14010e-07
 9.36352e-01  7.40366e+05  4.98152e+43  7.15730e+05  3.23877e+43  6.68890e+05  3.61926e+42  5.84205e+05  2.90027e+42  6.14010e-07
 9.66955e-01  7.40366e+05  5.30801e+43  7.15730e+05  2.67721e+43  6.68890e+05  7.05787e+42  5.84205e+05  3.05768e+42  6.14010e-07
 9.98557e-01  7.15730e+05  4.03163e+43  7.15730e+05  2.93572e+43  6.46632e+05  5.39505e+42  5.84205e+05  5.10976e+42  6.14010e-07
 1.03119e+00  7.15730e+05  3.15914e+43  6.91914e+05  2.38191e+43  6.46632e+05  1.25788e+42  5.64766e+05  8.39869e+42  6.14010e-07
 1.06489e+00  7.15730e+05  3.23388e+43  6.91914e+05  1.52536e+43  6.46632e+05  1.88479e+42  5.64766e+05  6.45689e+42  6.14010e-07
 1.09970e+00  6.91914e+05  3.12206e+43  6.91914e+05  1.48411e+43  6.46632e+05  7.27836e+42  5.64766e+05  6.42382e+42  6.14010e-07
 1.13564e+00  6.91914e+05  1.91005e+43  6.68890e+05  2.21536e+43  6.25115e+05  4.05346e+42  5.64766e+05  8.29935e+42  6.14010e-07
 1.17276e+00  6.91914e+05  1.64008e+43  6.68890e+05  9.75888e+42  6.25115e+05  1.28772e+42  5.64766e+05  1.20912e+43  6.14010e-07
 1.21108e+00  6.91914e+05  2.31105e+43  6.68890e+05  5.49444e+42  6.25115e+05  3.28617e+42  5.45973e+05  1.21621e+43  6.14010e-07
 1.25067e+00  6.68890e+05  1.38024e+43  6.68890e+05  9.34267e+42  6.25115e+05  1.00571e+43  5.45973e+05  1.16210e+43  6.14010e-07
 1.29154e+00  6.68890e+05  6.66277e+42  6.46632e+05  1.20238e+43  6.04314e+05  6.94875e+42  5.45973e+05  1.30100e+43  6.14010e-07
 1.33375e+00  6.68890e+05  8.89213e+42  6.46632e+05  2.97685e+42  6.04314e+05  4.91733e+42  5.45973e+05  1.63348e+43  6.14010e-07
 1.37734e+00  6.46632e+05  1.77237e+43  6.46632e+05  2.03213e+42  6.04314e+05  7.66513e+42  5.27805e+05  2.07776e+43  6.14010e-07
 1.42236e+00  6.46632e+05  5.06111e+42  6.46632e+05  9.18574e+42  6.04314e+05  1.52035e+43  5.27805e+05  1.93589e+43  6.14010e-07
 1.46884e+00  6.46632e+05  1.76094e+42  6.25115e+05  9.54698e+42  5.84205e+05  1.43518e+43  5.27805e+05  1.99022e+43  6.14010e-07
 1.51685e+00  6.46632e+05  7.80952e+42  6.25115e+05  2.80874e+42  5.84205e+05  1.23682e+43  5.27805e+05  2.24099e+43  6.14010e-07
 1.56642e+00  6.25115e+05  1.42323e+43  6.25115e+05  4.17206e+42  5.84205e+05  1.51946e+43  5.27805e+05  2.68924e+43  6.14010e-07
 1.61762e+00  6.25115e+05  4.23740e+42  6.25115e+05  1.36426e+43  5.84205e+05  2.28428e+43  5.10242e+05  3.08457e+43  6.14010e-07
 1.67049e+00  6.25115e+05  3.60153e+42  6.04314e+05  1.45936e+43  5.64766e+05  2.70228e+43  5.10242e+05  3.01081e+43  6.14010e-07
 1.72508e+00  6.25115e+05  1.23220e+43  6.04314e+05  9.07113e+42  5.64766e+05  2.43263e+43  5.10242e+05  3.13771e+43  6.14010e-07
 1.78146e+00  6.04314e+05  1.97315e+43  6.04314e+05  1.16762e+43  5.64766e+05  2.64893e+43  5.10242e+05  3.46580e+43  6.14010e-07
 1.83968e+00  6.04314e+05  1.11343e+43  6.04314e+05  2.24195e+43  5.64766e+05  3.35209e+43  5.10242e+05  3.99643e+43  6.14010e-07
 1.89981e+00  6.04314e+05  1.19246e+43  5.84205e+05  2.76725e+43  5.64766e+05  4.54501e+43  4.93264e+05  4.55848e+43  6.14010e-07
 1.96190e+00  6.04314e+05  2.21058e+43  5.84205e+05  2.21868e+43  5.45973e+05  4.21371e+43  4.93264e+05  4.50752e+43  6.14010e-07
 2.02602e+00  5.84205e+05  3.48329e+43  5.84205e+05  2.48828e+43  5.45973e+05  4.27901e+43  4.93264e+05  4.66341e+43  6.14010e-07
 2.09224e+00  5.84205e+05  2.62633e+43  5.84205e+05  3.57717e+43  5.45973e+05  4.83790e+43  4.93264e+05  5.02681e+43  6.14010e-07
 2.16062e+00  5.84205e+05  2.71438e+43  5.64766e+05  5.01478e+43  5.45973e+05  5.89271e+43  4.93264e+05  5.59921e+43  6.14010e-07
 2.23123e+00  5.84205e+05  3.74781e+43  5.64766e+05  4.33899e+43  5.27805e+05  6.81469e+43  4.93264e+05  6.38298e+43  6.14010e-07
 2.30415e+00  5.84205e+05  5.73090e+43  5.64766e+05  4.49015e+43  5.27805e+05  6.62848e+43  4.76850e+05  6.60340e+43  6.14010e-07
 2.37946e+00  5.64766e+05  5.10843e+43  5.64766e+05  5.46888e+43  5.27805e+05  6.94559e+43  4.76850e+05  6.73021e+43  6.14010e-07
 2.45723e+00  5.64766e+05  5.05738e+43  5.64766e+05  7.27925e+43  5.27805e+05  7.76733e+43  4.76850e+05  7.07308e+43  6.14010e-07
 2.53753e+00  5.64766e+05  5.96141e+43  5.45973e+05  7.50696e+43  5.27805e+05  9.09710e+43  4.76850e+05  7.63341e+43  6.14010e-07
 2.62047e+00  5.64766e+05  7.82425e+43  5.45973e+05  7.39376e+43  5.10242e+05  1.00714e+44  4.76850e+05  8.41355e+43  6.14010e-07
 2.70611e+00  5.45973e+05  8.84080e+43  5.45973e+05  8.12015e+43  5.10242e+05  1.00256e+44  4.76850e+05  9.41670e+43  6.14010e-07
 2.79455e+00  5.45973e+05  8.48103e+43  5.45973e+05  9.68915e+43  5.10242e+05  1.04973e+44  4.60983e+05  9.79028e+43  6.14010e-07
 2.88589e+00  5.45973e+05  9.09051e+43  5.45973e+05  1.21072e+44  5.10242e+05  1.14882e+44  4.60983e+05  1.00252e+44  6.14010e-07
 2.98021e+00  5.45973e+05  1.06717e+44  5.27805e+05  1.15861e+44  5.10242e+05  1.30026e+44  4.60983e+05  1.04897e+44  6.14010e-07
 3.07761e+00  5.45973e+05  1.32313e+44  5.27805e+05  1.18917e+44  4.93264e+05  1.46943e+44  4.60983e+05  1.11859e+44  6.14010e-07
 3.17819e+00  5.27805e+05  1.34396e+44  5.27805e+05  1.30555e+44  4.93264e+05  1.46614e+44  4.60983e+05  1.21166e+44  6.14010e-07
 3.28206e+00  5.27805e+05  1.35586e+44  5.27805e+05  1.50823e+44  4.93264e+05  1.51650e+44  4.60983e+05  1.32856e+44  6.14010e-07
 3.38933e+00  5.27805e+05  1.46679e+44  5.10242e+05  1.77280e+44  4.93264e+05  1.62073e+44  4.60983e+05  1.46978e+44  6.14010e-07
 3.50010e+00  5.27805e+05  1.67721e+44  5.10242e+05  1.74027e+44  4.93264e+05  1.77925e+44  4.60983e+05  1.63591e+44  6.14010e-07
 3.61449e+00  5.27805e+05  1.98798e+44  5.10242e+05  1.79585e+44  4.93264e+05  1.99273e+44  4.45643e+05  1.68549e+44  6.14010e-07
 3.73262e+00  5.10242e+05  2.00919e+44  5.10242e+05  1.93976e+44  4.76850e+05  2.11666e+44  4.45643e+05  1.74980e+44  6.14010e-07
 3.85462e+00  5.10242e+05  2.04932e+44  5.10242e+05  2.17260e+44  4.76850e+05  2.15313e+44  4.45643e+05  1.84016e+44  6.14010e-07
 3.98060e+00  5.10242e+05  2.19134e+44  5.10242e+05  2.49533e+44  4.76850e+05  2.24610e+44  4.45643e+05  1.95696e+44  6.14010e-07
 4.11069e+00  5.10242e+05  2.43584e+44  4.93264e+05  2.54217e+44  4.76850e+05  2.39595e+44  4.45643e+05  2.10069e+44  6.14010e-07
 4.24504e+00  5.10242e+05  2.78384e+44  4.93264e+05  2.60145e+44  4.76850e+05  2.60331e+44  4.45643e+05  2.27192e+44  6.14010e-07
 4.38378e+00  4.93264e+05  2.93469e+44  4.93264e+05  2.75240e+44  4.76850e+05  2.86903e+44  4.45643e+05  2.47137e+44  6.14010e-07
 4.52705e+00  4.93264e+05  2.97819e+44  4.93264e+05  2.99565e+44  4.60983e+05  3.11783e+44  4.45643e+05  2.69988e+44  6.14010e-07
 4.67501e+00  4.93264e+05  3.12743e+44  4.93264e+05  3.33219e+44  4.60983e+05  3.17239e+44  4.45643e+05  2.95838e+44  6.14010e-07
 4.82780e+00  4.93264e+05  3.38302e+44  4.76850e+05  3.67744e+44  4.60983e+05  3.28767e+44  4.45643e+05  3.24794e+44  6.14010e-07
 4.98558e+00  4.93264e+05  3.74603e+44  4.76850e+05  3.71056e+44  4.60983e+05  3.46414e+44  4.45643e+05  3.56976e+44  6.14010e-07
 5.14853e+00  4.93264e+05  4.21796e+44  4.76850e+05  3.83993e+44  4.60983e+05  3.70254e+44  4.45643e+05  3.92518e+44  6.14010e-07
 5.31679e+00  4.76850e+05  4.26553e+44  4.76850e+05  4.06609e+44  4.60983e+05  4.00385e+44  4.45643e+05  4.31566e+44  6.14010e-07
 5.49056e+00  4.76850e+05  4.38861e+44  4.76850e+05  4.38998e+44  4.60983e+05  4.36932e+44  4.45643e+05  4.74282e+44  6.14010e-07
 5.67001e+00  4.76850e+05  4.62326e+44  4.76850e+05  4.81293e+44  4.60983e+05  4.80045e+44  4.45643e+05  5.20842e+44  6.14010e-07
 5.85532e+00  4.76850e+05  4.97046e+44  4.76850e+05  5.33671e+44  4.45643e+05  5.29811e+44  4.45643e+05  5.71441e+44  6.14010e-07
 6.04668e+00  4.76850e+05  5.43165e+44  4.60983e+05  5.46629e+44  4.45643e+05  5.43945e+44  4.45643e+05  6.26286e+44  6.14010e-07
 6.24430e+00  4.76850e+05  6.00873e+44  4.60983e+05  5.62983e+44  4.45643e+05  5.65089e+44  4.45643e+05  6.85605e+44  6.14010e-07
 6.44838e+00  4.60983e+05  6.28479e+44  4.60983e+05  5.89757e+44  4.45643e+05  5.93331e+44  4.45643e+05  7.49644e+44  6.14010e-07
 6.65913e+00  4.60983e+05  6.44532e+44  4.60983e+05  6.27061e+44  4.45643e+05  6.28787e+44  4.45643e+05  8.18667e+44  6.14010e-07
 6.87677e+00  4.60983e+05  6.72595e+44  4.60983e+05  6.75051e+44  4.45643e+05  6.71604e+44  4.45643e+05  8.92959e+44  6.14010e-07
 7.10152e+00  4.60983e+05  7.12782e+44  4.60983e+05  7.33924e+44  4.45643e+05  7.21959e+44  4.45643e+05  9.72830e+44  6.14010e-07
 7.33362e+00  4.60983e+05  7.65260e+44  4.60983e+05  8.03924e+44  4.45643e+05  7.80061e+44  4.45643e+05  1.05861e+45  6.14010e-07
 7.57330e+00  4.60983e+05  8.30248e+44  4.60983e+05  8.85341e+44  4.45643e+05  8.46150e+44  4.45643e+05  1.15065e+45  6.14010e-07
 7.82082e+00  4.60983e+05  9.08012e+44  4.45643e+05  9.34921e+44  4.45643e+05  9.20500e+44  4.45643e+05  1.24934e+45  6.14010e-07
 8.07642e+00  4.60983e+05  9.98876e+44  4.45643e+05  9.66800e+44  4.45643e+05  1.00342e+45  4.45643e+05  1.35507e+45  6.14010e-07
 8.34038e+00  4.45643e+05  1.07288e+45  4.45643e+05  1.01077e+45  4.45643e+05  1.09525e+45  4.45643e+05  1.46830e+45  6.14010e-07
 8.61296e+00  4.45643e+05  1.10641e+45  4.45643e+05  1.06701e+45  4.45643e+05  1.19637e+45  4.45643e+05  1.58949e+45  6.14010e-07
 8.89446e+00  4.45643e+05  1.15387e+45  4.45643e+05  1.13576e+45  4.45643e+05  1.30720e+45  4.45643e+05  1.71913e+45  6.14010e-07
 9.18515e+00  4.45643e+05  1.21544e+45  4.45643e+05  1.21730e+45  4.45643e+05  1.42820e+45  4.45643e+05  1.85778e+45  6.14010e-07
 9.48535e+00  4.45643e+05  1.29138e+45  4.45643e+05  1.31196e+45  4.45643e+05  1.55987e+45  4.45643e+05  2.00599e+45  6.14010e-07
 9.79535e+00  4.45643e+05  1.38201e+45  4.45643e+05  1.42015e+45  4.45643e+05  1.70275e+45  4.45643e+05  2.16439e+45  6.14010e-07
 1.01155e+01  4.45643e+05  1.48770e+45  4.45643e+05  1.54230e+45  4.45643e+05  1.85744e+45  4.45643e+05  2.33362e+45  6.14010e-07
 1.04461e+01  4.45643e+05  1.60889e+45  4.45643e+05  1.67893e+45  4.45643e+05  2.02458e+45  4.45643e+05  2.51440e+45  6.14010e-07
 1.07875e+01  4.45643e+05  1.74607e+45  4.45643e+05  1.83059e+45  4.45643e+05  2.20485e+45  4.45643e+05  2.70746e+45  6.14010e-07
 1.11401e+01  4.45643e+05  1.89983e+45  4.45643e+05  1.99792e+45  4.45643e+05  2.39900e+45  4.30814e+05  2.86750e+45  6.14010e-07
 1.15041e+01  4.45643e+05  2.07079e+45  4.45643e+05  2.18161e+45  4.45643e+05  2.60785e+45  4.30814e+05  2.97414e+45  6.14010e-07
 1.18801e+01  4.45643e+05  2.25966e+45  4.45643e+05  2.38241e+45  4.45643e+05  2.83224e+45  4.30814e+05  3.09497e+45  6.14010e-07
 1.22684e+01  4.45643e+05  2.46722e+45  4.45643e+05  2.60117e+45  4.45643e+05  3.07312e+45  4.30814e+05  3.23049e+45  6.14010e-07
 1.26694e+01  4.45643e+05  2.69434e+45  4.45643e+05  2.83878e+45  4.45643e+05  3.33147e+45  4.30814e+05  3.38126e+45  6.14010e-07
 1.30834e+01  4.45643e+05  2.94194e+45  4.45643e+05  3.09622e+45  4.45643e+05  3.60836e+45  4.30814e+05  3.54791e+45  6.14010e-07
 1.35110e+01  4.45643e+05  3.21107e+45  4.45643e+05  3.37458e+45  4.45643e+05  3.90495e+45  4.30814e+05  3.73112e+45  6.14010e-07
 1.39526e+01  4.45643e+05  3.50282e+45  4.45643e+05  3.67498e+45  4.45643e+05  4.22246e+45  4.30814e+05  3.93166e+45  6.14010e-07
 1.44086e+01  4.45643e+05  3.81841e+45  4.45643e+05  3.99869e+45  4.45643e+05  4.56220e+45  4.30814e+05  4.15035e+45  6.14010e-07
 1.48795e+01  4.45643e+05  4.15915e+45  4.45643e+05  4.34703e+45  4.45643e+05  4.92559e+45  4.30814e+05  4.38809e+45  6.14010e-07
 1.53658e+01  4.45643e+05  4.52644e+45  4.45643e+05  4.72146e+45  4.45643e+05  5.31411e+45  4.30814e+05  4.64588e+45  6.14010e-07
 1.58680e+01  4.45643e+05  4.92180e+45  4.45643e+05  5.12351e+45  4.45643e+05  5.72939e+45  4.30814e+05  4.92478e+45  6.14010e-07
 1.63866e+01  4.45643e+05  5.34688e+45  4.45643e+05  5.55486e+45  4.45643e+05  6.17313e+45  4.30814e+05  5.22594e+45  6.14010e-07
 1.69222e+01  4.45643e+05  5.80342e+45  4.45643e+05  6.01728e+45  4.45643e+05  6.64718e+45  4.30814e+05  5.55060e+45  6.14010e-07
 1.74753e+01  4.45643e+05  6.29332e+45  4.45643e+05  6.51270e+45  4.45643e+05  7.15350e+45  4.30814e+05  5.90013e+45  6.14010e-07
 1.80464e+01  4.45643e+05  6.81861e+45  4.45643e+05  7.04316e+45  4.45643e+05  7.69418e+45  4.30814e+05  6.27595e+45  6.14010e-07
 1.86362e+01  4.45643e+05  7.38145e+45  4.45643e+05  7.61086e+45  4.30814e+05  8.26089e+45  4.30814e+05  6.67962e+45  6.14010e-07
 1.92453e+01  4.45643e+05  7.98419e+45  4.45643e+05  8.21814e+45  4.30814e+05  8.55228e+45  4.30814e+05  7.11283e+45  6.14010e-07
 1.98743e+01  4.45643e+05  8.62931e+45  4.45643e+05  8.86753e+45  4.30814e+05  8.88383e+45  4.30814e+05  7.57735e+45  6.14010e-07
 2.05238e+01  4.45643e+05  9.31949e+45  4.45643e+05  9.56170e+45  4.30814e+05  9.25690e+45  4.30814e+05  8.07511e+45  6.14010e-07
 2.11946e+01  4.45643e+05  1.00576e+46  4.45643e+05  1.03035e+46  4.30814e+05  9.67303e+45  4.30814e+05  8.60817e+45  6.14010e-07
 2.18873e+01  4.45643e+05  1.08466e+46  4.45643e+05  1.10961e+46  4.30814e+05  1.01340e+46  4.30814e+05  9.17873e+45  6.14010e-07
 2.26026e+01  4.45643e+05  1.16899e+46  4.45643e+05  1.19427e+46  4.30814e+05  1.06416e+46  4.30814e+05  9.78917e+45  6.14010e-07
 2.33413e+01  4.45643e+05  1.25909e+46  4.45643e+05  1.28468e+46  4.30814e+05  1.11980e+46  4.30814e+05  1.04420e+46  6.14010e-07
 2.41042e+01  4.45643e+05  1.35533e+46  4.45643e+05  1.38121e+46  4.30814e+05  1.18055e+46  4.30814e+05  1.11399e+46  6.14010e-07
 2.48920e+01  4.45643e+05  1.45812e+46  4.30814e+05  1.45643e+46  4.30814e+05  1.24667e+46  4.30814e+05  1.18858e+46  6.14010e-07
 2.57055e+01  4.45643e+05  1.56788e+46  4.30814e+05  1.51010e+46  4.30814e+05  1.31842e+46  4.30814e+05  1.26828e+46  6.14010e-07
 2.65456e+01  4.30814e+05  1.66826e+46  4.30814e+05  1.57082e+46  4.30814e+05  1.39610e+46  4.30814e+05  1.35342e+46  6.14010e-07
 2.74132e+01  4.30814e+05  1.72834e+46  4.30814e+05  1.63886e+46  4.30814e+05  1.48003e+46  4.30814e+05  1.44434e+46  6.14010e-07
 2.83091e+01  4.30814e+05  1.79651e+46  4.30814e+05  1.71449e+46  4.30814e+05  1.57057e+46  4.30814e+05  1.54143e+46  6.14010e-07
 2.92343e+01  4.30814e+05  1.87305e+46  4.30814e+05  1.79802e+46  4.30814e+05  1.66808e+46  4.30814e+05  1.64509e+46  6.14010e-07
 3.01898e+01  4.30814e+05  1.95827e+46  4.30814e+05  1.88980e+46  4.30814e+05  1.77297e+46  4.30814e+05  1.75574e+46  6.14010e-07
 3.11765e+01  4.30814e+05  2.05253e+46  4.30814e+05  1.99021e+46  4.30814e+05  1.88567e+46  4.30814e+05  1.87385e+46  6.14010e-07
 3.21954e+01  4.30814e+05  2.15623e+46  4.30814e+05  2.09967e+46  4.30814e+05  2.00666e+46  4.30814e+05  1.99990e+46  6.14010e-07
 3.32476e+01  4.30814e+05  2.26977e+46  4.30814e+05  2.21863e+46  4.30814e+05  2.13642e+46  4.30814e+05  2.13441e+46  6.14010e-07
 3.43343e+01  4.30814e+05  2.39365e+46  4.30814e+05  2.34757e+46  4.30814e+05  2.27550e+46  4.30814e+05  2.27795e+46  6.14010e-07
 3.54564e+01  4.30814e+05  2.52837e+46  4.30814e+05  2.48704e+46  4.30814e+05  2.42448e+46  4.30814e+05  2.43110e+46  6.14010e-07
 3.66152e+01  4.30814e+05  2.67448e+46  4.30814e+05  2.63762e+46  4.30814e+05  2.58396e+46  4.30814e+05  2.59451e+46  6.14010e-07
 3.78119e+01  4.30814e+05  2.83260e+46  4.30814e+05  2.79991e+46  4.30814e+05  2.75462e+46  4.30814e+05  2.76883e+46  6.14010e-07
 3.90477e+01  4.30814e+05  3.00337e+46  4.30814e+05  2.97461e+46  4.30814e+05  2.93714e+46  4.30814e+05  2.95481e+46  6.14010e-07
 4.03238e+01  4.30814e+05  3.18751e+46  4.30814e+05  3.16242e+46  4.30814e+05  3.13230e+46  4.30814e+05  3.15320e+46  6.14010e-07
 4.16417e+01  4.30814e+05  3.38577e+46  4.30814e+05  3.36413e+46  4.30814e+05  3.34090e+46  4.30814e+05  3.36482e+46  6.14010e-07
 4.30027e+01  4.30814e+05  3.59898e+46  4.30814e+05  3.58057e+46  4.30814e+05  3.56380e+46  4.30814e+05  3.59057e+46  6.14010e-07
 4.44081e+01  4.30814e+05  3.82801e+46  4.30814e+05  3.81263e+46  4.30814e+05  3.80193e+46  4.30814e+05  3.83135e+46  6.14010e-07
 4.58595e+01  4.30814e+05  4.07383e+46  4.30814e+05  4.06129e+46  4.30814e+05  4.05627e+46  4.30814e+05  4.08819e+46  6.14010e-07
 4.73583e+01  4.30814e+05  4.33743e+46  4.30814e+05  4.32756e+46  4.30814e+05  4.32786e+46  4.30814e+05  4.36213e+46  6.14010e-07
 4.89061e+01  4.30814e+05  4.61992e+46  4.30814e+05  4.61255e+46  4.30814e+05  4.61785e+46  4.30814e+05  4.65431e+46  6.14010e-07
 5.05045e+01  4.30814e+05  4.92247e+46  4.30814e+05  4.91744e+46  4.30814e+05  4.92742e+46  4.30814e+05  4.96594e+46  6.14010e-07
 5.21551e+01  4.30814e+05  5.24632e+46  4.30814e+05  5.24348e+46  4.30814e+05  5.25786e+46  4.30814e+05  5.29831e+46  6.14010e-07
 5.38597e+01  4.30814e+05  5.59281e+46  4.30814e+05  5.59204e+46  4.30814e+05  5.61053e+46  4.30814e+05  5.65279e+46  6.14010e-07
 5.56199e+01  4.30814e+05  5.96339e+46  4.30814e+05  5.96455e+46  4.30814e+05  5.98690e+46  4.30814e+05  6.03086e+46  6.14010e-07
 5.74378e+01  4.30814e+05  6.35958e+46  4.30814e+05  6.36255e+46  4.30814e+05  6.38853e+46  4.30814e+05  6.43408e+46  6.14010e-07
 5.93150e+01  4.30814e+05  6.78302e+46  4.30814e+05  6.78769e+46  4.30814e+05  6.81706e+46  4.30814e+05  6.86411e+46  6.14010e-07
 6.12535e+01  4.30814e+05  7.23547e+46  4.30814e+05  7.24173e+46  4.30814e+05  7.27429e+46  4.30814e+05  7.32273e+46  6.14010e-07
 6.32555e+01  4.30814e+05  7.71879e+46  4.30814e+05  7.72655e+46  4.30814e+05  7.76209e+46  4.30814e+05  7.81185e+46  6.14010e-07
 6.53228e+01  4.30814e+05  8.23499e+46  4.30814e+05  8.24415e+46  4.30814e+05  8.28249e+46  4.30814e+05  8.33348e+46  6.14010e-07
 6.74577e+01  4.30814e+05  8.78621e+46  4.30814e+05  8.79668e+46  4.30814e+05  8.83765e+46  4.30814e+05  8.88979e+46  6.14010e-07
 6.96624e+01  4.30814e+05  9.37472e+46  4.30814e+05  9.38643e+46  4.30814e+05  9.42986e+46  4.30814e+05  9.48308e+46  6.14010e-07
 7.19392e+01  4.30814e+05  1.00030e+47  4.30814e+05  1.00158e+47  4.30814e+05  1.00616e+47  4.30814e+05  1.01158e+47  6.14010e-07
 7.42903e+01  4.30814e+05  1.06735e+47  4.30814e+05  1.06875e+47  4.30814e+05  1.07354e+47  4.30814e+05  1.07906e+47  6.14010e-07
 7.67183e+01  4.30814e+05  1.13892e+47  4.30814e+05  1.14042e+47  4.30814e+05  1.14541e+47  4.30814e+05  1.15102e+47  6.14010e-07
 7.92257e+01  4.30814e+05  1.21530e+47  4.30814e+05  1.21689e+47  4.30814e+05  1.22207e+47  4.30814e+05  1.22776e+47  6.14010e-07
 8.18150e+01  4.30814e+05  1.29680e+47  4.30814e+05  1.29848e+47  4.30814e+05  1.30384e+47  4.30814e+05  1.30961e+47  6.14010e-07
 8.44889e+01  4.30814e+05  1.38375e+47  4.30814e+05  1.38552e+47  4.30814e+05  1.39105e+47  4.30814e+05  1.39689e+47  6.14010e-07
 8.72502e+01  4.30814e+05  1.47653e+47  4.30814e+05  1.47837e+47  4.30814e+05  1.48406e+47  4.30814e+05  1.48997e+47  6.14010e-07
 9.01018e+01  4.30814e+05  1.57551e+47  4.30814e+05  1.57743e+47  4.30814e+05  1.58326e+47  4.30814e+05  1.58924e+47  6.14010e-07
 9.30466e+01  4.30814e+05  1.68111e+47  4.30814e+05  1.68309e+47  4.30814e+05  1.68907e+47  4.30814e+05  1.69510e+47  6.14010e-07
 9.60876e+01  4.30814e+05  1.79375e+47  4.30814e+05  1.79580e+47  4.30814e+05  1.80191e+47  4.30814e+05  1.80800e+47  6.14010e-07
 9.92280e+01  4.30814e+05  1.91392e+47  4.30814e+05  1.91603e+47  4.30814e+05  1.92225e+47  4.16479e+05  1.91829e+47  6.14010e-07
 1.02471e+02  4.30814e+05  2.04209e+47  4.30814e+05  2.04426e+47  4.30814e+05  2.05060e+47  4.16479e+05  1.97841e+47  6.14010e-07
 1.05820e+02  4.30814e+05  2.17882e+47  4.30814e+05  2.18104e+47  4.30814e+05  2.18748e+47  4.16479e+05  2.04673e+47  6.14010e-07
 1.09278e+02  4.30814e+05  2.32465e+47  4.30814e+05  2.32692e+47  4.30814e+05  2.33346e+47  4.16479e+05  2.12354e+47  6.14010e-07
 1.12850e+02  4.30814e+05  2.48019e+47  4.30814e+05  2.48251e+47  4.30814e+05  2.48915e+47  4.16479e+05  2.20916e+47  6.14010e-07
 1.16538e+02  4.30814e+05  2.64610e+47  4.30814e+05  2.64846e+47  4.30814e+05  2.65518e+47  4.16479e+05  2.30395e+47  6.14010e-07
 1.20347e+02  4.30814e+05  2.82304e+47  4.30814e+05  2.82545e+47  4.30814e+05  2.83226e+47  4.16479e+05  2.40828e+47  6.14010e-07
 1.24280e+02  4.30814e+05  3.01177e+47  4.30814e+05  3.01421e+47  4.30814e+05  3.02110e+47  4.16479e+05  2.52260e+47  6.14010e-07
 1.28342e+02  4.30814e+05  3.21305e+47  4.30814e+05  3.21553e+47  4.30814e+05  3.22249e+47  4.16479e+05  2.64738e+47  6.14010e-07
 1.32537e+02  4.30814e+05  3.42772e+47  4.30814e+05  3.43023e+47  4.30814e+05  3.43726e+47  4.16479e+05  2.78313e+47  6.14010e-07
 1.36868e+02  4.30814e+05  3.65667e+47  4.30814e+05  3.65922e+47  4.30814e+05  3.66631e+47  4.16479e+05  2.93042e+47  6.14010e-07
 1.41341e+02  4.30814e+05  3.90085e+47  4.30814e+05  3.90342e+47  4.30814e+05  3.91057e+47  4.16479e+05  3.08986e+47  6.14010e-07
 1.45961e+02  4.30814e+05  4.16126e+47  4.30814e+05  4.16387e+47  4.30814e+05  4.17107e+47  4.16479e+05  3.26210e+47  6.14010e-07
 1.50731e+02  4.30814e+05  4.43899e+47  4.30814e+05  4.44162e+47  4.30814e+05  4.44888e+47  4.16479e+05  3.44787e+47  6.14010e-07
 1.55658e+02  4.30814e+05  4.73519e+47  4.30814e+05  4.73784e+47  4.30814e+05  4.74515e+47  4.16479e+05  3.64792e+47  6.14010e-07
 1.60745e+02  4.30814e+05  5.05107e+47  4.30814e+05  5.05375e+47  4.30814e+05  5.06110e+47  4.16479e+05  3.86308e+47  6.14010e-07
 1.65998e+02  4.30814e+05  5.38795e+47  4.30814e+05  5.39065e+47  4.30814e+05  5.39804e+47  4.16479e+05  4.09425e+47  6.14010e-07
 1.71424e+02  4.30814e+05  5.74722e+47  4.30814e+05  5.74994e+47  4.16479e+05  5.60453e+47  4.16479e+05  4.34239e+47  6.14010e-07
 1.77026e+02  4.30814e+05  6.13037e+47  4.30814e+05  6.13311e+47  4.16479e+05  5.79160e+47  4.16479e+05  4.60851e+47  6.14010e-07
 1.82812e+02  4.30814e+05  6.53898e+47  4.30814e+05  6.54174e+47  4.16479e+05  6.00268e+47  4.16479e+05  4.89372e+47  6.14010e-07
 1.88787e+02  4.30814e+05  6.97475e+47  4.30814e+05  6.97752e+47  4.16479e+05  6.23865e+47  4.16479e+05  5.19921e+47  6.14010e-07
 1.94957e+02  4.30814e+05  7.43948e+47  4.30814e+05  7.44226e+47  4.16479e+05  6.50049e+47  4.16479e+05  5.52623e+47  6.14010e-07
 2.01328e+02  4.30814e+05  7.93508e+47  4.30814e+05  7.93788e+47  4.16479e+05  6.78927e+47  4.16479e+05  5.87614e+47  6.14010e-07
 2.07908e+02  4.30814e+05  8.46362e+47  4.30814e+05  8.46644e+47  4.16479e+05  7.10620e+47  4.16479e+05  6.25039e+47  6.14010e-07
 2.14703e+02  4.30814e+05  9.02728e+47  4.30814e+05  9.03011e+47  4.16479e+05  7.45259e+47  4.16479e+05  6.65052e+47  6.14010e-07
 2.21720e+02  4.30814e+05  9.62839e+47  4.16479e+05  9.54949e+47  4.16479e+05  7.82987e+47  4.16479e+05  7.07820e+47  6.14010e-07
 2.28967e+02  4.30814e+05  1.02694e+48  4.16479e+05  9.85160e+47  4.16479e+05  8.23960e+47  4.16479e+05  7.53518e+47  6.14010e-07
 2.36450e+02  4.16479e+05  1.09511e+48  4.16479e+05  1.01946e+48  4.16479e+05  8.68347e+47  4.16479e+05  8.02337e+47  6.14010e-07
 2.44178e+02  4.16479e+05  1.12890e+48  4.16479e+05  1.05798e+48  4.16479e+05  9.16333e+47  4.16479e+05  8.54478e+47  6.14010e-07
 2.52158e+02  4.16479e+05  1.16737e+48  4.16479e+05  1.10089e+48  4.16479e+05  9.68116e+47  4.16479e+05  9.10158e+47  6.14010e-07
 2.60399e+02  4.16479e+05  1.21068e+48  4.16479e+05  1.14836e+48  4.16479e+05  1.02391e+48  4.16479e+05  9.69606e+47  6.14010e-07
 2.68910e+02  4.16479e+05  1.25902e+48  4.16479e+05  1.20059e+48  4.16479e+05  1.08395e+48  4.16479e+05  1.03307e+48  6.14010e-07
 2.77699e+02  4.16479e+05  1.31257e+48  4.16479e+05  1.25780e+48  4.16479e+05  1.14847e+48  4.16479e+05  1.10081e+48  6.14010e-07
 2.86774e+02  4.16479e+05  1.37156e+48  4.16479e+05  1.32023e+48  4.16479e+05  1.21776e+48  4.16479e+05  1.17310e+48  6.14010e-07
 2.96147e+02  4.16479e+05  1.43624e+48  4.16479e+05  1.38812e+48  4.16479e+05  1.29209e+48  4.16479e+05  1.25026e+48  6.14010e-07
 3.05826e+02  4.16479e+05  1.50687e+48  4.16479e+05  1.46177e+48  4.16479e+05  1.37177e+48  4.16479e+05  1.33259e+48  6.14010e-07
 3.15821e+02  4.16479e+05  1.58375e+48  4.16479e+05  1.54148e+48  4.16479e+05  1.45713e+48  4.16479e+05  1.42044e+48  6.14010e-07
 3.26143e+02  4.16479e+05  1.66719e+48  4.16479e+05  1.62757e+48  4.16479e+05  1.54853e+48  4.16479e+05  1.51416e+48  6.14010e-07
 3.36802e+02  4.16479e+05  1.75754e+48  4.16479e+05  1.72041e+48  4.16479e+05  1.64634e+48  4.16479e+05  1.61416e+48  6.14010e-07
 3.47810e+02  4.16479e+05  1.85517e+48  4.16479e+05  1.82037e+48  4.16479e+05  1.75097e+48  4.16479e+05  1.72083e+48  6.14010e-07
 3.59177e+02  4.16479e+05  1.96049e+48  4.16479e+05  1.92788e+48  4.16479e+05  1.86285e+48  4.16479e+05  1.83464e+48  6.14010e-07
 3.70916e+02  4.16479e+05  2.07394e+48  4.16479e+05  2.04337e+48  4.16479e+05  1.98244e+48  4.16479e+05  1.95603e+48  6.14010e-07
 3.83038e+02  4.16479e+05  2.19597e+48  4.16479e+05  2.16733e+48  4.16479e+05  2.11025e+48  4.16479e+05  2.08552e+48  6.14010e-07
 3.95557e+02  4.16479e+05  2.32710e+48  4.16479e+05  2.30026e+48  4.16479e+05  2.24679e+48  4.16479e+05  2.22365e+48  6.14010e-07
 4.08485e+02  4.16479e+05  2.46787e+48  4.16479e+05  2.44273e+48  4.16479e+05  2.39263e+48  4.16479e+05  2.37098e+48  6.14010e-07
 4.21835e+02  4.16479e+05  2.61887e+48  4.16479e+05  2.59531e+48  4.16479e+05  2.54838e+48  4.16479e+05  2.52812e+48  6.14010e-07
 4.35622e+02  4.16479e+05  2.78071e+48  4.16479e+05  2.75863e+48  4.16479e+05  2.71468e+48  4.16479e+05  2.69573e+48  6.14010e-07
 4.49859e+02  4.16479e+05  2.95407e+48  4.16479e+05  2.93339e+48  4.16479e+05  2.89222e+48  4.16479e+05  2.87449e+48  6.14010e-07
 4.64562e+02  4.16479e+05  3.13966e+48  4.16479e+05  3.12029e+48  4.16479e+05  3.08174e+48  4.16479e+05  3.06515e+48  6.14010e-07
 4.79745e+02  4.16479e+05  3.33826e+48  4.16479e+05  3.32011e+48  4.16479e+05  3.28401e+48  4.16479e+05  3.26851e+48  6.14010e-07
 4.95424e+02  4.16479e+05  3.55068e+48  4.16479e+05  3.53368e+48  4.16479e+05  3.49988e+48  4.16479e+05  3.48538e+48  6.14010e-07
 5.11616e+02  4.16479e+05  3.77781e+48  4.16479e+05  3.76188e+48  4.16479e+05  3.73024e+48  4.16479e+05  3.71669e+48  6.14010e-07
 5.28337e+02  4.16479e+05  4.02057e+48  4.16479e+05  4.00566e+48  4.16479e+05  3.97604e+48  4.16479e+05  3.96338e+48  6.14010e-07
 5.45604e+02  4.16479e+05  4.27999e+48  4.16479e+05  4.26603e+48  4.16479e+05  4.23830e+48  4.16479e+05  4.22647e+48  6.14010e-07
 5.63436e+02  4.16479e+05  4.55713e+48  4.16479e+05  4.54405e+48  4.16479e+05  4.51811e+48  4.16479e+05  4.50705e+48  6.14010e-07
 5.81850e+02  4.16479e+05  4.85314e+48  4.16479e+05  4.84090e+48  4.16479e+05  4.81661e+48  4.16479e+05  4.80629e+48  6.14010e-07
 6.00867e+02  4.16479e+05  5.16924e+48  4.16479e+05  5.15778e+48  4.16479e+05  5.13506e+48  4.16479e+05  5.12542e+48  6.14010e-07
 6.20505e+02  4.16479e+05  5.50674e+48  4.16479e+05  5.49601e+48  4.16479e+05  5.47476e+48  4.16479e+05  5.46577e+48  6.14010e-07
 6.40784e+02  4.16479e+05  5.86704e+48  4.16479e+05  5.85700e+48  4.16479e+05  5.83712e+48  4.16479e+05  5.82874e+48  6.14010e-07
 6.61727e+02  4.16479e+05  6.25164e+48  4.16479e+05  6.24224e+48  4.16479e+05  6.22365e+48  4.16479e+05  6.21583e+48  6.14010e-07
 6.83354e+02  4.16479e+05  6.66211e+48  4.16479e+05  6.65332e+48  4.16479e+05  6.63593e+48  4.16479e+05  6.62864e+48  6.14010e-07
 7.05688e+02  4.16479e+05  7.10016e+48  4.16479e+05  7.09194e+48  4.16479e+05  7.07569e+48  4.16479e+05  7.06889e+48  6.14010e-07
 7.28751e+02  4.16479e+05  7.56761e+48  4.16479e+05  7.55992e+48  4.16479e+05  7.54473e+48  4.16479e+05  7.53840e+48  6.14010e-07
 7.52569e+02  4.16479e+05  8.06638e+48  4.16479e+05  8.05919e+48  4.16479e+05  8.04500e+48  4.16479e+05  8.03911e+48  6.14010e-07
 7.77165e+02  4.16479e+05  8.59855e+48  4.16479e+05  8.59182e+48  4.16479e+05  8.57856e+48  4.16479e+05  8.57308e+48  6.14010e-07
 8.02565e+02  4.16479e+05  9.16631e+48  4.16479e+05  9.16002e+48  4.16479e+05  9.14764e+48  4.16479e+05  9.14254e+48  6.14010e-07
 8.28794e+02  4.16479e+05  9.77201e+48  4.16479e+05  9.76613e+48  4.16479e+05  9.75457e+48  4.16479e+05  9.74984e+48  6.14010e-07
 8.55882e+02  4.16479e+05  1.04182e+49  4.16479e+05  1.04127e+49  4.16479e+05  1.04019e+49  4.16479e+05  1.03975e+49  6.14010e-07
 8.83854e+02  4.16479e+05  1.11074e+49  4.16479e+05  1.11023e+49  4.16479e+05  1.10922e+49  4.16479e+05  1.10882e+49  6.14010e-07
 9.12741e+02  4.16479e+05  1.18427e+49  4.16479e+05  1.18379e+49  4.16479e+05  1.18285e+49  4.16479e+05  1.18247e+49  6.14010e-07
 9.42571e+02  4.16479e+05  1.26270e+49  4.16479e+05  1.26225e+49  4.16479e+05  1.26137e+49  4.16479e+05  1.26102e+49  6.14010e-07
 9.73377e+02  4.16479e+05  1.34635e+49  4.16479e+05  1.34593e+49  4.16479e+05  1.34512e+49  4.16479e+05  1.34479e+49  6.14010e-07
 1.00519e+03  4.16479e+05  1.43558e+49  4.16479e+05  1.43519e+49  4.16479e+05  1.43443e+49  4.16479e+05  1.43413e+49  6.14010e-07
 1.03804e+03  4.16479e+05  1.53075e+49  4.16479e+05  1.53038e+49  4.16479e+05  1.52968e+49  4.16479e+05  1.52940e+49  6.14010e-07
 1.07197e+03  4.16479e+05  1.63225e+49  4.16479e+05  1.63191e+49  4.16479e+05  1.63125e+49  4.02620e+05  1.60905e+49  6.14010e-07
 1.10700e+03  4.16479e+05  1.74051e+49  4.16479e+05  1.74020e+49  4.16479e+05  1.73958e+49  4.02620e+05  1.65924e+49  6.14010e-07
 1.14318e+03  4.16479e+05  1.85598e+49  4.16479e+05  1.85568e+49  4.16479e+05  1.85511e+49  4.02620e+05  1.71629e+49  6.14010e-07
 1.18054e+03  4.16479e+05  1.97912e+49  4.16479e+05  1.97885e+49  4.16479e+05  1.97832e+49  4.02620e+05  1.78045e+49  6.14010e-07
 1.21913e+03  4.16479e+05  2.11046e+49  4.16479e+05  2.11021e+49  4.16479e+05  2.10972e+49  4.02620e+05  1.85197e+49  6.14010e-07
 1.25897e+03  4.16479e+05  2.25054e+49  4.16479e+05  2.25030e+49  4.16479e+05  2.24984e+49  4.02620e+05  1.93116e+49  6.14010e-07
 1.30012e+03  4.16479e+05  2.39992e+49  4.16479e+05  2.39970e+49  4.16479e+05  2.39928e+49  4.02620e+05  2.01835e+49  6.14010e-07
 1.34261e+03  4.16479e+05  2.55924e+49  4.16479e+05  2.55904e+49  4.16479e+05  2.55865e+49  4.02620e+05  2.11388e+49  6.14010e-07
 1.38649e+03  4.16479e+05  2.72916e+49  4.16479e+05  2.72897e+49  4.16479e+05  2.72860e+49  4.02620e+05  2.21817e+49  6.14010e-07
 1.43180e+03  4.16479e+05  2.91036e+49  4.16479e+05  2.91019e+49  4.16479e+05  2.90985e+49  4.02620e+05  2.33163e+49  6.14010e-07
 1.47860e+03  4.16479e+05  3.10362e+49  4.16479e+05  3.10345e+49  4.16479e+05  3.10315e+49  4.02620e+05  2.45474e+49  6.14010e-07
 1.52692e+03  4.16479e+05  3.30972e+49  4.16479e+05  3.30957e+49  4.16479e+05  3.30928e+49  4.02620e+05  2.58802e+49  6.14010e-07
 1.57683e+03  4.16479e+05  3.52951e+49  4.16479e+05  3.52937e+49  4.16479e+05  3.52911e+49  4.02620e+05  2.73200e+49  6.14010e-07
 1.62836e+03  4.16479e+05  3.76392e+49  4.16479e+05  3.76379e+49  4.16479e+05  3.76355e+49  4.02620e+05  2.88729e+49  6.14010e-07
 1.68158e+03  4.16479e+05  4.01390e+49  4.16479e+05  4.01378e+49  4.16479e+05  4.01356e+49  4.02620e+05  3.05453e+49  6.14010e-07
 1.73654e+03  4.16479e+05  4.28050e+49  4.16479e+05  4.28038e+49  4.16479e+05  4.28018e+49  4.02620e+05  3.23441e+49  6.14010e-07
 1.79329e+03  4.16479e+05  4.56481e+49  4.16479e+05  4.56470e+49  4.02620e+05  4.56264e+49  4.02620e+05  3.42767e+49  6.14010e-07
 1.85190e+03  4.16479e+05  4.86801e+49  4.16479e+05  4.86791e+49  4.02620e+05  4.69939e+49  4.02620e+05  3.63512e+49  6.14010e-07
 1.91243e+03  4.16479e+05  5.19136e+49  4.16479e+05  5.19127e+49  4.02620e+05  4.85558e+49  4.02620e+05  3.85762e+49  6.14010e-07
 1.97493e+03  4.16479e+05  5.53619e+49  4.16479e+05  5.53611e+49  4.02620e+05  5.03187e+49  4.02620e+05  4.09608e+49  6.14010e-07
 2.03948e+03  4.16479e+05  5.90394e+49  4.16479e+05  5.90387e+49  4.02620e+05  5.22898e+49  4.02620e+05  4.35149e+49  6.14010e-07
 2.10613e+03  4.16479e+05  6.29612e+49  4.16479e+05  6.29605e+49  4.02620e+05  5.44773e+49  4.02620e+05  4.62491e+49  6.14010e-07
 2.17497e+03  4.16479e+05  6.71436e+49  4.16479e+05  6.71430e+49  4.02620e+05  5.68903e+49  4.02620e+05  4.91747e+49  6.14010e-07
 2.24605e+03  4.16479e+05  7.16038e+49  4.16479e+05  7.16033e+49  4.02620e+05  5.95387e+49  4.02620e+05  5.23038e+49  6.14010e-07
 2.31946e+03  4.16479e+05  7.63604e+49  4.16479e+05  7.63599e+49  4.02620e+05  6.24335e+49  4.02620e+05  5.56493e+49  6.14010e-07
 2.39526e+03  4.16479e+05  8.14331e+49  4.02620e+05  8.00751e+49  4.02620e+05  6.55867e+49  4.02620e+05  5.92252e+49  6.14010e-07
 2.47355e+03  4.16479e+05  8.68427e+49  4.02620e+05  8.25971e+49  4.02620e+05  6.90114e+49  4.02620e+05  6.30462e+49  6.14010e-07
 2.55439e+03  4.02620e+05  9.18308e+49  4.02620e+05  8.54610e+49  4.02620e+05  7.27216e+49  4.02620e+05  6.71281e+49  6.14010e-07
 2.63787e+03  4.02620e+05  9.46515e+49  4.02620e+05  8.86786e+49  4.02620e+05  7.67328e+49  4.02620e+05  7.14878e+49  6.14010e-07
 2.72409e+03  4.02620e+05  9.78640e+49  4.02620e+05  9.22631e+49  4.02620e+05  8.10616e+49  4.02620e+05  7.61433e+49  6.14010e-07
 2.81312e+03  4.02620e+05  1.01481e+50  4.02620e+05  9.62295e+49  4.02620e+05  8.57258e+49  4.02620e+05  8.11140e+49  6.14010e-07
 2.90506e+03  4.02620e+05  1.05519e+50  4.02620e+05  1.00594e+50  4.02620e+05  9.07449e+49  4.02620e+05  8.64204e+49  6.14010e-07
 3.00000e+03  4.02620e+05  1.09993e+50  4.02620e+05  1.05375e+50  4.02620e+05  9.61394e+49  4.02620e+05  9.20844e+49  6.14010e-07
