radius_rg T_0deg chi2_0deg T_15deg chi2_15deg T_30deg chi2_30deg T_45deg chi2_45deg nuLnusavg_last
 2.00000e-01  1.40830e+06  1.30020e+45  1.36144e+06  1.01972e+45  1.23000e+06  4.27994e+44  1.00397e+06  9.84916e+43  1.44609e-03
 2.06537e-01  1.40830e+06  1.25250e+45  1.36144e+06  9.81890e+44  1.18907e+06  4.03051e+44  1.00397e+06  9.14785e+43  1.44609e-03
 2.13287e-01  1.36144e+06  1.19030e+45  1.31613e+06  9.31585e+44  1.18907e+06  3.84867e+44  1.00397e+06  8.75481e+43  1.44609e-03
 2.20257e-01  1.36144e+06  1.14258e+45  1.31613e+06  8.93064e+44  1.14951e+06  3.65679e+44  9.70565e+05  8.13458e+43  1.44609e-03
 2.27456e-01  1.31613e+06  1.08865e+45  1.27234e+06  8.50442e+44  1.14951e+06  3.45608e+44  9.70565e+05  7.57593e+43  1.44609e-03
 2.34890e-01  1.31613e+06  1.04023e+45  1.27234e+06  8.10674e+44  1.11126e+06  3.32749e+44  9.70565e+05  7.31906e+43  1.44609e-03
 2.42567e-01  1.27234e+06  9.95238e+44  1.23000e+06  7.76387e+44  1.11126e+06  3.10464e+44  9.38269e+05  6.63476e+43  1.44609e-03
 2.50494e-01  1.27234e+06  9.45475e+44  1.23000e+06  7.34817e+44  1.11126e+06  2.95799e+44  9.38269e+05  6.19319e+43  1.44609e-03
 2.58681e-01  1.23000e+06  9.10167e+44  1.23000e+06  7.06927e+44  1.07428e+06  2.79764e+44  9.07048e+05  5.96673e+43  1.44609e-03
 2.67136e-01  1.23000e+06  8.58406e+44  1.18907e+06  6.65688e+44  1.07428e+06  2.62421e+44  9.07048e+05  5.32488e+43  1.44609e-03
 2.75866e-01  1.23000e+06  8.22483e+44  1.18907e+06  6.35151e+44  1.07428e+06  2.52499e+44  9.07048e+05  4.97548e+43  1.44609e-03
 2.84882e-01  1.18907e+06  7.79257e+44  1.14951e+06  6.03597e+44  1.03853e+06  2.33573e+44  8.76865e+05  4.75556e+43  1.44609e-03
 2.94193e-01  1.18907e+06  7.40356e+44  1.14951e+06  5.69876e+44  1.03853e+06  2.20521e+44  8.76865e+05  4.18608e+43  1.44609e-03
 3.03808e-01  1.14951e+06  7.08385e+44  1.11126e+06  5.48979e+44  1.00397e+06  2.09763e+44  8.76865e+05  3.90434e+43  1.44609e-03
 3.13737e-01  1.14951e+06  6.65880e+44  1.11126e+06  5.11526e+44  1.00397e+06  1.93248e+44  8.47687e+05  3.72792e+43  1.44609e-03
 3.23991e-01  1.14951e+06  6.38416e+44  1.11126e+06  4.86830e+44  1.00397e+06  1.83867e+44  8.47687e+05  3.20577e+43  1.44609e-03
 3.34580e-01  1.11126e+06  5.99545e+44  1.07428e+06  4.60658e+44  9.70565e+05  1.71286e+44  8.47687e+05  2.96731e+43  1.44609e-03
 3.45515e-01  1.11126e+06  5.67561e+44  1.07428e+06  4.31452e+44  9.70565e+05  1.57995e+44  8.19480e+05  2.87818e+43  1.44609e-03
 3.56807e-01  1.07428e+06  5.42002e+44  1.07428e+06  4.14672e+44  9.70565e+05  1.51693e+44  8.19480e+05  2.37819e+43  1.44609e-03
 3.68468e-01  1.07428e+06  5.04869e+44  1.03853e+06  3.83709e+44  9.38269e+05  1.37812e+44  8.19480e+05  2.15846e+43  1.44609e-03
 3.80511e-01  1.07428e+06  4.82112e+44  1.03853e+06  3.61660e+44  9.38269e+05  1.27152e+44  7.92211e+05  2.20871e+43  1.44609e-03
 3.92947e-01  1.03853e+06  4.51144e+44  1.00397e+06  3.44465e+44  9.38269e+05  1.23353e+44  7.92211e+05  1.70521e+43  1.44609e-03
 4.05790e-01  1.03853e+06  4.22359e+44  1.00397e+06  3.16587e+44  9.07048e+05  1.08796e+44  7.92211e+05  1.47918e+43  1.44609e-03
 4.19052e-01  1.00397e+06  4.07391e+44  1.00397e+06  3.00660e+44  9.07048e+05  1.00188e+44  7.92211e+05  1.52970e+43  1.44609e-03
 4.32748e-01  1.00397e+06  3.71922e+44  9.70565e+05  2.80479e+44  8.76865e+05  9.76457e+43  7.65850e+05  1.19757e+43  1.44609e-03
 4.46891e-01  1.00397e+06  3.50278e+44  9.70565e+05  2.57972e+44  8.76865e+05  8.38355e+43  7.65850e+05  9.39384e+42  1.44609e-03
 4.61496e-01  9.70565e+05  3.31998e+44  9.70565e+05  2.47172e+44  8.76865e+05  7.67066e+43  7.65850e+05  9.55504e+42  1.44609e-03
 4.76579e-01  9.70565e+05  3.02800e+44  9.38269e+05  2.24897e+44  8.47687e+05  7.54946e+43  7.40366e+05  8.76698e+42  1.44609e-03
 4.92155e-01  9.70565e+05  2.87141e+44  9.38269e+05  2.06765e+44  8.47687e+05  6.26793e+43  7.40366e+05  5.59169e+42  1.44609e-03
 5.08240e-01  9.38269e+05  2.66584e+44  9.38269e+05  2.00129e+44  8.47687e+05  5.64579e+43  7.40366e+05  5.14375e+42  1.44609e-03
 5.24851e-01  9.38269e+05  2.42500e+44  9.07048e+05  1.76816e+44  8.47687e+05  5.68045e+43  7.40366e+05  7.42131e+42  1.44609e-03
 5.42004e-01  9.38269e+05  2.31705e+44  9.07048e+05  1.62088e+44  8.19480e+05  4.52428e+43  7.15730e+05  3.71308e+42  1.44609e-03
 5.59718e-01  9.07048e+05  2.10104e+44  9.07048e+05  1.58670e+44  8.19480e+05  3.93501e+43  7.15730e+05  2.37303e+42  1.44609e-03
 5.78011e-01  9.07048e+05  1.90002e+44  8.76865e+05  1.35577e+44  8.19480e+05  3.99546e+43  7.15730e+05  3.74701e+42  1.44609e-03
 5.96902e-01  9.07048e+05  1.82972e+44  8.76865e+05  1.23291e+44  7.92211e+05  3.16307e+43  6.91914e+05  4.24871e+42  1.44609e-03
 6.16411e-01  8.76865e+05  1.61790e+44  8.76865e+05  1.22155e+44  7.92211e+05  2.54733e+43  6.91914e+05  1.70804e+42  1.44609e-03
 6.36557e-01  8.76865e+05  1.44554e+44  8.47687e+05  1.00776e+44  7.92211e+05  2.57558e+43  6.91914e+05  1.87865e+42  1.44609e-03
 6.57361e-01  8.76865e+05  1.40202e+44  8.47687e+05  8.99705e+43  7.65850e+05  2.21713e+43  6.91914e+05  4.76125e+42  1.44609e-03
 6.78845e-01  8.47687e+05  1.21177e+44  8.47687e+05  9.01778e+43  7.65850e+05  1.51313e+43  6.68890e+05  3.82108e+42  1.44609e-03
 7.01032e-01  8.47687e+05  1.05689e+44  8.19480e+05  7.22907e+43  7.65850e+05  1.44884e+43  6.68890e+05  2.45471e+42  1.44609e-03
 7.23943e-01  8.47687e+05  1.02925e+44  8.19480e+05  6.19929e+43  7.40366e+05  1.74658e+43  6.68890e+05  3.80271e+42  1.44609e-03
 7.47603e-01  8.19480e+05  8.81269e+43  8.19480e+05  6.25918e+43  7.40366e+05  8.88848e+42  6.68890e+05  7.87065e+42  1.44609e-03
 7.72037e-01  8.19480e+05  7.32572e+43  7.92211e+05  5.03243e+43  7.40366e+05  6.68232e+42  6.46632e+05  6.38660e+42  1.44609e-03
 7.97269e-01  8.19480e+05  7.09767e+43  7.92211e+05  3.95336e+43  7.40366e+05  1.08382e+43  6.46632e+05  5.83117e+42  1.44609e-03
 8.23326e-01  7.92211e+05  6.28814e+43  7.92211e+05  3.95466e+43  7.15730e+05  7.63749e+42  6.46632e+05  8.00407e+42  1.44609e-03
 8.50234e-01  7.92211e+05  4.74675e+43  7.65850e+05  3.54603e+43  7.15730e+05  3.18069e+42  6.46632e+05  1.29143e+43  1.44609e-03
 8.78022e-01  7.92211e+05  4.45361e+43  7.65850e+05  2.31333e+43  7.15730e+05  5.07147e+42  6.25115e+05  1.20877e+43  1.44609e-03
 9.06718e-01  7.65850e+05  4.61266e+43  7.65850e+05  2.15421e+43  6.91914e+05  1.27014e+43  6.25115e+05  1.19469e+43  1.44609e-03
 9.36352e-01  7.65850e+05  2.89561e+43  7.40366e+05  2.87508e+43  6.91914e+05  5.23576e+42  6.25115e+05  1.45598e+43  1.44609e-03
 9.66955e-01  7.65850e+05  2.41916e+43  7.40366e+05  1.37795e+43  6.91914e+05  4.12619e+42  6.25115e+05  1.99372e+43  1.44609e-03
 9.98557e-01  7.65850e+05  3.18133e+43  7.40366e+05  9.50527e+42  6.91914e+05  9.36811e+42  6.04314e+05  2.14187e+43  1.44609e-03
 1.03119e+00  7.40366e+05  1.88804e+43  7.40366e+05  1.59105e+43  6.68890e+05  1.46551e+43  6.04314e+05  2.12434e+43  1.44609e-03
 1.06489e+00  7.40366e+05  1.10295e+43  7.15730e+05  1.30250e+43  6.68890e+05  9.71589e+42  6.04314e+05  2.38603e+43  1.44609e-03
 1.09970e+00  7.40366e+05  1.55105e+43  7.15730e+05  4.90236e+42  6.68890e+05  1.11514e+43  6.04314e+05  2.92801e+43  1.44609e-03
 1.13564e+00  7.15730e+05  1.90583e+43  7.15730e+05  7.44011e+42  6.68890e+05  1.89674e+43  5.84205e+05  3.54233e+43  1.44609e-03
 1.17276e+00  7.15730e+05  6.76610e+42  7.15730e+05  2.06488e+43  6.46632e+05  2.42979e+43  5.84205e+05  3.46798e+43  1.44609e-03
 1.21108e+00  7.15730e+05  6.78805e+42  6.91914e+05  9.90603e+42  6.46632e+05  2.09980e+43  5.84205e+05  3.67841e+43  1.44609e-03
 1.25067e+00  7.15730e+05  1.91242e+43  6.91914e+05  7.32695e+42  6.46632e+05  2.41195e+43  5.84205e+05  4.17449e+43  1.44609e-03
 1.29154e+00  6.91914e+05  1.39428e+43  6.91914e+05  1.54183e+43  6.46632e+05  3.36751e+43  5.84205e+05  4.95825e+43  1.44609e-03
 1.33375e+00  6.91914e+05  8.05290e+42  6.68890e+05  2.76513e+43  6.25115e+05  4.22780e+43  5.64766e+05  5.40980e+43  1.44609e-03
 1.37734e+00  6.91914e+05  1.44825e+43  6.68890e+05  1.85418e+43  6.25115e+05  3.96344e+43  5.64766e+05  5.50414e+43  1.44609e-03
 1.42236e+00  6.91914e+05  3.32581e+43  6.68890e+05  2.01493e+43  6.25115e+05  4.34893e+43  5.64766e+05  5.89168e+43  1.44609e-03
 1.46884e+00  6.68890e+05  2.27789e+43  6.68890e+05  3.24802e+43  6.25115e+05  5.38586e+43  5.64766e+05  6.57402e+43  1.44609e-03
 1.51685e+00  6.68890e+05  2.17116e+43  6.46632e+05  4.53490e+43  6.04314e+05  7.02330e+43  5.64766e+05  7.55399e+43  1.44609e-03
 1.56642e+00  6.68890e+05  3.30203e+43  6.46632e+05  3.88844e+43  6.04314e+05  6.71096e+43  5.45973e+05  8.19155e+43  1.44609e-03
 1.61762e+00  6.46632e+05  5.59533e+43  6.46632e+05  4.32208e+43  6.04314e+05  7.05984e+43  5.45973e+05  8.38614e+43  1.44609e-03
 1.67049e+00  6.46632e+05  4.55385e+43  6.46632e+05  5.83763e+43  6.04314e+05  8.07138e+43  5.45973e+05  8.88586e+43  1.44609e-03
 1.72508e+00  6.46632e+05  4.75982e+43  6.25115e+05  7.74799e+43  6.04314e+05  9.74976e+43  5.45973e+05  9.69277e+43  1.44609e-03
 1.78146e+00  6.46632e+05  6.21411e+43  6.25115e+05  7.19854e+43  5.84205e+05  1.06399e+44  5.45973e+05  1.08102e+44  1.44609e-03
 1.83968e+00  6.46632e+05  8.92273e+43  6.25115e+05  7.74289e+43  5.84205e+05  1.08188e+44  5.45973e+05  1.22428e+44  1.44609e-03
 1.89981e+00  6.25115e+05  8.34814e+43  6.25115e+05  9.38330e+43  5.84205e+05  1.16761e+44  5.27805e+05  1.24802e+44  1.44609e-03
 1.96190e+00  6.25115e+05  8.67817e+43  6.25115e+05  1.21266e+44  5.84205e+05  1.32150e+44  5.27805e+05  1.29983e+44  1.44609e-03
 2.02602e+00  6.25115e+05  1.02727e+44  6.04314e+05  1.20527e+44  5.84205e+05  1.54421e+44  5.27805e+05  1.38407e+44  1.44609e-03
 2.09224e+00  6.25115e+05  1.31384e+44  6.04314e+05  1.25197e+44  5.64766e+05  1.61450e+44  5.27805e+05  1.50107e+44  1.44609e-03
 2.16062e+00  6.04314e+05  1.39777e+44  6.04314e+05  1.41026e+44  5.64766e+05  1.66825e+44  5.27805e+05  1.65133e+44  1.44609e-03
 2.23123e+00  6.04314e+05  1.42130e+44  6.04314e+05  1.68078e+44  5.64766e+05  1.79224e+44  5.27805e+05  1.83547e+44  1.44609e-03
 2.30415e+00  6.04314e+05  1.57357e+44  5.84205e+05  1.89808e+44  5.64766e+05  1.98699e+44  5.10242e+05  1.91300e+44  1.44609e-03
 2.37946e+00  6.04314e+05  1.85522e+44  5.84205e+05  1.91415e+44  5.64766e+05  2.25330e+44  5.10242e+05  1.98558e+44  1.44609e-03
 2.45723e+00  5.84205e+05  2.20660e+44  5.84205e+05  2.04455e+44  5.45973e+05  2.40188e+44  5.10242e+05  2.09342e+44  1.44609e-03
 2.53753e+00  5.84205e+05  2.19399e+44  5.84205e+05  2.28980e+44  5.45973e+05  2.47388e+44  5.10242e+05  2.23697e+44  1.44609e-03
 2.62047e+00  5.84205e+05  2.31332e+44  5.84205e+05  2.65093e+44  5.45973e+05  2.61947e+44  5.10242e+05  2.41682e+44  1.44609e-03
 2.70611e+00  5.84205e+05  2.56509e+44  5.64766e+05  2.85293e+44  5.45973e+05  2.83924e+44  5.10242e+05  2.63371e+44  1.44609e-03
 2.79455e+00  5.84205e+05  2.95033e+44  5.64766e+05  2.92685e+44  5.45973e+05  3.13410e+44  5.10242e+05  2.88855e+44  1.44609e-03
 2.88589e+00  5.64766e+05  3.29406e+44  5.64766e+05  3.11929e+44  5.45973e+05  3.50528e+44  4.93264e+05  3.11013e+44  1.44609e-03
 2.98021e+00  5.64766e+05  3.34715e+44  5.64766e+05  3.43103e+44  5.27805e+05  3.60944e+44  4.93264e+05  3.21679e+44  1.44609e-03
 3.07761e+00  5.64766e+05  3.53695e+44  5.64766e+05  3.86337e+44  5.27805e+05  3.75158e+44  4.93264e+05  3.36381e+44  1.44609e-03
 3.17819e+00  5.64766e+05  3.86424e+44  5.45973e+05  4.22171e+44  5.27805e+05  3.97259e+44  4.93264e+05  3.55179e+44  1.44609e-03
 3.28206e+00  5.64766e+05  4.33039e+44  5.45973e+05  4.32297e+44  5.27805e+05  4.27338e+44  4.93264e+05  3.78150e+44  1.44609e-03
 3.38933e+00  5.45973e+05  4.86809e+44  5.45973e+05  4.54852e+44  5.27805e+05  4.65520e+44  4.93264e+05  4.05392e+44  1.44609e-03
 3.50010e+00  5.45973e+05  4.95119e+44  5.45973e+05  4.89929e+44  5.27805e+05  5.11963e+44  4.93264e+05  4.37015e+44  1.44609e-03
 3.61449e+00  5.45973e+05  5.17764e+44  5.45973e+05  5.37675e+44  5.10242e+05  5.45828e+44  4.93264e+05  4.73150e+44  1.44609e-03
 3.73262e+00  5.45973e+05  5.54837e+44  5.45973e+05  5.98285e+44  5.10242e+05  5.63829e+44  4.93264e+05  5.13948e+44  1.44609e-03
 3.85462e+00  5.45973e+05  6.06493e+44  5.27805e+05  6.30115e+44  5.10242e+05  5.90498e+44  4.93264e+05  5.59578e+44  1.44609e-03
 3.98060e+00  5.45973e+05  6.72945e+44  5.27805e+05  6.51604e+44  5.10242e+05  6.25945e+44  4.93264e+05  6.10227e+44  1.44609e-03
 4.11069e+00  5.27805e+05  7.23969e+44  5.27805e+05  6.86430e+44  5.10242e+05  6.70317e+44  4.76850e+05  6.39938e+44  1.44609e-03
 4.24504e+00  5.27805e+05  7.45160e+44  5.27805e+05  7.34736e+44  5.10242e+05  7.23798e+44  4.76850e+05  6.66662e+44  1.44609e-03
 4.38378e+00  5.27805e+05  7.81721e+44  5.27805e+05  7.96723e+44  5.10242e+05  7.86608e+44  4.76850e+05  6.98850e+44  1.44609e-03
 4.52705e+00  5.27805e+05  8.33803e+44  5.27805e+05  8.72648e+44  5.10242e+05  8.59009e+44  4.76850e+05  7.36634e+44  1.44609e-03
 4.67501e+00  5.27805e+05  9.01622e+44  5.10242e+05  9.50408e+44  4.93264e+05  9.03143e+44  4.76850e+05  7.80171e+44  1.44609e-03
 4.82780e+00  5.27805e+05  9.85458e+44  5.10242e+05  9.77547e+44  4.93264e+05  9.37188e+44  4.76850e+05  8.29641e+44  1.44609e-03
 4.98558e+00  5.27805e+05  1.08566e+45  5.10242e+05  1.01937e+45  4.93264e+05  9.81446e+44  4.76850e+05  8.85248e+44  1.44609e-03
 5.14853e+00  5.10242e+05  1.11985e+45  5.10242e+05  1.07606e+45  4.93264e+05  1.03610e+45  4.76850e+05  9.47223e+44  1.44609e-03
 5.31679e+00  5.10242e+05  1.16412e+45  5.10242e+05  1.14783e+45  4.93264e+05  1.10138e+45  4.76850e+05  1.01582e+45  1.44609e-03
 5.49056e+00  5.10242e+05  1.22549e+45  5.10242e+05  1.23500e+45  4.93264e+05  1.17754e+45  4.76850e+05  1.09133e+45  1.44609e-03
 5.67001e+00  5.10242e+05  1.30423e+45  5.10242e+05  1.33792e+45  4.93264e+05  1.26492e+45  4.76850e+05  1.17406e+45  1.44609e-03
 5.85532e+00  5.10242e+05  1.40065e+45  5.10242e+05  1.45702e+45  4.93264e+05  1.36386e+45  4.76850e+05  1.26435e+45  1.44609e-03
 6.04668e+00  5.10242e+05  1.51515e+45  4.93264e+05  1.56381e+45  4.93264e+05  1.47479e+45  4.76850e+05  1.36258e+45  1.44609e-03
 6.24430e+00  5.10242e+05  1.64820e+45  4.93264e+05  1.61681e+45  4.93264e+05  1.59815e+45  4.76850e+05  1.46915e+45  1.44609e-03
 6.44838e+00  4.93264e+05  1.79417e+45  4.93264e+05  1.68715e+45  4.93264e+05  1.73446e+45  4.76850e+05  1.58450e+45  1.44609e-03
 6.65913e+00  4.93264e+05  1.85068e+45  4.93264e+05  1.77511e+45  4.76850e+05  1.83411e+45  4.76850e+05  1.70912e+45  1.44609e-03
 6.87677e+00  4.93264e+05  1.92714e+45  4.93264e+05  1.88105e+45  4.76850e+05  1.90607e+45  4.76850e+05  1.84351e+45  1.44609e-03
 7.10152e+00  4.93264e+05  2.02386e+45  4.93264e+05  2.00542e+45  4.76850e+05  1.99226e+45  4.76850e+05  1.98824e+45  1.44609e-03
 7.33362e+00  4.93264e+05  2.14124e+45  4.93264e+05  2.14873e+45  4.76850e+05  2.09303e+45  4.76850e+05  2.14390e+45  1.44609e-03
 7.57330e+00  4.93264e+05  2.27977e+45  4.93264e+05  2.31157e+45  4.76850e+05  2.20879e+45  4.76850e+05  2.31114e+45  1.44609e-03
 7.82082e+00  4.93264e+05  2.44002e+45  4.93264e+05  2.49461e+45  4.76850e+05  2.34002e+45  4.76850e+05  2.49065e+45  1.44609e-03
 8.07642e+00  4.93264e+05  2.62266e+45  4.93264e+05  2.69862e+45  4.76850e+05  2.48728e+45  4.76850e+05  2.68316e+45  1.44609e-03
 8.34038e+00  4.93264e+05  2.82843e+45  4.93264e+05  2.92444e+45  4.76850e+05  2.65116e+45  4.76850e+05  2.88949e+45  1.44609e-03
 8.61296e+00  4.93264e+05  3.05820e+45  4.76850e+05  3.15709e+45  4.76850e+05  2.83235e+45  4.76850e+05  3.11048e+45  1.44609e-03
 8.89446e+00  4.93264e+05  3.31290e+45  4.76850e+05  3.27130e+45  4.76850e+05  3.03160e+45  4.60983e+05  3.29446e+45  1.44609e-03
 9.18515e+00  4.93264e+05  3.59361e+45  4.76850e+05  3.40968e+45  4.76850e+05  3.24973e+45  4.60983e+05  3.42108e+45  1.44609e-03
 9.48535e+00  4.76850e+05  3.74371e+45  4.76850e+05  3.57281e+45  4.76850e+05  3.48764e+45  4.60983e+05  3.56456e+45  1.44609e-03
 9.79535e+00  4.76850e+05  3.89684e+45  4.76850e+05  3.76137e+45  4.76850e+05  3.74631e+45  4.60983e+05  3.72550e+45  1.44609e-03
 1.01155e+01  4.76850e+05  4.07839e+45  4.76850e+05  3.97614e+45  4.76850e+05  4.02683e+45  4.60983e+05  3.90457e+45  1.44609e-03
 1.04461e+01  4.76850e+05  4.28911e+45  4.76850e+05  4.21800e+45  4.76850e+05  4.33034e+45  4.60983e+05  4.10249e+45  1.44609e-03
 1.07875e+01  4.76850e+05  4.52986e+45  4.76850e+05  4.48795e+45  4.76850e+05  4.65811e+45  4.60983e+05  4.32010e+45  1.44609e-03
 1.11401e+01  4.76850e+05  4.80164e+45  4.76850e+05  4.78712e+45  4.76850e+05  5.01150e+45  4.60983e+05  4.55829e+45  1.44609e-03
 1.15041e+01  4.76850e+05  5.10558e+45  4.76850e+05  5.11675e+45  4.76850e+05  5.39195e+45  4.60983e+05  4.81805e+45  1.44609e-03
 1.18801e+01  4.76850e+05  5.44294e+45  4.76850e+05  5.47818e+45  4.76850e+05  5.80106e+45  4.60983e+05  5.10045e+45  1.44609e-03
 1.22684e+01  4.76850e+05  5.81510e+45  4.76850e+05  5.87293e+45  4.76850e+05  6.24051e+45  4.60983e+05  5.40666e+45  1.44609e-03
 1.26694e+01  4.76850e+05  6.22362e+45  4.76850e+05  6.30263e+45  4.76850e+05  6.71211e+45  4.60983e+05  5.73796e+45  1.44609e-03
 1.30834e+01  4.76850e+05  6.67018e+45  4.76850e+05  6.76904e+45  4.76850e+05  7.21783e+45  4.60983e+05  6.09570e+45  1.44609e-03
 1.35110e+01  4.76850e+05  7.15663e+45  4.76850e+05  7.27411e+45  4.76850e+05  7.75976e+45  4.60983e+05  6.48138e+45  1.44609e-03
 1.39526e+01  4.76850e+05  7.68499e+45  4.76850e+05  7.81993e+45  4.76850e+05  8.34013e+45  4.60983e+05  6.89658e+45  1.44609e-03
 1.44086e+01  4.76850e+05  8.25744e+45  4.76850e+05  8.40874e+45  4.76850e+05  8.96136e+45  4.60983e+05  7.34303e+45  1.44609e-03
 1.48795e+01  4.76850e+05  8.87634e+45  4.76850e+05  9.04300e+45  4.60983e+05  9.49365e+45  4.60983e+05  7.82257e+45  1.44609e-03
 1.53658e+01  4.76850e+05  9.54426e+45  4.76850e+05  9.72532e+45  4.60983e+05  9.84952e+45  4.60983e+05  8.33719e+45  1.44609e-03
 1.58680e+01  4.76850e+05  1.02640e+46  4.76850e+05  1.04585e+46  4.60983e+05  1.02525e+46  4.60983e+05  8.88901e+45  1.44609e-03
 1.63866e+01  4.76850e+05  1.10384e+46  4.76850e+05  1.12457e+46  4.60983e+05  1.07042e+46  4.60983e+05  9.48033e+45  1.44609e-03
 1.69222e+01  4.76850e+05  1.18709e+46  4.76850e+05  1.20900e+46  4.60983e+05  1.12066e+46  4.60983e+05  1.01136e+46  1.44609e-03
 1.74753e+01  4.76850e+05  1.27647e+46  4.76850e+05  1.29950e+46  4.60983e+05  1.17617e+46  4.60983e+05  1.07914e+46  1.44609e-03
 1.80464e+01  4.76850e+05  1.37237e+46  4.76850e+05  1.39644e+46  4.60983e+05  1.23718e+46  4.60983e+05  1.15166e+46  1.44609e-03
 1.86362e+01  4.76850e+05  1.47518e+46  4.76850e+05  1.50022e+46  4.60983e+05  1.30394e+46  4.60983e+05  1.22921e+46  1.44609e-03
 1.92453e+01  4.76850e+05  1.58531e+46  4.76850e+05  1.61128e+46  4.60983e+05  1.37673e+46  4.60983e+05  1.31212e+46  1.44609e-03
 1.98743e+01  4.76850e+05  1.70324e+46  4.60983e+05  1.67823e+46  4.60983e+05  1.45585e+46  4.60983e+05  1.40074e+46  1.44609e-03
 2.05238e+01  4.76850e+05  1.82945e+46  4.60983e+05  1.74368e+46  4.60983e+05  1.54164e+46  4.60983e+05  1.49542e+46  1.44609e-03
 2.11946e+01  4.60983e+05  1.92135e+46  4.60983e+05  1.81740e+46  4.60983e+05  1.63443e+46  4.60983e+05  1.59655e+46  1.44609e-03
 2.18873e+01  4.60983e+05  1.99471e+46  4.60983e+05  1.89972e+46  4.60983e+05  1.73462e+46  4.60983e+05  1.70457e+46  1.44609e-03
 2.26026e+01  4.60983e+05  2.07756e+46  4.60983e+05  1.99096e+46  4.60983e+05  1.84263e+46  4.60983e+05  1.81991e+46  1.44609e-03
 2.33413e+01  4.60983e+05  2.17023e+46  4.60983e+05  2.09150e+46  4.60983e+05  1.95889e+46  4.60983e+05  1.94306e+46  1.44609e-03
 2.41042e+01  4.60983e+05  2.27311e+46  4.60983e+05  2.20176e+46  4.60983e+05  2.08390e+46  4.60983e+05  2.07451e+46  1.44609e-03
 2.48920e+01  4.60983e+05  2.38662e+46  4.60983e+05  2.32220e+46  4.60983e+05  2.21816e+46  4.60983e+05  2.21482e+46  1.44609e-03
 2.57055e+01  4.60983e+05  2.51124e+46  4.60983e+05  2.45331e+46  4.60983e+05  2.36223e+46  4.60983e+05  2.36457e+46  1.44609e-03
 2.65456e+01  4.60983e+05  2.64749e+46  4.60983e+05  2.59564e+46  4.60983e+05  2.51672e+46  4.60983e+05  2.52437e+46  1.44609e-03
 2.74132e+01  4.60983e+05  2.79591e+46  4.60983e+05  2.74977e+46  4.60983e+05  2.68225e+46  4.60983e+05  2.69489e+46  1.44609e-03
 2.83091e+01  4.60983e+05  2.95714e+46  4.60983e+05  2.91635e+46  4.60983e+05  2.85952e+46  4.60983e+05  2.87684e+46  1.44609e-03
 2.92343e+01  4.60983e+05  3.13183e+46  4.60983e+05  3.09607e+46  4.60983e+05  3.04925e+46  4.60983e+05  3.07096e+46  1.44609e-03
 3.01898e+01  4.60983e+05  3.32072e+46  4.60983e+05  3.28966e+46  4.60983e+05  3.25224e+46  4.60983e+05  3.27805e+46  1.44609e-03
 3.11765e+01  4.60983e+05  3.52457e+46  4.60983e+05  3.49792e+46  4.60983e+05  3.46932e+46  4.60983e+05  3.49899e+46  1.44609e-03
 3.21954e+01  4.60983e+05  3.74424e+46  4.60983e+05  3.72173e+46  4.60983e+05  3.70139e+46  4.60983e+05  3.73468e+46  1.44609e-03
 3.32476e+01  4.60983e+05  3.98063e+46  4.60983e+05  3.96200e+46  4.60983e+05  3.94941e+46  4.60983e+05  3.98609e+46  1.44609e-03
 3.43343e+01  4.60983e+05  4.23473e+46  4.60983e+05  4.21974e+46  4.60983e+05  4.21441e+46  4.60983e+05  4.25427e+46  1.44609e-03
 3.54564e+01  4.60983e+05  4.50758e+46  4.60983e+05  4.49600e+46  4.60983e+05  4.49748e+46  4.60983e+05  4.54032e+46  1.44609e-03
 3.66152e+01  4.60983e+05  4.80031e+46  4.60983e+05  4.79193e+46  4.60983e+05  4.79980e+46  4.60983e+05  4.84544e+46  1.44609e-03
 3.78119e+01  4.60983e+05  5.11414e+46  4.60983e+05  5.10876e+46  4.60983e+05  5.12262e+46  4.60983e+05  5.17088e+46  1.44609e-03
 3.90477e+01  4.60983e+05  5.45036e+46  4.60983e+05  5.44779e+46  4.60983e+05  5.46727e+46  4.60983e+05  5.51799e+46  1.44609e-03
 4.03238e+01  4.60983e+05  5.81037e+46  4.60983e+05  5.81043e+46  4.60983e+05  5.83518e+46  4.60983e+05  5.88821e+46  1.44609e-03
 4.16417e+01  4.60983e+05  6.19565e+46  4.60983e+05  6.19819e+46  4.60983e+05  6.22788e+46  4.60983e+05  6.28306e+46  1.44609e-03
 4.30027e+01  4.60983e+05  6.60780e+46  4.60983e+05  6.61266e+46  4.60983e+05  6.64698e+46  4.60983e+05  6.70419e+46  1.44609e-03
 4.44081e+01  4.60983e+05  7.04852e+46  4.60983e+05  7.05555e+46  4.60983e+05  7.09422e+46  4.60983e+05  7.15333e+46  1.44609e-03
 4.58595e+01  4.60983e+05  7.51964e+46  4.60983e+05  7.52872e+46  4.60983e+05  7.57145e+46  4.60983e+05  7.63235e+46  1.44609e-03
 4.73583e+01  4.60983e+05  8.02311e+46  4.60983e+05  8.03410e+46  4.60983e+05  8.08065e+46  4.60983e+05  8.14322e+46  1.44609e-03
 4.89061e+01  4.60983e+05  8.56101e+46  4.60983e+05  8.57380e+46  4.60983e+05  8.62393e+46  4.60983e+05  8.68806e+46  1.44609e-03
 5.05045e+01  4.60983e+05  9.13557e+46  4.60983e+05  9.15004e+46  4.60983e+05  9.20353e+46  4.60983e+05  9.26913e+46  1.44609e-03
 5.21551e+01  4.60983e+05  9.74917e+46  4.60983e+05  9.76521e+46  4.60983e+05  9.82185e+46  4.60983e+05  9.88883e+46  1.44609e-03
 5.38597e+01  4.60983e+05  1.04043e+47  4.60983e+05  1.04219e+47  4.60983e+05  1.04815e+47  4.45643e+05  1.03206e+47  1.44609e-03
 5.56199e+01  4.60983e+05  1.11038e+47  4.60983e+05  1.11227e+47  4.60983e+05  1.11851e+47  4.45643e+05  1.06785e+47  1.44609e-03
 5.74378e+01  4.60983e+05  1.18504e+47  4.60983e+05  1.18706e+47  4.60983e+05  1.19356e+47  4.45643e+05  1.10809e+47  1.44609e-03
 5.93150e+01  4.60983e+05  1.26474e+47  4.60983e+05  1.26688e+47  4.60983e+05  1.27362e+47  4.45643e+05  1.15295e+47  1.44609e-03
 6.12535e+01  4.60983e+05  1.34978e+47  4.60983e+05  1.35204e+47  4.60983e+05  1.35901e+47  4.45643e+05  1.20260e+47  1.44609e-03
 6.32555e+01  4.60983e+05  1.44054e+47  4.60983e+05  1.44290e+47  4.60983e+05  1.45009e+47  4.45643e+05  1.25726e+47  1.44609e-03
 6.53228e+01  4.60983e+05  1.53738e+47  4.60983e+05  1.53985e+47  4.60983e+05  1.54723e+47  4.45643e+05  1.31715e+47  1.44609e-03
 6.74577e+01  4.60983e+05  1.64071e+47  4.60983e+05  1.64327e+47  4.60983e+05  1.65084e+47  4.45643e+05  1.38251e+47  1.44609e-03
 6.96624e+01  4.60983e+05  1.75095e+47  4.60983e+05  1.75359e+47  4.60983e+05  1.76134e+47  4.45643e+05  1.45363e+47  1.44609e-03
 7.19392e+01  4.60983e+05  1.86856e+47  4.60983e+05  1.87129e+47  4.60983e+05  1.87920e+47  4.45643e+05  1.53078e+47  1.44609e-03
 7.42903e+01  4.60983e+05  1.99402e+47  4.60983e+05  1.99683e+47  4.60983e+05  2.00490e+47  4.45643e+05  1.61430e+47  1.44609e-03
 7.67183e+01  4.60983e+05  2.12786e+47  4.60983e+05  2.13074e+47  4.60983e+05  2.13895e+47  4.45643e+05  1.70453e+47  1.44609e-03
 7.92257e+01  4.60983e+05  2.27063e+47  4.60983e+05  2.27358e+47  4.60983e+05  2.28193e+47  4.45643e+05  1.80184e+47  1.44609e-03
 8.18150e+01  4.60983e+05  2.42292e+47  4.60983e+05  2.42593e+47  4.60983e+05  2.43441e+47  4.45643e+05  1.90663e+47  1.44609e-03
 8.44889e+01  4.60983e+05  2.58535e+47  4.60983e+05  2.58843e+47  4.60983e+05  2.59702e+47  4.45643e+05  2.01934e+47  1.44609e-03
 8.72502e+01  4.60983e+05  2.75861e+47  4.60983e+05  2.76174e+47  4.60983e+05  2.77045e+47  4.45643e+05  2.14043e+47  1.44609e-03
 9.01018e+01  4.60983e+05  2.94341e+47  4.60983e+05  2.94660e+47  4.45643e+05  2.91584e+47  4.45643e+05  2.27041e+47  1.44609e-03
 9.30466e+01  4.60983e+05  3.14052e+47  4.60983e+05  3.14375e+47  4.45643e+05  3.01449e+47  4.45643e+05  2.40981e+47  1.44609e-03
 9.60876e+01  4.60983e+05  3.35074e+47  4.60983e+05  3.35402e+47  4.45643e+05  3.12567e+47  4.45643e+05  2.55921e+47  1.44609e-03
 9.92280e+01  4.60983e+05  3.57495e+47  4.60983e+05  3.57828e+47  4.45643e+05  3.24986e+47  4.45643e+05  2.71923e+47  1.44609e-03
 1.02471e+02  4.60983e+05  3.81408e+47  4.60983e+05  3.81745e+47  4.45643e+05  3.38756e+47  4.45643e+05  2.89053e+47  1.44609e-03
 1.05820e+02  4.60983e+05  4.06912e+47  4.60983e+05  4.07252e+47  4.45643e+05  3.53934e+47  4.45643e+05  3.07382e+47  1.44609e-03
 1.09278e+02  4.60983e+05  4.34112e+47  4.60983e+05  4.34456e+47  4.45643e+05  3.70583e+47  4.45643e+05  3.26986e+47  1.44609e-03
 1.12850e+02  4.60983e+05  4.63121e+47  4.60983e+05  4.63468e+47  4.45643e+05  3.88772e+47  4.45643e+05  3.47945e+47  1.44609e-03
 1.16538e+02  4.60983e+05  4.94059e+47  4.60983e+05  4.94409e+47  4.45643e+05  4.08576e+47  4.45643e+05  3.70348e+47  1.44609e-03
 1.20347e+02  4.60983e+05  5.27054e+47  4.45643e+05  5.12700e+47  4.45643e+05  4.30078e+47  4.45643e+05  3.94285e+47  1.44609e-03
 1.24280e+02  4.60983e+05  5.62242e+47  4.45643e+05  5.30776e+47  4.45643e+05  4.53366e+47  4.45643e+05  4.19857e+47  1.44609e-03
 1.28342e+02  4.45643e+05  5.87445e+47  4.45643e+05  5.51060e+47  4.45643e+05  4.78536e+47  4.45643e+05  4.47170e+47  1.44609e-03
 1.32537e+02  4.45643e+05  6.07728e+47  4.45643e+05  5.73634e+47  4.45643e+05  5.05693e+47  4.45643e+05  4.76335e+47  1.44609e-03
 1.36868e+02  4.45643e+05  6.30538e+47  4.45643e+05  5.98593e+47  4.45643e+05  5.34949e+47  4.45643e+05  5.07475e+47  1.44609e-03
 1.41341e+02  4.45643e+05  6.55970e+47  4.45643e+05  6.26040e+47  4.45643e+05  5.66426e+47  4.45643e+05  5.40718e+47  1.44609e-03
 1.45961e+02  4.45643e+05  6.84129e+47  4.45643e+05  6.56088e+47  4.45643e+05  6.00253e+47  4.45643e+05  5.76201e+47  1.44609e-03
 1.50731e+02  4.45643e+05  7.15132e+47  4.45643e+05  6.88863e+47  4.45643e+05  6.36570e+47  4.45643e+05  6.14071e+47  1.44609e-03
 1.55658e+02  4.45643e+05  7.49107e+47  4.45643e+05  7.24498e+47  4.45643e+05  6.75528e+47  4.45643e+05  6.54485e+47  1.44609e-03
 1.60745e+02  4.45643e+05  7.86193e+47  4.45643e+05  7.63143e+47  4.45643e+05  7.17288e+47  4.45643e+05  6.97611e+47  1.44609e-03
 1.65998e+02  4.45643e+05  8.26546e+47  4.45643e+05  8.04956e+47  4.45643e+05  7.62023e+47  4.45643e+05  7.43626e+47  1.44609e-03
 1.71424e+02  4.45643e+05  8.70332e+47  4.45643e+05  8.50112e+47  4.45643e+05  8.09918e+47  4.45643e+05  7.92722e+47  1.44609e-03
 1.77026e+02  4.45643e+05  9.17732e+47  4.45643e+05  8.98796e+47  4.45643e+05  8.61171e+47  4.45643e+05  8.45100e+47  1.44609e-03
 1.82812e+02  4.45643e+05  9.68942e+47  4.45643e+05  9.51211e+47  4.45643e+05  9.15994e+47  4.45643e+05  9.00979e+47  1.44609e-03
 1.88787e+02  4.45643e+05  1.02417e+48  4.45643e+05  1.00757e+48  4.45643e+05  9.74614e+47  4.45643e+05  9.60590e+47  1.44609e-03
 1.94957e+02  4.45643e+05  1.08366e+48  4.45643e+05  1.06811e+48  4.45643e+05  1.03727e+48  4.45643e+05  1.02418e+48  1.44609e-03
 2.01328e+02  4.45643e+05  1.14764e+48  4.45643e+05  1.13309e+48  4.45643e+05  1.10423e+48  4.45643e+05  1.09201e+48  1.44609e-03
 2.07908e+02  4.45643e+05  1.21638e+48  4.45643e+05  1.20276e+48  4.45643e+05  1.17577e+48  4.45643e+05  1.16436e+48  1.44609e-03
 2.14703e+02  4.45643e+05  1.29017e+48  4.45643e+05  1.27742e+48  4.45643e+05  1.25218e+48  4.45643e+05  1.24153e+48  1.44609e-03
 2.21720e+02  4.45643e+05  1.36931e+48  4.45643e+05  1.35738e+48  4.45643e+05  1.33377e+48  4.45643e+05  1.32385e+48  1.44609e-03
 2.28967e+02  4.45643e+05  1.45413e+48  4.45643e+05  1.44297e+48  4.45643e+05  1.42089e+48  4.45643e+05  1.41164e+48  1.44609e-03
 2.36450e+02  4.45643e+05  1.54497e+48  4.45643e+05  1.53454e+48  4.45643e+05  1.51390e+48  4.45643e+05  1.50528e+48  1.44609e-03
 2.44178e+02  4.45643e+05  1.64223e+48  4.45643e+05  1.63247e+48  4.45643e+05  1.61318e+48  4.45643e+05  1.60515e+48  1.44609e-03
 2.52158e+02  4.45643e+05  1.74629e+48  4.45643e+05  1.73716e+48  4.45643e+05  1.71915e+48  4.45643e+05  1.71167e+48  1.44609e-03
 2.60399e+02  4.45643e+05  1.85760e+48  4.45643e+05  1.84906e+48  4.45643e+05  1.83223e+48  4.45643e+05  1.82527e+48  1.44609e-03
 2.68910e+02  4.45643e+05  1.97660e+48  4.45643e+05  1.96862e+48  4.45643e+05  1.95290e+48  4.45643e+05  1.94643e+48  1.44609e-03
 2.77699e+02  4.45643e+05  2.10379e+48  4.45643e+05  2.09633e+48  4.45643e+05  2.08166e+48  4.45643e+05  2.07565e+48  1.44609e-03
 2.86774e+02  4.45643e+05  2.23971e+48  4.45643e+05  2.23274e+48  4.45643e+05  2.21904e+48  4.45643e+05  2.21346e+48  1.44609e-03
 2.96147e+02  4.45643e+05  2.38490e+48  4.45643e+05  2.37839e+48  4.45643e+05  2.36562e+48  4.45643e+05  2.36044e+48  1.44609e-03
 3.05826e+02  4.45643e+05  2.53998e+48  4.45643e+05  2.53390e+48  4.45643e+05  2.52198e+48  4.45643e+05  2.51718e+48  1.44609e-03
 3.15821e+02  4.45643e+05  2.70558e+48  4.45643e+05  2.69990e+48  4.45643e+05  2.68880e+48  4.45643e+05  2.68435e+48  1.44609e-03
 3.26143e+02  4.45643e+05  2.88239e+48  4.45643e+05  2.87709e+48  4.45643e+05  2.86674e+48  4.45643e+05  2.86263e+48  1.44609e-03
 3.36802e+02  4.45643e+05  3.07114e+48  4.45643e+05  3.06620e+48  4.45643e+05  3.05656e+48  4.45643e+05  3.05275e+48  1.44609e-03
 3.47810e+02  4.45643e+05  3.27262e+48  4.45643e+05  3.26800e+48  4.45643e+05  3.25903e+48  4.45643e+05  3.25552e+48  1.44609e-03
 3.59177e+02  4.45643e+05  3.48764e+48  4.45643e+05  3.48335e+48  4.45643e+05  3.47499e+48  4.45643e+05  3.47175e+48  1.44609e-03
 3.70916e+02  4.45643e+05  3.71712e+48  4.45643e+05  3.71311e+48  4.45643e+05  3.70535e+48  4.45643e+05  3.70236e+48  1.44609e-03
 3.83038e+02  4.45643e+05  3.96199e+48  4.45643e+05  3.95826e+48  4.45643e+05  3.95104e+48  4.45643e+05  3.94830e+48  1.44609e-03
 3.95557e+02  4.45643e+05  4.22327e+48  4.45643e+05  4.21979e+48  4.45643e+05  4.21309e+48  4.45643e+05  4.21057e+48  1.44609e-03
 4.08485e+02  4.45643e+05  4.50204e+48  4.45643e+05  4.49880e+48  4.45643e+05  4.49258e+48  4.45643e+05  4.49028e+48  1.44609e-03
 4.21835e+02  4.45643e+05  4.79945e+48  4.45643e+05  4.79644e+48  4.45643e+05  4.79068e+48  4.45643e+05  4.78857e+48  1.44609e-03
 4.35622e+02  4.45643e+05  5.11674e+48  4.45643e+05  5.11394e+48  4.45643e+05  5.10860e+48  4.45643e+05  5.10668e+48  1.44609e-03
 4.49859e+02  4.45643e+05  5.45521e+48  4.45643e+05  5.45262e+48  4.45643e+05  5.44767e+48  4.45643e+05  5.44592e+48  1.44609e-03
 4.64562e+02  4.45643e+05  5.81628e+48  4.45643e+05  5.81387e+48  4.45643e+05  5.80929e+48  4.30814e+05  5.75822e+48  1.44609e-03
 4.79745e+02  4.45643e+05  6.20142e+48  4.45643e+05  6.19919e+48  4.45643e+05  6.19497e+48  4.30814e+05  5.94484e+48  1.44609e-03
 4.95424e+02  4.45643e+05  6.61225e+48  4.45643e+05  6.61018e+48  4.45643e+05  6.60628e+48  4.30814e+05  6.15606e+48  1.44609e-03
 5.11616e+02  4.45643e+05  7.05045e+48  4.45643e+05  7.04853e+48  4.45643e+05  7.04494e+48  4.30814e+05  6.39276e+48  1.44609e-03
 5.28337e+02  4.45643e+05  7.51784e+48  4.45643e+05  7.51607e+48  4.45643e+05  7.51276e+48  4.30814e+05  6.65592e+48  1.44609e-03
 5.45604e+02  4.45643e+05  8.01635e+48  4.45643e+05  8.01472e+48  4.45643e+05  8.01169e+48  4.30814e+05  6.94663e+48  1.44609e-03
 5.63436e+02  4.45643e+05  8.54806e+48  4.45643e+05  8.54654e+48  4.45643e+05  8.54377e+48  4.30814e+05  7.26609e+48  1.44609e-03
 5.81850e+02  4.45643e+05  9.11515e+48  4.45643e+05  9.11375e+48  4.45643e+05  9.11122e+48  4.30814e+05  7.61562e+48  1.44609e-03
 6.00867e+02  4.45643e+05  9.71997e+48  4.45643e+05  9.71869e+48  4.45643e+05  9.71638e+48  4.30814e+05  7.99667e+48  1.44609e-03
 6.20505e+02  4.45643e+05  1.03650e+49  4.45643e+05  1.03639e+49  4.45643e+05  1.03618e+49  4.30814e+05  8.41082e+48  1.44609e-03
 6.40784e+02  4.45643e+05  1.10530e+49  4.45643e+05  1.10519e+49  4.45643e+05  1.10500e+49  4.30814e+05  8.85978e+48  1.44609e-03
 6.61727e+02  4.45643e+05  1.17867e+49  4.45643e+05  1.17857e+49  4.45643e+05  1.17840e+49  4.30814e+05  9.34541e+48  1.44609e-03
 6.83354e+02  4.45643e+05  1.25692e+49  4.45643e+05  1.25683e+49  4.45643e+05  1.25668e+49  4.30814e+05  9.86971e+48  1.44609e-03
 7.05688e+02  4.45643e+05  1.34038e+49  4.45643e+05  1.34030e+49  4.45643e+05  1.34016e+49  4.30814e+05  1.04349e+49  1.44609e-03
 7.28751e+02  4.45643e+05  1.42938e+49  4.45643e+05  1.42931e+49  4.45643e+05  1.42918e+49  4.30814e+05  1.10432e+49  1.44609e-03
 7.52569e+02  4.45643e+05  1.52430e+49  4.45643e+05  1.52423e+49  4.45643e+05  1.52413e+49  4.30814e+05  1.16972e+49  1.44609e-03
 7.77165e+02  4.45643e+05  1.62553e+49  4.45643e+05  1.62547e+49  4.45643e+05  1.62537e+49  4.30814e+05  1.23997e+49  1.44609e-03
 8.02565e+02  4.45643e+05  1.73349e+49  4.45643e+05  1.73343e+49  4.30814e+05  1.67804e+49  4.30814e+05  1.31535e+49  1.44609e-03
 8.28794e+02  4.45643e+05  1.84862e+49  4.45643e+05  1.84857e+49  4.30814e+05  1.73626e+49  4.30814e+05  1.39617e+49  1.44609e-03
 8.55882e+02  4.45643e+05  1.97141e+49  4.45643e+05  1.97136e+49  4.30814e+05  1.80167e+49  4.30814e+05  1.48277e+49  1.44609e-03
 8.83854e+02  4.45643e+05  2.10235e+49  4.45643e+05  2.10231e+49  4.30814e+05  1.87454e+49  4.30814e+05  1.57551e+49  1.44609e-03
 9.12741e+02  4.45643e+05  2.24200e+49  4.45643e+05  2.24196e+49  4.30814e+05  1.95516e+49  4.30814e+05  1.67476e+49  1.44609e-03
 9.42571e+02  4.45643e+05  2.39092e+49  4.45643e+05  2.39089e+49  4.30814e+05  2.04387e+49  4.30814e+05  1.78095e+49  1.44609e-03
 9.73377e+02  4.45643e+05  2.54974e+49  4.45643e+05  2.54972e+49  4.30814e+05  2.14105e+49  4.30814e+05  1.89451e+49  1.44609e-03
 1.00519e+03  4.45643e+05  2.71912e+49  4.45643e+05  2.71910e+49  4.30814e+05  2.24708e+49  4.30814e+05  2.01591e+49  1.44609e-03
 1.03804e+03  4.45643e+05  2.89975e+49  4.30814e+05  2.85698e+49  4.30814e+05  2.36242e+49  4.30814e+05  2.14565e+49  1.44609e-03
 1.07197e+03  4.45643e+05  3.09238e+49  4.30814e+05  2.95128e+49  4.30814e+05  2.48753e+49  4.30814e+05  2.28427e+49  1.44609e-03
 1.10700e+03  4.30814e+05  3.27523e+49  4.30814e+05  3.05779e+49  4.30814e+05  2.62294e+49  4.30814e+05  2.43235e+49  1.44609e-03
 1.14318e+03  4.30814e+05  3.38085e+49  4.30814e+05  3.17696e+49  4.30814e+05  2.76920e+49  4.30814e+05  2.59049e+49  1.44609e-03
 1.18054e+03  4.30814e+05  3.50047e+49  4.30814e+05  3.30928e+49  4.30814e+05  2.92693e+49  4.30814e+05  2.75935e+49  1.44609e-03
 1.21913e+03  4.30814e+05  3.63457e+49  4.30814e+05  3.45529e+49  4.30814e+05  3.09677e+49  4.30814e+05  2.93963e+49  1.44609e-03
 1.25897e+03  4.30814e+05  3.78371e+49  4.30814e+05  3.61560e+49  4.30814e+05  3.27942e+49  4.30814e+05  3.13208e+49  1.44609e-03
 1.30012e+03  4.30814e+05  3.94851e+49  4.30814e+05  3.79088e+49  4.30814e+05  3.47565e+49  4.30814e+05  3.33749e+49  1.44609e-03
 1.34261e+03  4.30814e+05  4.12966e+49  4.30814e+05  3.98185e+49  4.30814e+05  3.68626e+49  4.30814e+05  3.55672e+49  1.44609e-03
 1.38649e+03  4.30814e+05  4.32790e+49  4.30814e+05  4.18930e+49  4.30814e+05  3.91213e+49  4.30814e+05  3.79066e+49  1.44609e-03
 1.43180e+03  4.30814e+05  4.54405e+49  4.30814e+05  4.41408e+49  4.30814e+05  4.15419e+49  4.30814e+05  4.04029e+49  1.44609e-03
 1.47860e+03  4.30814e+05  4.77900e+49  4.30814e+05  4.65714e+49  4.30814e+05  4.41344e+49  4.30814e+05  4.30664e+49  1.44609e-03
 1.52692e+03  4.30814e+05  5.03374e+49  4.30814e+05  4.91946e+49  4.30814e+05  4.69095e+49  4.30814e+05  4.59082e+49  1.44609e-03
 1.57683e+03  4.30814e+05  5.30930e+49  4.30814e+05  5.20215e+49  4.30814e+05  4.98788e+49  4.30814e+05  4.89399e+49  1.44609e-03
 1.62836e+03  4.30814e+05  5.60684e+49  4.30814e+05  5.50637e+49  4.30814e+05  5.30546e+49  4.30814e+05  5.21742e+49  1.44609e-03
 1.68158e+03  4.30814e+05  5.92759e+49  4.30814e+05  5.83338e+49  4.30814e+05  5.64499e+49  4.30814e+05  5.56244e+49  1.44609e-03
 1.73654e+03  4.30814e+05  6.27287e+49  4.30814e+05  6.18453e+49  4.30814e+05  6.00788e+49  4.30814e+05  5.93048e+49  1.44609e-03
 1.79329e+03  4.30814e+05  6.64411e+49  4.30814e+05  6.56127e+49  4.30814e+05  6.39563e+49  4.30814e+05  6.32306e+49  1.44609e-03
 1.85190e+03  4.30814e+05  7.04285e+49  4.30814e+05  6.96517e+49  4.30814e+05  6.80986e+49  4.30814e+05  6.74181e+49  1.44609e-03
 1.91243e+03  4.30814e+05  7.47073e+49  4.30814e+05  7.39790e+49  4.30814e+05  7.25227e+49  4.30814e+05  7.18847e+49  1.44609e-03
 1.97493e+03  4.30814e+05  7.92953e+49  4.30814e+05  7.86124e+49  4.30814e+05  7.72469e+49  4.30814e+05  7.66487e+49  1.44609e-03
 2.03948e+03  4.30814e+05  8.42116e+49  4.30814e+05  8.35712e+49  4.30814e+05  8.22908e+49  4.30814e+05  8.17299e+49  1.44609e-03
 2.10613e+03  4.30814e+05  8.94763e+49  4.30814e+05  8.88759e+49  4.30814e+05  8.76753e+49  4.30814e+05  8.71494e+49  1.44609e-03
 2.17497e+03  4.30814e+05  9.51113e+49  4.30814e+05  9.45483e+49  4.30814e+05  9.34226e+49  4.30814e+05  9.29295e+49  1.44609e-03
 2.24605e+03  4.30814e+05  1.01140e+50  4.30814e+05  1.00612e+50  4.30814e+05  9.95565e+49  4.30814e+05  9.90942e+49  1.44609e-03
 2.31946e+03  4.30814e+05  1.07587e+50  4.30814e+05  1.07092e+50  4.30814e+05  1.06103e+50  4.30814e+05  1.05669e+50  1.44609e-03
 2.39526e+03  4.30814e+05  1.14480e+50  4.30814e+05  1.14016e+50  4.30814e+05  1.13088e+50  4.30814e+05  1.12681e+50  1.44609e-03
 2.47355e+03  4.30814e+05  1.21846e+50  4.30814e+05  1.21411e+50  4.30814e+05  1.20541e+50  4.30814e+05  1.20160e+50  1.44609e-03
 2.55439e+03  4.30814e+05  1.29717e+50  4.30814e+05  1.29308e+50  4.30814e+05  1.28493e+50  4.30814e+05  1.28135e+50  1.44609e-03
 2.63787e+03  4.30814e+05  1.38124e+50  4.30814e+05  1.37741e+50  4.30814e+05  1.36976e+50  4.30814e+05  1.36641e+50  1.44609e-03
 2.72409e+03  4.30814e+05  1.47103e+50  4.30814e+05  1.46744e+50  4.30814e+05  1.46027e+50  4.30814e+05  1.45713e+50  1.44609e-03
 2.81312e+03  4.30814e+05  1.56691e+50  4.30814e+05  1.56354e+50  4.30814e+05  1.55682e+50  4.30814e+05  1.55387e+50  1.44609e-03
 2.90506e+03  4.30814e+05  1.66927e+50  4.30814e+05  1.66612e+50  4.30814e+05  1.65981e+50  4.30814e+05  1.65705e+50  1.44609e-03
 3.00000e+03  4.30814e+05  1.77854e+50  4.30814e+05  1.77558e+50  4.30814e+05  1.76967e+50  4.30814e+05  1.76708e+50  1.44609e-03
