radius_rg T_0deg chi2_0deg T_15deg chi2_15deg T_30deg chi2_30deg T_45deg chi2_45deg nuLnusavg_last
 2.00000e-01  8.76865e+05  8.11755e+43  8.47687e+05  6.53191e+43  7.65850e+05  2.78303e+43  5.64766e+05  7.73052e+41  5.70776e-33
 2.06537e-01  8.76865e+05  7.87434e+43  8.47687e+05  6.26785e+43  7.65850e+05  2.63533e+43  5.45973e+05  7.31397e+41  5.70776e-33
 2.13287e-01  8.47687e+05  7.63459e+43  8.47687e+05  6.12230e+43  7.65850e+05  2.55199e+43  5.45973e+05  6.29190e+41  5.70776e-33
 2.20257e-01  8.47687e+05  7.29717e+43  8.19480e+05  5.85869e+43  7.40366e+05  2.49102e+43  5.45973e+05  5.88504e+41  5.70776e-33
 2.27456e-01  8.47687e+05  7.09684e+43  8.19480e+05  5.62406e+43  7.40366e+05  2.34457e+43  5.45973e+05  6.09170e+41  5.70776e-33
 2.34890e-01  8.19480e+05  6.84873e+43  8.19480e+05  5.50527e+43  7.40366e+05  2.26127e+43  5.27805e+05  5.85110e+41  5.70776e-33
 2.42567e-01  8.19480e+05  6.54604e+43  7.92211e+05  5.24588e+43  7.15730e+05  2.23183e+43  5.27805e+05  4.82099e+41  5.70776e-33
 2.50494e-01  8.19480e+05  6.37733e+43  7.92211e+05  5.03104e+43  7.15730e+05  2.08131e+43  5.27805e+05  4.40000e+41  5.70776e-33
 2.58681e-01  7.92211e+05  6.13528e+43  7.92211e+05  4.92961e+43  7.15730e+05  1.99286e+43  5.27805e+05  4.58639e+41  5.70776e-33
 2.67136e-01  7.92211e+05  5.85614e+43  7.65850e+05  4.68853e+43  7.15730e+05  1.96611e+43  5.10242e+05  4.76759e+41  5.70776e-33
 2.75866e-01  7.92211e+05  5.70813e+43  7.65850e+05  4.48411e+43  6.91914e+05  1.84688e+43  5.10242e+05  3.65078e+41  5.70776e-33
 2.84882e-01  7.65850e+05  5.48849e+43  7.65850e+05  4.39083e+43  6.91914e+05  1.74810e+43  5.10242e+05  3.13826e+41  5.70776e-33
 2.94193e-01  7.65850e+05  5.22199e+43  7.40366e+05  4.18403e+43  6.91914e+05  1.71000e+43  5.10242e+05  3.22789e+41  5.70776e-33
 3.03808e-01  7.65850e+05  5.08401e+43  7.40366e+05  3.98081e+43  6.68890e+05  1.64413e+43  5.10242e+05  3.92005e+41  5.70776e-33
 3.13737e-01  7.40366e+05  4.90526e+43  7.40366e+05  3.88664e+43  6.68890e+05  1.52983e+43  4.93264e+05  2.83116e+41  5.70776e-33
 3.23991e-01  7.40366e+05  4.64071e+43  7.15730e+05  3.73210e+43  6.68890e+05  1.47532e+43  4.93264e+05  2.14757e+41  5.70776e-33
 3.34580e-01  7.40366e+05  4.50227e+43  7.15730e+05  3.52097e+43  6.46632e+05  1.47760e+43  4.93264e+05  2.06204e+41  5.70776e-33
 3.45515e-01  7.15730e+05  4.38526e+43  7.15730e+05  3.41699e+43  6.46632e+05  1.34253e+43  4.93264e+05  2.57421e+41  5.70776e-33
 3.56807e-01  7.15730e+05  4.11210e+43  6.91914e+05  3.33502e+43  6.46632e+05  1.26647e+43  4.76850e+05  2.45126e+41  5.70776e-33
 3.68468e-01  7.15730e+05  3.96285e+43  6.91914e+05  3.10692e+43  6.46632e+05  1.24909e+43  4.76850e+05  1.51382e+41  5.70776e-33
 3.80511e-01  6.91914e+05  3.93110e+43  6.91914e+05  2.98426e+43  6.25115e+05  1.19248e+43  4.76850e+05  1.17180e+41  5.70776e-33
 3.92947e-01  6.91914e+05  3.63880e+43  6.91914e+05  2.96652e+43  6.25115e+05  1.08963e+43  4.76850e+05  1.42380e+41  5.70776e-33
 4.05790e-01  6.91914e+05  3.46845e+43  6.68890e+05  2.74358e+43  6.25115e+05  1.04474e+43  4.76850e+05  2.27087e+41  5.70776e-33
 4.19052e-01  6.91914e+05  3.41936e+43  6.68890e+05  2.59334e+43  6.25115e+05  1.05762e+43  4.60983e+05  1.36767e+41  5.70776e-33
 4.32748e-01  6.68890e+05  3.22652e+43  6.68890e+05  2.54640e+43  6.04314e+05  9.52961e+42  4.60983e+05  6.83555e+40  5.70776e-33
 4.46891e-01  6.68890e+05  3.02475e+43  6.46632e+05  2.43876e+43  6.04314e+05  8.75299e+42  4.60983e+05  5.91440e+40  5.70776e-33
 4.61496e-01  6.68890e+05  2.94239e+43  6.46632e+05  2.25194e+43  6.04314e+05  8.54710e+42  4.60983e+05  1.09094e+41  5.70776e-33
 4.76579e-01  6.46632e+05  2.88431e+43  6.46632e+05  2.16700e+43  5.84205e+05  8.66883e+42  4.45643e+05  1.89421e+41  5.70776e-33
 4.92155e-01  6.46632e+05  2.64066e+43  6.46632e+05  2.18362e+43  5.84205e+05  7.50961e+42  4.45643e+05  7.76023e+40  5.70776e-33
 5.08240e-01  6.46632e+05  2.51483e+43  6.25115e+05  1.97085e+43  5.84205e+05  6.91597e+42  4.45643e+05  2.50222e+40  5.70776e-33
 5.24851e-01  6.46632e+05  2.50631e+43  6.25115e+05  1.83897e+43  5.84205e+05  6.88545e+42  4.45643e+05  3.14624e+40  5.70776e-33
 5.42004e-01  6.25115e+05  2.32870e+43  6.25115e+05  1.80727e+43  5.64766e+05  6.84470e+42  4.45643e+05  9.69497e+40  5.70776e-33
 5.59718e-01  6.25115e+05  2.14900e+43  6.04314e+05  1.76437e+43  5.64766e+05  5.80717e+42  4.30814e+05  1.69340e+41  5.70776e-33
 5.78011e-01  6.25115e+05  2.08508e+43  6.04314e+05  1.57628e+43  5.64766e+05  5.32817e+42  4.30814e+05  6.35962e+40  5.70776e-33
 5.96902e-01  6.04314e+05  2.10545e+43  6.04314e+05  1.48730e+43  5.64766e+05  5.40572e+42  4.30814e+05  1.70322e+40  5.70776e-33
 6.16411e-01  6.04314e+05  1.86111e+43  6.04314e+05  1.49704e+43  5.45973e+05  5.37429e+42  4.30814e+05  2.94555e+40  5.70776e-33
 6.36557e-01  6.04314e+05  1.73137e+43  5.84205e+05  1.39680e+43  5.45973e+05  4.38882e+42  4.30814e+05  1.00918e+41  5.70776e-33
 6.57361e-01  6.04314e+05  1.71569e+43  5.84205e+05  1.24117e+43  5.45973e+05  3.95601e+42  4.16479e+05  2.06565e+41  5.70776e-33
 6.78845e-01  5.84205e+05  1.67192e+43  5.84205e+05  1.18326e+43  5.45973e+05  4.07406e+42  4.16479e+05  9.63768e+40  5.70776e-33
 7.01032e-01  5.84205e+05  1.46546e+43  5.84205e+05  1.22281e+43  5.27805e+05  4.25100e+42  4.16479e+05  4.55040e+40  5.70776e-33
 7.23943e-01  5.84205e+05  1.37196e+43  5.64766e+05  1.09072e+43  5.27805e+05  3.24717e+42  4.16479e+05  5.37365e+40  5.70776e-33
 7.47603e-01  5.84205e+05  1.39103e+43  5.64766e+05  9.55596e+42  5.27805e+05  2.79128e+42  4.16479e+05  1.21108e+41  5.70776e-33
 7.72037e-01  5.64766e+05  1.31268e+43  5.64766e+05  9.17002e+42  5.27805e+05  2.88143e+42  4.16479e+05  2.47898e+41  5.70776e-33
 7.97269e-01  5.64766e+05  1.13023e+43  5.64766e+05  9.74779e+42  5.10242e+05  3.49792e+42  4.02620e+05  1.84545e+41  5.70776e-33
 8.23326e-01  5.64766e+05  1.05936e+43  5.45973e+05  8.40329e+42  5.10242e+05  2.40366e+42  4.02620e+05  1.18279e+41  5.70776e-33
 8.50234e-01  5.64766e+05  1.09976e+43  5.45973e+05  7.13748e+42  5.10242e+05  1.85384e+42  4.02620e+05  1.11419e+41  5.70776e-33
 8.78022e-01  5.45973e+05  1.02105e+43  5.45973e+05  6.82697e+42  5.10242e+05  1.84620e+42  4.02620e+05  1.63937e+41  5.70776e-33
 9.06718e-01  5.45973e+05  8.48742e+42  5.45973e+05  7.47047e+42  5.10242e+05  2.38070e+42  4.02620e+05  2.76050e+41  5.70776e-33
 9.36352e-01  5.45973e+05  7.86846e+42  5.27805e+05  6.44419e+42  4.93264e+05  1.91248e+42  3.89223e+05  3.45767e+41  5.70776e-33
 9.66955e-01  5.45973e+05  8.35103e+42  5.27805e+05  5.14283e+42  4.93264e+05  1.19542e+42  3.89223e+05  2.51904e+41  5.70776e-33
 9.98557e-01  5.27805e+05  7.95664e+42  5.27805e+05  4.78852e+42  4.93264e+05  1.01779e+42  3.89223e+05  2.17999e+41  5.70776e-33
 1.03119e+00  5.27805e+05  6.19476e+42  5.27805e+05  5.37979e+42  4.93264e+05  1.37888e+42  3.89223e+05  2.43914e+41  5.70776e-33
 1.06489e+00  5.27805e+05  5.52749e+42  5.10242e+05  5.06857e+42  4.76850e+05  1.86615e+42  3.89223e+05  3.29755e+41  5.70776e-33
 1.09970e+00  5.27805e+05  5.95207e+42  5.10242e+05  3.60788e+42  4.76850e+05  9.04764e+41  3.89223e+05  4.75877e+41  5.70776e-33
 1.13564e+00  5.10242e+05  6.41071e+42  5.10242e+05  3.08789e+42  4.76850e+05  4.81626e+41  3.76271e+05  4.74903e+41  5.70776e-33
 1.17276e+00  5.10242e+05  4.46647e+42  5.10242e+05  3.50644e+42  4.76850e+05  5.94979e+41  3.76271e+05  4.00442e+41  5.70776e-33
 1.21108e+00  5.10242e+05  3.60969e+42  4.93264e+05  4.37281e+42  4.76850e+05  1.24529e+42  3.76271e+05  3.86555e+41  5.70776e-33
 1.25067e+00  5.10242e+05  3.83683e+42  4.93264e+05  2.62448e+42  4.60983e+05  1.11514e+42  3.76271e+05  4.33184e+41  5.70776e-33
 1.29154e+00  5.10242e+05  5.14882e+42  4.93264e+05  1.81277e+42  4.60983e+05  3.66072e+41  3.76271e+05  5.40524e+41  5.70776e-33
 1.33375e+00  4.93264e+05  3.40981e+42  4.93264e+05  1.93433e+42  4.60983e+05  1.53016e+41  3.76271e+05  7.09017e+41  5.70776e-33
 1.37734e+00  4.93264e+05  2.21742e+42  4.93264e+05  2.98965e+42  4.60983e+05  4.75091e+41  3.63750e+05  7.02593e+41  5.70776e-33
 1.42236e+00  4.93264e+05  2.10318e+42  4.76850e+05  2.34978e+42  4.60983e+05  1.33363e+42  3.63750e+05  6.33461e+41  5.70776e-33
 1.46884e+00  4.93264e+05  3.06663e+42  4.76850e+05  1.11418e+42  4.45643e+05  8.52476e+41  3.63750e+05  6.25866e+41  5.70776e-33
 1.51685e+00  4.76850e+05  3.20804e+42  4.76850e+05  8.08940e+41  4.45643e+05  2.27951e+41  3.63750e+05  6.79779e+41  5.70776e-33
 1.56642e+00  4.76850e+05  1.52666e+42  4.76850e+05  1.43281e+42  4.45643e+05  1.38869e+41  3.63750e+05  7.95422e+41  5.70776e-33
 1.61762e+00  4.76850e+05  9.20588e+41  4.76850e+05  2.98838e+42  4.45643e+05  5.84860e+41  3.63750e+05  9.73274e+41  5.70776e-33
 1.67049e+00  4.76850e+05  1.38730e+42  4.60983e+05  1.21889e+42  4.45643e+05  1.56777e+42  3.51646e+05  1.05208e+42  5.70776e-33
 1.72508e+00  4.76850e+05  2.92873e+42  4.60983e+05  3.49041e+41  4.30814e+05  1.05962e+42  3.51646e+05  9.71827e+41  5.70776e-33
 1.78146e+00  4.60983e+05  1.80165e+42  4.60983e+05  4.06395e+41  4.30814e+05  4.68004e+41  3.51646e+05  9.54517e+41  5.70776e-33
 1.83968e+00  4.60983e+05  5.43734e+41  4.60983e+05  1.39119e+42  4.30814e+05  4.12827e+41  3.51646e+05  1.00007e+42  5.70776e-33
 1.89981e+00  4.60983e+05  3.57048e+41  4.45643e+05  2.44753e+42  4.30814e+05  8.93858e+41  3.51646e+05  1.10868e+42  5.70776e-33
 1.96190e+00  4.60983e+05  1.24082e+42  4.45643e+05  8.63484e+41  4.30814e+05  1.91309e+42  3.51646e+05  1.28080e+42  5.70776e-33
 2.02602e+00  4.60983e+05  3.19870e+42  4.45643e+05  2.08775e+41  4.16479e+05  1.77588e+42  3.51646e+05  1.51714e+42  5.70776e-33
 2.09224e+00  4.45643e+05  1.33233e+42  4.45643e+05  4.80690e+41  4.16479e+05  1.11946e+42  3.39945e+05  1.46745e+42  5.70776e-33
 2.16062e+00  4.45643e+05  3.23148e+41  4.45643e+05  1.68036e+42  4.16479e+05  1.00217e+42  3.39945e+05  1.42044e+42  5.70776e-33
 2.23123e+00  4.45643e+05  3.84283e+41  4.30814e+05  2.77628e+42  4.16479e+05  1.42353e+42  3.39945e+05  1.43824e+42  5.70776e-33
 2.30415e+00  4.45643e+05  1.51599e+42  4.30814e+05  1.24840e+42  4.16479e+05  2.38528e+42  3.39945e+05  1.52090e+42  5.70776e-33
 2.37946e+00  4.45643e+05  3.72294e+42  4.30814e+05  6.51453e+41  4.02620e+05  3.11440e+42  3.39945e+05  1.66878e+42  5.70776e-33
 2.45723e+00  4.30814e+05  1.76131e+42  4.30814e+05  9.82959e+41  4.02620e+05  2.28640e+42  3.39945e+05  1.88247e+42  5.70776e-33
 2.53753e+00  4.30814e+05  8.18364e+41  4.30814e+05  2.24429e+42  4.02620e+05  2.00237e+42  3.39945e+05  2.16288e+42  5.70776e-33
 2.62047e+00  4.30814e+05  9.47783e+41  4.16479e+05  4.07973e+42  4.02620e+05  2.26111e+42  3.28633e+05  2.13431e+42  5.70776e-33
 2.70611e+00  4.30814e+05  2.15010e+42  4.16479e+05  2.43688e+42  4.02620e+05  3.06372e+42  3.28633e+05  2.09760e+42  5.70776e-33
 2.79455e+00  4.30814e+05  4.43030e+42  4.16479e+05  1.72988e+42  4.02620e+05  4.41350e+42  3.28633e+05  2.12848e+42  5.70776e-33
 2.88589e+00  4.16479e+05  3.16449e+42  4.16479e+05  1.95579e+42  3.89223e+05  4.16842e+42  3.28633e+05  2.22709e+42  5.70776e-33
 2.98021e+00  4.16479e+05  2.09317e+42  4.16479e+05  3.11556e+42  3.89223e+05  3.60040e+42  3.28633e+05  2.39383e+42  5.70776e-33
 3.07761e+00  4.16479e+05  2.09949e+42  4.16479e+05  5.21398e+42  3.89223e+05  3.58177e+42  3.28633e+05  2.62939e+42  5.70776e-33
 3.17819e+00  4.16479e+05  3.18348e+42  4.02620e+05  4.61755e+42  3.89223e+05  4.11247e+42  3.28633e+05  2.93475e+42  5.70776e-33
 3.28206e+00  4.16479e+05  5.34962e+42  4.02620e+05  3.61736e+42  3.89223e+05  5.19468e+42  3.17698e+05  3.25285e+42  5.70776e-33
 3.38933e+00  4.02620e+05  5.76399e+42  4.02620e+05  3.55790e+42  3.89223e+05  6.83290e+42  3.17698e+05  3.18893e+42  5.70776e-33
 3.50010e+00  4.02620e+05  4.35179e+42  4.02620e+05  4.43892e+42  3.76271e+05  6.11431e+42  3.17698e+05  3.19713e+42  5.70776e-33
 3.61449e+00  4.02620e+05  4.02659e+42  4.02620e+05  6.26408e+42  3.76271e+05  5.68579e+42  3.17698e+05  3.27747e+42  5.70776e-33
 3.73262e+00  4.02620e+05  4.78702e+42  3.89223e+05  8.14849e+42  3.76271e+05  5.81530e+42  3.17698e+05  3.43030e+42  5.70776e-33
 3.85462e+00  4.02620e+05  6.63624e+42  3.89223e+05  6.64939e+42  3.76271e+05  6.50337e+42  3.17698e+05  3.65623e+42  5.70776e-33
 3.98060e+00  4.02620e+05  9.58190e+42  3.89223e+05  6.10357e+42  3.76271e+05  7.75286e+42  3.17698e+05  3.95622e+42  5.70776e-33
 4.11069e+00  3.89223e+05  7.98765e+42  3.89223e+05  6.50877e+42  3.76271e+05  9.56893e+42  3.17698e+05  4.33150e+42  5.70776e-33
 4.24504e+00  3.89223e+05  7.09763e+42  3.89223e+05  7.86667e+42  3.63750e+05  9.06612e+42  3.17698e+05  4.78361e+42  5.70776e-33
 4.38378e+00  3.89223e+05  7.30596e+42  3.89223e+05  1.01829e+43  3.63750e+05  8.63906e+42  3.17698e+05  5.31445e+42  5.70776e-33
 4.52705e+00  3.89223e+05  8.61350e+42  3.76271e+05  1.13944e+43  3.63750e+05  8.78226e+42  3.07126e+05  5.53072e+42  5.70776e-33
 4.67501e+00  3.89223e+05  1.10257e+43  3.76271e+05  1.01293e+43  3.63750e+05  9.49630e+42  3.07126e+05  5.58106e+42  5.70776e-33
 4.82780e+00  3.76271e+05  1.36662e+43  3.76271e+05  9.83180e+42  3.63750e+05  1.07841e+43  3.07126e+05  5.71341e+42  5.70776e-33
 4.98558e+00  3.76271e+05  1.19406e+43  3.76271e+05  1.05008e+43  3.63750e+05  1.26511e+43  3.07126e+05  5.92833e+42  5.70776e-33
 5.14853e+00  3.76271e+05  1.13333e+43  3.76271e+05  1.21390e+43  3.51646e+05  1.33600e+43  3.07126e+05  6.22669e+42  5.70776e-33
 5.31679e+00  3.76271e+05  1.18419e+43  3.76271e+05  1.47532e+43  3.51646e+05  1.27667e+43  3.07126e+05  6.60975e+42  5.70776e-33
 5.49056e+00  3.76271e+05  1.34685e+43  3.63750e+05  1.65147e+43  3.51646e+05  1.27607e+43  3.07126e+05  7.07907e+42  5.70776e-33
 5.67001e+00  3.76271e+05  1.62198e+43  3.63750e+05  1.52406e+43  3.51646e+05  1.33420e+43  3.07126e+05  7.63660e+42  5.70776e-33
 5.85532e+00  3.63750e+05  1.95846e+43  3.63750e+05  1.49554e+43  3.51646e+05  1.45130e+43  3.07126e+05  8.28466e+42  5.70776e-33
 6.04668e+00  3.63750e+05  1.78429e+43  3.63750e+05  1.56579e+43  3.51646e+05  1.62786e+43  3.07126e+05  9.02592e+42  5.70776e-33
 6.24430e+00  3.63750e+05  1.72440e+43  3.63750e+05  1.73509e+43  3.51646e+05  1.86460e+43  3.07126e+05  9.86345e+42  5.70776e-33
 6.44838e+00  3.63750e+05  1.77854e+43  3.63750e+05  2.00415e+43  3.39945e+05  1.87715e+43  3.07126e+05  1.08007e+43  5.70776e-33
 6.65913e+00  3.63750e+05  1.94694e+43  3.63750e+05  2.37407e+43  3.39945e+05  1.84027e+43  3.07126e+05  1.18416e+43  5.70776e-33
 6.87677e+00  3.63750e+05  2.23030e+43  3.51646e+05  2.25418e+43  3.39945e+05  1.86445e+43  3.07126e+05  1.29904e+43  5.70776e-33
 7.10152e+00  3.63750e+05  2.62979e+43  3.51646e+05  2.19823e+43  3.39945e+05  1.94980e+43  3.07126e+05  1.42519e+43  5.70776e-33
 7.33362e+00  3.51646e+05  2.63535e+43  3.51646e+05  2.24396e+43  3.39945e+05  2.09667e+43  3.07126e+05  1.56313e+43  5.70776e-33
 7.57330e+00  3.51646e+05  2.54297e+43  3.51646e+05  2.39155e+43  3.39945e+05  2.30566e+43  3.07126e+05  1.71342e+43  5.70776e-33
 7.82082e+00  3.51646e+05  2.56802e+43  3.51646e+05  2.64161e+43  3.39945e+05  2.57765e+43  3.07126e+05  1.87671e+43  5.70776e-33
 8.07642e+00  3.51646e+05  2.71060e+43  3.51646e+05  2.99518e+43  3.28633e+05  2.72155e+43  3.07126e+05  2.05365e+43  5.70776e-33
 8.34038e+00  3.51646e+05  2.97129e+43  3.39945e+05  3.32998e+43  3.28633e+05  2.68130e+43  3.07126e+05  2.24498e+43  5.70776e-33
 8.61296e+00  3.51646e+05  3.35117e+43  3.39945e+05  3.20890e+43  3.28633e+05  2.70559e+43  3.07126e+05  2.45149e+43  5.70776e-33
 8.89446e+00  3.51646e+05  3.85182e+43  3.39945e+05  3.19367e+43  3.28633e+05  2.79453e+43  3.07126e+05  2.67404e+43  5.70776e-33
 9.18515e+00  3.39945e+05  3.72732e+43  3.39945e+05  3.28424e+43  3.28633e+05  2.94849e+43  3.07126e+05  2.91355e+43  5.70776e-33
 9.48535e+00  3.39945e+05  3.68087e+43  3.39945e+05  3.48097e+43  3.28633e+05  3.16810e+43  3.07126e+05  3.17100e+43  5.70776e-33
 9.79535e+00  3.39945e+05  3.75655e+43  3.39945e+05  3.78469e+43  3.28633e+05  3.45426e+43  3.07126e+05  3.44747e+43  5.70776e-33
 1.01155e+01  3.39945e+05  3.95468e+43  3.39945e+05  4.19664e+43  3.28633e+05  3.80818e+43  3.07126e+05  3.74410e+43  5.70776e-33
 1.04461e+01  3.39945e+05  4.27607e+43  3.39945e+05  4.71854e+43  3.17698e+05  4.08522e+43  3.07126e+05  4.06212e+43  5.70776e-33
 1.07875e+01  3.39945e+05  4.72206e+43  3.28633e+05  4.66803e+43  3.17698e+05  4.06509e+43  3.07126e+05  4.40284e+43  5.70776e-33
 1.11401e+01  3.39945e+05  5.29448e+43  3.28633e+05  4.64974e+43  3.17698e+05  4.11523e+43  3.07126e+05  4.76767e+43  5.70776e-33
 1.15041e+01  3.28633e+05  5.41403e+43  3.28633e+05  4.74326e+43  3.17698e+05  4.23585e+43  3.07126e+05  5.15813e+43  5.70776e-33
 1.18801e+01  3.28633e+05  5.36240e+43  3.28633e+05  4.94899e+43  3.17698e+05  4.42745e+43  3.07126e+05  5.57582e+43  5.70776e-33
 1.22684e+01  3.28633e+05  5.43985e+43  3.28633e+05  5.26778e+43  3.17698e+05  4.69082e+43  2.96907e+05  5.78720e+43  5.70776e-33
 1.26694e+01  3.28633e+05  5.64672e+43  3.28633e+05  5.70095e+43  3.17698e+05  5.02706e+43  2.96907e+05  5.94851e+43  5.70776e-33
 1.30834e+01  3.28633e+05  5.98385e+43  3.28633e+05  6.25029e+43  3.17698e+05  5.43754e+43  2.96907e+05  6.14034e+43  5.70776e-33
 1.35110e+01  3.28633e+05  6.45265e+43  3.28633e+05  6.91806e+43  3.17698e+05  5.92399e+43  2.96907e+05  6.36346e+43  5.70776e-33
 1.39526e+01  3.28633e+05  7.05505e+43  3.17698e+05  7.04481e+43  3.17698e+05  6.48839e+43  2.96907e+05  6.61882e+43  5.70776e-33
 1.44086e+01  3.28633e+05  7.79354e+43  3.17698e+05  7.06590e+43  3.17698e+05  7.13310e+43  2.96907e+05  6.90745e+43  5.70776e-33
 1.48795e+01  3.17698e+05  8.14942e+43  3.17698e+05  7.20882e+43  3.07126e+05  7.26997e+43  2.96907e+05  7.23057e+43  5.70776e-33
 1.53658e+01  3.17698e+05  8.14056e+43  3.17698e+05  7.47413e+43  3.07126e+05  7.39719e+43  2.96907e+05  7.58950e+43  5.70776e-33
 1.58680e+01  3.17698e+05  8.27230e+43  3.17698e+05  7.86296e+43  3.07126e+05  7.60847e+43  2.96907e+05  7.98573e+43  5.70776e-33
 1.63866e+01  3.17698e+05  8.54516e+43  3.17698e+05  8.37691e+43  3.07126e+05  7.90469e+43  2.96907e+05  8.42090e+43  5.70776e-33
 1.69222e+01  3.17698e+05  8.96029e+43  3.17698e+05  9.01809e+43  3.07126e+05  8.28707e+43  2.96907e+05  8.89681e+43  5.70776e-33
 1.74753e+01  3.17698e+05  9.51940e+43  3.17698e+05  9.78918e+43  3.07126e+05  8.75720e+43  2.96907e+05  9.41543e+43  5.70776e-33
 1.80464e+01  3.17698e+05  1.02248e+44  3.17698e+05  1.06934e+44  3.07126e+05  9.31702e+43  2.96907e+05  9.97891e+43  5.70776e-33
 1.86362e+01  3.17698e+05  1.10794e+44  3.17698e+05  1.17344e+44  3.07126e+05  9.96885e+43  2.96907e+05  1.05896e+44  5.70776e-33
 1.92453e+01  3.17698e+05  1.20868e+44  3.07126e+05  1.25333e+44  3.07126e+05  1.07154e+44  2.96907e+05  1.12500e+44  5.70776e-33
 1.98743e+01  3.17698e+05  1.32511e+44  3.07126e+05  1.26755e+44  3.07126e+05  1.15597e+44  2.96907e+05  1.19628e+44  5.70776e-33
 2.05238e+01  3.07126e+05  1.44579e+44  3.07126e+05  1.29626e+44  3.07126e+05  1.25053e+44  2.96907e+05  1.27310e+44  5.70776e-33
 2.11946e+01  3.07126e+05  1.45825e+44  3.07126e+05  1.33960e+44  3.07126e+05  1.35561e+44  2.96907e+05  1.35578e+44  5.70776e-33
 2.18873e+01  3.07126e+05  1.48744e+44  3.07126e+05  1.39774e+44  3.07126e+05  1.47165e+44  2.96907e+05  1.44467e+44  5.70776e-33
 2.26026e+01  3.07126e+05  1.53348e+44  3.07126e+05  1.47092e+44  3.07126e+05  1.59912e+44  2.96907e+05  1.54012e+44  5.70776e-33
 2.33413e+01  3.07126e+05  1.59655e+44  3.07126e+05  1.55945e+44  3.07126e+05  1.73856e+44  2.96907e+05  1.64253e+44  5.70776e-33
 2.41042e+01  3.07126e+05  1.67692e+44  3.07126e+05  1.66369e+44  3.07126e+05  1.89054e+44  2.96907e+05  1.75233e+44  5.70776e-33
 2.48920e+01  3.07126e+05  1.77491e+44  3.07126e+05  1.78407e+44  3.07126e+05  2.05568e+44  2.96907e+05  1.86997e+44  5.70776e-33
 2.57055e+01  3.07126e+05  1.89095e+44  3.07126e+05  1.92109e+44  3.07126e+05  2.23468e+44  2.96907e+05  1.99593e+44  5.70776e-33
 2.65456e+01  3.07126e+05  2.02550e+44  3.07126e+05  2.07532e+44  3.07126e+05  2.42827e+44  2.96907e+05  2.13075e+44  5.70776e-33
 2.74132e+01  3.07126e+05  2.17912e+44  3.07126e+05  2.24739e+44  3.07126e+05  2.63725e+44  2.96907e+05  2.27497e+44  5.70776e-33
 2.83091e+01  3.07126e+05  2.35245e+44  3.07126e+05  2.43803e+44  3.07126e+05  2.86249e+44  2.96907e+05  2.42920e+44  5.70776e-33
 2.92343e+01  3.07126e+05  2.54620e+44  3.07126e+05  2.64801e+44  3.07126e+05  3.10493e+44  2.96907e+05  2.59407e+44  5.70776e-33
 3.01898e+01  3.07126e+05  2.76118e+44  3.07126e+05  2.87820e+44  3.07126e+05  3.36556e+44  2.96907e+05  2.77027e+44  5.70776e-33
 3.11765e+01  3.07126e+05  2.99828e+44  3.07126e+05  3.12957e+44  3.07126e+05  3.64546e+44  2.96907e+05  2.95852e+44  5.70776e-33
 3.21954e+01  3.07126e+05  3.25848e+44  3.07126e+05  3.40315e+44  3.07126e+05  3.94579e+44  2.96907e+05  3.15960e+44  5.70776e-33
 3.32476e+01  3.07126e+05  3.54285e+44  3.07126e+05  3.70006e+44  3.07126e+05  4.26780e+44  2.96907e+05  3.37435e+44  5.70776e-33
 3.43343e+01  3.07126e+05  3.85257e+44  3.07126e+05  4.02155e+44  3.07126e+05  4.61282e+44  2.96907e+05  3.60365e+44  5.70776e-33
 3.54564e+01  3.07126e+05  4.18893e+44  3.07126e+05  4.36894e+44  3.07126e+05  4.98227e+44  2.96907e+05  3.84845e+44  5.70776e-33
 3.66152e+01  3.07126e+05  4.55331e+44  3.07126e+05  4.74366e+44  3.07126e+05  5.37768e+44  2.96907e+05  4.10977e+44  5.70776e-33
 3.78119e+01  3.07126e+05  4.94722e+44  3.07126e+05  5.14728e+44  3.07126e+05  5.80070e+44  2.96907e+05  4.38869e+44  5.70776e-33
 3.90477e+01  3.07126e+05  5.37230e+44  3.07126e+05  5.58145e+44  3.07126e+05  6.25306e+44  2.96907e+05  4.68635e+44  5.70776e-33
 4.03238e+01  3.07126e+05  5.83030e+44  3.07126e+05  6.04798e+44  3.07126e+05  6.73665e+44  2.96907e+05  5.00400e+44  5.70776e-33
 4.16417e+01  3.07126e+05  6.32312e+44  3.07126e+05  6.54880e+44  3.07126e+05  7.25346e+44  2.96907e+05  5.34295e+44  5.70776e-33
 4.30027e+01  3.07126e+05  6.85280e+44  3.07126e+05  7.08598e+44  2.96907e+05  7.64031e+44  2.96907e+05  5.70460e+44  5.70776e-33
 4.44081e+01  3.07126e+05  7.42153e+44  3.07126e+05  7.66174e+44  2.96907e+05  7.83399e+44  2.96907e+05  6.09045e+44  5.70776e-33
 4.58595e+01  3.07126e+05  8.03166e+44  3.07126e+05  8.27846e+44  2.96907e+05  8.06543e+44  2.96907e+05  6.50209e+44  5.70776e-33
 4.73583e+01  3.07126e+05  8.68572e+44  3.07126e+05  8.93871e+44  2.96907e+05  8.33559e+44  2.96907e+05  6.94123e+44  5.70776e-33
 4.89061e+01  3.07126e+05  9.38641e+44  3.07126e+05  9.64520e+44  2.96907e+05  8.64560e+44  2.96907e+05  7.40969e+44  5.70776e-33
 5.05045e+01  3.07126e+05  1.01366e+45  3.07126e+05  1.04009e+45  2.96907e+05  8.99673e+44  2.96907e+05  7.90940e+44  5.70776e-33
 5.21551e+01  3.07126e+05  1.09395e+45  3.07126e+05  1.12088e+45  2.96907e+05  9.39044e+44  2.96907e+05  8.44243e+44  5.70776e-33
 5.38597e+01  3.07126e+05  1.17983e+45  3.07126e+05  1.20724e+45  2.96907e+05  9.82835e+44  2.96907e+05  9.01099e+44  5.70776e-33
 5.56199e+01  3.07126e+05  1.27167e+45  3.07126e+05  1.29953e+45  2.96907e+05  1.03123e+45  2.96907e+05  9.61743e+44  5.70776e-33
 5.74378e+01  3.07126e+05  1.36984e+45  2.96907e+05  1.33797e+45  2.96907e+05  1.08442e+45  2.96907e+05  1.02643e+45  5.70776e-33
 5.93150e+01  3.07126e+05  1.47474e+45  2.96907e+05  1.37450e+45  2.96907e+05  1.14264e+45  2.96907e+05  1.09542e+45  5.70776e-33
 6.12535e+01  2.96907e+05  1.53608e+45  2.96907e+05  1.41765e+45  2.96907e+05  1.20612e+45  2.96907e+05  1.16900e+45  5.70776e-33
 6.32555e+01  2.96907e+05  1.57648e+45  2.96907e+05  1.46759e+45  2.96907e+05  1.27513e+45  2.96907e+05  1.24748e+45  5.70776e-33
 6.53228e+01  2.96907e+05  1.62448e+45  2.96907e+05  1.52453e+45  2.96907e+05  1.34995e+45  2.96907e+05  1.33118e+45  5.70776e-33
 6.74577e+01  2.96907e+05  1.68028e+45  2.96907e+05  1.58870e+45  2.96907e+05  1.43089e+45  2.96907e+05  1.42044e+45  5.70776e-33
 6.96624e+01  2.96907e+05  1.74409e+45  2.96907e+05  1.66038e+45  2.96907e+05  1.51829e+45  2.96907e+05  1.51565e+45  5.70776e-33
 7.19392e+01  2.96907e+05  1.81619e+45  2.96907e+05  1.73985e+45  2.96907e+05  1.61250e+45  2.96907e+05  1.61719e+45  5.70776e-33
 7.42903e+01  2.96907e+05  1.89688e+45  2.96907e+05  1.82745e+45  2.96907e+05  1.71392e+45  2.96907e+05  1.72548e+45  5.70776e-33
 7.67183e+01  2.96907e+05  1.98649e+45  2.96907e+05  1.92354e+45  2.96907e+05  1.82297e+45  2.96907e+05  1.84096e+45  5.70776e-33
 7.92257e+01  2.96907e+05  2.08538e+45  2.96907e+05  2.02851e+45  2.96907e+05  1.94010e+45  2.96907e+05  1.96413e+45  5.70776e-33
 8.18150e+01  2.96907e+05  2.19398e+45  2.96907e+05  2.14281e+45  2.96907e+05  2.06579e+45  2.96907e+05  2.09548e+45  5.70776e-33
 8.44889e+01  2.96907e+05  2.31272e+45  2.96907e+05  2.26689e+45  2.96907e+05  2.20057e+45  2.96907e+05  2.23557e+45  5.70776e-33
 8.72502e+01  2.96907e+05  2.44211e+45  2.96907e+05  2.40129e+45  2.96907e+05  2.34498e+45  2.96907e+05  2.38496e+45  5.70776e-33
 9.01018e+01  2.96907e+05  2.58267e+45  2.96907e+05  2.54655e+45  2.96907e+05  2.49964e+45  2.96907e+05  2.54429e+45  5.70776e-33
 9.30466e+01  2.96907e+05  2.73499e+45  2.96907e+05  2.70327e+45  2.96907e+05  2.66517e+45  2.96907e+05  2.71420e+45  5.70776e-33
 9.60876e+01  2.96907e+05  2.89969e+45  2.96907e+05  2.87211e+45  2.96907e+05  2.84227e+45  2.96907e+05  2.89540e+45  5.70776e-33
 9.92280e+01  2.96907e+05  3.07746e+45  2.96907e+05  3.05376e+45  2.96907e+05  3.03167e+45  2.96907e+05  3.08865e+45  5.70776e-33
 1.02471e+02  2.96907e+05  3.26904e+45  2.96907e+05  3.24897e+45  2.96907e+05  3.23415e+45  2.96907e+05  3.29473e+45  5.70776e-33
 1.05820e+02  2.96907e+05  3.47522e+45  2.96907e+05  3.45855e+45  2.96907e+05  3.45054e+45  2.96907e+05  3.51452e+45  5.70776e-33
 1.09278e+02  2.96907e+05  3.69685e+45  2.96907e+05  3.68337e+45  2.96907e+05  3.68175e+45  2.96907e+05  3.74890e+45  5.70776e-33
 1.12850e+02  2.96907e+05  3.93484e+45  2.96907e+05  3.92436e+45  2.96907e+05  3.92873e+45  2.96907e+05  3.99886e+45  5.70776e-33
 1.16538e+02  2.96907e+05  4.19019e+45  2.96907e+05  4.18252e+45  2.96907e+05  4.19251e+45  2.96907e+05  4.26542e+45  5.70776e-33
 1.20347e+02  2.96907e+05  4.46395e+45  2.96907e+05  4.45891e+45  2.96907e+05  4.47417e+45  2.96907e+05  4.54970e+45  5.70776e-33
 1.24280e+02  2.96907e+05  4.75725e+45  2.96907e+05  4.75469e+45  2.96907e+05  4.77488e+45  2.96907e+05  4.85286e+45  5.70776e-33
 1.28342e+02  2.96907e+05  5.07131e+45  2.96907e+05  5.07106e+45  2.96907e+05  5.09589e+45  2.96907e+05  5.17617e+45  5.70776e-33
 1.32537e+02  2.96907e+05  5.40743e+45  2.96907e+05  5.40935e+45  2.96907e+05  5.43852e+45  2.96907e+05  5.52096e+45  5.70776e-33
 1.36868e+02  2.96907e+05  5.76699e+45  2.96907e+05  5.77095e+45  2.96907e+05  5.80419e+45  2.96907e+05  5.88865e+45  5.70776e-33
 1.41341e+02  2.96907e+05  6.15149e+45  2.96907e+05  6.15735e+45  2.96907e+05  6.19441e+45  2.96907e+05  6.28078e+45  5.70776e-33
 1.45961e+02  2.96907e+05  6.56251e+45  2.96907e+05  6.57017e+45  2.96907e+05  6.61081e+45  2.96907e+05  6.69895e+45  5.70776e-33
 1.50731e+02  2.96907e+05  7.00177e+45  2.96907e+05  7.01110e+45  2.96907e+05  7.05510e+45  2.96907e+05  7.14491e+45  5.70776e-33
 1.55658e+02  2.96907e+05  7.47106e+45  2.96907e+05  7.48197e+45  2.96907e+05  7.52912e+45  2.96907e+05  7.62049e+45  5.70776e-33
 1.60745e+02  2.96907e+05  7.97235e+45  2.96907e+05  7.98473e+45  2.96907e+05  8.03483e+45  2.96907e+05  8.12767e+45  5.70776e-33
 1.65998e+02  2.96907e+05  8.50770e+45  2.96907e+05  8.52147e+45  2.96907e+05  8.57433e+45  2.96907e+05  8.66855e+45  5.70776e-33
 1.71424e+02  2.96907e+05  9.07932e+45  2.96907e+05  9.09439e+45  2.96907e+05  9.14985e+45  2.96907e+05  9.24536e+45  5.70776e-33
 1.77026e+02  2.96907e+05  9.68959e+45  2.96907e+05  9.70588e+45  2.96907e+05  9.76377e+45  2.96907e+05  9.86049e+45  5.70776e-33
 1.82812e+02  2.96907e+05  1.03410e+46  2.96907e+05  1.03585e+46  2.96907e+05  1.04186e+46  2.96907e+05  1.05165e+46  5.70776e-33
 1.88787e+02  2.96907e+05  1.10363e+46  2.96907e+05  1.10548e+46  2.96907e+05  1.11171e+46  2.96907e+05  1.12161e+46  5.70776e-33
 1.94957e+02  2.96907e+05  1.17784e+46  2.96907e+05  1.17979e+46  2.96907e+05  1.18622e+46  2.96907e+05  1.19621e+46  5.70776e-33
 2.01328e+02  2.96907e+05  1.25702e+46  2.96907e+05  1.25907e+46  2.96907e+05  1.26569e+46  2.96907e+05  1.27577e+46  5.70776e-33
 2.07908e+02  2.96907e+05  1.34152e+46  2.96907e+05  1.34365e+46  2.96907e+05  1.35045e+46  2.96907e+05  1.36062e+46  5.70776e-33
 2.14703e+02  2.96907e+05  1.43167e+46  2.96907e+05  1.43389e+46  2.96907e+05  1.44085e+46  2.96907e+05  1.45110e+46  5.70776e-33
 2.21720e+02  2.96907e+05  1.52786e+46  2.96907e+05  1.53015e+46  2.96907e+05  1.53727e+46  2.96907e+05  1.54760e+46  5.70776e-33
 2.28967e+02  2.96907e+05  1.63047e+46  2.96907e+05  1.63284e+46  2.96907e+05  1.64010e+46  2.96907e+05  1.65051e+46  5.70776e-33
 2.36450e+02  2.96907e+05  1.73994e+46  2.96907e+05  1.74238e+46  2.96907e+05  1.74978e+46  2.96907e+05  1.76025e+46  5.70776e-33
 2.44178e+02  2.96907e+05  1.85672e+46  2.96907e+05  1.85922e+46  2.96907e+05  1.86675e+46  2.96907e+05  1.87728e+46  5.70776e-33
 2.52158e+02  2.96907e+05  1.98129e+46  2.96907e+05  1.98385e+46  2.96907e+05  1.99149e+46  2.87027e+05  1.95853e+46  5.70776e-33
 2.60399e+02  2.96907e+05  2.11416e+46  2.96907e+05  2.11678e+46  2.96907e+05  2.12454e+46  2.87027e+05  2.00151e+46  5.70776e-33
 2.68910e+02  2.96907e+05  2.25589e+46  2.96907e+05  2.25856e+46  2.96907e+05  2.26643e+46  2.87027e+05  2.05277e+46  5.70776e-33
 2.77699e+02  2.96907e+05  2.40707e+46  2.96907e+05  2.40978e+46  2.96907e+05  2.41775e+46  2.87027e+05  2.11254e+46  5.70776e-33
 2.86774e+02  2.96907e+05  2.56831e+46  2.96907e+05  2.57107e+46  2.96907e+05  2.57913e+46  2.87027e+05  2.18105e+46  5.70776e-33
 2.96147e+02  2.96907e+05  2.74029e+46  2.96907e+05  2.74309e+46  2.96907e+05  2.75124e+46  2.87027e+05  2.25860e+46  5.70776e-33
 3.05826e+02  2.96907e+05  2.92371e+46  2.96907e+05  2.92656e+46  2.96907e+05  2.93479e+46  2.87027e+05  2.34550e+46  5.70776e-33
 3.15821e+02  2.96907e+05  3.11934e+46  2.96907e+05  3.12223e+46  2.96907e+05  3.13053e+46  2.87027e+05  2.44211e+46  5.70776e-33
 3.26143e+02  2.96907e+05  3.32799e+46  2.96907e+05  3.33091e+46  2.96907e+05  3.33929e+46  2.87027e+05  2.54884e+46  5.70776e-33
 3.36802e+02  2.96907e+05  3.55052e+46  2.96907e+05  3.55348e+46  2.96907e+05  3.56192e+46  2.87027e+05  2.66612e+46  5.70776e-33
 3.47810e+02  2.96907e+05  3.78785e+46  2.96907e+05  3.79083e+46  2.96907e+05  3.79934e+46  2.87027e+05  2.79444e+46  5.70776e-33
 3.59177e+02  2.96907e+05  4.04096e+46  2.96907e+05  4.04398e+46  2.96907e+05  4.05254e+46  2.87027e+05  2.93433e+46  5.70776e-33
 3.70916e+02  2.96907e+05  4.31090e+46  2.96907e+05  4.31394e+46  2.96907e+05  4.32256e+46  2.87027e+05  3.08637e+46  5.70776e-33
 3.83038e+02  2.96907e+05  4.59879e+46  2.96907e+05  4.60186e+46  2.96907e+05  4.61053e+46  2.87027e+05  3.25118e+46  5.70776e-33
 3.95557e+02  2.96907e+05  4.90582e+46  2.96907e+05  4.90891e+46  2.96907e+05  4.91763e+46  2.87027e+05  3.42946e+46  5.70776e-33
 4.08485e+02  2.96907e+05  5.23325e+46  2.96907e+05  5.23637e+46  2.96907e+05  5.24514e+46  2.87027e+05  3.62194e+46  5.70776e-33
 4.21835e+02  2.96907e+05  5.58246e+46  2.96907e+05  5.58559e+46  2.96907e+05  5.59440e+46  2.87027e+05  3.82941e+46  5.70776e-33
 4.35622e+02  2.96907e+05  5.95487e+46  2.96907e+05  5.95803e+46  2.96907e+05  5.96687e+46  2.87027e+05  4.05274e+46  5.70776e-33
 4.49859e+02  2.96907e+05  6.35203e+46  2.96907e+05  6.35521e+46  2.96907e+05  6.36409e+46  2.87027e+05  4.29284e+46  5.70776e-33
 4.64562e+02  2.96907e+05  6.77559e+46  2.96907e+05  6.77878e+46  2.96907e+05  6.78770e+46  2.87027e+05  4.55072e+46  5.70776e-33
 4.79745e+02  2.96907e+05  7.22729e+46  2.96907e+05  7.23050e+46  2.96907e+05  7.23946e+46  2.87027e+05  4.82743e+46  5.70776e-33
 4.95424e+02  2.96907e+05  7.70901e+46  2.96907e+05  7.71224e+46  2.96907e+05  7.72122e+46  2.87027e+05  5.12413e+46  5.70776e-33
 5.11616e+02  2.96907e+05  8.22274e+46  2.96907e+05  8.22598e+46  2.96907e+05  8.23500e+46  2.87027e+05  5.44204e+46  5.70776e-33
 5.28337e+02  2.96907e+05  8.77061e+46  2.96907e+05  8.77386e+46  2.96907e+05  8.78291e+46  2.87027e+05  5.78248e+46  5.70776e-33
 5.45604e+02  2.96907e+05  9.35488e+46  2.96907e+05  9.35815e+46  2.96907e+05  9.36722e+46  2.87027e+05  6.14685e+46  5.70776e-33
 5.63436e+02  2.96907e+05  9.97797e+46  2.96907e+05  9.98125e+46  2.96907e+05  9.99035e+46  2.87027e+05  6.53667e+46  5.70776e-33
 5.81850e+02  2.96907e+05  1.06425e+47  2.96907e+05  1.06458e+47  2.96907e+05  1.06549e+47  2.87027e+05  6.95355e+46  5.70776e-33
 6.00867e+02  2.96907e+05  1.13511e+47  2.96907e+05  1.13544e+47  2.96907e+05  1.13635e+47  2.87027e+05  7.39921e+46  5.70776e-33
 6.20505e+02  2.96907e+05  1.21068e+47  2.96907e+05  1.21101e+47  2.96907e+05  1.21193e+47  2.87027e+05  7.87549e+46  5.70776e-33
 6.40784e+02  2.96907e+05  1.29128e+47  2.96907e+05  1.29161e+47  2.96907e+05  1.29253e+47  2.87027e+05  8.38438e+46  5.70776e-33
 6.61727e+02  2.96907e+05  1.37723e+47  2.96907e+05  1.37756e+47  2.96907e+05  1.37848e+47  2.87027e+05  8.92797e+46  5.70776e-33
 6.83354e+02  2.96907e+05  1.46888e+47  2.96907e+05  1.46922e+47  2.96907e+05  1.47014e+47  2.87027e+05  9.50851e+46  5.70776e-33
 7.05688e+02  2.96907e+05  1.56663e+47  2.96907e+05  1.56697e+47  2.96907e+05  1.56789e+47  2.87027e+05  1.01284e+47  5.70776e-33
 7.28751e+02  2.96907e+05  1.67087e+47  2.96907e+05  1.67121e+47  2.96907e+05  1.67213e+47  2.87027e+05  1.07902e+47  5.70776e-33
 7.52569e+02  2.96907e+05  1.78204e+47  2.96907e+05  1.78238e+47  2.96907e+05  1.78330e+47  2.87027e+05  1.14967e+47  5.70776e-33
 7.77165e+02  2.96907e+05  1.90060e+47  2.96907e+05  1.90093e+47  2.96907e+05  1.90186e+47  2.87027e+05  1.22508e+47  5.70776e-33
 8.02565e+02  2.96907e+05  2.02703e+47  2.96907e+05  2.02736e+47  2.96907e+05  2.02829e+47  2.87027e+05  1.30556e+47  5.70776e-33
 8.28794e+02  2.96907e+05  2.16185e+47  2.96907e+05  2.16219e+47  2.96907e+05  2.16312e+47  2.87027e+05  1.39144e+47  5.70776e-33
 8.55882e+02  2.96907e+05  2.30564e+47  2.96907e+05  2.30598e+47  2.96907e+05  2.30691e+47  2.87027e+05  1.48308e+47  5.70776e-33
 8.83854e+02  2.96907e+05  2.45898e+47  2.96907e+05  2.45932e+47  2.96907e+05  2.46025e+47  2.87027e+05  1.58085e+47  5.70776e-33
 9.12741e+02  2.96907e+05  2.62251e+47  2.96907e+05  2.62285e+47  2.87027e+05  2.51015e+47  2.87027e+05  1.68517e+47  5.70776e-33
 9.42571e+02  2.96907e+05  2.79690e+47  2.96907e+05  2.79724e+47  2.87027e+05  2.56998e+47  2.87027e+05  1.79647e+47  5.70776e-33
 9.73377e+02  2.96907e+05  2.98287e+47  2.96907e+05  2.98321e+47  2.87027e+05  2.64046e+47  2.87027e+05  1.91520e+47  5.70776e-33
 1.00519e+03  2.96907e+05  3.18120e+47  2.96907e+05  3.18154e+47  2.87027e+05  2.72186e+47  2.87027e+05  2.04186e+47  5.70776e-33
 1.03804e+03  2.96907e+05  3.39271e+47  2.96907e+05  3.39305e+47  2.87027e+05  2.81454e+47  2.87027e+05  2.17697e+47  5.70776e-33
 1.07197e+03  2.96907e+05  3.61827e+47  2.96907e+05  3.61861e+47  2.87027e+05  2.91887e+47  2.87027e+05  2.32108e+47  5.70776e-33
 1.10700e+03  2.96907e+05  3.85881e+47  2.96907e+05  3.85915e+47  2.87027e+05  3.03528e+47  2.87027e+05  2.47481e+47  5.70776e-33
 1.14318e+03  2.96907e+05  4.11533e+47  2.96907e+05  4.11567e+47  2.87027e+05  3.16426e+47  2.87027e+05  2.63877e+47  5.70776e-33
 1.18054e+03  2.96907e+05  4.38890e+47  2.87027e+05  4.29924e+47  2.87027e+05  3.30634e+47  2.87027e+05  2.81366e+47  5.70776e-33
 1.21913e+03  2.96907e+05  4.68064e+47  2.87027e+05  4.39310e+47  2.87027e+05  3.46211e+47  2.87027e+05  3.00019e+47  5.70776e-33
 1.25897e+03  2.87027e+05  4.94174e+47  2.87027e+05  4.50515e+47  2.87027e+05  3.63221e+47  2.87027e+05  3.19914e+47  5.70776e-33
 1.30012e+03  2.87027e+05  5.04523e+47  2.87027e+05  4.63585e+47  2.87027e+05  3.81735e+47  2.87027e+05  3.41133e+47  5.70776e-33
 1.34261e+03  2.87027e+05  5.16960e+47  2.87027e+05  4.78575e+47  2.87027e+05  4.01830e+47  2.87027e+05  3.63764e+47  5.70776e-33
 1.38649e+03  2.87027e+05  5.31538e+47  2.87027e+05  4.95546e+47  2.87027e+05  4.23587e+47  2.87027e+05  3.87900e+47  5.70776e-33
 1.43180e+03  2.87027e+05  5.48316e+47  2.87027e+05  5.14569e+47  2.87027e+05  4.47099e+47  2.87027e+05  4.13642e+47  5.70776e-33
 1.47860e+03  2.87027e+05  5.67365e+47  2.87027e+05  5.35722e+47  2.87027e+05  4.72461e+47  2.87027e+05  4.41096e+47  5.70776e-33
 1.52692e+03  2.87027e+05  5.88763e+47  2.87027e+05  5.59093e+47  2.87027e+05  4.99779e+47  2.87027e+05  4.70375e+47  5.70776e-33
 1.57683e+03  2.87027e+05  6.12598e+47  2.87027e+05  5.84779e+47  2.87027e+05  5.29166e+47  2.87027e+05  5.01600e+47  5.70776e-33
 1.62836e+03  2.87027e+05  6.38970e+47  2.87027e+05  6.12886e+47  2.87027e+05  5.60743e+47  2.87027e+05  5.34902e+47  5.70776e-33
 1.68158e+03  2.87027e+05  6.67987e+47  2.87027e+05  6.43530e+47  2.87027e+05  5.94641e+47  2.87027e+05  5.70417e+47  5.70776e-33
 1.73654e+03  2.87027e+05  6.99770e+47  2.87027e+05  6.76839e+47  2.87027e+05  6.31001e+47  2.87027e+05  6.08293e+47  5.70776e-33
 1.79329e+03  2.87027e+05  7.34450e+47  2.87027e+05  7.12949e+47  2.87027e+05  6.69973e+47  2.87027e+05  6.48687e+47  5.70776e-33
 1.85190e+03  2.87027e+05  7.72170e+47  2.87027e+05  7.52011e+47  2.87027e+05  7.11718e+47  2.87027e+05  6.91765e+47  5.70776e-33
 1.91243e+03  2.87027e+05  8.13087e+47  2.87027e+05  7.94186e+47  2.87027e+05  7.56409e+47  2.87027e+05  7.37706e+47  5.70776e-33
 1.97493e+03  2.87027e+05  8.57370e+47  2.87027e+05  8.39649e+47  2.87027e+05  8.04231e+47  2.87027e+05  7.86700e+47  5.70776e-33
 2.03948e+03  2.87027e+05  9.05202e+47  2.87027e+05  8.88587e+47  2.87027e+05  8.55381e+47  2.87027e+05  8.38950e+47  5.70776e-33
 2.10613e+03  2.87027e+05  9.56782e+47  2.87027e+05  9.41204e+47  2.87027e+05  9.10073e+47  2.87027e+05  8.94672e+47  5.70776e-33
 2.17497e+03  2.87027e+05  1.01232e+48  2.87027e+05  9.97716e+47  2.87027e+05  9.68530e+47  2.87027e+05  9.54096e+47  5.70776e-33
 2.24605e+03  2.87027e+05  1.07205e+48  2.87027e+05  1.05836e+48  2.87027e+05  1.03100e+48  2.87027e+05  1.01747e+48  5.70776e-33
 2.31946e+03  2.87027e+05  1.13622e+48  2.87027e+05  1.12338e+48  2.87027e+05  1.09773e+48  2.87027e+05  1.08505e+48  5.70776e-33
 2.39526e+03  2.87027e+05  1.20509e+48  2.87027e+05  1.19306e+48  2.87027e+05  1.16901e+48  2.87027e+05  1.15713e+48  5.70776e-33
 2.47355e+03  2.87027e+05  1.27895e+48  2.87027e+05  1.26767e+48  2.87027e+05  1.24512e+48  2.87027e+05  1.23399e+48  5.70776e-33
 2.55439e+03  2.87027e+05  1.35811e+48  2.87027e+05  1.34753e+48  2.87027e+05  1.32639e+48  2.87027e+05  1.31596e+48  5.70776e-33
 2.63787e+03  2.87027e+05  1.44288e+48  2.87027e+05  1.43296e+48  2.87027e+05  1.41315e+48  2.87027e+05  1.40338e+48  5.70776e-33
 2.72409e+03  2.87027e+05  1.53363e+48  2.87027e+05  1.52433e+48  2.87027e+05  1.50576e+48  2.87027e+05  1.49660e+48  5.70776e-33
 2.81312e+03  2.87027e+05  1.63073e+48  2.87027e+05  1.62201e+48  2.87027e+05  1.60460e+48  2.87027e+05  1.59602e+48  5.70776e-33
 2.90506e+03  2.87027e+05  1.73457e+48  2.87027e+05  1.72640e+48  2.87027e+05  1.71008e+48  2.87027e+05  1.70204e+48  5.70776e-33
 3.00000e+03  2.87027e+05  1.84560e+48  2.87027e+05  1.83794e+48  2.87027e+05  1.82264e+48  2.87027e+05  1.81511e+48  5.70776e-33
