radius_rg T_0deg chi2_0deg T_15deg chi2_15deg T_30deg chi2_30deg T_45deg chi2_45deg nuLnusavg_last
 2.00000e-01  1.07428e+06  3.54599e+44  1.03853e+06  2.84633e+44  9.38269e+05  1.19640e+44  7.40366e+05  1.25097e+43  1.07268e-22
 2.06537e-01  1.07428e+06  3.40771e+44  1.03853e+06  2.72386e+44  9.38269e+05  1.15237e+44  7.15730e+05  1.15192e+43  1.07268e-22
 2.13287e-01  1.07428e+06  3.31595e+44  1.03853e+06  2.64072e+44  9.07048e+05  1.12004e+44  7.15730e+05  1.09303e+43  1.07268e-22
 2.20257e-01  1.03853e+06  3.17455e+44  1.00397e+06  2.54129e+44  9.07048e+05  1.06433e+44  7.15730e+05  1.07601e+43  1.07268e-22
 2.27456e-01  1.03853e+06  3.06786e+44  1.00397e+06  2.44353e+44  9.07048e+05  1.02925e+44  6.91914e+05  1.00671e+43  1.07268e-22
 2.34890e-01  1.00397e+06  2.96760e+44  9.70565e+05  2.38296e+44  8.76865e+05  9.92764e+43  6.91914e+05  9.39917e+42  1.07268e-22
 2.42567e-01  1.00397e+06  2.84424e+44  9.70565e+05  2.26905e+44  8.76865e+05  9.44769e+43  6.91914e+05  9.14358e+42  1.07268e-22
 2.50494e-01  1.00397e+06  2.76506e+44  9.70565e+05  2.19260e+44  8.76865e+05  9.16914e+43  6.68890e+05  8.84202e+42  1.07268e-22
 2.58681e-01  9.70565e+05  2.64724e+44  9.38269e+05  2.11954e+44  8.47687e+05  8.77971e+43  6.68890e+05  8.05907e+42  1.07268e-22
 2.67136e-01  9.70565e+05  2.54878e+44  9.38269e+05  2.02473e+44  8.47687e+05  8.35994e+43  6.68890e+05  7.68290e+42  1.07268e-22
 2.75866e-01  9.38269e+05  2.47951e+44  9.38269e+05  1.96637e+44  8.47687e+05  8.13705e+43  6.68890e+05  7.71195e+42  1.07268e-22
 2.84882e-01  9.38269e+05  2.36002e+44  9.07048e+05  1.88301e+44  8.19480e+05  7.74246e+43  6.46632e+05  6.94497e+42  1.07268e-22
 2.94193e-01  9.38269e+05  2.28272e+44  9.07048e+05  1.80413e+44  8.19480e+05  7.36637e+43  6.46632e+05  6.41238e+42  1.07268e-22
 3.03808e-01  9.07048e+05  2.20187e+44  9.07048e+05  1.76080e+44  8.19480e+05  7.18307e+43  6.46632e+05  6.27974e+42  1.07268e-22
 3.13737e-01  9.07048e+05  2.10105e+44  8.76865e+05  1.66966e+44  7.92211e+05  6.80549e+43  6.25115e+05  6.10523e+42  1.07268e-22
 3.23991e-01  9.07048e+05  2.04134e+44  8.76865e+05  1.60370e+44  7.92211e+05  6.45703e+43  6.25115e+05  5.37930e+42  1.07268e-22
 3.34580e-01  8.76865e+05  1.95184e+44  8.47687e+05  1.56657e+44  7.92211e+05  6.29759e+43  6.25115e+05  5.04906e+42  1.07268e-22
 3.45515e-01  8.76865e+05  1.86618e+44  8.47687e+05  1.47645e+44  7.65850e+05  5.96225e+43  6.25115e+05  5.11315e+42  1.07268e-22
 3.56807e-01  8.76865e+05  1.82064e+44  8.47687e+05  1.42051e+44  7.65850e+05  5.62566e+43  6.04314e+05  4.64585e+42  1.07268e-22
 3.68468e-01  8.47687e+05  1.72588e+44  8.19480e+05  1.38317e+44  7.65850e+05  5.47465e+43  6.04314e+05  4.08065e+42  1.07268e-22
 3.80511e-01  8.47687e+05  1.65199e+44  8.19480e+05  1.30097e+44  7.40366e+05  5.21023e+43  6.04314e+05  3.90576e+42  1.07268e-22
 3.92947e-01  8.47687e+05  1.61734e+44  8.19480e+05  1.25223e+44  7.40366e+05  4.86991e+43  6.04314e+05  4.12046e+42  1.07268e-22
 4.05790e-01  8.19480e+05  1.52117e+44  7.92211e+05  1.21856e+44  7.40366e+05  4.71205e+43  5.84205e+05  3.45199e+42  1.07268e-22
 4.19052e-01  8.19480e+05  1.45579e+44  7.92211e+05  1.14148e+44  7.15730e+05  4.55114e+43  5.84205e+05  3.00000e+42  1.07268e-22
 4.32748e-01  8.19480e+05  1.42884e+44  7.92211e+05  1.09718e+44  7.15730e+05  4.19156e+43  5.84205e+05  2.93386e+42  1.07268e-22
 4.46891e-01  7.92211e+05  1.33567e+44  7.65850e+05  1.07158e+44  7.15730e+05  4.01162e+43  5.84205e+05  3.25328e+42  1.07268e-22
 4.61496e-01  7.92211e+05  1.27561e+44  7.65850e+05  9.96850e+43  6.91914e+05  3.99128e+43  5.64766e+05  2.49060e+42  1.07268e-22
 4.76579e-01  7.92211e+05  1.25323e+44  7.65850e+05  9.54314e+43  6.91914e+05  3.59680e+43  5.64766e+05  2.10434e+42  1.07268e-22
 4.92155e-01  7.65850e+05  1.16810e+44  7.40366e+05  9.41780e+43  6.91914e+05  3.37951e+43  5.64766e+05  2.10022e+42  1.07268e-22
 5.08240e-01  7.65850e+05  1.11022e+44  7.40366e+05  8.66677e+43  6.91914e+05  3.33850e+43  5.64766e+05  2.47821e+42  1.07268e-22
 5.24851e-01  7.65850e+05  1.08934e+44  7.40366e+05  8.23228e+43  6.68890e+05  3.09675e+43  5.45973e+05  1.74644e+42  1.07268e-22
 5.42004e-01  7.40366e+05  1.01794e+44  7.40366e+05  8.11254e+43  6.68890e+05  2.82660e+43  5.45973e+05  1.37787e+42  1.07268e-22
 5.59718e-01  7.40366e+05  9.59157e+43  7.15730e+05  7.51260e+43  6.68890e+05  2.73044e+43  5.45973e+05  1.38843e+42  1.07268e-22
 5.78011e-01  7.40366e+05  9.36751e+43  7.15730e+05  7.04239e+43  6.46632e+05  2.70793e+43  5.45973e+05  1.77816e+42  1.07268e-22
 5.96902e-01  7.15730e+05  8.85563e+43  7.15730e+05  6.88200e+43  6.46632e+05  2.36904e+43  5.27805e+05  1.22390e+42  1.07268e-22
 6.16411e-01  7.15730e+05  8.22786e+43  6.91914e+05  6.51683e+43  6.46632e+05  2.20225e+43  5.27805e+05  8.23844e+41  1.07268e-22
 6.36557e-01  7.15730e+05  7.95823e+43  6.91914e+05  5.98418e+43  6.46632e+05  2.20687e+43  5.27805e+05  8.00622e+41  1.07268e-22
 6.57361e-01  6.91914e+05  7.72216e+43  6.91914e+05  5.75696e+43  6.25115e+05  2.02901e+43  5.27805e+05  1.15414e+42  1.07268e-22
 6.78845e-01  6.91914e+05  7.02342e+43  6.68890e+05  5.69889e+43  6.25115e+05  1.77556e+43  5.10242e+05  9.49797e+41  1.07268e-22
 7.01032e-01  6.91914e+05  6.67785e+43  6.68890e+05  5.07666e+43  6.25115e+05  1.69176e+43  5.10242e+05  4.67245e+41  1.07268e-22
 7.23943e-01  6.91914e+05  6.68402e+43  6.68890e+05  4.75610e+43  6.25115e+05  1.77726e+43  5.10242e+05  3.60051e+41  1.07268e-22
 7.47603e-01  6.68890e+05  6.00033e+43  6.68890e+05  4.73591e+43  6.04314e+05  1.47873e+43  5.10242e+05  6.27770e+41  1.07268e-22
 7.72037e-01  6.68890e+05  5.54804e+43  6.46632e+05  4.34813e+43  6.04314e+05  1.29021e+43  4.93264e+05  9.77310e+41  1.07268e-22
 7.97269e-01  6.68890e+05  5.44282e+43  6.46632e+05  3.90711e+43  6.04314e+05  1.26933e+43  4.93264e+05  3.58538e+41  1.07268e-22
 8.23326e-01  6.46632e+05  5.19144e+43  6.46632e+05  3.76294e+43  5.84205e+05  1.34807e+43  4.93264e+05  1.14674e+41  1.07268e-22
 8.50234e-01  6.46632e+05  4.60093e+43  6.25115e+05  3.83751e+43  5.84205e+05  1.03750e+43  4.93264e+05  2.44708e+41  1.07268e-22
 8.78022e-01  6.46632e+05  4.35356e+43  6.25115e+05  3.24790e+43  5.84205e+05  8.93522e+42  4.93264e+05  7.49180e+41  1.07268e-22
 9.06718e-01  6.46632e+05  4.44831e+43  6.25115e+05  2.95240e+43  5.84205e+05  9.15538e+42  4.76850e+05  5.79032e+41  1.07268e-22
 9.36352e-01  6.25115e+05  3.88054e+43  6.25115e+05  2.94980e+43  5.64766e+05  9.78132e+42  4.76850e+05  1.42216e+41  1.07268e-22
 9.66955e-01  6.25115e+05  3.45925e+43  6.04314e+05  2.82822e+43  5.64766e+05  6.93008e+42  4.76850e+05  7.94128e+40  1.07268e-22
 9.98557e-01  6.25115e+05  3.37637e+43  6.04314e+05  2.35275e+43  5.64766e+05  5.73051e+42  4.76850e+05  3.90362e+41  1.07268e-22
 1.03119e+00  6.04314e+05  3.44474e+43  6.04314e+05  2.16770e+43  5.64766e+05  6.17764e+42  4.76850e+05  1.07635e+42  1.07268e-22
 1.06489e+00  6.04314e+05  2.81618e+43  6.04314e+05  2.27229e+43  5.45973e+05  7.21819e+42  4.60983e+05  5.57496e+41  1.07268e-22
 1.09970e+00  6.04314e+05  2.52337e+43  5.84205e+05  2.02595e+43  5.45973e+05  4.40861e+42  4.60983e+05  2.42027e+41  1.07268e-22
 1.13564e+00  6.04314e+05  2.56510e+43  5.84205e+05  1.62899e+43  5.45973e+05  3.24026e+42  4.60983e+05  3.00984e+41  1.07268e-22
 1.17276e+00  5.84205e+05  2.49638e+43  5.84205e+05  1.51944e+43  5.45973e+05  3.70831e+42  4.60983e+05  7.34611e+41  1.07268e-22
 1.21108e+00  5.84205e+05  1.95934e+43  5.84205e+05  1.69686e+43  5.45973e+05  5.81468e+42  4.45643e+05  1.52336e+42  1.07268e-22
 1.25067e+00  5.84205e+05  1.75451e+43  5.64766e+05  1.40953e+43  5.27805e+05  2.85597e+42  4.45643e+05  8.88599e+41  1.07268e-22
 1.29154e+00  5.84205e+05  1.88104e+43  5.64766e+05  1.05525e+43  5.27805e+05  1.50320e+42  4.45643e+05  6.30935e+41  1.07268e-22
 1.33375e+00  5.64766e+05  1.77252e+43  5.64766e+05  9.86018e+42  5.27805e+05  1.77964e+42  4.45643e+05  7.49307e+41  1.07268e-22
 1.37734e+00  5.64766e+05  1.28545e+43  5.64766e+05  1.20154e+43  5.27805e+05  3.68643e+42  4.45643e+05  1.24420e+42  1.07268e-22
 1.42236e+00  5.64766e+05  1.12780e+43  5.45973e+05  9.71741e+42  5.10242e+05  2.42121e+42  4.45643e+05  2.11767e+42  1.07268e-22
 1.46884e+00  5.64766e+05  1.29891e+43  5.45973e+05  6.23682e+42  5.10242e+05  6.58398e+41  4.30814e+05  1.58877e+42  1.07268e-22
 1.51685e+00  5.45973e+05  1.26500e+43  5.45973e+05  5.58882e+42  5.10242e+05  5.21293e+41  4.30814e+05  1.32071e+42  1.07268e-22
 1.56642e+00  5.45973e+05  7.85605e+42  5.45973e+05  7.77072e+42  5.10242e+05  2.00933e+42  4.30814e+05  1.43153e+42  1.07268e-22
 1.61762e+00  5.45973e+05  6.33556e+42  5.27805e+05  7.21111e+42  4.93264e+05  3.37791e+42  4.30814e+05  1.92171e+42  1.07268e-22
 1.67049e+00  5.45973e+05  8.08228e+42  5.27805e+05  3.41634e+42  4.93264e+05  9.65007e+41  4.30814e+05  2.79326e+42  1.07268e-22
 1.72508e+00  5.27805e+05  9.83991e+42  5.27805e+05  2.44248e+42  4.93264e+05  1.79077e+41  4.16479e+05  2.72688e+42  1.07268e-22
 1.78146e+00  5.27805e+05  4.68611e+42  5.27805e+05  4.28550e+42  4.93264e+05  1.01687e+42  4.16479e+05  2.37328e+42  1.07268e-22
 1.83968e+00  5.27805e+05  2.79268e+42  5.10242e+05  6.84427e+42  4.93264e+05  3.48186e+42  4.16479e+05  2.40292e+42  1.07268e-22
 1.89981e+00  5.27805e+05  4.15179e+42  5.10242e+05  2.34107e+42  4.76850e+05  2.83076e+42  4.16479e+05  2.81594e+42  1.07268e-22
 1.96190e+00  5.27805e+05  8.76907e+42  5.10242e+05  6.54333e+41  4.76850e+05  1.14183e+42  4.16479e+05  3.61403e+42  1.07268e-22
 2.02602e+00  5.10242e+05  3.63814e+42  5.10242e+05  1.77708e+42  4.76850e+05  1.08060e+42  4.02620e+05  4.44377e+42  1.07268e-22
 2.09224e+00  5.10242e+05  9.23076e+41  5.10242e+05  5.71396e+42  4.76850e+05  2.64683e+42  4.02620e+05  3.91928e+42  1.07268e-22
 2.16062e+00  5.10242e+05  1.45282e+42  4.93264e+05  3.47277e+42  4.76850e+05  5.84699e+42  4.02620e+05  3.78443e+42  1.07268e-22
 2.23123e+00  5.10242e+05  5.22956e+42  4.93264e+05  6.62071e+41  4.60983e+05  3.98094e+42  4.02620e+05  4.03866e+42  1.07268e-22
 2.30415e+00  4.93264e+05  5.25221e+42  4.93264e+05  6.60886e+41  4.60983e+05  2.74719e+42  4.02620e+05  4.68304e+42  1.07268e-22
 2.37946e+00  4.93264e+05  1.23852e+42  4.93264e+05  3.46921e+42  4.60983e+05  3.14780e+42  4.02620e+05  5.72022e+42  1.07268e-22
 2.45723e+00  4.93264e+05  4.70930e+41  4.76850e+05  7.53584e+42  4.60983e+05  5.18441e+42  3.89223e+05  6.18936e+42  1.07268e-22
 2.53753e+00  4.93264e+05  2.94628e+42  4.76850e+05  3.15583e+42  4.60983e+05  8.86547e+42  3.89223e+05  5.79221e+42  1.07268e-22
 2.62047e+00  4.93264e+05  8.67480e+42  4.76850e+05  1.59566e+42  4.45643e+05  6.79475e+42  3.89223e+05  5.79245e+42  1.07268e-22
 2.70611e+00  4.76850e+05  4.54495e+42  4.76850e+05  2.84886e+42  4.45643e+05  5.73004e+42  3.89223e+05  6.19009e+42  1.07268e-22
 2.79455e+00  4.76850e+05  1.97506e+42  4.76850e+05  6.92063e+42  4.45643e+05  6.31202e+42  3.89223e+05  6.98677e+42  1.07268e-22
 2.88589e+00  4.76850e+05  2.65432e+42  4.60983e+05  9.14908e+42  4.45643e+05  8.54312e+42  3.89223e+05  8.18579e+42  1.07268e-22
 2.98021e+00  4.76850e+05  6.58556e+42  4.60983e+05  5.54992e+42  4.45643e+05  1.24325e+43  3.76271e+05  8.79016e+42  1.07268e-22
 3.07761e+00  4.60983e+05  1.20256e+43  4.60983e+05  4.78050e+42  4.30814e+05  1.14427e+43  3.76271e+05  8.42001e+42  1.07268e-22
 3.17819e+00  4.60983e+05  7.09539e+42  4.60983e+05  6.83764e+42  4.30814e+05  1.02343e+43  3.76271e+05  8.45813e+42  1.07268e-22
 3.28206e+00  4.60983e+05  5.43555e+42  4.60983e+05  1.17299e+43  4.30814e+05  1.06912e+43  3.76271e+05  8.90468e+42  1.07268e-22
 3.38933e+00  4.60983e+05  7.03918e+42  4.45643e+05  1.39030e+43  4.30814e+05  1.28153e+43  3.76271e+05  9.76151e+42  1.07268e-22
 3.50010e+00  4.60983e+05  1.19129e+43  4.45643e+05  1.05837e+43  4.30814e+05  1.66155e+43  3.76271e+05  1.10322e+43  1.07268e-22
 3.61449e+00  4.45643e+05  1.74419e+43  4.45643e+05  1.01150e+43  4.16479e+05  1.83715e+43  3.63750e+05  1.24981e+43  1.07268e-22
 3.73262e+00  4.45643e+05  1.28294e+43  4.45643e+05  1.24949e+43  4.16479e+05  1.66672e+43  3.63750e+05  1.20314e+43  1.07268e-22
 3.85462e+00  4.45643e+05  1.15109e+43  4.45643e+05  1.77333e+43  4.16479e+05  1.66548e+43  3.63750e+05  1.19878e+43  1.07268e-22
 3.98060e+00  4.45643e+05  1.34811e+43  4.30814e+05  2.21187e+43  4.16479e+05  1.83344e+43  3.63750e+05  1.23673e+43  1.07268e-22
 4.11069e+00  4.45643e+05  1.87481e+43  4.30814e+05  1.85316e+43  4.16479e+05  2.17128e+43  3.63750e+05  1.31714e+43  1.07268e-22
 4.24504e+00  4.30814e+05  2.70073e+43  4.30814e+05  1.78279e+43  4.16479e+05  2.68040e+43  3.63750e+05  1.44034e+43  1.07268e-22
 4.38378e+00  4.30814e+05  2.20764e+43  4.30814e+05  2.00048e+43  4.02620e+05  2.58143e+43  3.63750e+05  1.60685e+43  1.07268e-22
 4.52705e+00  4.30814e+05  2.04778e+43  4.30814e+05  2.50712e+43  4.02620e+05  2.49327e+43  3.51646e+05  1.71311e+43  1.07268e-22
 4.67501e+00  4.30814e+05  2.22049e+43  4.30814e+05  3.30482e+43  4.02620e+05  2.57774e+43  3.51646e+05  1.68481e+43  1.07268e-22
 4.82780e+00  4.30814e+05  2.72649e+43  4.16479e+05  3.01353e+43  4.02620e+05  2.83517e+43  3.51646e+05  1.70082e+43  1.07268e-22
 4.98558e+00  4.30814e+05  3.56787e+43  4.16479e+05  2.85942e+43  4.02620e+05  3.26663e+43  3.51646e+05  1.76122e+43  1.07268e-22
 5.14853e+00  4.16479e+05  3.57117e+43  4.16479e+05  2.99781e+43  4.02620e+05  3.87391e+43  3.51646e+05  1.86625e+43  1.07268e-22
 5.31679e+00  4.16479e+05  3.31334e+43  4.16479e+05  3.42929e+43  3.89223e+05  3.68068e+43  3.51646e+05  2.01635e+43  1.07268e-22
 5.49056e+00  4.16479e+05  3.39331e+43  4.16479e+05  4.15564e+43  3.89223e+05  3.63458e+43  3.51646e+05  2.21213e+43  1.07268e-22
 5.67001e+00  4.16479e+05  3.81142e+43  4.02620e+05  4.68095e+43  3.89223e+05  3.76581e+43  3.51646e+05  2.45441e+43  1.07268e-22
 5.85532e+00  4.16479e+05  4.56940e+43  4.02620e+05  4.37288e+43  3.89223e+05  4.07493e+43  3.51646e+05  2.74419e+43  1.07268e-22
 6.04668e+00  4.02620e+05  5.53969e+43  4.02620e+05  4.36359e+43  3.89223e+05  4.56322e+43  3.51646e+05  3.08266e+43  1.07268e-22
 6.24430e+00  4.02620e+05  5.10227e+43  4.02620e+05  4.65304e+43  3.89223e+05  5.23268e+43  3.51646e+05  3.47124e+43  1.07268e-22
 6.44838e+00  4.02620e+05  5.01006e+43  4.02620e+05  5.24241e+43  3.76271e+05  5.21063e+43  3.51646e+05  3.91153e+43  1.07268e-22
 6.65913e+00  4.02620e+05  5.26269e+43  4.02620e+05  6.13417e+43  3.76271e+05  5.15771e+43  3.51646e+05  4.40534e+43  1.07268e-22
 6.87677e+00  4.02620e+05  5.86119e+43  3.89223e+05  6.55302e+43  3.76271e+05  5.28844e+43  3.39945e+05  4.57696e+43  1.07268e-22
 7.10152e+00  4.02620e+05  6.80805e+43  3.89223e+05  6.31323e+43  3.76271e+05  5.60335e+43  3.39945e+05  4.73580e+43  1.07268e-22
 7.33362e+00  3.89223e+05  7.68405e+43  3.89223e+05  6.38025e+43  3.76271e+05  6.10375e+43  3.39945e+05  4.95157e+43  1.07268e-22
 7.57330e+00  3.89223e+05  7.32333e+43  3.89223e+05  6.75435e+43  3.76271e+05  6.79171e+43  3.39945e+05  5.22518e+43  1.07268e-22
 7.82082e+00  3.89223e+05  7.31702e+43  3.89223e+05  7.43709e+43  3.63750e+05  7.35345e+43  3.39945e+05  5.55776e+43  1.07268e-22
 8.07642e+00  3.89223e+05  7.66509e+43  3.89223e+05  8.43127e+43  3.63750e+05  7.22996e+43  3.39945e+05  5.95067e+43  1.07268e-22
 8.34038e+00  3.89223e+05  8.36897e+43  3.76271e+05  9.21655e+43  3.63750e+05  7.29869e+43  3.39945e+05  6.40556e+43  1.07268e-22
 8.61296e+00  3.89223e+05  9.43159e+43  3.76271e+05  8.95888e+43  3.63750e+05  7.55992e+43  3.39945e+05  6.92430e+43  1.07268e-22
 8.89446e+00  3.76271e+05  1.07664e+44  3.76271e+05  9.01897e+43  3.63750e+05  8.01474e+43  3.39945e+05  7.50904e+43  1.07268e-22
 9.18515e+00  3.76271e+05  1.03820e+44  3.76271e+05  9.39706e+43  3.63750e+05  8.66502e+43  3.39945e+05  8.16219e+43  1.07268e-22
 9.48535e+00  3.76271e+05  1.03647e+44  3.76271e+05  1.00947e+44  3.63750e+05  9.51346e+43  3.39945e+05  8.88647e+43  1.07268e-22
 9.79535e+00  3.76271e+05  1.07144e+44  3.76271e+05  1.11148e+44  3.51646e+05  1.02247e+44  3.39945e+05  9.68487e+43  1.07268e-22
 1.01155e+01  3.76271e+05  1.14325e+44  3.76271e+05  1.24616e+44  3.51646e+05  1.01435e+44  3.39945e+05  1.05607e+44  1.07268e-22
 1.04461e+01  3.76271e+05  1.25221e+44  3.63750e+05  1.26134e+44  3.51646e+05  1.02666e+44  3.39945e+05  1.15176e+44  1.07268e-22
 1.07875e+01  3.76271e+05  1.39875e+44  3.63750e+05  1.25580e+44  3.51646e+05  1.05944e+44  3.39945e+05  1.25594e+44  1.07268e-22
 1.11401e+01  3.63750e+05  1.46359e+44  3.63750e+05  1.28354e+44  3.51646e+05  1.11285e+44  3.39945e+05  1.36906e+44  1.07268e-22
 1.15041e+01  3.63750e+05  1.44812e+44  3.63750e+05  1.34465e+44  3.51646e+05  1.18708e+44  3.39945e+05  1.49158e+44  1.07268e-22
 1.18801e+01  3.63750e+05  1.47106e+44  3.63750e+05  1.43939e+44  3.51646e+05  1.28246e+44  3.39945e+05  1.62401e+44  1.07268e-22
 1.22684e+01  3.63750e+05  1.53250e+44  3.63750e+05  1.56816e+44  3.51646e+05  1.39938e+44  3.39945e+05  1.76689e+44  1.07268e-22
 1.26694e+01  3.63750e+05  1.63268e+44  3.63750e+05  1.73149e+44  3.51646e+05  1.53831e+44  3.39945e+05  1.92082e+44  1.07268e-22
 1.30834e+01  3.63750e+05  1.77204e+44  3.51646e+05  1.76227e+44  3.51646e+05  1.69985e+44  3.39945e+05  2.08643e+44  1.07268e-22
 1.35110e+01  3.63750e+05  1.95113e+44  3.51646e+05  1.76499e+44  3.51646e+05  1.88465e+44  3.39945e+05  2.26441e+44  1.07268e-22
 1.39526e+01  3.51646e+05  2.04012e+44  3.51646e+05  1.80308e+44  3.51646e+05  2.09347e+44  3.39945e+05  2.45549e+44  1.07268e-22
 1.44086e+01  3.51646e+05  2.03361e+44  3.51646e+05  1.87670e+44  3.51646e+05  2.32719e+44  3.39945e+05  2.66048e+44  1.07268e-22
 1.48795e+01  3.51646e+05  2.06793e+44  3.51646e+05  1.98615e+44  3.51646e+05  2.58677e+44  3.39945e+05  2.88020e+44  1.07268e-22
 1.53658e+01  3.51646e+05  2.14321e+44  3.51646e+05  2.13189e+44  3.51646e+05  2.87329e+44  3.39945e+05  3.11558e+44  1.07268e-22
 1.58680e+01  3.51646e+05  2.25978e+44  3.51646e+05  2.31452e+44  3.51646e+05  3.18793e+44  3.39945e+05  3.36759e+44  1.07268e-22
 1.63866e+01  3.51646e+05  2.41811e+44  3.51646e+05  2.53480e+44  3.51646e+05  3.53199e+44  3.39945e+05  3.63727e+44  1.07268e-22
 1.69222e+01  3.51646e+05  2.61885e+44  3.51646e+05  2.79363e+44  3.51646e+05  3.90690e+44  3.39945e+05  3.92574e+44  1.07268e-22
 1.74753e+01  3.51646e+05  2.86284e+44  3.51646e+05  3.09210e+44  3.51646e+05  4.31420e+44  3.39945e+05  4.23418e+44  1.07268e-22
 1.80464e+01  3.51646e+05  3.15109e+44  3.51646e+05  3.43143e+44  3.51646e+05  4.75559e+44  3.39945e+05  4.56389e+44  1.07268e-22
 1.86362e+01  3.51646e+05  3.48479e+44  3.51646e+05  3.81302e+44  3.39945e+05  5.21553e+44  3.39945e+05  4.91621e+44  1.07268e-22
 1.92453e+01  3.51646e+05  3.86532e+44  3.51646e+05  4.23847e+44  3.39945e+05  5.38520e+44  3.39945e+05  5.29262e+44  1.07268e-22
 1.98743e+01  3.51646e+05  4.29426e+44  3.51646e+05  4.70952e+44  3.39945e+05  5.59338e+44  3.39945e+05  5.69466e+44  1.07268e-22
 2.05238e+01  3.51646e+05  4.77338e+44  3.51646e+05  5.22813e+44  3.39945e+05  5.84094e+44  3.39945e+05  6.12401e+44  1.07268e-22
 2.11946e+01  3.51646e+05  5.30467e+44  3.51646e+05  5.79645e+44  3.39945e+05  6.12890e+44  3.39945e+05  6.58243e+44  1.07268e-22
 2.18873e+01  3.51646e+05  5.89031e+44  3.51646e+05  6.41682e+44  3.39945e+05  6.45846e+44  3.39945e+05  7.07183e+44  1.07268e-22
 2.26026e+01  3.51646e+05  6.53275e+44  3.51646e+05  7.09181e+44  3.39945e+05  6.83098e+44  3.39945e+05  7.59422e+44  1.07268e-22
 2.33413e+01  3.51646e+05  7.23462e+44  3.51646e+05  7.82422e+44  3.39945e+05  7.24799e+44  3.39945e+05  8.15179e+44  1.07268e-22
 2.41042e+01  3.51646e+05  7.99885e+44  3.51646e+05  8.61708e+44  3.39945e+05  7.71123e+44  3.39945e+05  8.74682e+44  1.07268e-22
 2.48920e+01  3.51646e+05  8.82859e+44  3.39945e+05  9.16747e+44  3.39945e+05  8.22262e+44  3.39945e+05  9.38178e+44  1.07268e-22
 2.57055e+01  3.51646e+05  9.72728e+44  3.39945e+05  9.49206e+44  3.39945e+05  8.78426e+44  3.39945e+05  1.00593e+45  1.07268e-22
 2.65456e+01  3.39945e+05  1.05083e+45  3.39945e+05  9.88400e+44  3.39945e+05  9.39849e+44  3.39945e+05  1.07822e+45  1.07268e-22
 2.74132e+01  3.39945e+05  1.08649e+45  3.39945e+05  1.03449e+45  3.39945e+05  1.00678e+45  3.39945e+05  1.15534e+45  1.07268e-22
 2.83091e+01  3.39945e+05  1.12990e+45  3.39945e+05  1.08767e+45  3.39945e+05  1.07951e+45  3.39945e+05  1.23762e+45  1.07268e-22
 2.92343e+01  3.39945e+05  1.18122e+45  3.39945e+05  1.14816e+45  3.39945e+05  1.15832e+45  3.39945e+05  1.32540e+45  1.07268e-22
 3.01898e+01  3.39945e+05  1.24067e+45  3.39945e+05  1.21620e+45  3.39945e+05  1.24355e+45  3.39945e+05  1.41903e+45  1.07268e-22
 3.11765e+01  3.39945e+05  1.30849e+45  3.39945e+05  1.29209e+45  3.39945e+05  1.33556e+45  3.39945e+05  1.51891e+45  1.07268e-22
 3.21954e+01  3.39945e+05  1.38498e+45  3.39945e+05  1.37613e+45  3.39945e+05  1.43471e+45  3.39945e+05  1.62545e+45  1.07268e-22
 3.32476e+01  3.39945e+05  1.47043e+45  3.39945e+05  1.46867e+45  3.39945e+05  1.54142e+45  3.39945e+05  1.73909e+45  1.07268e-22
 3.43343e+01  3.39945e+05  1.56521e+45  3.39945e+05  1.57010e+45  3.39945e+05  1.65613e+45  3.39945e+05  1.86030e+45  1.07268e-22
 3.54564e+01  3.39945e+05  1.66971e+45  3.39945e+05  1.68083e+45  3.39945e+05  1.77932e+45  3.39945e+05  1.98958e+45  1.07268e-22
 3.66152e+01  3.39945e+05  1.78436e+45  3.39945e+05  1.80132e+45  3.39945e+05  1.91150e+45  3.39945e+05  2.12747e+45  1.07268e-22
 3.78119e+01  3.39945e+05  1.90964e+45  3.39945e+05  1.93208e+45  3.39945e+05  2.05321e+45  3.39945e+05  2.27453e+45  1.07268e-22
 3.90477e+01  3.39945e+05  2.04606e+45  3.39945e+05  2.07363e+45  3.39945e+05  2.20504e+45  3.39945e+05  2.43139e+45  1.07268e-22
 4.03238e+01  3.39945e+05  2.19418e+45  3.39945e+05  2.22658e+45  3.39945e+05  2.36762e+45  3.39945e+05  2.59867e+45  1.07268e-22
 4.16417e+01  3.39945e+05  2.35463e+45  3.39945e+05  2.39155e+45  3.39945e+05  2.54162e+45  3.39945e+05  2.77709e+45  1.07268e-22
 4.30027e+01  3.39945e+05  2.52807e+45  3.39945e+05  2.56922e+45  3.39945e+05  2.72776e+45  3.39945e+05  2.96737e+45  1.07268e-22
 4.44081e+01  3.39945e+05  2.71521e+45  3.39945e+05  2.76033e+45  3.39945e+05  2.92682e+45  3.39945e+05  3.17031e+45  1.07268e-22
 4.58595e+01  3.39945e+05  2.91682e+45  3.39945e+05  2.96567e+45  3.39945e+05  3.13961e+45  3.39945e+05  3.38674e+45  1.07268e-22
 4.73583e+01  3.39945e+05  3.13375e+45  3.39945e+05  3.18609e+45  3.39945e+05  3.36701e+45  3.39945e+05  3.61756e+45  1.07268e-22
 4.89061e+01  3.39945e+05  3.36689e+45  3.39945e+05  3.42251e+45  3.39945e+05  3.60998e+45  3.39945e+05  3.86372e+45  1.07268e-22
 5.05045e+01  3.39945e+05  3.61720e+45  3.39945e+05  3.67589e+45  3.39945e+05  3.86950e+45  3.39945e+05  4.12625e+45  1.07268e-22
 5.21551e+01  3.39945e+05  3.88573e+45  3.39945e+05  3.94730e+45  3.39945e+05  4.14666e+45  3.39945e+05  4.40623e+45  1.07268e-22
 5.38597e+01  3.39945e+05  4.17357e+45  3.39945e+05  4.23784e+45  3.39945e+05  4.44261e+45  3.39945e+05  4.70481e+45  1.07268e-22
 5.56199e+01  3.39945e+05  4.48193e+45  3.39945e+05  4.54873e+45  3.39945e+05  4.75856e+45  3.39945e+05  5.02324e+45  1.07268e-22
 5.74378e+01  3.39945e+05  4.81208e+45  3.39945e+05  4.88126e+45  3.39945e+05  5.09583e+45  3.39945e+05  5.36284e+45  1.07268e-22
 5.93150e+01  3.39945e+05  5.16538e+45  3.39945e+05  5.23679e+45  3.39945e+05  5.45582e+45  3.39945e+05  5.72499e+45  1.07268e-22
 6.12535e+01  3.39945e+05  5.54331e+45  3.39945e+05  5.61680e+45  3.39945e+05  5.84000e+45  3.39945e+05  6.11122e+45  1.07268e-22
 6.32555e+01  3.39945e+05  5.94741e+45  3.39945e+05  6.02286e+45  3.39945e+05  6.24998e+45  3.39945e+05  6.52311e+45  1.07268e-22
 6.53228e+01  3.39945e+05  6.37937e+45  3.39945e+05  6.45665e+45  3.39945e+05  6.68744e+45  3.39945e+05  6.96237e+45  1.07268e-22
 6.74577e+01  3.39945e+05  6.84096e+45  3.39945e+05  6.91997e+45  3.39945e+05  7.15420e+45  3.39945e+05  7.43081e+45  1.07268e-22
 6.96624e+01  3.39945e+05  7.33412e+45  3.39945e+05  7.41474e+45  3.39945e+05  7.65220e+45  3.39945e+05  7.93038e+45  1.07268e-22
 7.19392e+01  3.39945e+05  7.86086e+45  3.39945e+05  7.94299e+45  3.39945e+05  8.18348e+45  3.39945e+05  8.46315e+45  1.07268e-22
 7.42903e+01  3.39945e+05  8.42338e+45  3.39945e+05  8.50693e+45  3.39945e+05  8.75025e+45  3.39945e+05  9.03131e+45  1.07268e-22
 7.67183e+01  3.39945e+05  9.02399e+45  3.39945e+05  9.10888e+45  3.39945e+05  9.35486e+45  3.39945e+05  9.63722e+45  1.07268e-22
 7.92257e+01  3.39945e+05  9.66520e+45  3.39945e+05  9.75133e+45  3.39945e+05  9.99981e+45  3.39945e+05  1.02834e+46  1.07268e-22
 8.18150e+01  3.39945e+05  1.03496e+46  3.39945e+05  1.04369e+46  3.39945e+05  1.06878e+46  3.39945e+05  1.09725e+46  1.07268e-22
 8.44889e+01  3.39945e+05  1.10802e+46  3.39945e+05  1.11686e+46  3.39945e+05  1.14216e+46  3.39945e+05  1.17074e+46  1.07268e-22
 8.72502e+01  3.39945e+05  1.18598e+46  3.39945e+05  1.19492e+46  3.39945e+05  1.22043e+46  3.39945e+05  1.24911e+46  1.07268e-22
 9.01018e+01  3.39945e+05  1.26917e+46  3.39945e+05  1.27821e+46  3.39945e+05  1.30391e+46  3.39945e+05  1.33268e+46  1.07268e-22
 9.30466e+01  3.39945e+05  1.35794e+46  3.39945e+05  1.36707e+46  3.39945e+05  1.39295e+46  3.39945e+05  1.42181e+46  1.07268e-22
 9.60876e+01  3.39945e+05  1.45265e+46  3.39945e+05  1.46187e+46  3.39945e+05  1.48792e+46  3.39945e+05  1.51687e+46  1.07268e-22
 9.92280e+01  3.39945e+05  1.55370e+46  3.39945e+05  1.56300e+46  3.39945e+05  1.58921e+46  3.39945e+05  1.61823e+46  1.07268e-22
 1.02471e+02  3.39945e+05  1.66151e+46  3.39945e+05  1.67088e+46  3.39945e+05  1.69724e+46  3.28633e+05  1.66662e+46  1.07268e-22
 1.05820e+02  3.39945e+05  1.77651e+46  3.39945e+05  1.78595e+46  3.39945e+05  1.81245e+46  3.28633e+05  1.71257e+46  1.07268e-22
 1.09278e+02  3.39945e+05  1.89919e+46  3.39945e+05  1.90870e+46  3.39945e+05  1.93533e+46  3.28633e+05  1.76564e+46  1.07268e-22
 1.12850e+02  3.39945e+05  2.03006e+46  3.39945e+05  2.03962e+46  3.39945e+05  2.06637e+46  3.28633e+05  1.82605e+46  1.07268e-22
 1.16538e+02  3.39945e+05  2.16964e+46  3.39945e+05  2.17927e+46  3.39945e+05  2.20614e+46  3.28633e+05  1.89406e+46  1.07268e-22
 1.20347e+02  3.39945e+05  2.31854e+46  3.39945e+05  2.32821e+46  3.39945e+05  2.35519e+46  3.28633e+05  1.96994e+46  1.07268e-22
 1.24280e+02  3.39945e+05  2.47735e+46  3.39945e+05  2.48708e+46  3.39945e+05  2.51416e+46  3.28633e+05  2.05401e+46  1.07268e-22
 1.28342e+02  3.39945e+05  2.64674e+46  3.39945e+05  2.65651e+46  3.39945e+05  2.68369e+46  3.28633e+05  2.14662e+46  1.07268e-22
 1.32537e+02  3.39945e+05  2.82740e+46  3.39945e+05  2.83722e+46  3.39945e+05  2.86449e+46  3.28633e+05  2.24816e+46  1.07268e-22
 1.36868e+02  3.39945e+05  3.02009e+46  3.39945e+05  3.02996e+46  3.39945e+05  3.05730e+46  3.28633e+05  2.35903e+46  1.07268e-22
 1.41341e+02  3.39945e+05  3.22561e+46  3.39945e+05  3.23551e+46  3.39945e+05  3.26293e+46  3.28633e+05  2.47970e+46  1.07268e-22
 1.45961e+02  3.39945e+05  3.44479e+46  3.39945e+05  3.45473e+46  3.39945e+05  3.48223e+46  3.28633e+05  2.61068e+46  1.07268e-22
 1.50731e+02  3.39945e+05  3.67856e+46  3.39945e+05  3.68853e+46  3.39945e+05  3.71610e+46  3.28633e+05  2.75249e+46  1.07268e-22
 1.55658e+02  3.39945e+05  3.92787e+46  3.39945e+05  3.93788e+46  3.39945e+05  3.96551e+46  3.28633e+05  2.90573e+46  1.07268e-22
 1.60745e+02  3.39945e+05  4.19377e+46  3.39945e+05  4.20380e+46  3.39945e+05  4.23150e+46  3.28633e+05  3.07104e+46  1.07268e-22
 1.65998e+02  3.39945e+05  4.47734e+46  3.39945e+05  4.48741e+46  3.39945e+05  4.51515e+46  3.28633e+05  3.24909e+46  1.07268e-22
 1.71424e+02  3.39945e+05  4.77977e+46  3.39945e+05  4.78986e+46  3.39945e+05  4.81766e+46  3.28633e+05  3.44063e+46  1.07268e-22
 1.77026e+02  3.39945e+05  5.10230e+46  3.39945e+05  5.11242e+46  3.39945e+05  5.14027e+46  3.28633e+05  3.64644e+46  1.07268e-22
 1.82812e+02  3.39945e+05  5.44627e+46  3.39945e+05  5.45641e+46  3.39945e+05  5.48431e+46  3.28633e+05  3.86738e+46  1.07268e-22
 1.88787e+02  3.39945e+05  5.81311e+46  3.39945e+05  5.82327e+46  3.39945e+05  5.85121e+46  3.28633e+05  4.10436e+46  1.07268e-22
 1.94957e+02  3.39945e+05  6.20432e+46  3.39945e+05  6.21451e+46  3.39945e+05  6.24249e+46  3.28633e+05  4.35837e+46  1.07268e-22
 2.01328e+02  3.39945e+05  6.62154e+46  3.39945e+05  6.63174e+46  3.39945e+05  6.65977e+46  3.28633e+05  4.63045e+46  1.07268e-22
 2.07908e+02  3.39945e+05  7.06649e+46  3.39945e+05  7.07670e+46  3.39945e+05  7.10476e+46  3.28633e+05  4.92173e+46  1.07268e-22
 2.14703e+02  3.39945e+05  7.54100e+46  3.39945e+05  7.55123e+46  3.39945e+05  7.57933e+46  3.28633e+05  5.23341e+46  1.07268e-22
 2.21720e+02  3.39945e+05  8.04704e+46  3.39945e+05  8.05729e+46  3.39945e+05  8.08542e+46  3.28633e+05  5.56679e+46  1.07268e-22
 2.28967e+02  3.39945e+05  8.58671e+46  3.39945e+05  8.59698e+46  3.39945e+05  8.62514e+46  3.28633e+05  5.92325e+46  1.07268e-22
 2.36450e+02  3.39945e+05  9.16224e+46  3.39945e+05  9.17253e+46  3.39945e+05  9.20071e+46  3.28633e+05  6.30426e+46  1.07268e-22
 2.44178e+02  3.39945e+05  9.77602e+46  3.39945e+05  9.78631e+46  3.39945e+05  9.81452e+46  3.28633e+05  6.71139e+46  1.07268e-22
 2.52158e+02  3.39945e+05  1.04306e+47  3.39945e+05  1.04409e+47  3.39945e+05  1.04691e+47  3.28633e+05  7.14634e+46  1.07268e-22
 2.60399e+02  3.39945e+05  1.11286e+47  3.39945e+05  1.11389e+47  3.39945e+05  1.11672e+47  3.28633e+05  7.61090e+46  1.07268e-22
 2.68910e+02  3.39945e+05  1.18730e+47  3.39945e+05  1.18834e+47  3.39945e+05  1.19116e+47  3.28633e+05  8.10699e+46  1.07268e-22
 2.77699e+02  3.39945e+05  1.26669e+47  3.39945e+05  1.26773e+47  3.39945e+05  1.27056e+47  3.28633e+05  8.63667e+46  1.07268e-22
 2.86774e+02  3.39945e+05  1.35136e+47  3.39945e+05  1.35239e+47  3.39945e+05  1.35522e+47  3.28633e+05  9.20213e+46  1.07268e-22
 2.96147e+02  3.39945e+05  1.44164e+47  3.39945e+05  1.44268e+47  3.39945e+05  1.44551e+47  3.28633e+05  9.80571e+46  1.07268e-22
 3.05826e+02  3.39945e+05  1.53793e+47  3.39945e+05  1.53897e+47  3.39945e+05  1.54180e+47  3.28633e+05  1.04499e+47  1.07268e-22
 3.15821e+02  3.39945e+05  1.64061e+47  3.39945e+05  1.64165e+47  3.28633e+05  1.58671e+47  3.28633e+05  1.11374e+47  1.07268e-22
 3.26143e+02  3.39945e+05  1.75012e+47  3.39945e+05  1.75116e+47  3.28633e+05  1.63042e+47  3.28633e+05  1.18710e+47  1.07268e-22
 3.36802e+02  3.39945e+05  1.86690e+47  3.39945e+05  1.86794e+47  3.28633e+05  1.68090e+47  3.28633e+05  1.26538e+47  1.07268e-22
 3.47810e+02  3.39945e+05  1.99144e+47  3.39945e+05  1.99248e+47  3.28633e+05  1.73834e+47  3.28633e+05  1.34890e+47  1.07268e-22
 3.59177e+02  3.39945e+05  2.12425e+47  3.39945e+05  2.12529e+47  3.28633e+05  1.80300e+47  3.28633e+05  1.43800e+47  1.07268e-22
 3.70916e+02  3.39945e+05  2.26589e+47  3.39945e+05  2.26693e+47  3.28633e+05  1.87513e+47  3.28633e+05  1.53306e+47  1.07268e-22
 3.83038e+02  3.39945e+05  2.41694e+47  3.39945e+05  2.41798e+47  3.28633e+05  1.95504e+47  3.28633e+05  1.63447e+47  1.07268e-22
 3.95557e+02  3.39945e+05  2.57802e+47  3.39945e+05  2.57906e+47  3.28633e+05  2.04306e+47  3.28633e+05  1.74264e+47  1.07268e-22
 4.08485e+02  3.39945e+05  2.74980e+47  3.28633e+05  2.71214e+47  3.28633e+05  2.13955e+47  3.28633e+05  1.85803e+47  1.07268e-22
 4.21835e+02  3.39945e+05  2.93300e+47  3.28633e+05  2.78165e+47  3.28633e+05  2.24490e+47  3.28633e+05  1.98112e+47  1.07268e-22
 4.35622e+02  3.28633e+05  3.11465e+47  3.28633e+05  2.86270e+47  3.28633e+05  2.35957e+47  3.28633e+05  2.11240e+47  1.07268e-22
 4.49859e+02  3.28633e+05  3.19182e+47  3.28633e+05  2.95563e+47  3.28633e+05  2.48402e+47  3.28633e+05  2.25244e+47  1.07268e-22
 4.64562e+02  3.28633e+05  3.28222e+47  3.28633e+05  3.06082e+47  3.28633e+05  2.61876e+47  3.28633e+05  2.40179e+47  1.07268e-22
 4.79745e+02  3.28633e+05  3.38625e+47  3.28633e+05  3.17870e+47  3.28633e+05  2.76436e+47  3.28633e+05  2.56109e+47  1.07268e-22
 4.95424e+02  3.28633e+05  3.50432e+47  3.28633e+05  3.30976e+47  3.28633e+05  2.92141e+47  3.28633e+05  2.73100e+47  1.07268e-22
 5.11616e+02  3.28633e+05  3.63692e+47  3.28633e+05  3.45455e+47  3.28633e+05  3.09057e+47  3.28633e+05  2.91221e+47  1.07268e-22
 5.28337e+02  3.28633e+05  3.78461e+47  3.28633e+05  3.61366e+47  3.28633e+05  3.27254e+47  3.28633e+05  3.10547e+47  1.07268e-22
 5.45604e+02  3.28633e+05  3.94799e+47  3.28633e+05  3.78776e+47  3.28633e+05  3.46806e+47  3.28633e+05  3.31159e+47  1.07268e-22
 5.63436e+02  3.28633e+05  4.12775e+47  3.28633e+05  3.97756e+47  3.28633e+05  3.67796e+47  3.28633e+05  3.53142e+47  1.07268e-22
 5.81850e+02  3.28633e+05  4.32461e+47  3.28633e+05  4.18385e+47  3.28633e+05  3.90309e+47  3.28633e+05  3.76587e+47  1.07268e-22
 6.00867e+02  3.28633e+05  4.53941e+47  3.28633e+05  4.40748e+47  3.28633e+05  4.14439e+47  3.28633e+05  4.01591e+47  1.07268e-22
 6.20505e+02  3.28633e+05  4.77303e+47  3.28633e+05  4.64938e+47  3.28633e+05  4.40286e+47  3.28633e+05  4.28257e+47  1.07268e-22
 6.40784e+02  3.28633e+05  5.02643e+47  3.28633e+05  4.91055e+47  3.28633e+05  4.67956e+47  3.28633e+05  4.56696e+47  1.07268e-22
 6.61727e+02  3.28633e+05  5.30067e+47  3.28633e+05  5.19208e+47  3.28633e+05  4.97565e+47  3.28633e+05  4.87025e+47  1.07268e-22
 6.83354e+02  3.28633e+05  5.59687e+47  3.28633e+05  5.49511e+47  3.28633e+05  5.29235e+47  3.28633e+05  5.19370e+47  1.07268e-22
 7.05688e+02  3.28633e+05  5.91627e+47  3.28633e+05  5.82092e+47  3.28633e+05  5.63096e+47  3.28633e+05  5.53864e+47  1.07268e-22
 7.28751e+02  3.28633e+05  6.26019e+47  3.28633e+05  6.17084e+47  3.28633e+05  5.99289e+47  3.28633e+05  5.90652e+47  1.07268e-22
 7.52569e+02  3.28633e+05  6.63005e+47  3.28633e+05  6.54633e+47  3.28633e+05  6.37965e+47  3.28633e+05  6.29884e+47  1.07268e-22
 7.77165e+02  3.28633e+05  7.02737e+47  3.28633e+05  6.94893e+47  3.28633e+05  6.79282e+47  3.28633e+05  6.71723e+47  1.07268e-22
 8.02565e+02  3.28633e+05  7.45382e+47  3.28633e+05  7.38033e+47  3.28633e+05  7.23411e+47  3.28633e+05  7.16342e+47  1.07268e-22
 8.28794e+02  3.28633e+05  7.91114e+47  3.28633e+05  7.84229e+47  3.28633e+05  7.70537e+47  3.28633e+05  7.63927e+47  1.07268e-22
 8.55882e+02  3.28633e+05  8.40123e+47  3.28633e+05  8.33674e+47  3.28633e+05  8.20852e+47  3.28633e+05  8.14673e+47  1.07268e-22
 8.83854e+02  3.28633e+05  8.92613e+47  3.28633e+05  8.86572e+47  3.28633e+05  8.74567e+47  3.28633e+05  8.68791e+47  1.07268e-22
 9.12741e+02  3.28633e+05  9.48800e+47  3.28633e+05  9.43142e+47  3.28633e+05  9.31902e+47  3.28633e+05  9.26505e+47  1.07268e-22
 9.42571e+02  3.28633e+05  1.00892e+48  3.28633e+05  1.00362e+48  3.28633e+05  9.93095e+47  3.28633e+05  9.88053e+47  1.07268e-22
 9.73377e+02  3.28633e+05  1.07321e+48  3.28633e+05  1.06825e+48  3.28633e+05  1.05840e+48  3.28633e+05  1.05369e+48  1.07268e-22
 1.00519e+03  3.28633e+05  1.14195e+48  3.28633e+05  1.13730e+48  3.28633e+05  1.12809e+48  3.28633e+05  1.12369e+48  1.07268e-22
 1.03804e+03  3.28633e+05  1.21542e+48  3.28633e+05  1.21107e+48  3.28633e+05  1.20244e+48  3.28633e+05  1.19834e+48  1.07268e-22
 1.07197e+03  3.28633e+05  1.29392e+48  3.28633e+05  1.28985e+48  3.28633e+05  1.28178e+48  3.28633e+05  1.27795e+48  1.07268e-22
 1.10700e+03  3.28633e+05  1.37778e+48  3.28633e+05  1.37397e+48  3.28633e+05  1.36642e+48  3.28633e+05  1.36285e+48  1.07268e-22
 1.14318e+03  3.28633e+05  1.46735e+48  3.28633e+05  1.46378e+48  3.28633e+05  1.45672e+48  3.28633e+05  1.45339e+48  1.07268e-22
 1.18054e+03  3.28633e+05  1.56299e+48  3.28633e+05  1.55965e+48  3.28633e+05  1.55305e+48  3.28633e+05  1.54994e+48  1.07268e-22
 1.21913e+03  3.28633e+05  1.66510e+48  3.28633e+05  1.66198e+48  3.28633e+05  1.65580e+48  3.28633e+05  1.65291e+48  1.07268e-22
 1.25897e+03  3.28633e+05  1.77411e+48  3.28633e+05  1.77119e+48  3.28633e+05  1.76541e+48  3.28633e+05  1.76272e+48  1.07268e-22
 1.30012e+03  3.28633e+05  1.89046e+48  3.28633e+05  1.88773e+48  3.28633e+05  1.88233e+48  3.28633e+05  1.87982e+48  1.07268e-22
 1.34261e+03  3.28633e+05  2.01464e+48  3.28633e+05  2.01208e+48  3.28633e+05  2.00704e+48  3.28633e+05  2.00471e+48  1.07268e-22
 1.38649e+03  3.28633e+05  2.14716e+48  3.28633e+05  2.14477e+48  3.28633e+05  2.14006e+48  3.28633e+05  2.13789e+48  1.07268e-22
 1.43180e+03  3.28633e+05  2.28857e+48  3.28633e+05  2.28633e+48  3.28633e+05  2.28194e+48  3.28633e+05  2.27992e+48  1.07268e-22
 1.47860e+03  3.28633e+05  2.43945e+48  3.28633e+05  2.43736e+48  3.28633e+05  2.43326e+48  3.28633e+05  2.43139e+48  1.07268e-22
 1.52692e+03  3.28633e+05  2.60044e+48  3.28633e+05  2.59848e+48  3.28633e+05  2.59465e+48  3.28633e+05  2.59291e+48  1.07268e-22
 1.57683e+03  3.28633e+05  2.77218e+48  3.28633e+05  2.77036e+48  3.28633e+05  2.76678e+48  3.28633e+05  2.76517e+48  1.07268e-22
 1.62836e+03  3.28633e+05  2.95541e+48  3.28633e+05  2.95370e+48  3.28633e+05  2.95037e+48  3.28633e+05  2.94888e+48  1.07268e-22
 1.68158e+03  3.28633e+05  3.15086e+48  3.28633e+05  3.14927e+48  3.28633e+05  3.14616e+48  3.28633e+05  3.14478e+48  1.07268e-22
 1.73654e+03  3.28633e+05  3.35936e+48  3.28633e+05  3.35788e+48  3.28633e+05  3.35498e+48  3.28633e+05  3.35371e+48  1.07268e-22
 1.79329e+03  3.28633e+05  3.58177e+48  3.28633e+05  3.58038e+48  3.28633e+05  3.57768e+48  3.28633e+05  3.57651e+48  1.07268e-22
 1.85190e+03  3.28633e+05  3.81900e+48  3.28633e+05  3.81771e+48  3.28633e+05  3.81519e+48  3.28633e+05  3.81411e+48  1.07268e-22
 1.91243e+03  3.28633e+05  4.07204e+48  3.28633e+05  4.07084e+48  3.28633e+05  4.06850e+48  3.28633e+05  4.06750e+48  1.07268e-22
 1.97493e+03  3.28633e+05  4.34194e+48  3.28633e+05  4.34081e+48  3.28633e+05  4.33864e+48  3.28633e+05  4.33772e+48  1.07268e-22
 2.03948e+03  3.28633e+05  4.62981e+48  3.28633e+05  4.62876e+48  3.28633e+05  4.62673e+48  3.28633e+05  4.62589e+48  1.07268e-22
 2.10613e+03  3.28633e+05  4.93684e+48  3.28633e+05  4.93586e+48  3.28633e+05  4.93398e+48  3.17698e+05  4.80110e+48  1.07268e-22
 2.17497e+03  3.28633e+05  5.26430e+48  3.28633e+05  5.26339e+48  3.28633e+05  5.26165e+48  3.17698e+05  4.92434e+48  1.07268e-22
 2.24605e+03  3.28633e+05  5.61356e+48  3.28633e+05  5.61271e+48  3.28633e+05  5.61109e+48  3.17698e+05  5.06795e+48  1.07268e-22
 2.31946e+03  3.28633e+05  5.98605e+48  3.28633e+05  5.98526e+48  3.28633e+05  5.98376e+48  3.17698e+05  5.23254e+48  1.07268e-22
 2.39526e+03  3.28633e+05  6.38331e+48  3.28633e+05  6.38258e+48  3.28633e+05  6.38119e+48  3.17698e+05  5.41878e+48  1.07268e-22
 2.47355e+03  3.28633e+05  6.80700e+48  3.28633e+05  6.80632e+48  3.28633e+05  6.80504e+48  3.17698e+05  5.62745e+48  1.07268e-22
 2.55439e+03  3.28633e+05  7.25886e+48  3.28633e+05  7.25823e+48  3.28633e+05  7.25704e+48  3.17698e+05  5.85940e+48  1.07268e-22
 2.63787e+03  3.28633e+05  7.74076e+48  3.28633e+05  7.74018e+48  3.28633e+05  7.73908e+48  3.17698e+05  6.11561e+48  1.07268e-22
 2.72409e+03  3.28633e+05  8.25470e+48  3.28633e+05  8.25416e+48  3.28633e+05  8.25315e+48  3.17698e+05  6.39713e+48  1.07268e-22
 2.81312e+03  3.28633e+05  8.80281e+48  3.28633e+05  8.80231e+48  3.28633e+05  8.80138e+48  3.17698e+05  6.70512e+48  1.07268e-22
 2.90506e+03  3.28633e+05  9.38735e+48  3.28633e+05  9.38689e+48  3.28633e+05  9.38603e+48  3.17698e+05  7.04086e+48  1.07268e-22
 3.00000e+03  3.28633e+05  1.00107e+49  3.28633e+05  1.00103e+49  3.28633e+05  1.00095e+49  3.17698e+05  7.40574e+48  1.07268e-22
