radius_rg T_0deg chi2_0deg T_15deg chi2_15deg T_30deg chi2_30deg T_45deg chi2_45deg nuLnusavg_last
 2.00000e-01  4.02620e+05  8.83792e+40  4.02620e+05  7.47669e+40  3.76271e+05  3.26411e+40  3.07126e+05  9.95563e+38  3.80529e-83
 2.06537e-01  4.02620e+05  8.51912e+40  4.02620e+05  7.91315e+40  3.76271e+05  3.16999e+40  3.07126e+05  9.75450e+38  3.80529e-83
 2.13287e-01  4.02620e+05  8.56804e+40  3.89223e+05  7.20007e+40  3.76271e+05  3.25522e+40  3.07126e+05  1.12278e+39  3.80529e-83
 2.20257e-01  4.02620e+05  8.98488e+40  3.89223e+05  6.64381e+40  3.76271e+05  3.52015e+40  3.07126e+05  1.43817e+39  3.80529e-83
 2.27456e-01  3.89223e+05  8.51917e+40  3.89223e+05  6.40298e+40  3.63750e+05  3.23851e+40  2.96907e+05  1.57345e+39  3.80529e-83
 2.34890e-01  3.89223e+05  7.79046e+40  3.89223e+05  6.47656e+40  3.63750e+05  2.88397e+40  2.96907e+05  1.11421e+39  3.80529e-83
 2.42567e-01  3.89223e+05  7.42644e+40  3.89223e+05  6.86486e+40  3.63750e+05  2.70760e+40  2.96907e+05  8.22991e+38  3.80529e-83
 2.50494e-01  3.89223e+05  7.42563e+40  3.76271e+05  6.51448e+40  3.63750e+05  2.70866e+40  2.96907e+05  6.98587e+38  3.80529e-83
 2.58681e-01  3.89223e+05  7.78801e+40  3.76271e+05  5.87120e+40  3.63750e+05  2.88717e+40  2.96907e+05  7.40483e+38  3.80529e-83
 2.67136e-01  3.76271e+05  7.75078e+40  3.76271e+05  5.54014e+40  3.51646e+05  3.10614e+40  2.96907e+05  9.48852e+38  3.80529e-83
 2.75866e-01  3.76271e+05  6.92239e+40  3.76271e+05  5.51992e+40  3.51646e+05  2.64073e+40  2.96907e+05  1.32456e+39  3.80529e-83
 2.84882e-01  3.76271e+05  6.45510e+40  3.76271e+05  5.81048e+40  3.51646e+05  2.35249e+40  2.87027e+05  1.25897e+39  3.80529e-83
 2.94193e-01  3.76271e+05  6.34700e+40  3.63750e+05  6.07035e+40  3.51646e+05  2.24021e+40  2.87027e+05  8.27764e+38  3.80529e-83
 3.03808e-01  3.76271e+05  6.59763e+40  3.63750e+05  5.28856e+40  3.51646e+05  2.30343e+40  2.87027e+05  5.63390e+38  3.80529e-83
 3.13737e-01  3.76271e+05  7.20802e+40  3.63750e+05  4.81658e+40  3.51646e+05  2.54242e+40  2.87027e+05  4.64757e+38  3.80529e-83
 3.23991e-01  3.63750e+05  6.28764e+40  3.63750e+05  4.65246e+40  3.39945e+05  2.59575e+40  2.87027e+05  5.31456e+38  3.80529e-83
 3.34580e-01  3.63750e+05  5.65836e+40  3.63750e+05  4.79551e+40  3.39945e+05  2.16498e+40  2.87027e+05  7.63763e+38  3.80529e-83
 3.45515e-01  3.63750e+05  5.38496e+40  3.63750e+05  5.24634e+40  3.39945e+05  1.90940e+40  2.87027e+05  1.16264e+39  3.80529e-83
 3.56807e-01  3.63750e+05  5.46631e+40  3.51646e+05  4.97118e+40  3.39945e+05  1.82796e+40  2.77476e+05  1.10877e+39  3.80529e-83
 3.68468e-01  3.63750e+05  5.90275e+40  3.51646e+05  4.30647e+40  3.39945e+05  1.92031e+40  2.77476e+05  6.66579e+38  3.80529e-83
 3.80511e-01  3.51646e+05  5.97349e+40  3.51646e+05  3.94751e+40  3.39945e+05  2.18683e+40  2.77476e+05  3.90552e+38  3.80529e-83
 3.92947e-01  3.51646e+05  5.12211e+40  3.51646e+05  3.89280e+40  3.28633e+05  2.22562e+40  2.77476e+05  2.79550e+38  3.80529e-83
 4.05790e-01  3.51646e+05  4.62439e+40  3.51646e+05  4.14213e+40  3.28633e+05  1.79533e+40  2.77476e+05  3.33114e+38  3.80529e-83
 4.19052e-01  3.51646e+05  4.47827e+40  3.51646e+05  4.69652e+40  3.28633e+05  1.53871e+40  2.77476e+05  5.51465e+38  3.80529e-83
 4.32748e-01  3.51646e+05  4.68315e+40  3.39945e+05  4.11518e+40  3.28633e+05  1.45468e+40  2.77476e+05  9.35508e+38  3.80529e-83
 4.46891e-01  3.51646e+05  5.23987e+40  3.39945e+05  3.50886e+40  3.28633e+05  1.54290e+40  2.68243e+05  1.13830e+39  3.80529e-83
 4.61496e-01  3.39945e+05  4.96855e+40  3.39945e+05  3.20499e+40  3.28633e+05  1.80374e+40  2.68243e+05  6.44942e+38  3.80529e-83
 4.76579e-01  3.39945e+05  4.18553e+40  3.39945e+05  3.20230e+40  3.17698e+05  1.99989e+40  2.68243e+05  3.17662e+38  3.80529e-83
 4.92155e-01  3.39945e+05  3.75230e+40  3.39945e+05  3.50078e+40  3.17698e+05  1.53552e+40  2.68243e+05  1.55105e+38  3.80529e-83
 5.08240e-01  3.39945e+05  3.66706e+40  3.39945e+05  4.10168e+40  3.17698e+05  1.24374e+40  2.68243e+05  1.56599e+38  3.80529e-83
 5.24851e-01  3.39945e+05  3.92946e+40  3.28633e+05  3.47480e+40  3.17698e+05  1.12333e+40  2.68243e+05  3.22151e+38  3.80529e-83
 5.42004e-01  3.39945e+05  4.54058e+40  3.28633e+05  2.86810e+40  3.17698e+05  1.17380e+40  2.68243e+05  6.52445e+38  3.80529e-83
 5.59718e-01  3.28633e+05  4.22877e+40  3.28633e+05  2.56119e+40  3.17698e+05  1.39537e+40  2.68243e+05  1.14885e+39  3.80529e-83
 5.78011e-01  3.28633e+05  3.44603e+40  3.28633e+05  2.55281e+40  3.17698e+05  1.78894e+40  2.59317e+05  8.08093e+38  3.80529e-83
 5.96902e-01  3.28633e+05  3.01002e+40  3.28633e+05  2.84291e+40  3.07126e+05  1.41068e+40  2.59317e+05  3.88250e+38  3.80529e-83
 6.16411e-01  3.28633e+05  2.91893e+40  3.28633e+05  3.43270e+40  3.07126e+05  1.04887e+40  2.59317e+05  1.33423e+38  3.80529e-83
 6.36557e-01  3.28633e+05  3.17238e+40  3.17698e+05  3.05690e+40  3.07126e+05  8.57632e+39  2.59317e+05  4.25576e+37  3.80529e-83
 6.57361e-01  3.28633e+05  3.77142e+40  3.17698e+05  2.39034e+40  3.07126e+05  8.36174e+39  2.59317e+05  1.15277e+38  3.80529e-83
 6.78845e-01  3.17698e+05  3.76224e+40  3.17698e+05  2.02160e+40  3.07126e+05  9.84408e+39  2.59317e+05  3.51882e+38  3.80529e-83
 7.01032e-01  3.17698e+05  2.91089e+40  3.17698e+05  1.94914e+40  3.07126e+05  1.30295e+40  2.59317e+05  7.53353e+38  3.80529e-83
 7.23943e-01  3.17698e+05  2.40404e+40  3.17698e+05  2.17268e+40  2.96907e+05  1.46980e+40  2.50688e+05  1.23715e+39  3.80529e-83
 7.47603e-01  3.17698e+05  2.23961e+40  3.17698e+05  2.69312e+40  2.96907e+05  1.00184e+40  2.50688e+05  6.80810e+38  3.80529e-83
 7.72037e-01  3.17698e+05  2.41691e+40  3.07126e+05  2.90579e+40  2.96907e+05  7.04248e+39  2.50688e+05  2.90696e+38  3.80529e-83
 7.97269e-01  3.17698e+05  2.93667e+40  3.07126e+05  2.11849e+40  2.96907e+05  5.75807e+39  2.50688e+05  6.51935e+37  3.80529e-83
 8.23326e-01  3.07126e+05  3.62059e+40  3.07126e+05  1.62788e+40  2.96907e+05  6.15980e+39  2.50688e+05  3.37023e+36  3.80529e-83
 8.50234e-01  3.07126e+05  2.63003e+40  3.07126e+05  1.43193e+40  2.96907e+05  8.24933e+39  2.50688e+05  1.04970e+38  3.80529e-83
 8.78022e-01  3.07126e+05  1.98282e+40  3.07126e+05  1.52982e+40  2.96907e+05  1.20353e+40  2.50688e+05  3.70413e+38  3.80529e-83
 9.06718e-01  3.07126e+05  1.67628e+40  3.07126e+05  1.92197e+40  2.87027e+05  1.17689e+40  2.50688e+05  8.00798e+38  3.80529e-83
 9.36352e-01  3.07126e+05  1.70914e+40  3.07126e+05  2.60999e+40  2.87027e+05  7.35718e+39  2.42346e+05  1.31551e+39  3.80529e-83
 9.66955e-01  3.07126e+05  2.08154e+40  2.96907e+05  2.13635e+40  2.87027e+05  4.63827e+39  2.42346e+05  7.43499e+38  3.80529e-83
 9.98557e-01  3.07126e+05  2.79502e+40  2.96907e+05  1.46181e+40  2.87027e+05  3.60087e+39  2.42346e+05  3.37972e+38  3.80529e-83
 1.03119e+00  2.96907e+05  2.70083e+40  2.96907e+05  1.08125e+40  2.87027e+05  4.24068e+39  2.42346e+05  9.72527e+37  3.80529e-83
 1.06489e+00  2.96907e+05  1.84130e+40  2.96907e+05  9.93082e+39  2.87027e+05  6.56036e+39  2.42346e+05  2.03450e+37  3.80529e-83
 1.09970e+00  2.96907e+05  1.32185e+40  2.96907e+05  1.19695e+40  2.87027e+05  1.05695e+40  2.42346e+05  1.06930e+38  3.80529e-83
 1.13564e+00  2.96907e+05  1.14034e+40  2.96907e+05  1.69369e+40  2.77476e+05  1.05468e+40  2.42346e+05  3.57367e+38  3.80529e-83
 1.17276e+00  2.96907e+05  1.29602e+40  2.96907e+05  2.48536e+40  2.77476e+05  6.00519e+39  2.42346e+05  7.72692e+38  3.80529e-83
 1.21108e+00  2.96907e+05  1.78952e+40  2.87027e+05  1.65059e+40  2.77476e+05  3.15073e+39  2.42346e+05  1.35462e+39  3.80529e-83
 1.25067e+00  2.96907e+05  2.62289e+40  2.87027e+05  1.02156e+40  2.77476e+05  1.97163e+39  2.34282e+05  1.02225e+39  3.80529e-83
 1.29154e+00  2.87027e+05  2.12716e+40  2.87027e+05  6.84693e+39  2.77476e+05  2.46300e+39  2.34282e+05  5.53899e+38  3.80529e-83
 1.33375e+00  2.87027e+05  1.32072e+40  2.87027e+05  6.38577e+39  2.77476e+05  4.62688e+39  2.34282e+05  2.51250e+38  3.80529e-83
 1.37734e+00  2.87027e+05  8.52207e+39  2.87027e+05  8.83026e+39  2.77476e+05  8.47222e+39  2.34282e+05  1.13050e+38  3.80529e-83
 1.42236e+00  2.87027e+05  7.19683e+39  2.87027e+05  1.41905e+40  2.68243e+05  1.12113e+40  2.34282e+05  1.38726e+38  3.80529e-83
 1.46884e+00  2.87027e+05  9.22601e+39  2.87027e+05  2.24887e+40  2.68243e+05  6.12858e+39  2.34282e+05  3.28386e+38  3.80529e-83
 1.51685e+00  2.87027e+05  1.46180e+40  2.77476e+05  1.42868e+40  2.68243e+05  2.73359e+39  2.34282e+05  6.82813e+38  3.80529e-83
 1.56642e+00  2.87027e+05  2.33951e+40  2.77476e+05  7.76720e+39  2.68243e+05  1.01222e+39  2.34282e+05  1.20348e+39  3.80529e-83
 1.61762e+00  2.77476e+05  1.87704e+40  2.77476e+05  4.15894e+39  2.68243e+05  9.57352e+38  2.26486e+05  1.58907e+39  3.80529e-83
 1.67049e+00  2.77476e+05  1.04436e+40  2.77476e+05  3.44711e+39  2.68243e+05  2.56876e+39  2.26486e+05  1.00702e+39  3.80529e-83
 1.72508e+00  2.77476e+05  5.48474e+39  2.77476e+05  5.62877e+39  2.68243e+05  5.85312e+39  2.26486e+05  5.92543e+38  3.80529e-83
 1.78146e+00  2.77476e+05  3.87320e+39  2.77476e+05  1.07129e+40  2.68243e+05  1.08240e+40  2.26486e+05  3.43928e+38  3.80529e-83
 1.83968e+00  2.77476e+05  5.60232e+39  2.77476e+05  1.87207e+40  2.59317e+05  8.21609e+39  2.26486e+05  2.60146e+38  3.80529e-83
 1.89981e+00  2.77476e+05  1.06793e+40  2.68243e+05  1.50065e+40  2.59317e+05  3.85634e+39  2.26486e+05  3.40849e+38  3.80529e-83
 1.96190e+00  2.77476e+05  1.91250e+40  2.68243e+05  7.55059e+39  2.59317e+05  1.17487e+39  2.26486e+05  5.86372e+38  3.80529e-83
 2.02602e+00  2.68243e+05  1.98571e+40  2.68243e+05  3.00520e+39  2.59317e+05  1.60571e+38  2.26486e+05  9.97731e+38  3.80529e-83
 2.09224e+00  2.68243e+05  1.04489e+40  2.68243e+05  1.35146e+39  2.59317e+05  8.09251e+38  2.26486e+05  1.57663e+39  3.80529e-83
 2.16062e+00  2.68243e+05  4.40859e+39  2.68243e+05  2.58253e+39  2.59317e+05  3.12359e+39  2.18950e+05  1.82045e+39  3.80529e-83
 2.23123e+00  2.68243e+05  1.71113e+39  2.68243e+05  6.70352e+39  2.59317e+05  7.11318e+39  2.18950e+05  1.23945e+39  3.80529e-83
 2.30415e+00  2.68243e+05  2.34539e+39  2.68243e+05  1.37315e+40  2.59317e+05  1.27945e+40  2.18950e+05  8.27000e+38  3.80529e-83
 2.37946e+00  2.68243e+05  6.31399e+39  2.59317e+05  1.95307e+40  2.50688e+05  7.35635e+39  2.18950e+05  5.81377e+38  3.80529e-83
 2.45723e+00  2.68243e+05  1.36334e+40  2.59317e+05  1.03966e+40  2.50688e+05  3.27099e+39  2.18950e+05  5.01568e+38  3.80529e-83
 2.53753e+00  2.68243e+05  2.43338e+40  2.59317e+05  4.18475e+39  2.50688e+05  8.61486e+38  2.18950e+05  5.87245e+38  3.80529e-83
 2.62047e+00  2.59317e+05  1.41917e+40  2.59317e+05  8.69446e+38  2.50688e+05  1.17858e+38  2.18950e+05  8.38761e+38  3.80529e-83
 2.70611e+00  2.59317e+05  6.22459e+39  2.59317e+05  4.36962e+38  2.50688e+05  1.03703e+39  2.18950e+05  1.25716e+39  3.80529e-83
 2.79455e+00  2.59317e+05  1.60791e+39  2.59317e+05  2.88551e+39  2.50688e+05  3.62281e+39  2.18950e+05  1.84416e+39  3.80529e-83
 2.88589e+00  2.59317e+05  3.22517e+38  2.59317e+05  8.22521e+39  2.50688e+05  7.88590e+39  2.11664e+05  2.37760e+39  3.80529e-83
 2.98021e+00  2.59317e+05  2.36309e+39  2.59317e+05  1.64782e+40  2.50688e+05  1.38439e+40  2.11664e+05  1.74115e+39  3.80529e-83
 3.07761e+00  2.59317e+05  7.73809e+39  2.50688e+05  1.77823e+40  2.42346e+05  8.54247e+39  2.11664e+05  1.27531e+39  3.80529e-83
 3.17819e+00  2.59317e+05  1.64697e+40  2.50688e+05  9.12654e+39  2.42346e+05  4.26665e+39  2.11664e+05  9.78152e+38  3.80529e-83
 3.28206e+00  2.50688e+05  2.33916e+40  2.50688e+05  3.38779e+39  2.42346e+05  1.67080e+39  2.11664e+05  8.48455e+38  3.80529e-83
 3.38933e+00  2.50688e+05  1.25953e+40  2.50688e+05  5.42276e+38  2.42346e+05  7.44177e+38  2.11664e+05  8.85679e+38  3.80529e-83
 3.50010e+00  2.50688e+05  5.17568e+39  2.50688e+05  5.78229e+38  2.42346e+05  1.48295e+39  2.11664e+05  1.08998e+39  3.80529e-83
 3.61449e+00  2.50688e+05  1.10216e+39  2.50688e+05  3.49580e+39  2.42346e+05  3.89017e+39  2.11664e+05  1.46219e+39  3.80529e-83
 3.73262e+00  2.50688e+05  3.57839e+38  2.50688e+05  9.30705e+39  2.42346e+05  7.97581e+39  2.11664e+05  2.00387e+39  3.80529e-83
 3.85462e+00  2.50688e+05  2.93963e+39  2.50688e+05  1.80360e+40  2.42346e+05  1.37568e+40  2.11664e+05  2.71725e+39  3.80529e-83
 3.98060e+00  2.50688e+05  8.85823e+39  2.42346e+05  2.00183e+40  2.34282e+05  1.21023e+40  2.04621e+05  2.59772e+39  3.80529e-83
 4.11069e+00  2.50688e+05  1.81381e+40  2.42346e+05  1.10283e+40  2.34282e+05  7.14424e+39  2.04621e+05  2.01760e+39  3.80529e-83
 4.24504e+00  2.42346e+05  2.60663e+40  2.42346e+05  4.96307e+39  2.34282e+05  3.87804e+39  2.04621e+05  1.60924e+39  3.80529e-83
 4.38378e+00  2.42346e+05  1.48815e+40  2.42346e+05  1.79764e+39  2.34282e+05  2.29020e+39  2.04621e+05  1.37095e+39  3.80529e-83
 4.52705e+00  2.42346e+05  7.08302e+39  2.42346e+05  1.51887e+39  2.34282e+05  2.37415e+39  2.04621e+05  1.30174e+39  3.80529e-83
 4.67501e+00  2.42346e+05  2.63845e+39  2.42346e+05  4.12560e+39  2.34282e+05  4.13024e+39  2.04621e+05  1.40133e+39  3.80529e-83
 4.82780e+00  2.42346e+05  1.52943e+39  2.42346e+05  9.62864e+39  2.34282e+05  7.56573e+39  2.04621e+05  1.67012e+39  3.80529e-83
 4.98558e+00  2.42346e+05  3.75138e+39  2.42346e+05  1.80507e+40  2.34282e+05  1.26949e+40  2.04621e+05  2.10924e+39  3.80529e-83
 5.14853e+00  2.42346e+05  9.31349e+39  2.34282e+05  2.68329e+40  2.26486e+05  1.88689e+40  2.04621e+05  2.72050e+39  3.80529e-83
 5.31679e+00  2.42346e+05  1.82388e+40  2.34282e+05  1.66479e+40  2.26486e+05  1.26952e+40  2.04621e+05  3.50642e+39  3.80529e-83
 5.49056e+00  2.42346e+05  3.05642e+40  2.34282e+05  9.41110e+39  2.26486e+05  8.23630e+39  1.97812e+05  3.21616e+39  3.80529e-83
 5.67001e+00  2.34282e+05  2.16940e+40  2.34282e+05  5.09245e+39  2.26486e+05  5.47383e+39  1.97812e+05  2.62899e+39  3.80529e-83
 5.85532e+00  2.34282e+05  1.25368e+40  2.34282e+05  3.67409e+39  2.26486e+05  4.39633e+39  1.97812e+05  2.21611e+39  3.80529e-83
 6.04668e+00  2.34282e+05  6.75606e+39  2.34282e+05  5.15016e+39  2.26486e+05  4.99933e+39  1.97812e+05  1.97580e+39  3.80529e-83
 6.24430e+00  2.34282e+05  4.32794e+39  2.34282e+05  9.52677e+39  2.26486e+05  7.28534e+39  1.97812e+05  1.90709e+39  3.80529e-83
 6.44838e+00  2.34282e+05  5.24236e+39  2.34282e+05  1.68220e+40  2.26486e+05  1.12638e+40  1.97812e+05  2.00968e+39  3.80529e-83
 6.65913e+00  2.34282e+05  9.50311e+39  2.34282e+05  2.70661e+40  2.26486e+05  1.69512e+40  1.97812e+05  2.28399e+39  3.80529e-83
 6.87677e+00  2.34282e+05  1.71278e+40  2.26486e+05  2.73944e+40  2.18950e+05  2.23373e+40  1.97812e+05  2.73116e+39  3.80529e-83
 7.10152e+00  2.34282e+05  2.81481e+40  2.26486e+05  1.80714e+40  2.18950e+05  1.61043e+40  1.97812e+05  3.35305e+39  3.80529e-83
 7.33362e+00  2.26486e+05  3.46795e+40  2.26486e+05  1.17024e+40  2.18950e+05  1.16002e+40  1.97812e+05  4.15222e+39  3.80529e-83
 7.57330e+00  2.26486e+05  2.31021e+40  2.26486e+05  8.26109e+39  2.18950e+05  8.80644e+39  1.91230e+05  4.32770e+39  3.80529e-83
 7.82082e+00  2.26486e+05  1.49449e+40  2.26486e+05  7.73316e+39  2.18950e+05  7.71143e+39  1.91230e+05  3.66089e+39  3.80529e-83
 8.07642e+00  2.26486e+05  1.01743e+40  2.26486e+05  1.01164e+40  2.18950e+05  8.31065e+39  1.91230e+05  3.17265e+39  3.80529e-83
 8.34038e+00  2.26486e+05  8.77037e+39  2.26486e+05  1.54208e+40  2.18950e+05  1.06066e+40  1.91230e+05  2.86095e+39  3.80529e-83
 8.61296e+00  2.26486e+05  1.07274e+40  2.26486e+05  2.36682e+40  2.18950e+05  1.46087e+40  1.91230e+05  2.72449e+39  3.80529e-83
 8.89446e+00  2.26486e+05  1.60534e+40  2.26486e+05  3.48928e+40  2.18950e+05  2.03336e+40  1.91230e+05  2.76272e+39  3.80529e-83
 9.18515e+00  2.26486e+05  2.47706e+40  2.18950e+05  3.33516e+40  2.18950e+05  2.78050e+40  1.91230e+05  2.97579e+39  3.80529e-83
 9.48535e+00  2.26486e+05  3.69148e+40  2.18950e+05  2.39371e+40  2.11664e+05  2.27776e+40  1.91230e+05  3.36459e+39  3.80529e-83
 9.79535e+00  2.18950e+05  4.15873e+40  2.18950e+05  1.75009e+40  2.11664e+05  1.76336e+40  1.91230e+05  3.93072e+39  3.80529e-83
 1.01155e+01  2.18950e+05  2.98976e+40  2.18950e+05  1.40164e+40  2.11664e+05  1.42249e+40  1.91230e+05  4.67652e+39  3.80529e-83
 1.04461e+01  2.18950e+05  2.16563e+40  2.18950e+05  1.34691e+40  2.11664e+05  1.25373e+40  1.91230e+05  5.60509e+39  3.80529e-83
 1.07875e+01  2.18950e+05  1.68292e+40  2.18950e+05  1.58567e+40  2.11664e+05  1.25640e+40  1.91230e+05  6.72026e+39  3.80529e-83
 1.11401e+01  2.18950e+05  1.53965e+40  2.18950e+05  2.11892e+40  2.11664e+05  1.43050e+40  1.91230e+05  8.02666e+39  3.80529e-83
 1.15041e+01  2.18950e+05  1.73520e+40  2.18950e+05  2.94886e+40  2.11664e+05  1.77675e+40  1.91230e+05  9.52968e+39  3.80529e-83
 1.18801e+01  2.18950e+05  2.27040e+40  2.18950e+05  4.07893e+40  2.11664e+05  2.29658e+40  1.91230e+05  1.12355e+40  3.80529e-83
 1.22684e+01  2.18950e+05  3.14747e+40  2.11664e+05  4.55284e+40  2.11664e+05  2.99215e+40  1.91230e+05  1.31513e+40  3.80529e-83
 1.26694e+01  2.18950e+05  4.37002e+40  2.11664e+05  3.49803e+40  2.04621e+05  3.41416e+40  1.91230e+05  1.52849e+40  3.80529e-83
 1.30834e+01  2.11664e+05  5.59656e+40  2.11664e+05  2.74562e+40  2.04621e+05  2.76725e+40  1.91230e+05  1.76452e+40  3.80529e-83
 1.35110e+01  2.11664e+05  4.29536e+40  2.11664e+05  2.29249e+40  2.04621e+05  2.29803e+40  1.91230e+05  2.02419e+40  3.80529e-83
 1.39526e+01  2.11664e+05  3.34441e+40  2.11664e+05  2.13677e+40  2.04621e+05  2.00456e+40  1.91230e+05  2.30858e+40  3.80529e-83
 1.44086e+01  2.11664e+05  2.73976e+40  2.11664e+05  2.27782e+40  2.04621e+05  1.88560e+40  1.91230e+05  2.61886e+40  3.80529e-83
 1.48795e+01  2.11664e+05  2.47891e+40  2.11664e+05  2.71622e+40  2.04621e+05  1.94069e+40  1.91230e+05  2.95633e+40  3.80529e-83
 1.53658e+01  2.11664e+05  2.56078e+40  2.11664e+05  3.45378e+40  2.04621e+05  2.17004e+40  1.91230e+05  3.32236e+40  3.80529e-83
 1.58680e+01  2.11664e+05  2.98572e+40  2.11664e+05  4.49355e+40  2.04621e+05  2.57460e+40  1.91230e+05  3.71849e+40  3.80529e-83
 1.63866e+01  2.11664e+05  3.75547e+40  2.11664e+05  5.83984e+40  2.04621e+05  3.15604e+40  1.91230e+05  4.14635e+40  3.80529e-83
 1.69222e+01  2.11664e+05  4.87323e+40  2.04621e+05  5.35986e+40  2.04621e+05  3.91678e+40  1.91230e+05  4.60771e+40  3.80529e-83
 1.74753e+01  2.11664e+05  6.34362e+40  2.04621e+05  4.38137e+40  1.97812e+05  4.53380e+40  1.91230e+05  5.10448e+40  3.80529e-83
 1.80464e+01  2.04621e+05  6.50817e+40  2.04621e+05  3.70894e+40  1.97812e+05  3.84903e+40  1.91230e+05  5.63871e+40  3.80529e-83
 1.86362e+01  2.04621e+05  5.29416e+40  2.04621e+05  3.33977e+40  1.97812e+05  3.34642e+40  1.91230e+05  6.21262e+40  3.80529e-83
 1.92453e+01  2.04621e+05  4.43453e+40  2.04621e+05  3.27235e+40  1.97812e+05  3.02390e+40  1.91230e+05  6.82858e+40  3.80529e-83
 1.98743e+01  2.04621e+05  3.92571e+40  2.04621e+05  3.50640e+40  1.97812e+05  2.88012e+40  1.91230e+05  7.48915e+40  3.80529e-83
 2.05238e+01  2.04621e+05  3.76559e+40  2.04621e+05  4.04288e+40  1.97812e+05  2.91449e+40  1.91230e+05  8.19704e+40  3.80529e-83
 2.11946e+01  2.04621e+05  3.95353e+40  2.04621e+05  4.88401e+40  1.97812e+05  3.12715e+40  1.84866e+05  8.72769e+40  3.80529e-83
 2.18873e+01  2.04621e+05  4.49029e+40  2.04621e+05  6.03328e+40  1.97812e+05  3.51898e+40  1.84866e+05  8.76524e+40  3.80529e-83
 2.26026e+01  2.04621e+05  5.37810e+40  2.04621e+05  7.49543e+40  1.97812e+05  4.09161e+40  1.84866e+05  8.85540e+40  3.80529e-83
 2.33413e+01  2.04621e+05  6.62063e+40  1.97812e+05  7.26799e+40  1.97812e+05  4.84741e+40  1.84866e+05  8.99855e+40  3.80529e-83
 2.41042e+01  2.04621e+05  8.22302e+40  1.97812e+05  6.22752e+40  1.97812e+05  5.78950e+40  1.84866e+05  9.19528e+40  3.80529e-83
 2.48920e+01  1.97812e+05  8.72973e+40  1.97812e+05  5.50074e+40  1.97812e+05  6.92177e+40  1.84866e+05  9.44640e+40  3.80529e-83
 2.57055e+01  1.97812e+05  7.44202e+40  1.97812e+05  5.08465e+40  1.91230e+05  6.67704e+40  1.84866e+05  9.75296e+40  3.80529e-83
 2.65456e+01  1.97812e+05  6.51757e+40  1.97812e+05  4.97752e+40  1.91230e+05  6.13506e+40  1.84866e+05  1.01162e+41  3.80529e-83
 2.74132e+01  1.97812e+05  5.95256e+40  1.97812e+05  5.17891e+40  1.91230e+05  5.78471e+40  1.84866e+05  1.05377e+41  3.80529e-83
 2.83091e+01  1.97812e+05  5.74465e+40  1.97812e+05  5.68966e+40  1.91230e+05  5.62452e+40  1.84866e+05  1.10191e+41  3.80529e-83
 2.92343e+01  1.97812e+05  5.89297e+40  1.97812e+05  6.51188e+40  1.91230e+05  5.65385e+40  1.84866e+05  1.15625e+41  3.80529e-83
 3.01898e+01  1.97812e+05  6.39814e+40  1.97812e+05  7.64897e+40  1.91230e+05  5.87280e+40  1.84866e+05  1.21700e+41  3.80529e-83
 3.11765e+01  1.97812e+05  7.26226e+40  1.97812e+05  9.10563e+40  1.91230e+05  6.28229e+40  1.84866e+05  1.28443e+41  3.80529e-83
 3.21954e+01  1.97812e+05  8.48889e+40  1.97812e+05  1.08879e+41  1.91230e+05  6.88401e+40  1.84866e+05  1.35880e+41  3.80529e-83
 3.32476e+01  1.97812e+05  1.00831e+41  1.91230e+05  1.22115e+41  1.91230e+05  7.68045e+40  1.84866e+05  1.44044e+41  3.80529e-83
 3.43343e+01  1.97812e+05  1.20515e+41  1.91230e+05  1.10919e+41  1.91230e+05  8.67491e+40  1.84866e+05  1.52967e+41  3.80529e-83
 3.54564e+01  1.97812e+05  1.44023e+41  1.91230e+05  1.03062e+41  1.91230e+05  9.87150e+40  1.84866e+05  1.62686e+41  3.80529e-83
 3.66152e+01  1.91230e+05  1.30784e+41  1.91230e+05  9.85099e+40  1.91230e+05  1.12752e+41  1.84866e+05  1.73242e+41  3.80529e-83
 3.78119e+01  1.91230e+05  1.20804e+41  1.91230e+05  9.72451e+40  1.91230e+05  1.28917e+41  1.84866e+05  1.84678e+41  3.80529e-83
 3.90477e+01  1.91230e+05  1.14649e+41  1.91230e+05  9.92619e+40  1.91230e+05  1.47279e+41  1.84866e+05  1.97042e+41  3.80529e-83
 4.03238e+01  1.91230e+05  1.12292e+41  1.91230e+05  1.04569e+41  1.91230e+05  1.67912e+41  1.84866e+05  2.10385e+41  3.80529e-83
 4.16417e+01  1.91230e+05  1.13725e+41  1.91230e+05  1.13188e+41  1.91230e+05  1.90903e+41  1.84866e+05  2.24762e+41  3.80529e-83
 4.30027e+01  1.91230e+05  1.18954e+41  1.91230e+05  1.25154e+41  1.91230e+05  2.16346e+41  1.84866e+05  2.40233e+41  3.80529e-83
 4.44081e+01  1.91230e+05  1.27999e+41  1.91230e+05  1.40518e+41  1.91230e+05  2.44346e+41  1.84866e+05  2.56861e+41  3.80529e-83
 4.58595e+01  1.91230e+05  1.40898e+41  1.91230e+05  1.59342e+41  1.91230e+05  2.75020e+41  1.84866e+05  2.74715e+41  3.80529e-83
 4.73583e+01  1.91230e+05  1.57706e+41  1.91230e+05  1.81705e+41  1.91230e+05  3.08495e+41  1.84866e+05  2.93870e+41  3.80529e-83
 4.89061e+01  1.91230e+05  1.78490e+41  1.91230e+05  2.07699e+41  1.91230e+05  3.44908e+41  1.84866e+05  3.14405e+41  3.80529e-83
 5.05045e+01  1.91230e+05  2.03338e+41  1.91230e+05  2.37432e+41  1.91230e+05  3.84412e+41  1.84866e+05  3.36404e+41  3.80529e-83
 5.21551e+01  1.91230e+05  2.32352e+41  1.91230e+05  2.71027e+41  1.91230e+05  4.27168e+41  1.84866e+05  3.59958e+41  3.80529e-83
 5.38597e+01  1.91230e+05  2.65652e+41  1.91230e+05  3.08623e+41  1.91230e+05  4.73355e+41  1.84866e+05  3.85166e+41  3.80529e-83
 5.56199e+01  1.91230e+05  3.03377e+41  1.91230e+05  3.50375e+41  1.91230e+05  5.23163e+41  1.84866e+05  4.12131e+41  3.80529e-83
 5.74378e+01  1.91230e+05  3.45681e+41  1.91230e+05  3.96456e+41  1.91230e+05  5.76798e+41  1.84866e+05  4.40965e+41  3.80529e-83
 5.93150e+01  1.91230e+05  3.92741e+41  1.91230e+05  4.47057e+41  1.91230e+05  6.34482e+41  1.84866e+05  4.71788e+41  3.80529e-83
 6.12535e+01  1.91230e+05  4.44750e+41  1.91230e+05  5.02388e+41  1.91230e+05  6.96455e+41  1.84866e+05  5.04726e+41  3.80529e-83
 6.32555e+01  1.91230e+05  5.01925e+41  1.91230e+05  5.62677e+41  1.91230e+05  7.62972e+41  1.84866e+05  5.39917e+41  3.80529e-83
 6.53228e+01  1.91230e+05  5.64502e+41  1.91230e+05  6.28174e+41  1.91230e+05  8.34310e+41  1.84866e+05  5.77505e+41  3.80529e-83
 6.74577e+01  1.91230e+05  6.32739e+41  1.91230e+05  6.99150e+41  1.91230e+05  9.10762e+41  1.84866e+05  6.17647e+41  3.80529e-83
 6.96624e+01  1.91230e+05  7.06920e+41  1.91230e+05  7.75898e+41  1.91230e+05  9.92645e+41  1.84866e+05  6.60508e+41  3.80529e-83
 7.19392e+01  1.91230e+05  7.87351e+41  1.91230e+05  8.58736e+41  1.91230e+05  1.08030e+42  1.84866e+05  7.06266e+41  3.80529e-83
 7.42903e+01  1.91230e+05  8.74365e+41  1.91230e+05  9.48008e+41  1.91230e+05  1.17409e+42  1.84866e+05  7.55110e+41  3.80529e-83
 7.67183e+01  1.91230e+05  9.68322e+41  1.91230e+05  1.04408e+42  1.91230e+05  1.27439e+42  1.84866e+05  8.07243e+41  3.80529e-83
 7.92257e+01  1.91230e+05  1.06961e+42  1.91230e+05  1.14736e+42  1.91230e+05  1.38164e+42  1.84866e+05  8.62880e+41  3.80529e-83
 8.18150e+01  1.91230e+05  1.17865e+42  1.91230e+05  1.25826e+42  1.91230e+05  1.49626e+42  1.84866e+05  9.22251e+41  3.80529e-83
 8.44889e+01  1.91230e+05  1.29589e+42  1.91230e+05  1.37725e+42  1.91230e+05  1.61874e+42  1.84866e+05  9.85603e+41  3.80529e-83
 8.72502e+01  1.91230e+05  1.42182e+42  1.91230e+05  1.50481e+42  1.91230e+05  1.74958e+42  1.84866e+05  1.05320e+42  3.80529e-83
 9.01018e+01  1.91230e+05  1.55696e+42  1.91230e+05  1.64149e+42  1.91230e+05  1.88933e+42  1.84866e+05  1.12531e+42  3.80529e-83
 9.30466e+01  1.91230e+05  1.70187e+42  1.91230e+05  1.78783e+42  1.91230e+05  2.03855e+42  1.84866e+05  1.20225e+42  3.80529e-83
 9.60876e+01  1.91230e+05  1.85715e+42  1.91230e+05  1.94446e+42  1.91230e+05  2.19788e+42  1.84866e+05  1.28432e+42  3.80529e-83
 9.92280e+01  1.91230e+05  2.02343e+42  1.91230e+05  2.11201e+42  1.91230e+05  2.36796e+42  1.84866e+05  1.37188e+42  3.80529e-83
 1.02471e+02  1.91230e+05  2.20141e+42  1.91230e+05  2.29118e+42  1.91230e+05  2.54950e+42  1.84866e+05  1.46527e+42  3.80529e-83
 1.05820e+02  1.91230e+05  2.39183e+42  1.91230e+05  2.48271e+42  1.91230e+05  2.74326e+42  1.84866e+05  1.56489e+42  3.80529e-83
 1.09278e+02  1.91230e+05  2.59548e+42  1.91230e+05  2.68740e+42  1.91230e+05  2.95003e+42  1.84866e+05  1.67116e+42  3.80529e-83
 1.12850e+02  1.91230e+05  2.81318e+42  1.91230e+05  2.90608e+42  1.91230e+05  3.17068e+42  1.84866e+05  1.78450e+42  3.80529e-83
 1.16538e+02  1.91230e+05  3.04586e+42  1.91230e+05  3.13968e+42  1.91230e+05  3.40610e+42  1.84866e+05  1.90539e+42  3.80529e-83
 1.20347e+02  1.91230e+05  3.29446e+42  1.91230e+05  3.38914e+42  1.91230e+05  3.65729e+42  1.84866e+05  2.03432e+42  3.80529e-83
 1.24280e+02  1.91230e+05  3.56003e+42  1.91230e+05  3.65551e+42  1.91230e+05  3.92527e+42  1.84866e+05  2.17184e+42  3.80529e-83
 1.28342e+02  1.91230e+05  3.84365e+42  1.91230e+05  3.93989e+42  1.91230e+05  4.21116e+42  1.84866e+05  2.31852e+42  3.80529e-83
 1.32537e+02  1.91230e+05  4.14650e+42  1.91230e+05  4.24345e+42  1.91230e+05  4.51614e+42  1.84866e+05  2.47495e+42  3.80529e-83
 1.36868e+02  1.91230e+05  4.46984e+42  1.91230e+05  4.56745e+42  1.91230e+05  4.84147e+42  1.84866e+05  2.64178e+42  3.80529e-83
 1.41341e+02  1.91230e+05  4.81500e+42  1.91230e+05  4.91324e+42  1.91230e+05  5.18851e+42  1.84866e+05  2.81972e+42  3.80529e-83
 1.45961e+02  1.91230e+05  5.18341e+42  1.91230e+05  5.28223e+42  1.91230e+05  5.55867e+42  1.84866e+05  3.00948e+42  3.80529e-83
 1.50731e+02  1.91230e+05  5.57659e+42  1.91230e+05  5.67597e+42  1.91230e+05  5.95350e+42  1.84866e+05  3.21187e+42  3.80529e-83
 1.55658e+02  1.91230e+05  5.99618e+42  1.91230e+05  6.09607e+42  1.91230e+05  6.37464e+42  1.84866e+05  3.42770e+42  3.80529e-83
 1.60745e+02  1.91230e+05  6.44391e+42  1.91230e+05  6.54428e+42  1.91230e+05  6.82381e+42  1.84866e+05  3.65789e+42  3.80529e-83
 1.65998e+02  1.91230e+05  6.92164e+42  1.91230e+05  7.02246e+42  1.91230e+05  7.30289e+42  1.84866e+05  3.90338e+42  3.80529e-83
 1.71424e+02  1.91230e+05  7.43133e+42  1.91230e+05  7.53257e+42  1.91230e+05  7.81386e+42  1.84866e+05  4.16519e+42  3.80529e-83
 1.77026e+02  1.91230e+05  7.97510e+42  1.91230e+05  8.07674e+42  1.91230e+05  8.35882e+42  1.84866e+05  4.44440e+42  3.80529e-83
 1.82812e+02  1.91230e+05  8.55520e+42  1.91230e+05  8.65722e+42  1.91230e+05  8.94004e+42  1.84866e+05  4.74216e+42  3.80529e-83
 1.88787e+02  1.91230e+05  9.17403e+42  1.91230e+05  9.27640e+42  1.91230e+05  9.55992e+42  1.84866e+05  5.05971e+42  3.80529e-83
 1.94957e+02  1.91230e+05  9.83415e+42  1.91230e+05  9.93685e+42  1.84866e+05  9.68534e+42  1.84866e+05  5.39837e+42  3.80529e-83
 2.01328e+02  1.91230e+05  1.05383e+43  1.91230e+05  1.06413e+43  1.84866e+05  9.75689e+42  1.84866e+05  5.75953e+42  3.80529e-83
 2.07908e+02  1.91230e+05  1.12894e+43  1.91230e+05  1.13927e+43  1.84866e+05  9.87047e+42  1.84866e+05  6.14469e+42  3.80529e-83
 2.14703e+02  1.91230e+05  1.20905e+43  1.91230e+05  1.21941e+43  1.84866e+05  1.00266e+43  1.84866e+05  6.55544e+42  3.80529e-83
 2.21720e+02  1.91230e+05  1.29450e+43  1.91230e+05  1.30488e+43  1.84866e+05  1.02258e+43  1.84866e+05  6.99348e+42  3.80529e-83
 2.28967e+02  1.91230e+05  1.38564e+43  1.91230e+05  1.39604e+43  1.84866e+05  1.04690e+43  1.84866e+05  7.46063e+42  3.80529e-83
 2.36450e+02  1.91230e+05  1.48284e+43  1.91230e+05  1.49327e+43  1.84866e+05  1.07573e+43  1.84866e+05  7.95882e+42  3.80529e-83
 2.44178e+02  1.91230e+05  1.58652e+43  1.91230e+05  1.59697e+43  1.84866e+05  1.10917e+43  1.84866e+05  8.49011e+42  3.80529e-83
 2.52158e+02  1.91230e+05  1.69709e+43  1.84866e+05  1.67387e+43  1.84866e+05  1.14736e+43  1.84866e+05  9.05670e+42  3.80529e-83
 2.60399e+02  1.91230e+05  1.81502e+43  1.84866e+05  1.68235e+43  1.84866e+05  1.19047e+43  1.84866e+05  9.66093e+42  3.80529e-83
 2.68910e+02  1.84866e+05  1.93172e+43  1.84866e+05  1.69808e+43  1.84866e+05  1.23868e+43  1.84866e+05  1.03053e+43  3.80529e-83
 2.77699e+02  1.84866e+05  1.93954e+43  1.84866e+05  1.72113e+43  1.84866e+05  1.29217e+43  1.84866e+05  1.09925e+43  3.80529e-83
 2.86774e+02  1.84866e+05  1.95572e+43  1.84866e+05  1.75158e+43  1.84866e+05  1.35118e+43  1.84866e+05  1.17253e+43  3.80529e-83
 2.96147e+02  1.84866e+05  1.98033e+43  1.84866e+05  1.78958e+43  1.84866e+05  1.41595e+43  1.84866e+05  1.25069e+43  3.80529e-83
 3.05826e+02  1.84866e+05  2.01346e+43  1.84866e+05  1.83526e+43  1.84866e+05  1.48675e+43  1.84866e+05  1.33403e+43  3.80529e-83
 3.15821e+02  1.84866e+05  2.05526e+43  1.84866e+05  1.88884e+43  1.84866e+05  1.56386e+43  1.84866e+05  1.42292e+43  3.80529e-83
 3.26143e+02  1.84866e+05  2.10590e+43  1.84866e+05  1.95051e+43  1.84866e+05  1.64761e+43  1.84866e+05  1.51770e+43  3.80529e-83
 3.36802e+02  1.84866e+05  2.16558e+43  1.84866e+05  2.02055e+43  1.84866e+05  1.73835e+43  1.84866e+05  1.61879e+43  3.80529e-83
 3.47810e+02  1.84866e+05  2.23456e+43  1.84866e+05  2.09923e+43  1.84866e+05  1.83644e+43  1.84866e+05  1.72659e+43  3.80529e-83
 3.59177e+02  1.84866e+05  2.31312e+43  1.84866e+05  2.18689e+43  1.84866e+05  1.94231e+43  1.84866e+05  1.84155e+43  3.80529e-83
 3.70916e+02  1.84866e+05  2.40159e+43  1.84866e+05  2.28389e+43  1.84866e+05  2.05637e+43  1.84866e+05  1.96415e+43  3.80529e-83
 3.83038e+02  1.84866e+05  2.50033e+43  1.84866e+05  2.39063e+43  1.84866e+05  2.17912e+43  1.84866e+05  2.09490e+43  3.80529e-83
 3.95557e+02  1.84866e+05  2.60974e+43  1.84866e+05  2.50755e+43  1.84866e+05  2.31105e+43  1.84866e+05  2.23433e+43  3.80529e-83
 4.08485e+02  1.84866e+05  2.73029e+43  1.84866e+05  2.63514e+43  1.84866e+05  2.45270e+43  1.84866e+05  2.38302e+43  3.80529e-83
 4.21835e+02  1.84866e+05  2.86247e+43  1.84866e+05  2.77391e+43  1.84866e+05  2.60468e+43  1.84866e+05  2.54159e+43  3.80529e-83
 4.35622e+02  1.84866e+05  3.00683e+43  1.84866e+05  2.92446e+43  1.84866e+05  2.76760e+43  1.84866e+05  2.71070e+43  3.80529e-83
 4.49859e+02  1.84866e+05  3.16397e+43  1.84866e+05  3.08740e+43  1.84866e+05  2.94214e+43  1.84866e+05  2.89104e+43  3.80529e-83
 4.64562e+02  1.84866e+05  3.33453e+43  1.84866e+05  3.26340e+43  1.84866e+05  3.12902e+43  1.84866e+05  3.08337e+43  3.80529e-83
 4.79745e+02  1.84866e+05  3.51922e+43  1.84866e+05  3.45320e+43  1.84866e+05  3.32902e+43  1.84866e+05  3.28846e+43  3.80529e-83
 4.95424e+02  1.84866e+05  3.71881e+43  1.84866e+05  3.65757e+43  1.84866e+05  3.54296e+43  1.84866e+05  3.50719e+43  3.80529e-83
 5.11616e+02  1.84866e+05  3.93413e+43  1.84866e+05  3.87737e+43  1.84866e+05  3.77173e+43  1.84866e+05  3.74044e+43  3.80529e-83
 5.28337e+02  1.84866e+05  4.16605e+43  1.84866e+05  4.11350e+43  1.84866e+05  4.01628e+43  1.84866e+05  3.98919e+43  3.80529e-83
 5.45604e+02  1.84866e+05  4.41555e+43  1.84866e+05  4.36695e+43  1.84866e+05  4.27761e+43  1.84866e+05  4.25447e+43  3.80529e-83
 5.63436e+02  1.84866e+05  4.68366e+43  1.84866e+05  4.63875e+43  1.84866e+05  4.55681e+43  1.84866e+05  4.53737e+43  3.80529e-83
 5.81850e+02  1.84866e+05  4.97148e+43  1.84866e+05  4.93004e+43  1.84866e+05  4.85504e+43  1.84866e+05  4.83907e+43  3.80529e-83
 6.00867e+02  1.84866e+05  5.28021e+43  1.84866e+05  5.24202e+43  1.84866e+05  5.17353e+43  1.84866e+05  5.16080e+43  3.80529e-83
 6.20505e+02  1.84866e+05  5.61113e+43  1.84866e+05  5.57599e+43  1.84866e+05  5.51359e+43  1.84866e+05  5.50391e+43  3.80529e-83
 6.40784e+02  1.84866e+05  5.96559e+43  1.84866e+05  5.93331e+43  1.84866e+05  5.87663e+43  1.84866e+05  5.86982e+43  3.80529e-83
 6.61727e+02  1.84866e+05  6.34508e+43  1.84866e+05  6.31548e+43  1.84866e+05  6.26417e+43  1.84866e+05  6.26003e+43  3.80529e-83
 6.83354e+02  1.84866e+05  6.75116e+43  1.84866e+05  6.72408e+43  1.84866e+05  6.67779e+43  1.84866e+05  6.67617e+43  3.80529e-83
 7.05688e+02  1.84866e+05  7.18551e+43  1.84866e+05  7.16079e+43  1.84866e+05  7.11921e+43  1.84866e+05  7.11995e+43  3.80529e-83
 7.28751e+02  1.84866e+05  7.64993e+43  1.84866e+05  7.62742e+43  1.84866e+05  7.59027e+43  1.84866e+05  7.59321e+43  3.80529e-83
 7.52569e+02  1.84866e+05  8.14635e+43  1.84866e+05  8.12590e+43  1.84866e+05  8.09290e+43  1.84866e+05  8.09792e+43  3.80529e-83
 7.77165e+02  1.84866e+05  8.67680e+43  1.84866e+05  8.65831e+43  1.84866e+05  8.62919e+43  1.84866e+05  8.63615e+43  3.80529e-83
 8.02565e+02  1.84866e+05  9.24350e+43  1.84866e+05  9.22683e+43  1.84866e+05  9.20136e+43  1.84866e+05  9.21014e+43  3.80529e-83
 8.28794e+02  1.84866e+05  9.84879e+43  1.84866e+05  9.83382e+43  1.84866e+05  9.81177e+43  1.84866e+05  9.82226e+43  3.80529e-83
 8.55882e+02  1.84866e+05  1.04952e+44  1.84866e+05  1.04818e+44  1.84866e+05  1.04630e+44  1.84866e+05  1.04751e+44  3.80529e-83
 8.83854e+02  1.84866e+05  1.11853e+44  1.84866e+05  1.11734e+44  1.84866e+05  1.11576e+44  1.84866e+05  1.11712e+44  3.80529e-83
 9.12741e+02  1.84866e+05  1.19221e+44  1.84866e+05  1.19116e+44  1.84866e+05  1.18986e+44  1.84866e+05  1.19136e+44  3.80529e-83
 9.42571e+02  1.84866e+05  1.27085e+44  1.84866e+05  1.26994e+44  1.84866e+05  1.26890e+44  1.84866e+05  1.27053e+44  3.80529e-83
 9.73377e+02  1.84866e+05  1.35479e+44  1.84866e+05  1.35400e+44  1.84866e+05  1.35321e+44  1.84866e+05  1.35496e+44  3.80529e-83
 1.00519e+03  1.84866e+05  1.44436e+44  1.84866e+05  1.44369e+44  1.84866e+05  1.44313e+44  1.84866e+05  1.44501e+44  3.80529e-83
 1.03804e+03  1.84866e+05  1.53995e+44  1.84866e+05  1.53939e+44  1.84866e+05  1.53905e+44  1.84866e+05  1.54103e+44  3.80529e-83
 1.07197e+03  1.84866e+05  1.64194e+44  1.84866e+05  1.64148e+44  1.84866e+05  1.64135e+44  1.84866e+05  1.64343e+44  3.80529e-83
 1.10700e+03  1.84866e+05  1.75077e+44  1.84866e+05  1.75040e+44  1.84866e+05  1.75046e+44  1.84866e+05  1.75264e+44  3.80529e-83
 1.14318e+03  1.84866e+05  1.86687e+44  1.84866e+05  1.86659e+44  1.84866e+05  1.86683e+44  1.84866e+05  1.86910e+44  3.80529e-83
 1.18054e+03  1.84866e+05  1.99073e+44  1.84866e+05  1.99053e+44  1.84866e+05  1.99094e+44  1.84866e+05  1.99329e+44  3.80529e-83
 1.21913e+03  1.84866e+05  2.12286e+44  1.84866e+05  2.12274e+44  1.84866e+05  2.12331e+44  1.84866e+05  2.12574e+44  3.80529e-83
 1.25897e+03  1.84866e+05  2.26381e+44  1.84866e+05  2.26377e+44  1.84866e+05  2.26448e+44  1.84866e+05  2.26699e+44  3.80529e-83
 1.30012e+03  1.84866e+05  2.41416e+44  1.84866e+05  2.41419e+44  1.84866e+05  2.41504e+44  1.84866e+05  2.41761e+44  3.80529e-83
 1.34261e+03  1.84866e+05  2.57453e+44  1.84866e+05  2.57463e+44  1.84866e+05  2.57561e+44  1.84866e+05  2.57825e+44  3.80529e-83
 1.38649e+03  1.84866e+05  2.74560e+44  1.84866e+05  2.74575e+44  1.84866e+05  2.74686e+44  1.84866e+05  2.74956e+44  3.80529e-83
 1.43180e+03  1.84866e+05  2.92806e+44  1.84866e+05  2.92827e+44  1.84866e+05  2.92949e+44  1.84866e+05  2.93225e+44  3.80529e-83
 1.47860e+03  1.84866e+05  3.12267e+44  1.84866e+05  3.12294e+44  1.84866e+05  3.12426e+44  1.84866e+05  3.12707e+44  3.80529e-83
 1.52692e+03  1.84866e+05  3.33023e+44  1.84866e+05  3.33055e+44  1.84866e+05  3.33198e+44  1.84866e+05  3.33484e+44  3.80529e-83
 1.57683e+03  1.84866e+05  3.55162e+44  1.84866e+05  3.55198e+44  1.84866e+05  3.55350e+44  1.84866e+05  3.55641e+44  3.80529e-83
 1.62836e+03  1.84866e+05  3.78773e+44  1.84866e+05  3.78814e+44  1.84866e+05  3.78975e+44  1.84866e+05  3.79270e+44  3.80529e-83
 1.68158e+03  1.84866e+05  4.03955e+44  1.84866e+05  4.04000e+44  1.84866e+05  4.04169e+44  1.84866e+05  4.04469e+44  3.80529e-83
 1.73654e+03  1.84866e+05  4.30813e+44  1.84866e+05  4.30862e+44  1.84866e+05  4.31038e+44  1.84866e+05  4.31342e+44  3.80529e-83
 1.79329e+03  1.84866e+05  4.59456e+44  1.84866e+05  4.59509e+44  1.84866e+05  4.59693e+44  1.84866e+05  4.60000e+44  3.80529e-83
 1.85190e+03  1.84866e+05  4.90004e+44  1.84866e+05  4.90060e+44  1.84866e+05  4.90251e+44  1.84866e+05  4.90562e+44  3.80529e-83
 1.91243e+03  1.84866e+05  5.22584e+44  1.84866e+05  5.22643e+44  1.84866e+05  5.22841e+44  1.84866e+05  5.23154e+44  3.80529e-83
 1.97493e+03  1.84866e+05  5.57329e+44  1.84866e+05  5.57392e+44  1.84866e+05  5.57595e+44  1.84866e+05  5.57912e+44  3.80529e-83
 2.03948e+03  1.84866e+05  5.94385e+44  1.84866e+05  5.94450e+44  1.84866e+05  5.94659e+44  1.84866e+05  5.94979e+44  3.80529e-83
 2.10613e+03  1.84866e+05  6.33903e+44  1.84866e+05  6.33971e+44  1.84866e+05  6.34185e+44  1.84866e+05  6.34508e+44  3.80529e-83
 2.17497e+03  1.84866e+05  6.76048e+44  1.84866e+05  6.76118e+44  1.84866e+05  6.76338e+44  1.84866e+05  6.76663e+44  3.80529e-83
 2.24605e+03  1.84866e+05  7.20994e+44  1.84866e+05  7.21067e+44  1.84866e+05  7.21291e+44  1.84866e+05  7.21618e+44  3.80529e-83
 2.31946e+03  1.84866e+05  7.68928e+44  1.84866e+05  7.69003e+44  1.84866e+05  7.69231e+44  1.84866e+05  7.69560e+44  3.80529e-83
 2.39526e+03  1.84866e+05  8.20047e+44  1.84866e+05  8.20124e+44  1.84866e+05  8.20356e+44  1.84866e+05  8.20687e+44  3.80529e-83
 2.47355e+03  1.84866e+05  8.74563e+44  1.84866e+05  8.74642e+44  1.84866e+05  8.74878e+44  1.84866e+05  8.75211e+44  3.80529e-83
 2.55439e+03  1.84866e+05  9.32701e+44  1.84866e+05  9.32782e+44  1.84866e+05  9.33022e+44  1.84866e+05  9.33357e+44  3.80529e-83
 2.63787e+03  1.84866e+05  9.94703e+44  1.84866e+05  9.94786e+44  1.84866e+05  9.95029e+44  1.84866e+05  9.95366e+44  3.80529e-83
 2.72409e+03  1.84866e+05  1.06083e+45  1.84866e+05  1.06091e+45  1.84866e+05  1.06116e+45  1.84866e+05  1.06149e+45  3.80529e-83
 2.81312e+03  1.84866e+05  1.13134e+45  1.84866e+05  1.13143e+45  1.84866e+05  1.13168e+45  1.84866e+05  1.13201e+45  3.80529e-83
 2.90506e+03  1.84866e+05  1.20654e+45  1.84866e+05  1.20663e+45  1.84866e+05  1.20688e+45  1.84866e+05  1.20722e+45  3.80529e-83
 3.00000e+03  1.84866e+05  1.28674e+45  1.84866e+05  1.28683e+45  1.84866e+05  1.28708e+45  1.84866e+05  1.28742e+45  3.80529e-83
