radius_rg T_0deg chi2_0deg T_15deg chi2_15deg T_30deg chi2_30deg T_45deg chi2_45deg nuLnusavg_last
 2.00000e-01  9.07048e+05  3.57509e+42  8.76865e+05  1.08405e+42  7.92211e+05  7.98672e+41  7.15730e+05  2.80706e+42  3.37579e-03
 2.06537e-01  8.76865e+05  1.97988e+42  8.76865e+05  1.90349e+42  7.92211e+05  4.46848e+41  6.91914e+05  3.53630e+42  3.37579e-03
 2.13287e-01  8.76865e+05  1.22874e+42  8.47687e+05  5.89965e+41  7.92211e+05  7.96863e+41  6.91914e+05  3.48940e+42  3.37579e-03
 2.20257e-01  8.76865e+05  1.85034e+42  8.47687e+05  1.97181e+41  7.92211e+05  1.85016e+42  6.91914e+05  3.75107e+42  3.37579e-03
 2.27456e-01  8.47687e+05  9.88474e+41  8.47687e+05  9.89636e+41  7.65850e+05  1.46320e+42  6.91914e+05  4.32242e+42  3.37579e-03
 2.34890e-01  8.47687e+05  2.11403e+41  8.19480e+05  5.86444e+41  7.65850e+05  1.57368e+42  6.91914e+05  5.20579e+42  3.37579e-03
 2.42567e-01  8.47687e+05  8.02862e+41  8.19480e+05  5.16214e+40  7.65850e+05  2.39066e+42  6.68890e+05  5.27891e+42  3.37579e-03
 2.50494e-01  8.19480e+05  1.02313e+42  8.19480e+05  7.01437e+41  7.40366e+05  3.27038e+42  6.68890e+05  5.57564e+42  3.37579e-03
 2.58681e-01  8.19480e+05  8.21160e+40  7.92211e+05  1.58050e+42  7.40366e+05  3.04913e+42  6.68890e+05  6.18959e+42  3.37579e-03
 2.67136e-01  8.19480e+05  5.09094e+41  7.92211e+05  7.74786e+41  7.40366e+05  3.54048e+42  6.68890e+05  7.12330e+42  3.37579e-03
 2.75866e-01  7.92211e+05  2.24553e+42  7.92211e+05  1.15670e+42  7.40366e+05  4.74647e+42  6.46632e+05  7.60495e+42  3.37579e-03
 2.84882e-01  7.92211e+05  9.90711e+41  7.92211e+05  2.72783e+42  7.15730e+05  5.46101e+42  6.46632e+05  7.88072e+42  3.37579e-03
 2.94193e-01  7.92211e+05  1.10765e+42  7.65850e+05  2.56678e+42  7.15730e+05  5.52332e+42  6.46632e+05  8.48326e+42  3.37579e-03
 3.03808e-01  7.92211e+05  2.59683e+42  7.65850e+05  2.54227e+42  7.15730e+05  6.30848e+42  6.46632e+05  9.41504e+42  3.37579e-03
 3.13737e-01  7.65850e+05  3.17201e+42  7.65850e+05  3.71270e+42  7.15730e+05  7.81973e+42  6.25115e+05  1.06349e+43  3.37579e-03
 3.23991e-01  7.65850e+05  2.81780e+42  7.40366e+05  5.72522e+42  6.91914e+05  8.66357e+42  6.25115e+05  1.08202e+43  3.37579e-03
 3.34580e-01  7.65850e+05  3.84290e+42  7.40366e+05  5.13732e+42  6.91914e+05  8.90921e+42  6.25115e+05  1.13444e+43  3.37579e-03
 3.45515e-01  7.65850e+05  6.25156e+42  7.40366e+05  5.75511e+42  6.91914e+05  9.89172e+42  6.25115e+05  1.22098e+43  3.37579e-03
 3.56807e-01  7.40366e+05  5.96683e+42  7.40366e+05  7.58114e+42  6.91914e+05  1.16151e+43  6.25115e+05  1.34198e+43  3.37579e-03
 3.68468e-01  7.40366e+05  6.35110e+42  7.15730e+05  9.34871e+42  6.68890e+05  1.29944e+43  6.04314e+05  1.46627e+43  3.37579e-03
 3.80511e-01  7.40366e+05  8.12931e+42  7.15730e+05  9.23776e+42  6.68890e+05  1.33084e+43  6.04314e+05  1.50220e+43  3.37579e-03
 3.92947e-01  7.15730e+05  1.10314e+43  7.15730e+05  1.03495e+43  6.68890e+05  1.43774e+43  6.04314e+05  1.57376e+43  3.37579e-03
 4.05790e-01  7.15730e+05  1.05697e+43  7.15730e+05  1.26884e+43  6.68890e+05  1.62060e+43  6.04314e+05  1.68125e+43  3.37579e-03
 4.19052e-01  7.15730e+05  1.15195e+43  6.91914e+05  1.47155e+43  6.46632e+05  1.86920e+43  6.04314e+05  1.82511e+43  3.37579e-03
 4.32748e-01  7.15730e+05  1.38846e+43  6.91914e+05  1.49106e+43  6.46632e+05  1.89371e+43  5.84205e+05  1.99503e+43  3.37579e-03
 4.46891e-01  6.91914e+05  1.71486e+43  6.91914e+05  1.63519e+43  6.46632e+05  1.99605e+43  5.84205e+05  2.04031e+43  3.37579e-03
 4.61496e-01  6.91914e+05  1.70343e+43  6.91914e+05  1.90453e+43  6.46632e+05  2.17665e+43  5.84205e+05  2.12344e+43  3.37579e-03
 4.76579e-01  6.91914e+05  1.83581e+43  6.68890e+05  2.20270e+43  6.46632e+05  2.43625e+43  5.84205e+05  2.24478e+43  3.37579e-03
 4.92155e-01  6.91914e+05  2.11255e+43  6.68890e+05  2.23323e+43  6.25115e+05  2.61887e+43  5.84205e+05  2.40483e+43  3.37579e-03
 5.08240e-01  6.91914e+05  2.53480e+43  6.68890e+05  2.39145e+43  6.25115e+05  2.70022e+43  5.84205e+05  2.60424e+43  3.37579e-03
 5.24851e-01  6.68890e+05  2.55709e+43  6.68890e+05  2.67801e+43  6.25115e+05  2.86275e+43  5.64766e+05  2.73612e+43  3.37579e-03
 5.42004e-01  6.68890e+05  2.70489e+43  6.68890e+05  3.09410e+43  6.25115e+05  3.10712e+43  5.64766e+05  2.82005e+43  3.37579e-03
 5.59718e-01  6.68890e+05  3.00065e+43  6.46632e+05  3.18754e+43  6.25115e+05  3.43435e+43  5.64766e+05  2.94506e+43  3.37579e-03
 5.78011e-01  6.68890e+05  3.44560e+43  6.46632e+05  3.33734e+43  6.04314e+05  3.61358e+43  5.64766e+05  3.11168e+43  3.37579e-03
 5.96902e-01  6.46632e+05  3.66199e+43  6.46632e+05  3.61938e+43  6.04314e+05  3.73753e+43  5.64766e+05  3.32059e+43  3.37579e-03
 6.16411e-01  6.46632e+05  3.79899e+43  6.46632e+05  4.03485e+43  6.04314e+05  3.94695e+43  5.64766e+05  3.57265e+43  3.37579e-03
 6.36557e-01  6.46632e+05  4.08848e+43  6.25115e+05  4.42159e+43  6.04314e+05  4.24270e+43  5.45973e+05  3.73759e+43  3.37579e-03
 6.57361e-01  6.46632e+05  4.53166e+43  6.25115e+05  4.53498e+43  6.04314e+05  4.62600e+43  5.45973e+05  3.85062e+43  3.37579e-03
 6.78845e-01  6.25115e+05  5.09774e+43  6.25115e+05  4.78557e+43  5.84205e+05  4.90364e+43  5.45973e+05  4.00900e+43  3.37579e-03
 7.01032e-01  6.25115e+05  5.19132e+43  6.25115e+05  5.17441e+43  5.84205e+05  5.05129e+43  5.45973e+05  4.21338e+43  3.37579e-03
 7.23943e-01  6.25115e+05  5.44315e+43  6.25115e+05  5.70310e+43  5.84205e+05  5.28984e+43  5.45973e+05  4.46461e+43  3.37579e-03
 7.47603e-01  6.25115e+05  5.85427e+43  6.04314e+05  6.09302e+43  5.84205e+05  5.62028e+43  5.45973e+05  4.76374e+43  3.37579e-03
 7.72037e-01  6.25115e+05  6.42639e+43  6.04314e+05  6.27720e+43  5.84205e+05  6.04397e+43  5.27805e+05  5.10535e+43  3.37579e-03
 7.97269e-01  6.04314e+05  7.00958e+43  6.04314e+05  6.60580e+43  5.84205e+05  6.56268e+43  5.27805e+05  5.23072e+43  3.37579e-03
 8.23326e-01  6.04314e+05  7.18300e+43  6.04314e+05  7.08018e+43  5.64766e+05  6.73603e+43  5.27805e+05  5.40715e+43  3.37579e-03
 8.50234e-01  6.04314e+05  7.52291e+43  6.04314e+05  7.70231e+43  5.64766e+05  6.97824e+43  5.27805e+05  5.63538e+43  3.37579e-03
 8.78022e-01  6.04314e+05  8.03072e+43  5.84205e+05  8.27030e+43  5.64766e+05  7.31932e+43  5.27805e+05  5.91634e+43  3.37579e-03
 9.06718e-01  6.04314e+05  8.70853e+43  5.84205e+05  8.49293e+43  5.64766e+05  7.76070e+43  5.27805e+05  6.25120e+43  3.37579e-03
 9.36352e-01  5.84205e+05  9.51472e+43  5.84205e+05  8.86914e+43  5.64766e+05  8.30419e+43  5.27805e+05  6.64135e+43  3.37579e-03
 9.66955e-01  5.84205e+05  9.73006e+43  5.84205e+05  9.40051e+43  5.64766e+05  8.95204e+43  5.27805e+05  7.08839e+43  3.37579e-03
 9.98557e-01  5.84205e+05  1.01224e+44  5.84205e+05  1.00892e+44  5.45973e+05  9.18889e+43  5.10242e+05  7.35141e+43  3.37579e-03
 1.03119e+00  5.84205e+05  1.06935e+44  5.84205e+05  1.09381e+44  5.45973e+05  9.50342e+43  5.10242e+05  7.57533e+43  3.37579e-03
 1.06489e+00  5.84205e+05  1.14455e+44  5.64766e+05  1.13447e+44  5.45973e+05  9.92728e+43  5.10242e+05  7.86001e+43  3.37579e-03
 1.09970e+00  5.84205e+05  1.23817e+44  5.64766e+05  1.17250e+44  5.45973e+05  1.04622e+44  5.10242e+05  8.20663e+43  3.37579e-03
 1.13564e+00  5.64766e+05  1.30239e+44  5.64766e+05  1.22722e+44  5.45973e+05  1.11105e+44  5.10242e+05  8.61664e+43  3.37579e-03
 1.17276e+00  5.64766e+05  1.34177e+44  5.64766e+05  1.29886e+44  5.45973e+05  1.18747e+44  5.10242e+05  9.09171e+43  3.37579e-03
 1.21108e+00  5.64766e+05  1.40038e+44  5.64766e+05  1.38773e+44  5.27805e+05  1.25191e+44  5.10242e+05  9.63383e+43  3.37579e-03
 1.25067e+00  5.64766e+05  1.47847e+44  5.64766e+05  1.49418e+44  5.27805e+05  1.28663e+44  5.10242e+05  1.02452e+44  3.37579e-03
 1.29154e+00  5.64766e+05  1.57634e+44  5.45973e+05  1.54768e+44  5.27805e+05  1.33366e+44  4.93264e+05  1.07882e+44  3.37579e-03
 1.33375e+00  5.64766e+05  1.69442e+44  5.45973e+05  1.59763e+44  5.27805e+05  1.39322e+44  4.93264e+05  1.10904e+44  3.37579e-03
 1.37734e+00  5.45973e+05  1.77657e+44  5.45973e+05  1.66603e+44  5.27805e+05  1.46554e+44  4.93264e+05  1.14678e+44  3.37579e-03
 1.42236e+00  5.45973e+05  1.82924e+44  5.45973e+05  1.75317e+44  5.27805e+05  1.55093e+44  4.93264e+05  1.19222e+44  3.37579e-03
 1.46884e+00  5.45973e+05  1.90316e+44  5.45973e+05  1.85942e+44  5.27805e+05  1.64973e+44  4.93264e+05  1.24553e+44  3.37579e-03
 1.51685e+00  5.45973e+05  1.99864e+44  5.45973e+05  1.98520e+44  5.27805e+05  1.76236e+44  4.93264e+05  1.30693e+44  3.37579e-03
 1.56642e+00  5.45973e+05  2.11606e+44  5.27805e+05  2.11079e+44  5.10242e+05  1.80689e+44  4.93264e+05  1.37669e+44  3.37579e-03
 1.61762e+00  5.45973e+05  2.25591e+44  5.27805e+05  2.16581e+44  5.10242e+05  1.86571e+44  4.93264e+05  1.45508e+44  3.37579e-03
 1.67049e+00  5.45973e+05  2.41878e+44  5.27805e+05  2.24165e+44  5.10242e+05  1.93925e+44  4.93264e+05  1.54244e+44  3.37579e-03
 1.72508e+00  5.27805e+05  2.48369e+44  5.27805e+05  2.33860e+44  5.10242e+05  2.02782e+44  4.93264e+05  1.63912e+44  3.37579e-03
 1.78146e+00  5.27805e+05  2.56555e+44  5.27805e+05  2.45708e+44  5.10242e+05  2.13178e+44  4.93264e+05  1.74553e+44  3.37579e-03
 1.83968e+00  5.27805e+05  2.67170e+44  5.27805e+05  2.59757e+44  5.10242e+05  2.25156e+44  4.93264e+05  1.86210e+44  3.37579e-03
 1.89981e+00  5.27805e+05  2.80258e+44  5.27805e+05  2.76065e+44  5.10242e+05  2.38766e+44  4.76850e+05  1.92939e+44  3.37579e-03
 1.96190e+00  5.27805e+05  2.95874e+44  5.27805e+05  2.94700e+44  5.10242e+05  2.54064e+44  4.76850e+05  1.99410e+44  3.37579e-03
 2.02602e+00  5.27805e+05  3.14082e+44  5.10242e+05  3.04369e+44  4.93264e+05  2.65962e+44  4.76850e+05  2.07000e+44  3.37579e-03
 2.09224e+00  5.27805e+05  3.34958e+44  5.10242e+05  3.13877e+44  4.93264e+05  2.73725e+44  4.76850e+05  2.15742e+44  3.37579e-03
 2.16062e+00  5.10242e+05  3.49274e+44  5.10242e+05  3.25868e+44  4.93264e+05  2.83322e+44  4.76850e+05  2.25670e+44  3.37579e-03
 2.23123e+00  5.10242e+05  3.59582e+44  5.10242e+05  3.40392e+44  4.93264e+05  2.94791e+44  4.76850e+05  2.36826e+44  3.37579e-03
 2.30415e+00  5.10242e+05  3.72746e+44  5.10242e+05  3.57509e+44  4.93264e+05  3.08179e+44  4.76850e+05  2.49256e+44  3.37579e-03
 2.37946e+00  5.10242e+05  3.88820e+44  5.10242e+05  3.77290e+44  4.93264e+05  3.23544e+44  4.76850e+05  2.63012e+44  3.37579e-03
 2.45723e+00  5.10242e+05  4.07870e+44  5.10242e+05  3.99817e+44  4.93264e+05  3.40947e+44  4.76850e+05  2.78151e+44  3.37579e-03
 2.53753e+00  5.10242e+05  4.29977e+44  5.10242e+05  4.25183e+44  4.93264e+05  3.60461e+44  4.76850e+05  2.94735e+44  3.37579e-03
 2.62047e+00  5.10242e+05  4.55230e+44  4.93264e+05  4.48392e+44  4.93264e+05  3.82167e+44  4.76850e+05  3.12833e+44  3.37579e-03
 2.70611e+00  5.10242e+05  4.83735e+44  4.93264e+05  4.60962e+44  4.93264e+05  4.06155e+44  4.76850e+05  3.32519e+44  3.37579e-03
 2.79455e+00  4.93264e+05  5.14843e+44  4.93264e+05  4.76624e+44  4.93264e+05  4.32523e+44  4.76850e+05  3.53876e+44  3.37579e-03
 2.88589e+00  4.93264e+05  5.28523e+44  4.93264e+05  4.95443e+44  4.93264e+05  4.61381e+44  4.76850e+05  3.76992e+44  3.37579e-03
 2.98021e+00  4.93264e+05  5.45758e+44  4.93264e+05  5.17497e+44  4.93264e+05  4.92849e+44  4.76850e+05  4.01961e+44  3.37579e-03
 3.07761e+00  4.93264e+05  5.66619e+44  4.93264e+05  5.42877e+44  4.76850e+05  5.24649e+44  4.76850e+05  4.28889e+44  3.37579e-03
 3.17819e+00  4.93264e+05  5.91193e+44  4.93264e+05  5.71688e+44  4.76850e+05  5.41571e+44  4.76850e+05  4.57885e+44  3.37579e-03
 3.28206e+00  4.93264e+05  6.19581e+44  4.93264e+05  6.04049e+44  4.76850e+05  5.61435e+44  4.76850e+05  4.89071e+44  3.37579e-03
 3.38933e+00  4.93264e+05  6.51901e+44  4.93264e+05  6.40095e+44  4.76850e+05  5.84321e+44  4.76850e+05  5.22575e+44  3.37579e-03
 3.50010e+00  4.93264e+05  6.88286e+44  4.93264e+05  6.79974e+44  4.76850e+05  6.10326e+44  4.76850e+05  5.58535e+44  3.37579e-03
 3.61449e+00  4.93264e+05  7.28888e+44  4.93264e+05  7.23851e+44  4.76850e+05  6.39557e+44  4.76850e+05  5.97101e+44  3.37579e-03
 3.73262e+00  4.93264e+05  7.73873e+44  4.93264e+05  7.71909e+44  4.76850e+05  6.72135e+44  4.76850e+05  6.38433e+44  3.37579e-03
 3.85462e+00  4.93264e+05  8.23429e+44  4.93264e+05  8.24345e+44  4.76850e+05  7.08194e+44  4.76850e+05  6.82700e+44  3.37579e-03
 3.98060e+00  4.93264e+05  8.77761e+44  4.93264e+05  8.81377e+44  4.76850e+05  7.47884e+44  4.76850e+05  7.30088e+44  3.37579e-03
 4.11069e+00  4.93264e+05  9.37092e+44  4.76850e+05  9.15630e+44  4.76850e+05  7.91369e+44  4.76850e+05  7.80790e+44  3.37579e-03
 4.24504e+00  4.93264e+05  1.00167e+45  4.76850e+05  9.48057e+44  4.76850e+05  8.38829e+44  4.76850e+05  8.35018e+44  3.37579e-03
 4.38378e+00  4.76850e+05  1.04927e+45  4.76850e+05  9.85592e+44  4.76850e+05  8.90460e+44  4.76850e+05  8.92996e+44  3.37579e-03
 4.52705e+00  4.76850e+05  1.08535e+45  4.76850e+05  1.02839e+45  4.76850e+05  9.46477e+44  4.76850e+05  9.54964e+44  3.37579e-03
 4.67501e+00  4.76850e+05  1.12728e+45  4.76850e+05  1.07663e+45  4.76850e+05  1.00711e+45  4.76850e+05  1.02118e+45  3.37579e-03
 4.82780e+00  4.76850e+05  1.17524e+45  4.76850e+05  1.13051e+45  4.76850e+05  1.07261e+45  4.76850e+05  1.09191e+45  3.37579e-03
 4.98558e+00  4.76850e+05  1.22944e+45  4.76850e+05  1.19025e+45  4.76850e+05  1.14325e+45  4.76850e+05  1.16746e+45  3.37579e-03
 5.14853e+00  4.76850e+05  1.29009e+45  4.76850e+05  1.25610e+45  4.76850e+05  1.21932e+45  4.76850e+05  1.24813e+45  3.37579e-03
 5.31679e+00  4.76850e+05  1.35745e+45  4.76850e+05  1.32834e+45  4.76850e+05  1.30114e+45  4.76850e+05  1.33426e+45  3.37579e-03
 5.49056e+00  4.76850e+05  1.43180e+45  4.76850e+05  1.40725e+45  4.76850e+05  1.38904e+45  4.76850e+05  1.42621e+45  3.37579e-03
 5.67001e+00  4.76850e+05  1.51343e+45  4.76850e+05  1.49318e+45  4.76850e+05  1.48340e+45  4.76850e+05  1.52436e+45  3.37579e-03
 5.85532e+00  4.76850e+05  1.60270e+45  4.76850e+05  1.58647e+45  4.76850e+05  1.58459e+45  4.76850e+05  1.62910e+45  3.37579e-03
 6.04668e+00  4.76850e+05  1.69997e+45  4.76850e+05  1.68750e+45  4.76850e+05  1.69303e+45  4.76850e+05  1.74089e+45  3.37579e-03
 6.24430e+00  4.76850e+05  1.80564e+45  4.76850e+05  1.79671e+45  4.76850e+05  1.80919e+45  4.76850e+05  1.86017e+45  3.37579e-03
 6.44838e+00  4.76850e+05  1.92016e+45  4.76850e+05  1.91454e+45  4.76850e+05  1.93353e+45  4.76850e+05  1.98744e+45  3.37579e-03
 6.65913e+00  4.76850e+05  2.04398e+45  4.76850e+05  2.04147e+45  4.76850e+05  2.06657e+45  4.76850e+05  2.12324e+45  3.37579e-03
 6.87677e+00  4.76850e+05  2.17763e+45  4.76850e+05  2.17804e+45  4.76850e+05  2.20887e+45  4.76850e+05  2.26811e+45  3.37579e-03
 7.10152e+00  4.76850e+05  2.32167e+45  4.76850e+05  2.32480e+45  4.76850e+05  2.36100e+45  4.76850e+05  2.42267e+45  3.37579e-03
 7.33362e+00  4.76850e+05  2.47667e+45  4.76850e+05  2.48237e+45  4.76850e+05  2.52361e+45  4.76850e+05  2.58754e+45  3.37579e-03
 7.57330e+00  4.76850e+05  2.64330e+45  4.76850e+05  2.65140e+45  4.76850e+05  2.69736e+45  4.76850e+05  2.76342e+45  3.37579e-03
 7.82082e+00  4.76850e+05  2.82223e+45  4.76850e+05  2.83259e+45  4.76850e+05  2.88298e+45  4.76850e+05  2.95103e+45  3.37579e-03
 8.07642e+00  4.76850e+05  3.01421e+45  4.76850e+05  3.02668e+45  4.76850e+05  3.08122e+45  4.60983e+05  3.08147e+45  3.37579e-03
 8.34038e+00  4.76850e+05  3.22003e+45  4.76850e+05  3.23448e+45  4.76850e+05  3.29292e+45  4.60983e+05  3.19226e+45  3.37579e-03
 8.61296e+00  4.76850e+05  3.44055e+45  4.76850e+05  3.45686e+45  4.76850e+05  3.51895e+45  4.60983e+05  3.31656e+45  3.37579e-03
 8.89446e+00  4.76850e+05  3.67667e+45  4.76850e+05  3.69472e+45  4.76850e+05  3.76023e+45  4.60983e+05  3.45487e+45  3.37579e-03
 9.18515e+00  4.76850e+05  3.92938e+45  4.76850e+05  3.94906e+45  4.76850e+05  4.01778e+45  4.60983e+05  3.60778e+45  3.37579e-03
 9.48535e+00  4.76850e+05  4.19971e+45  4.76850e+05  4.22093e+45  4.76850e+05  4.29266e+45  4.60983e+05  3.77591e+45  3.37579e-03
 9.79535e+00  4.76850e+05  4.48879e+45  4.76850e+05  4.51144e+45  4.76850e+05  4.58600e+45  4.60983e+05  3.95996e+45  3.37579e-03
 1.01155e+01  4.76850e+05  4.79782e+45  4.76850e+05  4.82182e+45  4.76850e+05  4.89902e+45  4.60983e+05  4.16070e+45  3.37579e-03
 1.04461e+01  4.76850e+05  5.12807e+45  4.76850e+05  5.15333e+45  4.76850e+05  5.23302e+45  4.60983e+05  4.37894e+45  3.37579e-03
 1.07875e+01  4.76850e+05  5.48091e+45  4.76850e+05  5.50735e+45  4.76850e+05  5.58937e+45  4.60983e+05  4.61561e+45  3.37579e-03
 1.11401e+01  4.76850e+05  5.85780e+45  4.76850e+05  5.88535e+45  4.76850e+05  5.96955e+45  4.60983e+05  4.87167e+45  3.37579e-03
 1.15041e+01  4.76850e+05  6.26030e+45  4.76850e+05  6.28890e+45  4.76850e+05  6.37514e+45  4.60983e+05  5.14818e+45  3.37579e-03
 1.18801e+01  4.76850e+05  6.69007e+45  4.76850e+05  6.71965e+45  4.76850e+05  6.80781e+45  4.60983e+05  5.44630e+45  3.37579e-03
 1.22684e+01  4.76850e+05  7.14890e+45  4.76850e+05  7.17939e+45  4.76850e+05  7.26936e+45  4.60983e+05  5.76724e+45  3.37579e-03
 1.26694e+01  4.76850e+05  7.63868e+45  4.76850e+05  7.67003e+45  4.76850e+05  7.76169e+45  4.60983e+05  6.11235e+45  3.37579e-03
 1.30834e+01  4.76850e+05  8.16145e+45  4.76850e+05  8.19360e+45  4.76850e+05  8.28684e+45  4.60983e+05  6.48305e+45  3.37579e-03
 1.35110e+01  4.76850e+05  8.71935e+45  4.76850e+05  8.75226e+45  4.76850e+05  8.84698e+45  4.60983e+05  6.88088e+45  3.37579e-03
 1.39526e+01  4.76850e+05  9.31471e+45  4.76850e+05  9.34833e+45  4.76850e+05  9.44444e+45  4.60983e+05  7.30747e+45  3.37579e-03
 1.44086e+01  4.76850e+05  9.94999e+45  4.76850e+05  9.98427e+45  4.76850e+05  1.00817e+46  4.60983e+05  7.76460e+45  3.37579e-03
 1.48795e+01  4.76850e+05  1.06278e+46  4.76850e+05  1.06627e+46  4.76850e+05  1.07613e+46  4.60983e+05  8.25416e+45  3.37579e-03
 1.53658e+01  4.76850e+05  1.13510e+46  4.76850e+05  1.13865e+46  4.76850e+05  1.14863e+46  4.60983e+05  8.77817e+45  3.37579e-03
 1.58680e+01  4.76850e+05  1.21225e+46  4.76850e+05  1.21585e+46  4.60983e+05  1.18968e+46  4.60983e+05  9.33880e+45  3.37579e-03
 1.63866e+01  4.76850e+05  1.29455e+46  4.76850e+05  1.29821e+46  4.60983e+05  1.23309e+46  4.60983e+05  9.93838e+45  3.37579e-03
 1.69222e+01  4.76850e+05  1.38235e+46  4.76850e+05  1.38606e+46  4.60983e+05  1.28167e+46  4.60983e+05  1.05794e+46  3.37579e-03
 1.74753e+01  4.76850e+05  1.47601e+46  4.76850e+05  1.47976e+46  4.60983e+05  1.33563e+46  4.60983e+05  1.12645e+46  3.37579e-03
 1.80464e+01  4.76850e+05  1.57591e+46  4.76850e+05  1.57970e+46  4.60983e+05  1.39519e+46  4.60983e+05  1.19964e+46  3.37579e-03
 1.86362e+01  4.76850e+05  1.68247e+46  4.76850e+05  1.68630e+46  4.60983e+05  1.46059e+46  4.60983e+05  1.27784e+46  3.37579e-03
 1.92453e+01  4.76850e+05  1.79613e+46  4.76850e+05  1.80000e+46  4.60983e+05  1.53210e+46  4.60983e+05  1.36135e+46  3.37579e-03
 1.98743e+01  4.76850e+05  1.91736e+46  4.76850e+05  1.92126e+46  4.60983e+05  1.61003e+46  4.60983e+05  1.45052e+46  3.37579e-03
 2.05238e+01  4.76850e+05  2.04666e+46  4.60983e+05  2.02407e+46  4.60983e+05  1.69469e+46  4.60983e+05  1.54573e+46  3.37579e-03
 2.11946e+01  4.76850e+05  2.18457e+46  4.60983e+05  2.09456e+46  4.60983e+05  1.78643e+46  4.60983e+05  1.64736e+46  3.37579e-03
 2.18873e+01  4.60983e+05  2.31940e+46  4.60983e+05  2.17384e+46  4.60983e+05  1.88564e+46  4.60983e+05  1.75584e+46  3.37579e-03
 2.26026e+01  4.60983e+05  2.39845e+46  4.60983e+05  2.26224e+46  4.60983e+05  1.99271e+46  4.60983e+05  1.87161e+46  3.37579e-03
 2.33413e+01  4.60983e+05  2.48757e+46  4.60983e+05  2.36011e+46  4.60983e+05  2.10811e+46  4.60983e+05  1.99516e+46  3.37579e-03
 2.41042e+01  4.60983e+05  2.58711e+46  4.60983e+05  2.46788e+46  4.60983e+05  2.23230e+46  4.60983e+05  2.12700e+46  3.37579e-03
 2.48920e+01  4.60983e+05  2.69750e+46  4.60983e+05  2.58597e+46  4.60983e+05  2.36580e+46  4.60983e+05  2.26767e+46  3.37579e-03
 2.57055e+01  4.60983e+05  2.81919e+46  4.60983e+05  2.71488e+46  4.60983e+05  2.50916e+46  4.60983e+05  2.41775e+46  3.37579e-03
 2.65456e+01  4.60983e+05  2.95269e+46  4.60983e+05  2.85515e+46  4.60983e+05  2.66297e+46  4.60983e+05  2.57787e+46  3.37579e-03
 2.74132e+01  4.60983e+05  3.09854e+46  4.60983e+05  3.00735e+46  4.60983e+05  2.82787e+46  4.60983e+05  2.74869e+46  3.37579e-03
 2.83091e+01  4.60983e+05  3.25735e+46  4.60983e+05  3.17212e+46  4.60983e+05  3.00455e+46  4.60983e+05  2.93091e+46  3.37579e-03
 2.92343e+01  4.60983e+05  3.42978e+46  4.60983e+05  3.35013e+46  4.60983e+05  3.19373e+46  4.60983e+05  3.12529e+46  3.37579e-03
 3.01898e+01  4.60983e+05  3.61653e+46  4.60983e+05  3.54213e+46  4.60983e+05  3.39620e+46  4.60983e+05  3.33263e+46  3.37579e-03
 3.11765e+01  4.60983e+05  3.81840e+46  4.60983e+05  3.74890e+46  4.60983e+05  3.61279e+46  4.60983e+05  3.55379e+46  3.37579e-03
 3.21954e+01  4.60983e+05  4.03620e+46  4.60983e+05  3.97131e+46  4.60983e+05  3.84440e+46  4.60983e+05  3.78969e+46  3.37579e-03
 3.32476e+01  4.60983e+05  4.27084e+46  4.60983e+05  4.21027e+46  4.60983e+05  4.09200e+46  4.60983e+05  4.04131e+46  3.37579e-03
 3.43343e+01  4.60983e+05  4.52329e+46  4.60983e+05  4.46677e+46  4.60983e+05  4.35660e+46  4.60983e+05  4.30967e+46  3.37579e-03
 3.54564e+01  4.60983e+05  4.79460e+46  4.60983e+05  4.74188e+46  4.60983e+05  4.63930e+46  4.60983e+05  4.59591e+46  3.37579e-03
 3.66152e+01  4.60983e+05  5.08589e+46  4.60983e+05  5.03672e+46  4.60983e+05  4.94126e+46  4.60983e+05  4.90119e+46  3.37579e-03
 3.78119e+01  4.60983e+05  5.39836e+46  4.60983e+05  5.35253e+46  4.60983e+05  5.26375e+46  4.60983e+05  5.22678e+46  3.37579e-03
 3.90477e+01  4.60983e+05  5.73331e+46  4.60983e+05  5.69062e+46  4.60983e+05  5.60809e+46  4.60983e+05  5.57404e+46  3.37579e-03
 4.03238e+01  4.60983e+05  6.09213e+46  4.60983e+05  6.05237e+46  4.60983e+05  5.97571e+46  4.60983e+05  5.94439e+46  3.37579e-03
 4.16417e+01  4.60983e+05  6.47629e+46  4.60983e+05  6.43928e+46  4.60983e+05  6.36813e+46  4.60983e+05  6.33937e+46  3.37579e-03
 4.30027e+01  4.60983e+05  6.88739e+46  4.60983e+05  6.85296e+46  4.60983e+05  6.78698e+46  4.60983e+05  6.76062e+46  3.37579e-03
 4.44081e+01  4.60983e+05  7.32713e+46  4.60983e+05  7.29513e+46  4.60983e+05  7.23398e+46  4.60983e+05  7.20987e+46  3.37579e-03
 4.58595e+01  4.60983e+05  7.79733e+46  4.60983e+05  7.76760e+46  4.60983e+05  7.71099e+46  4.60983e+05  7.68899e+46  3.37579e-03
 4.73583e+01  4.60983e+05  8.29994e+46  4.60983e+05  8.27233e+46  4.60983e+05  8.21998e+46  4.60983e+05  8.19997e+46  3.37579e-03
 4.89061e+01  4.60983e+05  8.83703e+46  4.60983e+05  8.81142e+46  4.60983e+05  8.76306e+46  4.60983e+05  8.74490e+46  3.37579e-03
 5.05045e+01  4.60983e+05  9.41083e+46  4.60983e+05  9.38709e+46  4.60983e+05  9.34247e+46  4.60983e+05  9.32606e+46  3.37579e-03
 5.21551e+01  4.60983e+05  1.00237e+47  4.60983e+05  1.00017e+47  4.60983e+05  9.96062e+46  4.60983e+05  9.94584e+46  3.37579e-03
 5.38597e+01  4.60983e+05  1.06782e+47  4.60983e+05  1.06579e+47  4.60983e+05  1.06201e+47  4.60983e+05  1.06068e+47  3.37579e-03
 5.56199e+01  4.60983e+05  1.13771e+47  4.60983e+05  1.13583e+47  4.60983e+05  1.13235e+47  4.60983e+05  1.13117e+47  3.37579e-03
 5.74378e+01  4.60983e+05  1.21231e+47  4.60983e+05  1.21058e+47  4.60983e+05  1.20739e+47  4.60983e+05  1.20634e+47  3.37579e-03
 5.93150e+01  4.60983e+05  1.29195e+47  4.60983e+05  1.29035e+47  4.60983e+05  1.28743e+47  4.60983e+05  1.28651e+47  3.37579e-03
 6.12535e+01  4.60983e+05  1.37694e+47  4.60983e+05  1.37547e+47  4.60983e+05  1.37281e+47  4.60983e+05  1.37201e+47  3.37579e-03
 6.32555e+01  4.60983e+05  1.46765e+47  4.60983e+05  1.46630e+47  4.60983e+05  1.46388e+47  4.60983e+05  1.46319e+47  3.37579e-03
 6.53228e+01  4.60983e+05  1.56445e+47  4.60983e+05  1.56321e+47  4.60983e+05  1.56101e+47  4.45643e+05  1.55846e+47  3.37579e-03
 6.74577e+01  4.60983e+05  1.66773e+47  4.60983e+05  1.66660e+47  4.60983e+05  1.66461e+47  4.45643e+05  1.60916e+47  3.37579e-03
 6.96624e+01  4.60983e+05  1.77793e+47  4.60983e+05  1.77689e+47  4.60983e+05  1.77510e+47  4.45643e+05  1.66651e+47  3.37579e-03
 7.19392e+01  4.60983e+05  1.89550e+47  4.60983e+05  1.89456e+47  4.60983e+05  1.89295e+47  4.45643e+05  1.73077e+47  3.37579e-03
 7.42903e+01  4.60983e+05  2.02093e+47  4.60983e+05  2.02007e+47  4.60983e+05  2.01864e+47  4.45643e+05  1.80220e+47  3.37579e-03
 7.67183e+01  4.60983e+05  2.15474e+47  4.60983e+05  2.15396e+47  4.60983e+05  2.15269e+47  4.45643e+05  1.88108e+47  3.37579e-03
 7.92257e+01  4.60983e+05  2.29748e+47  4.60983e+05  2.29677e+47  4.60983e+05  2.29565e+47  4.45643e+05  1.96775e+47  3.37579e-03
 8.18150e+01  4.60983e+05  2.44973e+47  4.60983e+05  2.44910e+47  4.60983e+05  2.44813e+47  4.45643e+05  2.06257e+47  3.37579e-03
 8.44889e+01  4.60983e+05  2.61215e+47  4.60983e+05  2.61158e+47  4.60983e+05  2.61074e+47  4.45643e+05  2.16593e+47  3.37579e-03
 8.72502e+01  4.60983e+05  2.78538e+47  4.60983e+05  2.78488e+47  4.60983e+05  2.78416e+47  4.45643e+05  2.27825e+47  3.37579e-03
 9.01018e+01  4.60983e+05  2.97016e+47  4.60983e+05  2.96971e+47  4.60983e+05  2.96911e+47  4.45643e+05  2.40001e+47  3.37579e-03
 9.30466e+01  4.60983e+05  3.16724e+47  4.60983e+05  3.16685e+47  4.60983e+05  3.16636e+47  4.45643e+05  2.53170e+47  3.37579e-03
 9.60876e+01  4.60983e+05  3.37744e+47  4.60983e+05  3.37710e+47  4.60983e+05  3.37672e+47  4.45643e+05  2.67387e+47  3.37579e-03
 9.92280e+01  4.60983e+05  3.60163e+47  4.60983e+05  3.60135e+47  4.60983e+05  3.60106e+47  4.45643e+05  2.82711e+47  3.37579e-03
 1.02471e+02  4.60983e+05  3.84075e+47  4.60983e+05  3.84050e+47  4.60983e+05  3.84031e+47  4.45643e+05  2.99205e+47  3.37579e-03
 1.05820e+02  4.60983e+05  4.09577e+47  4.60983e+05  4.09557e+47  4.60983e+05  4.09545e+47  4.45643e+05  3.16938e+47  3.37579e-03
 1.09278e+02  4.60983e+05  4.36775e+47  4.60983e+05  4.36759e+47  4.60983e+05  4.36756e+47  4.45643e+05  3.35983e+47  3.37579e-03
 1.12850e+02  4.60983e+05  4.65782e+47  4.60983e+05  4.65770e+47  4.60983e+05  4.65775e+47  4.45643e+05  3.56418e+47  3.37579e-03
 1.16538e+02  4.60983e+05  4.96719e+47  4.60983e+05  4.96710e+47  4.60983e+05  4.96721e+47  4.45643e+05  3.78329e+47  3.37579e-03
 1.20347e+02  4.60983e+05  5.29712e+47  4.60983e+05  5.29707e+47  4.60983e+05  5.29725e+47  4.45643e+05  4.01806e+47  3.37579e-03
 1.24280e+02  4.60983e+05  5.64899e+47  4.60983e+05  5.64897e+47  4.60983e+05  5.64921e+47  4.45643e+05  4.26946e+47  3.37579e-03
 1.28342e+02  4.60983e+05  6.02425e+47  4.60983e+05  6.02426e+47  4.45643e+05  5.97901e+47  4.45643e+05  4.53853e+47  3.37579e-03
 1.32537e+02  4.60983e+05  6.42446e+47  4.60983e+05  6.42449e+47  4.45643e+05  6.17707e+47  4.45643e+05  4.82638e+47  3.37579e-03
 1.36868e+02  4.60983e+05  6.85127e+47  4.60983e+05  6.85133e+47  4.45643e+05  6.40070e+47  4.45643e+05  5.13422e+47  3.37579e-03
 1.41341e+02  4.60983e+05  7.30644e+47  4.60983e+05  7.30653e+47  4.45643e+05  6.65083e+47  4.45643e+05  5.46330e+47  3.37579e-03
 1.45961e+02  4.60983e+05  7.79187e+47  4.60983e+05  7.79197e+47  4.45643e+05  6.92849e+47  4.45643e+05  5.81500e+47  3.37579e-03
 1.50731e+02  4.60983e+05  8.30955e+47  4.60983e+05  8.30968e+47  4.45643e+05  7.23483e+47  4.45643e+05  6.19076e+47  3.37579e-03
 1.55658e+02  4.60983e+05  8.86164e+47  4.60983e+05  8.86179e+47  4.45643e+05  7.57111e+47  4.45643e+05  6.59215e+47  3.37579e-03
 1.60745e+02  4.60983e+05  9.45042e+47  4.60983e+05  9.45058e+47  4.45643e+05  7.93874e+47  4.45643e+05  7.02082e+47  3.37579e-03
 1.65998e+02  4.60983e+05  1.00783e+48  4.60983e+05  1.00785e+48  4.45643e+05  8.33923e+47  4.45643e+05  7.47855e+47  3.37579e-03
 1.71424e+02  4.60983e+05  1.07479e+48  4.45643e+05  1.05083e+48  4.45643e+05  8.77423e+47  4.45643e+05  7.96723e+47  3.37579e-03
 1.77026e+02  4.60983e+05  1.14621e+48  4.45643e+05  1.08715e+48  4.45643e+05  9.24556e+47  4.45643e+05  8.48889e+47  3.37579e-03
 1.82812e+02  4.45643e+05  1.20422e+48  4.45643e+05  1.12798e+48  4.45643e+05  9.75515e+47  4.45643e+05  9.04568e+47  3.37579e-03
 1.88787e+02  4.45643e+05  1.24496e+48  4.45643e+05  1.17347e+48  4.45643e+05  1.03051e+48  4.45643e+05  9.63991e+47  3.37579e-03
 1.94957e+02  4.45643e+05  1.29086e+48  4.45643e+05  1.22382e+48  4.45643e+05  1.08978e+48  4.45643e+05  1.02740e+48  3.37579e-03
 2.01328e+02  4.45643e+05  1.34209e+48  4.45643e+05  1.27924e+48  4.45643e+05  1.15355e+48  4.45643e+05  1.09507e+48  3.37579e-03
 2.07908e+02  4.45643e+05  1.39889e+48  4.45643e+05  1.33995e+48  4.45643e+05  1.22210e+48  4.45643e+05  1.16727e+48  3.37579e-03
 2.14703e+02  4.45643e+05  1.46147e+48  4.45643e+05  1.40620e+48  4.45643e+05  1.29570e+48  4.45643e+05  1.24429e+48  3.37579e-03
 2.21720e+02  4.45643e+05  1.53010e+48  4.45643e+05  1.47828e+48  4.45643e+05  1.37467e+48  4.45643e+05  1.32647e+48  3.37579e-03
 2.28967e+02  4.45643e+05  1.60507e+48  4.45643e+05  1.55648e+48  4.45643e+05  1.45933e+48  4.45643e+05  1.41414e+48  3.37579e-03
 2.36450e+02  4.45643e+05  1.68668e+48  4.45643e+05  1.64112e+48  4.45643e+05  1.55003e+48  4.45643e+05  1.50766e+48  3.37579e-03
 2.44178e+02  4.45643e+05  1.77527e+48  4.45643e+05  1.73255e+48  4.45643e+05  1.64714e+48  4.45643e+05  1.60742e+48  3.37579e-03
 2.52158e+02  4.45643e+05  1.87121e+48  4.45643e+05  1.83116e+48  4.45643e+05  1.75108e+48  4.45643e+05  1.71383e+48  3.37579e-03
 2.60399e+02  4.45643e+05  1.97490e+48  4.45643e+05  1.93734e+48  4.45643e+05  1.86226e+48  4.45643e+05  1.82734e+48  3.37579e-03
 2.68910e+02  4.45643e+05  2.08676e+48  4.45643e+05  2.05154e+48  4.45643e+05  1.98114e+48  4.45643e+05  1.94841e+48  3.37579e-03
 2.77699e+02  4.45643e+05  2.20725e+48  4.45643e+05  2.17424e+48  4.45643e+05  2.10823e+48  4.45643e+05  2.07754e+48  3.37579e-03
 2.86774e+02  4.45643e+05  2.33689e+48  4.45643e+05  2.30593e+48  4.45643e+05  2.24404e+48  4.45643e+05  2.21527e+48  3.37579e-03
 2.96147e+02  4.45643e+05  2.47619e+48  4.45643e+05  2.44717e+48  4.45643e+05  2.38914e+48  4.45643e+05  2.36217e+48  3.37579e-03
 3.05826e+02  4.45643e+05  2.62575e+48  4.45643e+05  2.59853e+48  4.45643e+05  2.54413e+48  4.45643e+05  2.51884e+48  3.37579e-03
 3.15821e+02  4.45643e+05  2.78617e+48  4.45643e+05  2.76065e+48  4.45643e+05  2.70964e+48  4.45643e+05  2.68594e+48  3.37579e-03
 3.26143e+02  4.45643e+05  2.95812e+48  4.45643e+05  2.93420e+48  4.45643e+05  2.88638e+48  4.45643e+05  2.86415e+48  3.37579e-03
 3.36802e+02  4.45643e+05  3.14232e+48  4.45643e+05  3.11989e+48  4.45643e+05  3.07505e+48  4.45643e+05  3.05422e+48  3.37579e-03
 3.47810e+02  4.45643e+05  3.33953e+48  4.45643e+05  3.31849e+48  4.45643e+05  3.27646e+48  4.45643e+05  3.25693e+48  3.37579e-03
 3.59177e+02  4.45643e+05  3.55055e+48  4.45643e+05  3.53083e+48  4.45643e+05  3.49142e+48  4.45643e+05  3.47312e+48  3.37579e-03
 3.70916e+02  4.45643e+05  3.77627e+48  4.45643e+05  3.75778e+48  4.45643e+05  3.72084e+48  4.45643e+05  3.70368e+48  3.37579e-03
 3.83038e+02  4.45643e+05  4.01762e+48  4.45643e+05  4.00029e+48  4.45643e+05  3.96565e+48  4.45643e+05  3.94956e+48  3.37579e-03
 3.95557e+02  4.45643e+05  4.27560e+48  4.45643e+05  4.25935e+48  4.45643e+05  4.22687e+48  4.45643e+05  4.21180e+48  3.37579e-03
 4.08485e+02  4.45643e+05  4.55127e+48  4.45643e+05  4.53604e+48  4.45643e+05  4.50559e+48  4.45643e+05  4.49146e+48  3.37579e-03
 4.21835e+02  4.45643e+05  4.84578e+48  4.45643e+05  4.83150e+48  4.45643e+05  4.80296e+48  4.45643e+05  4.78971e+48  3.37579e-03
 4.35622e+02  4.45643e+05  5.16035e+48  4.45643e+05  5.14696e+48  4.45643e+05  5.12020e+48  4.45643e+05  5.10779e+48  3.37579e-03
 4.49859e+02  4.45643e+05  5.49627e+48  4.45643e+05  5.48372e+48  4.45643e+05  5.45864e+48  4.45643e+05  5.44700e+48  3.37579e-03
 4.64562e+02  4.45643e+05  5.85494e+48  4.45643e+05  5.84317e+48  4.45643e+05  5.81966e+48  4.45643e+05  5.80876e+48  3.37579e-03
 4.79745e+02  4.45643e+05  6.23784e+48  4.45643e+05  6.22681e+48  4.45643e+05  6.20477e+48  4.45643e+05  6.19455e+48  3.37579e-03
 4.95424e+02  4.45643e+05  6.64656e+48  4.45643e+05  6.63622e+48  4.45643e+05  6.61556e+48  4.45643e+05  6.60599e+48  3.37579e-03
 5.11616e+02  4.45643e+05  7.08279e+48  4.45643e+05  7.07309e+48  4.45643e+05  7.05373e+48  4.45643e+05  7.04476e+48  3.37579e-03
 5.28337e+02  4.45643e+05  7.54833e+48  4.45643e+05  7.53924e+48  4.45643e+05  7.52109e+48  4.45643e+05  7.51268e+48  3.37579e-03
 5.45604e+02  4.45643e+05  8.04511e+48  4.45643e+05  8.03659e+48  4.45643e+05  8.01958e+48  4.45643e+05  8.01170e+48  3.37579e-03
 5.63436e+02  4.45643e+05  8.57519e+48  4.45643e+05  8.56720e+48  4.45643e+05  8.55125e+48  4.45643e+05  8.54387e+48  3.37579e-03
 5.81850e+02  4.45643e+05  9.14075e+48  4.45643e+05  9.13326e+48  4.45643e+05  9.11832e+48  4.45643e+05  9.11140e+48  3.37579e-03
 6.00867e+02  4.45643e+05  9.74414e+48  4.45643e+05  9.73713e+48  4.45643e+05  9.72312e+48  4.45643e+05  9.71664e+48  3.37579e-03
 6.20505e+02  4.45643e+05  1.03879e+49  4.45643e+05  1.03813e+49  4.45643e+05  1.03682e+49  4.30814e+05  1.01212e+49  3.37579e-03
 6.40784e+02  4.45643e+05  1.10746e+49  4.45643e+05  1.10684e+49  4.45643e+05  1.10561e+49  4.30814e+05  1.04637e+49  3.37579e-03
 6.61727e+02  4.45643e+05  1.18071e+49  4.45643e+05  1.18013e+49  4.45643e+05  1.17898e+49  4.30814e+05  1.08494e+49  3.37579e-03
 6.83354e+02  4.45643e+05  1.25885e+49  4.45643e+05  1.25831e+49  4.45643e+05  1.25723e+49  4.30814e+05  1.12801e+49  3.37579e-03
 7.05688e+02  4.45643e+05  1.34220e+49  4.45643e+05  1.34170e+49  4.45643e+05  1.34068e+49  4.30814e+05  1.17574e+49  3.37579e-03
 7.28751e+02  4.45643e+05  1.43111e+49  4.45643e+05  1.43063e+49  4.45643e+05  1.42969e+49  4.30814e+05  1.22834e+49  3.37579e-03
 7.52569e+02  4.45643e+05  1.52594e+49  4.45643e+05  1.52549e+49  4.45643e+05  1.52460e+49  4.30814e+05  1.28602e+49  3.37579e-03
 7.77165e+02  4.45643e+05  1.62708e+49  4.45643e+05  1.62666e+49  4.45643e+05  1.62583e+49  4.30814e+05  1.34903e+49  3.37579e-03
 8.02565e+02  4.45643e+05  1.73496e+49  4.45643e+05  1.73457e+49  4.45643e+05  1.73379e+49  4.30814e+05  1.41761e+49  3.37579e-03
 8.28794e+02  4.45643e+05  1.85002e+49  4.45643e+05  1.84965e+49  4.45643e+05  1.84892e+49  4.30814e+05  1.49207e+49  3.37579e-03
 8.55882e+02  4.45643e+05  1.97273e+49  4.45643e+05  1.97239e+49  4.45643e+05  1.97170e+49  4.30814e+05  1.57270e+49  3.37579e-03
 8.83854e+02  4.45643e+05  2.10361e+49  4.45643e+05  2.10329e+49  4.45643e+05  2.10265e+49  4.30814e+05  1.65984e+49  3.37579e-03
 9.12741e+02  4.45643e+05  2.24319e+49  4.45643e+05  2.24289e+49  4.45643e+05  2.24229e+49  4.30814e+05  1.75384e+49  3.37579e-03
 9.42571e+02  4.45643e+05  2.39206e+49  4.45643e+05  2.39178e+49  4.45643e+05  2.39122e+49  4.30814e+05  1.85511e+49  3.37579e-03
 9.73377e+02  4.45643e+05  2.55083e+49  4.45643e+05  2.55056e+49  4.45643e+05  2.55004e+49  4.30814e+05  1.96405e+49  3.37579e-03
 1.00519e+03  4.45643e+05  2.72015e+49  4.45643e+05  2.71990e+49  4.45643e+05  2.71941e+49  4.30814e+05  2.08112e+49  3.37579e-03
 1.03804e+03  4.45643e+05  2.90073e+49  4.45643e+05  2.90050e+49  4.45643e+05  2.90004e+49  4.30814e+05  2.20680e+49  3.37579e-03
 1.07197e+03  4.45643e+05  3.09332e+49  4.45643e+05  3.09310e+49  4.45643e+05  3.09267e+49  4.30814e+05  2.34162e+49  3.37579e-03
 1.10700e+03  4.45643e+05  3.29871e+49  4.45643e+05  3.29850e+49  4.45643e+05  3.29810e+49  4.30814e+05  2.48613e+49  3.37579e-03
 1.14318e+03  4.45643e+05  3.51775e+49  4.45643e+05  3.51755e+49  4.45643e+05  3.51718e+49  4.30814e+05  2.64092e+49  3.37579e-03
 1.18054e+03  4.45643e+05  3.75134e+49  4.45643e+05  3.75116e+49  4.45643e+05  3.75081e+49  4.30814e+05  2.80665e+49  3.37579e-03
 1.21913e+03  4.45643e+05  4.00046e+49  4.45643e+05  4.00030e+49  4.30814e+05  3.88343e+49  4.30814e+05  2.98399e+49  3.37579e-03
 1.25897e+03  4.45643e+05  4.26614e+49  4.45643e+05  4.26599e+49  4.30814e+05  4.01708e+49  4.30814e+05  3.17368e+49  3.37579e-03
 1.30012e+03  4.45643e+05  4.54948e+49  4.45643e+05  4.54933e+49  4.30814e+05  4.16737e+49  4.30814e+05  3.37650e+49  3.37579e-03
 1.34261e+03  4.45643e+05  4.85164e+49  4.45643e+05  4.85150e+49  4.30814e+05  4.33490e+49  4.30814e+05  3.59330e+49  3.37579e-03
 1.38649e+03  4.45643e+05  5.17388e+49  4.45643e+05  5.17375e+49  4.30814e+05  4.52037e+49  4.30814e+05  3.82496e+49  3.37579e-03
 1.43180e+03  4.45643e+05  5.51753e+49  4.45643e+05  5.51741e+49  4.30814e+05  4.72454e+49  4.30814e+05  4.07246e+49  3.37579e-03
 1.47860e+03  4.45643e+05  5.88402e+49  4.45643e+05  5.88390e+49  4.30814e+05  4.94827e+49  4.30814e+05  4.33681e+49  3.37579e-03
 1.52692e+03  4.45643e+05  6.27485e+49  4.45643e+05  6.27475e+49  4.30814e+05  5.19248e+49  4.30814e+05  4.61911e+49  3.37579e-03
 1.57683e+03  4.45643e+05  6.69166e+49  4.30814e+05  6.61286e+49  4.30814e+05  5.45817e+49  4.30814e+05  4.92053e+49  3.37579e-03
 1.62836e+03  4.45643e+05  7.13616e+49  4.30814e+05  6.82921e+49  4.30814e+05  5.74646e+49  4.30814e+05  5.24230e+49  3.37579e-03
 1.68158e+03  4.30814e+05  7.58148e+49  4.30814e+05  7.07383e+49  4.30814e+05  6.05853e+49  4.30814e+05  5.58578e+49  3.37579e-03
 1.73654e+03  4.30814e+05  7.82375e+49  4.30814e+05  7.34772e+49  4.30814e+05  6.39567e+49  4.30814e+05  5.95237e+49  3.37579e-03
 1.79329e+03  4.30814e+05  8.09839e+49  4.30814e+05  7.65202e+49  4.30814e+05  6.75927e+49  4.30814e+05  6.34359e+49  3.37579e-03
 1.85190e+03  4.30814e+05  8.40655e+49  4.30814e+05  7.98798e+49  4.30814e+05  7.15085e+49  4.30814e+05  6.76107e+49  3.37579e-03
 1.91243e+03  4.30814e+05  8.74950e+49  4.30814e+05  8.35701e+49  4.30814e+05  7.57203e+49  4.30814e+05  7.20652e+49  3.37579e-03
 1.97493e+03  4.30814e+05  9.12866e+49  4.30814e+05  8.76062e+49  4.30814e+05  8.02454e+49  4.30814e+05  7.68180e+49  3.37579e-03
 2.03948e+03  4.30814e+05  9.54560e+49  4.30814e+05  9.20048e+49  4.30814e+05  8.51026e+49  4.30814e+05  8.18888e+49  3.37579e-03
 2.10613e+03  4.30814e+05  1.00020e+50  4.30814e+05  9.67842e+49  4.30814e+05  9.03120e+49  4.30814e+05  8.72984e+49  3.37579e-03
 2.17497e+03  4.30814e+05  1.04999e+50  4.30814e+05  1.01964e+50  4.30814e+05  9.58951e+49  4.30814e+05  9.30692e+49  3.37579e-03
 2.24605e+03  4.30814e+05  1.10412e+50  4.30814e+05  1.07566e+50  4.30814e+05  1.01875e+50  4.30814e+05  9.92253e+49  3.37579e-03
 2.31946e+03  4.30814e+05  1.16281e+50  4.30814e+05  1.13613e+50  4.30814e+05  1.08277e+50  4.30814e+05  1.05792e+50  3.37579e-03
 2.39526e+03  4.30814e+05  1.22633e+50  4.30814e+05  1.20130e+50  4.30814e+05  1.15126e+50  4.30814e+05  1.12797e+50  3.37579e-03
 2.47355e+03  4.30814e+05  1.29491e+50  4.30814e+05  1.27145e+50  4.30814e+05  1.22453e+50  4.30814e+05  1.20268e+50  3.37579e-03
 2.55439e+03  4.30814e+05  1.36886e+50  4.30814e+05  1.34686e+50  4.30814e+05  1.30286e+50  4.30814e+05  1.28237e+50  3.37579e-03
 2.63787e+03  4.30814e+05  1.44847e+50  4.30814e+05  1.42784e+50  4.30814e+05  1.38658e+50  4.30814e+05  1.36737e+50  3.37579e-03
 2.72409e+03  4.30814e+05  1.53407e+50  4.30814e+05  1.51472e+50  4.30814e+05  1.47604e+50  4.30814e+05  1.45802e+50  3.37579e-03
 2.81312e+03  4.30814e+05  1.62602e+50  4.30814e+05  1.60788e+50  4.30814e+05  1.57160e+50  4.30814e+05  1.55471e+50  3.37579e-03
 2.90506e+03  4.30814e+05  1.72470e+50  4.30814e+05  1.70769e+50  4.30814e+05  1.67368e+50  4.30814e+05  1.65784e+50  3.37579e-03
 3.00000e+03  4.30814e+05  1.83052e+50  4.30814e+05  1.81457e+50  4.30814e+05  1.78267e+50  4.30814e+05  1.76782e+50  3.37579e-03
