radius_rg T_0deg chi2_0deg T_15deg chi2_15deg T_30deg chi2_30deg T_45deg chi2_45deg nuLnusavg_last
 2.00000e-01  5.84205e+05  3.29748e+42  5.64766e+05  2.60636e+42  5.27805e+05  1.16696e+42  4.16479e+05  5.10597e+40  1.71426e-51
 2.06537e-01  5.64766e+05  3.19077e+42  5.64766e+05  2.55825e+42  5.27805e+05  1.17047e+42  4.16479e+05  5.75912e+40  1.71426e-51
 2.13287e-01  5.64766e+05  3.03458e+42  5.64766e+05  2.58038e+42  5.10242e+05  1.13906e+42  4.02620e+05  4.77923e+40  1.71426e-51
 2.20257e-01  5.64766e+05  2.95983e+42  5.45973e+05  2.41762e+42  5.10242e+05  1.06269e+42  4.02620e+05  4.09936e+40  1.71426e-51
 2.27456e-01  5.64766e+05  2.96622e+42  5.45973e+05  2.31316e+42  5.10242e+05  1.02516e+42  4.02620e+05  3.85745e+40  1.71426e-51
 2.34890e-01  5.45973e+05  2.83188e+42  5.45973e+05  2.27793e+42  5.10242e+05  1.02631e+42  4.02620e+05  4.05250e+40  1.71426e-51
 2.42567e-01  5.45973e+05  2.69230e+42  5.27805e+05  2.31153e+42  4.93264e+05  1.02157e+42  4.02620e+05  4.68533e+40  1.71426e-51
 2.50494e-01  5.45973e+05  2.63275e+42  5.27805e+05  2.14428e+42  4.93264e+05  9.39241e+41  3.89223e+05  4.02659e+40  1.71426e-51
 2.58681e-01  5.45973e+05  2.65299e+42  5.27805e+05  2.04557e+42  4.93264e+05  8.95241e+41  3.89223e+05  3.26797e+40  1.71426e-51
 2.67136e-01  5.27805e+05  2.51449e+42  5.27805e+05  2.01498e+42  4.93264e+05  8.89393e+41  3.89223e+05  2.94387e+40  1.71426e-51
 2.75866e-01  5.27805e+05  2.38186e+42  5.27805e+05  2.05239e+42  4.93264e+05  9.21671e+41  3.89223e+05  3.05296e+40  1.71426e-51
 2.84882e-01  5.27805e+05  2.32797e+42  5.10242e+05  1.90297e+42  4.76850e+05  8.34952e+41  3.89223e+05  3.59569e+40  1.71426e-51
 2.94193e-01  5.27805e+05  2.35260e+42  5.10242e+05  1.80176e+42  4.76850e+05  7.79758e+41  3.76271e+05  3.58842e+40  1.71426e-51
 3.03808e-01  5.10242e+05  2.23637e+42  5.10242e+05  1.76766e+42  4.76850e+05  7.62236e+41  3.76271e+05  2.67815e+40  1.71426e-51
 3.13737e-01  5.10242e+05  2.10112e+42  5.10242e+05  1.80053e+42  4.76850e+05  7.82316e+41  3.76271e+05  2.19996e+40  1.71426e-51
 3.23991e-01  5.10242e+05  2.04345e+42  4.93264e+05  1.69487e+42  4.60983e+05  7.54391e+41  3.76271e+05  2.15188e+40  1.71426e-51
 3.34580e-01  5.10242e+05  2.06313e+42  4.93264e+05  1.58293e+42  4.60983e+05  6.83221e+41  3.76271e+05  2.53371e+40  1.71426e-51
 3.45515e-01  4.93264e+05  1.99885e+42  4.93264e+05  1.53720e+42  4.60983e+05  6.49325e+41  3.76271e+05  3.34702e+40  1.71426e-51
 3.56807e-01  4.93264e+05  1.85146e+42  4.93264e+05  1.55749e+42  4.60983e+05  6.52563e+41  3.63750e+05  2.41808e+40  1.71426e-51
 3.68468e-01  4.93264e+05  1.78061e+42  4.76850e+05  1.52442e+42  4.60983e+05  6.92947e+41  3.63750e+05  1.71166e+40  1.71426e-51
 3.80511e-01  4.93264e+05  1.78602e+42  4.76850e+05  1.39350e+42  4.45643e+05  6.12312e+41  3.63750e+05  1.43332e+40  1.71426e-51
 3.92947e-01  4.76850e+05  1.80708e+42  4.76850e+05  1.32800e+42  4.45643e+05  5.57254e+41  3.63750e+05  1.58192e+40  1.71426e-51
 4.05790e-01  4.76850e+05  1.63797e+42  4.76850e+05  1.32767e+42  4.45643e+05  5.38947e+41  3.63750e+05  2.15807e+40  1.71426e-51
 4.19052e-01  4.76850e+05  1.54453e+42  4.76850e+05  1.39249e+42  4.45643e+05  5.57318e+41  3.51646e+05  2.62280e+40  1.71426e-51
 4.32748e-01  4.76850e+05  1.52637e+42  4.60983e+05  1.24132e+42  4.30814e+05  5.76133e+41  3.51646e+05  1.61052e+40  1.71426e-51
 4.46891e-01  4.76850e+05  1.58342e+42  4.60983e+05  1.14786e+42  4.30814e+05  4.94965e+41  3.51646e+05  1.02590e+40  1.71426e-51
 4.61496e-01  4.60983e+05  1.46978e+42  4.60983e+05  1.11880e+42  4.30814e+05  4.50291e+41  3.51646e+05  8.66539e+39  1.71426e-51
 4.76579e-01  4.60983e+05  1.34423e+42  4.60983e+05  1.15404e+42  4.30814e+05  4.41927e+41  3.51646e+05  1.13176e+40  1.71426e-51
 4.92155e-01  4.60983e+05  1.29312e+42  4.45643e+05  1.13809e+42  4.30814e+05  4.69838e+41  3.51646e+05  1.82267e+40  1.71426e-51
 5.08240e-01  4.60983e+05  1.31625e+42  4.45643e+05  1.00826e+42  4.16479e+05  4.74078e+41  3.39945e+05  2.08127e+40  1.71426e-51
 5.24851e-01  4.45643e+05  1.36042e+42  4.45643e+05  9.42265e+41  4.16479e+05  3.97997e+41  3.39945e+05  1.10971e+40  1.71426e-51
 5.42004e-01  4.45643e+05  1.19301e+42  4.45643e+05  9.39830e+41  4.16479e+05  3.58009e+41  3.39945e+05  5.63748e+39  1.71426e-51
 5.59718e-01  4.45643e+05  1.09942e+42  4.45643e+05  1.00094e+42  4.16479e+05  3.53949e+41  3.39945e+05  4.41118e+39  1.71426e-51
 5.78011e-01  4.45643e+05  1.07927e+42  4.30814e+05  9.24838e+41  4.16479e+05  3.85799e+41  3.39945e+05  7.41316e+39  1.71426e-51
 5.96902e-01  4.45643e+05  1.13248e+42  4.30814e+05  8.13438e+41  4.02620e+05  3.96469e+41  3.39945e+05  1.46558e+40  1.71426e-51
 6.16411e-01  4.30814e+05  1.10901e+42  4.30814e+05  7.65065e+41  4.02620e+05  3.19673e+41  3.28633e+05  1.92642e+40  1.71426e-51
 6.36557e-01  4.30814e+05  9.63104e+41  4.30814e+05  7.79519e+41  4.02620e+05  2.78645e+41  3.28633e+05  9.08952e+39  1.71426e-51
 6.57361e-01  4.30814e+05  8.90077e+41  4.30814e+05  8.56858e+41  4.02620e+05  2.73217e+41  3.28633e+05  3.16252e+39  1.71426e-51
 6.78845e-01  4.30814e+05  8.89624e+41  4.16479e+05  7.52265e+41  4.02620e+05  3.03365e+41  3.28633e+05  1.45864e+39  1.71426e-51
 7.01032e-01  4.30814e+05  9.61741e+41  4.16479e+05  6.49350e+41  3.89223e+05  3.44463e+41  3.28633e+05  3.97081e+39  1.71426e-51
 7.23943e-01  4.16479e+05  9.07301e+41  4.16479e+05  6.08781e+41  3.89223e+05  2.61066e+41  3.28633e+05  1.07094e+40  1.71426e-51
 7.47603e-01  4.16479e+05  7.71387e+41  4.16479e+05  6.30392e+41  3.89223e+05  2.13197e+41  3.28633e+05  2.17024e+40  1.71426e-51
 7.72037e-01  4.16479e+05  7.07554e+41  4.16479e+05  7.14272e+41  3.89223e+05  2.00655e+41  3.17698e+05  1.05699e+40  1.71426e-51
 7.97269e-01  4.16479e+05  7.15539e+41  4.02620e+05  6.17384e+41  3.89223e+05  2.23390e+41  3.17698e+05  3.28725e+39  1.71426e-51
 8.23326e-01  4.16479e+05  7.95375e+41  4.02620e+05  5.12970e+41  3.89223e+05  2.81496e+41  3.17698e+05  2.28239e+38  1.71426e-51
 8.50234e-01  4.02620e+05  7.51868e+41  4.02620e+05  4.70338e+41  3.76271e+05  2.26336e+41  3.17698e+05  1.38019e+39  1.71426e-51
 8.78022e-01  4.02620e+05  6.14376e+41  4.02620e+05  4.89313e+41  3.76271e+05  1.65684e+41  3.17698e+05  6.74788e+39  1.71426e-51
 9.06718e-01  4.02620e+05  5.48315e+41  4.02620e+05  5.69973e+41  3.76271e+05  1.40163e+41  3.17698e+05  1.63535e+40  1.71426e-51
 9.36352e-01  4.02620e+05  5.53414e+41  3.89223e+05  5.22133e+41  3.76271e+05  1.49668e+41  3.07126e+05  1.66691e+40  1.71426e-51
 9.66955e-01  4.02620e+05  6.29692e+41  3.89223e+05  4.06098e+41  3.76271e+05  1.94239e+41  3.07126e+05  7.09190e+39  1.71426e-51
 9.98557e-01  3.89223e+05  6.44984e+41  3.89223e+05  3.51404e+41  3.63750e+05  2.23102e+41  3.07126e+05  1.75412e+39  1.71426e-51
 1.03119e+00  3.89223e+05  4.94186e+41  3.89223e+05  3.57824e+41  3.63750e+05  1.43507e+41  3.07126e+05  6.33617e+38  1.71426e-51
 1.06489e+00  3.89223e+05  4.14323e+41  3.89223e+05  4.25385e+41  3.63750e+05  9.89514e+40  3.07126e+05  3.72576e+39  1.71426e-51
 1.09970e+00  3.89223e+05  4.05064e+41  3.76271e+05  4.73855e+41  3.63750e+05  8.92514e+40  3.07126e+05  1.10433e+40  1.71426e-51
 1.13564e+00  3.89223e+05  4.66371e+41  3.76271e+05  3.35824e+41  3.63750e+05  1.14367e+41  3.07126e+05  2.26167e+40  1.71426e-51
 1.17276e+00  3.76271e+05  5.95203e+41  3.76271e+05  2.58843e+41  3.63750e+05  1.74402e+41  2.96907e+05  1.64041e+40  1.71426e-51
 1.21108e+00  3.76271e+05  4.19071e+41  3.76271e+05  2.42593e+41  3.51646e+05  1.57938e+41  2.96907e+05  7.79713e+39  1.71426e-51
 1.25067e+00  3.76271e+05  3.13561e+41  3.76271e+05  2.87006e+41  3.51646e+05  8.80018e+40  2.96907e+05  3.43244e+39  1.71426e-51
 1.29154e+00  3.76271e+05  2.78239e+41  3.76271e+05  3.92267e+41  3.51646e+05  5.28758e+40  2.96907e+05  3.29197e+39  1.71426e-51
 1.33375e+00  3.76271e+05  3.12958e+41  3.63750e+05  3.15166e+41  3.51646e+05  5.24147e+40  2.96907e+05  7.37515e+39  1.71426e-51
 1.37734e+00  3.76271e+05  4.17861e+41  3.63750e+05  2.05318e+41  3.51646e+05  8.66166e+40  2.96907e+05  1.56989e+40  1.71426e-51
 1.42236e+00  3.63750e+05  4.04167e+41  3.63750e+05  1.55979e+41  3.51646e+05  1.55623e+41  2.96907e+05  2.82976e+40  1.71426e-51
 1.46884e+00  3.63750e+05  2.60743e+41  3.63750e+05  1.66945e+41  3.39945e+05  1.22703e+41  2.87027e+05  2.10098e+40  1.71426e-51
 1.51685e+00  3.63750e+05  1.87288e+41  3.63750e+05  2.38262e+41  3.39945e+05  5.55454e+40  2.87027e+05  1.23403e+40  1.71426e-51
 1.56642e+00  3.63750e+05  1.83497e+41  3.51646e+05  3.63953e+41  3.39945e+05  2.30637e+40  2.87027e+05  7.93186e+39  1.71426e-51
 1.61762e+00  3.63750e+05  2.49355e+41  3.51646e+05  2.10110e+41  3.39945e+05  2.51234e+40  2.87027e+05  7.76628e+39  1.71426e-51
 1.67049e+00  3.63750e+05  3.85135e+41  3.51646e+05  1.16796e+41  3.39945e+05  6.17331e+40  2.87027e+05  1.18429e+40  1.71426e-51
 1.72508e+00  3.51646e+05  2.78274e+41  3.51646e+05  8.36258e+40  3.39945e+05  1.33044e+41  2.87027e+05  2.01785e+40  1.71426e-51
 1.78146e+00  3.51646e+05  1.54055e+41  3.51646e+05  1.10461e+41  3.28633e+05  1.17390e+41  2.87027e+05  3.28076e+40  1.71426e-51
 1.83968e+00  3.51646e+05  9.93628e+40  3.51646e+05  1.97414e+41  3.28633e+05  4.59238e+40  2.77476e+05  3.10162e+40  1.71426e-51
 1.89981e+00  3.51646e+05  1.13971e+41  3.39945e+05  3.00283e+41  3.28633e+05  9.09336e+39  2.77476e+05  2.11825e+40  1.71426e-51
 1.96190e+00  3.51646e+05  1.97940e+41  3.39945e+05  1.51382e+41  3.28633e+05  6.74657e+39  2.77476e+05  1.56466e+40  1.71426e-51
 2.02602e+00  3.51646e+05  3.51618e+41  3.39945e+05  6.27678e+40  3.28633e+05  3.88737e+40  2.77476e+05  1.43854e+40  1.71426e-51
 2.09224e+00  3.39945e+05  2.09138e+41  3.39945e+05  3.40732e+40  3.28633e+05  1.05608e+41  2.77476e+05  1.73937e+40  1.71426e-51
 2.16062e+00  3.39945e+05  9.04094e+40  3.39945e+05  6.51795e+40  3.17698e+05  1.46716e+41  2.77476e+05  2.46841e+40  1.71426e-51
 2.23123e+00  3.39945e+05  4.09445e+40  3.39945e+05  1.56215e+41  3.17698e+05  6.35275e+40  2.77476e+05  3.62866e+40  1.71426e-51
 2.30415e+00  3.39945e+05  6.05385e+40  3.28633e+05  2.95150e+41  3.17698e+05  1.50477e+40  2.68243e+05  4.79758e+40  1.71426e-51
 2.37946e+00  3.39945e+05  1.49272e+41  3.28633e+05  1.38807e+41  3.17698e+05  1.07628e+39  2.68243e+05  3.57744e+40  1.71426e-51
 2.45723e+00  3.39945e+05  3.07513e+41  3.28633e+05  4.26983e+40  3.17698e+05  2.15554e+40  2.68243e+05  2.79311e+40  1.71426e-51
 2.53753e+00  3.28633e+05  1.96652e+41  3.28633e+05  6.42643e+39  3.17698e+05  7.65697e+40  2.68243e+05  2.44134e+40  1.71426e-51
 2.62047e+00  3.28633e+05  6.92874e+40  3.28633e+05  2.98410e+40  3.17698e+05  1.66347e+41  2.68243e+05  2.52068e+40  1.71426e-51
 2.70611e+00  3.28633e+05  1.10990e+40  3.28633e+05  1.13039e+41  3.07126e+05  1.18130e+41  2.68243e+05  3.03145e+40  1.71426e-51
 2.79455e+00  3.28633e+05  2.18459e+40  3.28633e+05  2.56365e+41  3.07126e+05  5.02575e+40  2.68243e+05  3.97577e+40  1.71426e-51
 2.88589e+00  3.28633e+05  1.01573e+41  3.17698e+05  1.80292e+41  3.07126e+05  1.70390e+40  2.68243e+05  5.35754e+40  1.71426e-51
 2.98021e+00  3.28633e+05  2.50609e+41  3.17698e+05  6.39461e+40  3.07126e+05  1.83372e+40  2.59317e+05  5.88381e+40  1.71426e-51
 3.07761e+00  3.17698e+05  2.50104e+41  3.17698e+05  7.52424e+39  3.07126e+05  5.41572e+40  2.59317e+05  4.73676e+40  1.71426e-51
 3.17819e+00  3.17698e+05  9.93327e+40  3.17698e+05  1.07934e+40  3.07126e+05  1.24647e+41  2.59317e+05  4.03031e+40  1.71426e-51
 3.28206e+00  3.17698e+05  1.78618e+40  3.17698e+05  7.37671e+40  2.96907e+05  2.26014e+41  2.59317e+05  3.76154e+40  1.71426e-51
 3.38933e+00  3.17698e+05  5.35420e+39  3.17698e+05  1.96706e+41  2.96907e+05  1.30360e+41  2.59317e+05  3.92934e+40  1.71426e-51
 3.50010e+00  3.17698e+05  6.17582e+40  3.07126e+05  2.93214e+41  2.96907e+05  6.96907e+40  2.59317e+05  4.53440e+40  1.71426e-51
 3.61449e+00  3.17698e+05  1.87307e+41  3.07126e+05  1.43081e+41  2.96907e+05  4.37563e+40  2.59317e+05  5.57923e+40  1.71426e-51
 3.73262e+00  3.17698e+05  3.82521e+41  3.07126e+05  5.32005e+40  2.96907e+05  5.24489e+40  2.59317e+05  7.06816e+40  1.71426e-51
 3.85462e+00  3.07126e+05  1.99891e+41  3.07126e+05  2.32000e+40  2.96907e+05  9.58047e+40  2.50688e+05  7.82047e+40  1.71426e-51
 3.98060e+00  3.07126e+05  7.97102e+40  3.07126e+05  5.29554e+40  2.96907e+05  1.74003e+41  2.50688e+05  6.61073e+40  1.71426e-51
 4.11069e+00  3.07126e+05  2.87489e+40  3.07126e+05  1.42590e+41  2.87027e+05  2.78864e+41  2.50688e+05  5.84934e+40  1.71426e-51
 4.24504e+00  3.07126e+05  4.67959e+40  3.07126e+05  2.92474e+41  2.87027e+05  1.81675e+41  2.50688e+05  5.53316e+40  1.71426e-51
 4.38378e+00  3.07126e+05  1.33926e+41  2.96907e+05  3.07781e+41  2.87027e+05  1.19683e+41  2.50688e+05  5.66088e+40  1.71426e-51
 4.52705e+00  3.07126e+05  2.90500e+41  2.96907e+05  1.70066e+41  2.87027e+05  9.26332e+40  2.50688e+05  6.23304e+40  1.71426e-51
 4.67501e+00  2.96907e+05  4.03232e+41  2.96907e+05  9.27153e+40  2.87027e+05  1.00413e+41  2.50688e+05  7.25199e+40  1.71426e-51
 4.82780e+00  2.96907e+05  2.27652e+41  2.96907e+05  7.54079e+40  2.87027e+05  1.43053e+41  2.50688e+05  8.72195e+40  1.71426e-51
 4.98558e+00  2.96907e+05  1.21903e+41  2.96907e+05  1.18072e+41  2.87027e+05  2.20732e+41  2.50688e+05  1.06490e+41  1.71426e-51
 5.14853e+00  2.96907e+05  8.55483e+40  2.96907e+05  2.20885e+41  2.87027e+05  3.33771e+41  2.50688e+05  1.30411e+41  1.71426e-51
 5.31679e+00  2.96907e+05  1.18437e+41  2.96907e+05  3.84272e+41  2.77476e+05  2.77401e+41  2.50688e+05  1.59083e+41  1.71426e-51
 5.49056e+00  2.96907e+05  2.20705e+41  2.87027e+05  3.98136e+41  2.77476e+05  2.04929e+41  2.50688e+05  1.92622e+41  1.71426e-51
 5.67001e+00  2.96907e+05  3.92776e+41  2.87027e+05  2.57928e+41  2.77476e+05  1.67751e+41  2.50688e+05  2.31169e+41  1.71426e-51
 5.85532e+00  2.87027e+05  5.08307e+41  2.87027e+05  1.78447e+41  2.77476e+05  1.65714e+41  2.50688e+05  2.74882e+41  1.71426e-51
 6.04668e+00  2.87027e+05  3.29747e+41  2.87027e+05  1.59365e+41  2.77476e+05  1.98809e+41  2.50688e+05  3.23943e+41  1.71426e-51
 6.24430e+00  2.87027e+05  2.21441e+41  2.87027e+05  2.00602e+41  2.77476e+05  2.67172e+41  2.50688e+05  3.78555e+41  1.71426e-51
 6.44838e+00  2.87027e+05  1.82941e+41  2.87027e+05  3.02329e+41  2.77476e+05  3.71088e+41  2.50688e+05  4.38943e+41  1.71426e-51
 6.65913e+00  2.87027e+05  2.14087e+41  2.87027e+05  4.64967e+41  2.68243e+05  4.31673e+41  2.50688e+05  5.05358e+41  1.71426e-51
 6.87677e+00  2.87027e+05  3.15009e+41  2.77476e+05  5.74115e+41  2.68243e+05  3.38639e+41  2.50688e+05  5.78074e+41  1.71426e-51
 7.10152e+00  2.87027e+05  4.86123e+41  2.77476e+05  4.15388e+41  2.68243e+05  2.81453e+41  2.50688e+05  6.57392e+41  1.71426e-51
 7.33362e+00  2.77476e+05  7.16684e+41  2.77476e+05  3.18040e+41  2.68243e+05  2.59877e+41  2.50688e+05  7.43642e+41  1.71426e-51
 7.57330e+00  2.77476e+05  5.16549e+41  2.77476e+05  2.81668e+41  2.68243e+05  2.73823e+41  2.50688e+05  8.37178e+41  1.71426e-51
 7.82082e+00  2.77476e+05  3.87442e+41  2.77476e+05  3.06121e+41  2.68243e+05  3.23348e+41  2.50688e+05  9.38390e+41  1.71426e-51
 8.07642e+00  2.77476e+05  3.28827e+41  2.77476e+05  3.91501e+41  2.68243e+05  4.08657e+41  2.50688e+05  1.04769e+42  1.71426e-51
 8.34038e+00  2.77476e+05  3.40462e+41  2.77476e+05  5.38161e+41  2.68243e+05  5.30104e+41  2.50688e+05  1.16555e+42  1.71426e-51
 8.61296e+00  2.77476e+05  4.22396e+41  2.77476e+05  7.46709e+41  2.59317e+05  5.45177e+41  2.50688e+05  1.29243e+42  1.71426e-51
 8.89446e+00  2.77476e+05  5.74967e+41  2.68243e+05  6.66189e+41  2.59317e+05  4.56828e+41  2.50688e+05  1.42887e+42  1.71426e-51
 9.18515e+00  2.77476e+05  7.98808e+41  2.68243e+05  5.33679e+41  2.59317e+05  4.04816e+41  2.50688e+05  1.57544e+42  1.71426e-51
 9.48535e+00  2.68243e+05  8.15915e+41  2.68243e+05  4.63037e+41  2.59317e+05  3.88925e+41  2.50688e+05  1.73274e+42  1.71426e-51
 9.79535e+00  2.68243e+05  6.45938e+41  2.68243e+05  4.53971e+41  2.59317e+05  4.09090e+41  2.50688e+05  1.90141e+42  1.71426e-51
 1.01155e+01  2.68243e+05  5.47523e+41  2.68243e+05  5.06444e+41  2.59317e+05  4.65394e+41  2.50688e+05  2.08217e+42  1.71426e-51
 1.04461e+01  2.68243e+05  5.20263e+41  2.68243e+05  6.20672e+41  2.59317e+05  5.58070e+41  2.50688e+05  2.27575e+42  1.71426e-51
 1.07875e+01  2.68243e+05  5.64046e+41  2.68243e+05  7.97129e+41  2.59317e+05  6.87502e+41  2.50688e+05  2.48296e+42  1.71426e-51
 1.11401e+01  2.68243e+05  6.79052e+41  2.68243e+05  1.03654e+42  2.50688e+05  7.33768e+41  2.50688e+05  2.70466e+42  1.71426e-51
 1.15041e+01  2.68243e+05  8.65759e+41  2.59317e+05  8.66538e+41  2.50688e+05  6.38512e+41  2.42346e+05  2.76494e+42  1.71426e-51
 1.18801e+01  2.68243e+05  1.12494e+42  2.59317e+05  7.42520e+41  2.50688e+05  5.80343e+41  2.42346e+05  2.82665e+42  1.71426e-51
 1.22684e+01  2.59317e+05  1.04508e+42  2.59317e+05  6.81235e+41  2.50688e+05  5.59023e+41  2.42346e+05  2.90426e+42  1.71426e-51
 1.26694e+01  2.59317e+05  8.84680e+41  2.59317e+05  6.82428e+41  2.50688e+05  5.74462e+41  2.42346e+05  2.99811e+42  1.71426e-51
 1.30834e+01  2.59317e+05  7.96829e+41  2.59317e+05  7.46106e+41  2.50688e+05  6.26725e+41  2.42346e+05  3.10857e+42  1.71426e-51
 1.35110e+01  2.59317e+05  7.81166e+41  2.59317e+05  8.72532e+41  2.50688e+05  7.16028e+41  2.42346e+05  3.23611e+42  1.71426e-51
 1.39526e+01  2.59317e+05  8.37625e+41  2.59317e+05  1.06223e+42  2.50688e+05  8.42739e+41  2.42346e+05  3.38125e+42  1.71426e-51
 1.44086e+01  2.59317e+05  9.66439e+41  2.59317e+05  1.31598e+42  2.50688e+05  1.00738e+42  2.42346e+05  3.54459e+42  1.71426e-51
 1.48795e+01  2.59317e+05  1.16814e+42  2.50688e+05  1.18767e+42  2.50688e+05  1.21065e+42  2.42346e+05  3.72681e+42  1.71426e-51
 1.53658e+01  2.59317e+05  1.44357e+42  2.50688e+05  1.05228e+42  2.50688e+05  1.45336e+42  2.42346e+05  3.92867e+42  1.71426e-51
 1.58680e+01  2.50688e+05  1.41921e+42  2.50688e+05  9.80907e+41  2.50688e+05  1.73654e+42  2.42346e+05  4.15099e+42  1.71426e-51
 1.63866e+01  2.50688e+05  1.24533e+42  2.50688e+05  9.73254e+41  2.50688e+05  2.06135e+42  2.42346e+05  4.39470e+42  1.71426e-51
 1.69222e+01  2.50688e+05  1.14548e+42  2.50688e+05  1.02929e+42  2.50688e+05  2.42914e+42  2.42346e+05  4.66081e+42  1.71426e-51
 1.74753e+01  2.50688e+05  1.11927e+42  2.50688e+05  1.14924e+42  2.50688e+05  2.84142e+42  2.42346e+05  4.95042e+42  1.71426e-51
 1.80464e+01  2.50688e+05  1.16658e+42  2.50688e+05  1.33361e+42  2.50688e+05  3.29991e+42  2.42346e+05  5.26472e+42  1.71426e-51
 1.86362e+01  2.50688e+05  1.28760e+42  2.50688e+05  1.58316e+42  2.50688e+05  3.80651e+42  2.42346e+05  5.60503e+42  1.71426e-51
 1.92453e+01  2.50688e+05  1.48285e+42  2.50688e+05  1.89892e+42  2.50688e+05  4.36330e+42  2.42346e+05  5.97274e+42  1.71426e-51
 1.98743e+01  2.50688e+05  1.75311e+42  2.50688e+05  2.28220e+42  2.50688e+05  4.97260e+42  2.42346e+05  6.36937e+42  1.71426e-51
 2.05238e+01  2.50688e+05  2.09953e+42  2.50688e+05  2.73458e+42  2.50688e+05  5.63692e+42  2.42346e+05  6.79658e+42  1.71426e-51
 2.11946e+01  2.50688e+05  2.52352e+42  2.50688e+05  3.25794e+42  2.50688e+05  6.35901e+42  2.42346e+05  7.25613e+42  1.71426e-51
 2.18873e+01  2.50688e+05  3.02685e+42  2.50688e+05  3.85445e+42  2.50688e+05  7.14187e+42  2.42346e+05  7.74991e+42  1.71426e-51
 2.26026e+01  2.50688e+05  3.61159e+42  2.50688e+05  4.52656e+42  2.50688e+05  7.98873e+42  2.42346e+05  8.27998e+42  1.71426e-51
 2.33413e+01  2.50688e+05  4.28016e+42  2.50688e+05  5.27707e+42  2.50688e+05  8.90310e+42  2.42346e+05  8.84852e+42  1.71426e-51
 2.41042e+01  2.50688e+05  5.03534e+42  2.50688e+05  6.10907e+42  2.50688e+05  9.88876e+42  2.42346e+05  9.45789e+42  1.71426e-51
 2.48920e+01  2.50688e+05  5.88025e+42  2.50688e+05  7.02602e+42  2.50688e+05  1.09498e+43  2.42346e+05  1.01106e+43  1.71426e-51
 2.57055e+01  2.50688e+05  6.81838e+42  2.50688e+05  8.03171e+42  2.50688e+05  1.20906e+43  2.42346e+05  1.08094e+43  1.71426e-51
 2.65456e+01  2.50688e+05  7.85362e+42  2.50688e+05  9.13029e+42  2.50688e+05  1.33158e+43  2.42346e+05  1.15571e+43  1.71426e-51
 2.74132e+01  2.50688e+05  8.99025e+42  2.50688e+05  1.03263e+43  2.50688e+05  1.46307e+43  2.42346e+05  1.23569e+43  1.71426e-51
 2.83091e+01  2.50688e+05  1.02330e+43  2.50688e+05  1.16247e+43  2.50688e+05  1.60405e+43  2.42346e+05  1.32120e+43  1.71426e-51
 2.92343e+01  2.50688e+05  1.15869e+43  2.50688e+05  1.30309e+43  2.50688e+05  1.75511e+43  2.42346e+05  1.41260e+43  1.71426e-51
 3.01898e+01  2.50688e+05  1.30577e+43  2.50688e+05  1.45507e+43  2.50688e+05  1.91689e+43  2.42346e+05  1.51026e+43  1.71426e-51
 3.11765e+01  2.50688e+05  1.46515e+43  2.50688e+05  1.61904e+43  2.50688e+05  2.09004e+43  2.42346e+05  1.61460e+43  1.71426e-51
 3.21954e+01  2.50688e+05  1.63747e+43  2.50688e+05  1.79567e+43  2.50688e+05  2.27528e+43  2.42346e+05  1.72604e+43  1.71426e-51
 3.32476e+01  2.50688e+05  1.82346e+43  2.50688e+05  1.98570e+43  2.50688e+05  2.47339e+43  2.42346e+05  1.84505e+43  1.71426e-51
 3.43343e+01  2.50688e+05  2.02389e+43  2.50688e+05  2.18991e+43  2.50688e+05  2.68517e+43  2.42346e+05  1.97211e+43  1.71426e-51
 3.54564e+01  2.50688e+05  2.23958e+43  2.50688e+05  2.40915e+43  2.50688e+05  2.91152e+43  2.42346e+05  2.10775e+43  1.71426e-51
 3.66152e+01  2.50688e+05  2.47143e+43  2.50688e+05  2.64433e+43  2.50688e+05  3.15335e+43  2.42346e+05  2.25254e+43  1.71426e-51
 3.78119e+01  2.50688e+05  2.72040e+43  2.50688e+05  2.89642e+43  2.50688e+05  3.41169e+43  2.42346e+05  2.40707e+43  1.71426e-51
 3.90477e+01  2.50688e+05  2.98751e+43  2.50688e+05  3.16646e+43  2.50688e+05  3.68758e+43  2.42346e+05  2.57198e+43  1.71426e-51
 4.03238e+01  2.50688e+05  3.27387e+43  2.50688e+05  3.45557e+43  2.50688e+05  3.98218e+43  2.42346e+05  2.74796e+43  1.71426e-51
 4.16417e+01  2.50688e+05  3.58068e+43  2.50688e+05  3.76495e+43  2.50688e+05  4.29671e+43  2.42346e+05  2.93573e+43  1.71426e-51
 4.30027e+01  2.50688e+05  3.90919e+43  2.50688e+05  4.09587e+43  2.50688e+05  4.63246e+43  2.42346e+05  3.13607e+43  1.71426e-51
 4.44081e+01  2.50688e+05  4.26077e+43  2.50688e+05  4.44971e+43  2.50688e+05  4.99083e+43  2.42346e+05  3.34982e+43  1.71426e-51
 4.58595e+01  2.50688e+05  4.63686e+43  2.50688e+05  4.82793e+43  2.50688e+05  5.37329e+43  2.42346e+05  3.57784e+43  1.71426e-51
 4.73583e+01  2.50688e+05  5.03904e+43  2.50688e+05  5.23210e+43  2.50688e+05  5.78144e+43  2.42346e+05  3.82109e+43  1.71426e-51
 4.89061e+01  2.50688e+05  5.46896e+43  2.50688e+05  5.66389e+43  2.50688e+05  6.21696e+43  2.42346e+05  4.08058e+43  1.71426e-51
 5.05045e+01  2.50688e+05  5.92841e+43  2.50688e+05  6.12508e+43  2.50688e+05  6.68165e+43  2.42346e+05  4.35738e+43  1.71426e-51
 5.21551e+01  2.50688e+05  6.41927e+43  2.50688e+05  6.61759e+43  2.50688e+05  7.17744e+43  2.42346e+05  4.65263e+43  1.71426e-51
 5.38597e+01  2.50688e+05  6.94359e+43  2.50688e+05  7.14345e+43  2.50688e+05  7.70638e+43  2.42346e+05  4.96755e+43  1.71426e-51
 5.56199e+01  2.50688e+05  7.50354e+43  2.50688e+05  7.70484e+43  2.50688e+05  8.27065e+43  2.42346e+05  5.30346e+43  1.71426e-51
 5.74378e+01  2.50688e+05  8.10143e+43  2.50688e+05  8.30408e+43  2.50688e+05  8.87260e+43  2.42346e+05  5.66173e+43  1.71426e-51
 5.93150e+01  2.50688e+05  8.73973e+43  2.50688e+05  8.94365e+43  2.50688e+05  9.51471e+43  2.42346e+05  6.04386e+43  1.71426e-51
 6.12535e+01  2.50688e+05  9.42109e+43  2.50688e+05  9.62620e+43  2.50688e+05  1.01996e+44  2.42346e+05  6.45142e+43  1.71426e-51
 6.32555e+01  2.50688e+05  1.01483e+44  2.50688e+05  1.03546e+44  2.50688e+05  1.09302e+44  2.42346e+05  6.88610e+43  1.71426e-51
 6.53228e+01  2.50688e+05  1.09245e+44  2.50688e+05  1.11317e+44  2.42346e+05  1.14809e+44  2.42346e+05  7.34969e+43  1.71426e-51
 6.74577e+01  2.50688e+05  1.17527e+44  2.50688e+05  1.19609e+44  2.42346e+05  1.16724e+44  2.42346e+05  7.84413e+43  1.71426e-51
 6.96624e+01  2.50688e+05  1.26364e+44  2.50688e+05  1.28456e+44  2.42346e+05  1.19158e+44  2.42346e+05  8.37145e+43  1.71426e-51
 7.19392e+01  2.50688e+05  1.35794e+44  2.50688e+05  1.37894e+44  2.42346e+05  1.22118e+44  2.42346e+05  8.93383e+43  1.71426e-51
 7.42903e+01  2.50688e+05  1.45854e+44  2.50688e+05  1.47962e+44  2.42346e+05  1.25619e+44  2.42346e+05  9.53361e+43  1.71426e-51
 7.67183e+01  2.50688e+05  1.56587e+44  2.50688e+05  1.58703e+44  2.42346e+05  1.29674e+44  2.42346e+05  1.01733e+44  1.71426e-51
 7.92257e+01  2.50688e+05  1.68036e+44  2.50688e+05  1.70160e+44  2.42346e+05  1.34300e+44  2.42346e+05  1.08554e+44  1.71426e-51
 8.18150e+01  2.50688e+05  1.80250e+44  2.50688e+05  1.82380e+44  2.42346e+05  1.39516e+44  2.42346e+05  1.15830e+44  1.71426e-51
 8.44889e+01  2.50688e+05  1.93279e+44  2.50688e+05  1.95415e+44  2.42346e+05  1.45344e+44  2.42346e+05  1.23588e+44  1.71426e-51
 8.72502e+01  2.50688e+05  2.07177e+44  2.42346e+05  2.00270e+44  2.42346e+05  1.51808e+44  2.42346e+05  1.31863e+44  1.71426e-51
 9.01018e+01  2.50688e+05  2.22001e+44  2.42346e+05  2.03998e+44  2.42346e+05  1.58935e+44  2.42346e+05  1.40687e+44  1.71426e-51
 9.30466e+01  2.42346e+05  2.30385e+44  2.42346e+05  2.08631e+44  2.42346e+05  1.66754e+44  2.42346e+05  1.50098e+44  1.71426e-51
 9.60876e+01  2.42346e+05  2.34446e+44  2.42346e+05  2.14186e+44  2.42346e+05  1.75298e+44  2.42346e+05  1.60134e+44  1.71426e-51
 9.92280e+01  2.42346e+05  2.39546e+44  2.42346e+05  2.20687e+44  2.42346e+05  1.84601e+44  2.42346e+05  1.70837e+44  1.71426e-51
 1.02471e+02  2.42346e+05  2.45707e+44  2.42346e+05  2.28161e+44  2.42346e+05  1.94703e+44  2.42346e+05  1.82252e+44  1.71426e-51
 1.05820e+02  2.42346e+05  2.52953e+44  2.42346e+05  2.36640e+44  2.42346e+05  2.05645e+44  2.42346e+05  1.94424e+44  1.71426e-51
 1.09278e+02  2.42346e+05  2.61315e+44  2.42346e+05  2.46157e+44  2.42346e+05  2.17472e+44  2.42346e+05  2.07406e+44  1.71426e-51
 1.12850e+02  2.42346e+05  2.70828e+44  2.42346e+05  2.56752e+44  2.42346e+05  2.30234e+44  2.42346e+05  2.21250e+44  1.71426e-51
 1.16538e+02  2.42346e+05  2.81530e+44  2.42346e+05  2.68470e+44  2.42346e+05  2.43983e+44  2.42346e+05  2.36014e+44  1.71426e-51
 1.20347e+02  2.42346e+05  2.93466e+44  2.42346e+05  2.81358e+44  2.42346e+05  2.58777e+44  2.42346e+05  2.51759e+44  1.71426e-51
 1.24280e+02  2.42346e+05  3.06685e+44  2.42346e+05  2.95471e+44  2.42346e+05  2.74676e+44  2.42346e+05  2.68550e+44  1.71426e-51
 1.28342e+02  2.42346e+05  3.21242e+44  2.42346e+05  3.10866e+44  2.42346e+05  2.91746e+44  2.42346e+05  2.86457e+44  1.71426e-51
 1.32537e+02  2.42346e+05  3.37198e+44  2.42346e+05  3.27607e+44  2.42346e+05  3.10057e+44  2.42346e+05  3.05553e+44  1.71426e-51
 1.36868e+02  2.42346e+05  3.54618e+44  2.42346e+05  3.45764e+44  2.42346e+05  3.29687e+44  2.42346e+05  3.25918e+44  1.71426e-51
 1.41341e+02  2.42346e+05  3.73575e+44  2.42346e+05  3.65411e+44  2.42346e+05  3.50715e+44  2.42346e+05  3.47636e+44  1.71426e-51
 1.45961e+02  2.42346e+05  3.94147e+44  2.42346e+05  3.86630e+44  2.42346e+05  3.73229e+44  2.42346e+05  3.70797e+44  1.71426e-51
 1.50731e+02  2.42346e+05  4.16418e+44  2.42346e+05  4.09509e+44  2.42346e+05  3.97322e+44  2.42346e+05  3.95497e+44  1.71426e-51
 1.55658e+02  2.42346e+05  4.40482e+44  2.42346e+05  4.34142e+44  2.42346e+05  4.23094e+44  2.42346e+05  4.21838e+44  1.71426e-51
 1.60745e+02  2.42346e+05  4.66438e+44  2.42346e+05  4.60631e+44  2.42346e+05  4.50651e+44  2.42346e+05  4.49929e+44  1.71426e-51
 1.65998e+02  2.42346e+05  4.94392e+44  2.42346e+05  4.89087e+44  2.42346e+05  4.80108e+44  2.42346e+05  4.79885e+44  1.71426e-51
 1.71424e+02  2.42346e+05  5.24462e+44  2.42346e+05  5.19626e+44  2.42346e+05  5.11586e+44  2.42346e+05  5.11832e+44  1.71426e-51
 1.77026e+02  2.42346e+05  5.56771e+44  2.42346e+05  5.52375e+44  2.42346e+05  5.45216e+44  2.42346e+05  5.45902e+44  1.71426e-51
 1.82812e+02  2.42346e+05  5.91453e+44  2.42346e+05  5.87470e+44  2.42346e+05  5.81136e+44  2.42346e+05  5.82235e+44  1.71426e-51
 1.88787e+02  2.42346e+05  6.28652e+44  2.42346e+05  6.25056e+44  2.42346e+05  6.19496e+44  2.42346e+05  6.20981e+44  1.71426e-51
 1.94957e+02  2.42346e+05  6.68522e+44  2.42346e+05  6.65288e+44  2.42346e+05  6.60454e+44  2.42346e+05  6.62302e+44  1.71426e-51
 2.01328e+02  2.42346e+05  7.11226e+44  2.42346e+05  7.08334e+44  2.42346e+05  7.04180e+44  2.42346e+05  7.06368e+44  1.71426e-51
 2.07908e+02  2.42346e+05  7.56944e+44  2.42346e+05  7.54370e+44  2.42346e+05  7.50855e+44  2.42346e+05  7.53361e+44  1.71426e-51
 2.14703e+02  2.42346e+05  8.05862e+44  2.42346e+05  8.03588e+44  2.42346e+05  8.00671e+44  2.42346e+05  8.03477e+44  1.71426e-51
 2.21720e+02  2.42346e+05  8.58185e+44  2.42346e+05  8.56191e+44  2.42346e+05  8.53835e+44  2.42346e+05  8.56922e+44  1.71426e-51
 2.28967e+02  2.42346e+05  9.14128e+44  2.42346e+05  9.12397e+44  2.42346e+05  9.10568e+44  2.42346e+05  9.13917e+44  1.71426e-51
 2.36450e+02  2.42346e+05  9.73923e+44  2.42346e+05  9.72439e+44  2.42346e+05  9.71103e+44  2.42346e+05  9.74698e+44  1.71426e-51
 2.44178e+02  2.42346e+05  1.03782e+45  2.42346e+05  1.03656e+45  2.42346e+05  1.03569e+45  2.42346e+05  1.03952e+45  1.71426e-51
 2.52158e+02  2.42346e+05  1.10608e+45  2.42346e+05  1.10504e+45  2.42346e+05  1.10460e+45  2.42346e+05  1.10864e+45  1.71426e-51
 2.60399e+02  2.42346e+05  1.17898e+45  2.42346e+05  1.17815e+45  2.42346e+05  1.17812e+45  2.42346e+05  1.18236e+45  1.71426e-51
 2.68910e+02  2.42346e+05  1.25683e+45  2.42346e+05  1.25619e+45  2.42346e+05  1.25654e+45  2.42346e+05  1.26098e+45  1.71426e-51
 2.77699e+02  2.42346e+05  1.33996e+45  2.42346e+05  1.33949e+45  2.42346e+05  1.34020e+45  2.42346e+05  1.34482e+45  1.71426e-51
 2.86774e+02  2.42346e+05  1.42869e+45  2.42346e+05  1.42840e+45  2.42346e+05  1.42944e+45  2.42346e+05  1.43422e+45  1.71426e-51
 2.96147e+02  2.42346e+05  1.52341e+45  2.42346e+05  1.52327e+45  2.42346e+05  1.52463e+45  2.42346e+05  1.52957e+45  1.71426e-51
 3.05826e+02  2.42346e+05  1.62450e+45  2.42346e+05  1.62451e+45  2.42346e+05  1.62616e+45  2.42346e+05  1.63125e+45  1.71426e-51
 3.15821e+02  2.42346e+05  1.73239e+45  2.42346e+05  1.73253e+45  2.42346e+05  1.73446e+45  2.42346e+05  1.73969e+45  1.71426e-51
 3.26143e+02  2.42346e+05  1.84751e+45  2.42346e+05  1.84779e+45  2.42346e+05  1.84997e+45  2.42346e+05  1.85533e+45  1.71426e-51
 3.36802e+02  2.42346e+05  1.97035e+45  2.42346e+05  1.97075e+45  2.42346e+05  1.97318e+45  2.42346e+05  1.97865e+45  1.71426e-51
 3.47810e+02  2.42346e+05  2.10141e+45  2.42346e+05  2.10192e+45  2.42346e+05  2.10458e+45  2.42346e+05  2.11017e+45  1.71426e-51
 3.59177e+02  2.42346e+05  2.24123e+45  2.42346e+05  2.24185e+45  2.42346e+05  2.24472e+45  2.42346e+05  2.25042e+45  1.71426e-51
 3.70916e+02  2.42346e+05  2.39040e+45  2.42346e+05  2.39112e+45  2.42346e+05  2.39420e+45  2.42346e+05  2.39999e+45  1.71426e-51
 3.83038e+02  2.42346e+05  2.54953e+45  2.42346e+05  2.55035e+45  2.42346e+05  2.55361e+45  2.42346e+05  2.55950e+45  1.71426e-51
 3.95557e+02  2.42346e+05  2.71928e+45  2.42346e+05  2.72019e+45  2.42346e+05  2.72362e+45  2.42346e+05  2.72960e+45  1.71426e-51
 4.08485e+02  2.42346e+05  2.90036e+45  2.42346e+05  2.90134e+45  2.42346e+05  2.90495e+45  2.42346e+05  2.91101e+45  1.71426e-51
 4.21835e+02  2.42346e+05  3.09350e+45  2.42346e+05  3.09456e+45  2.42346e+05  3.09832e+45  2.42346e+05  3.10446e+45  1.71426e-51
 4.35622e+02  2.42346e+05  3.29952e+45  2.42346e+05  3.30065e+45  2.42346e+05  3.30456e+45  2.42346e+05  3.31077e+45  1.71426e-51
 4.49859e+02  2.42346e+05  3.51926e+45  2.42346e+05  3.52046e+45  2.42346e+05  3.52450e+45  2.42346e+05  3.53078e+45  1.71426e-51
 4.64562e+02  2.42346e+05  3.75363e+45  2.42346e+05  3.75490e+45  2.42346e+05  3.75907e+45  2.42346e+05  3.76541e+45  1.71426e-51
 4.79745e+02  2.42346e+05  4.00361e+45  2.42346e+05  4.00494e+45  2.42346e+05  4.00923e+45  2.42346e+05  4.01563e+45  1.71426e-51
 4.95424e+02  2.42346e+05  4.27022e+45  2.42346e+05  4.27161e+45  2.42346e+05  4.27601e+45  2.42346e+05  4.28247e+45  1.71426e-51
 5.11616e+02  2.42346e+05  4.55458e+45  2.42346e+05  4.55602e+45  2.42346e+05  4.56052e+45  2.42346e+05  4.56704e+45  1.71426e-51
 5.28337e+02  2.42346e+05  4.85785e+45  2.42346e+05  4.85934e+45  2.42346e+05  4.86394e+45  2.42346e+05  4.87051e+45  1.71426e-51
 5.45604e+02  2.42346e+05  5.18130e+45  2.42346e+05  5.18283e+45  2.42346e+05  5.18753e+45  2.42346e+05  5.19414e+45  1.71426e-51
 5.63436e+02  2.42346e+05  5.52626e+45  2.42346e+05  5.52783e+45  2.42346e+05  5.53262e+45  2.42346e+05  5.53927e+45  1.71426e-51
 5.81850e+02  2.42346e+05  5.89415e+45  2.42346e+05  5.89577e+45  2.42346e+05  5.90064e+45  2.42346e+05  5.90733e+45  1.71426e-51
 6.00867e+02  2.42346e+05  6.28651e+45  2.42346e+05  6.28817e+45  2.42346e+05  6.29311e+45  2.42346e+05  6.29984e+45  1.71426e-51
 6.20505e+02  2.42346e+05  6.70496e+45  2.42346e+05  6.70665e+45  2.42346e+05  6.71166e+45  2.42346e+05  6.71843e+45  1.71426e-51
 6.40784e+02  2.42346e+05  7.15122e+45  2.42346e+05  7.15294e+45  2.42346e+05  7.15802e+45  2.42346e+05  7.16482e+45  1.71426e-51
 6.61727e+02  2.42346e+05  7.62714e+45  2.42346e+05  7.62890e+45  2.42346e+05  7.63404e+45  2.34282e+05  7.61775e+45  1.71426e-51
 6.83354e+02  2.42346e+05  8.13470e+45  2.42346e+05  8.13649e+45  2.42346e+05  8.14169e+45  2.34282e+05  7.71845e+45  1.71426e-51
 7.05688e+02  2.42346e+05  8.67599e+45  2.42346e+05  8.67781e+45  2.42346e+05  8.68306e+45  2.34282e+05  7.85110e+45  1.71426e-51
 7.28751e+02  2.42346e+05  9.25326e+45  2.42346e+05  9.25510e+45  2.42346e+05  9.26041e+45  2.34282e+05  8.01624e+45  1.71426e-51
 7.52569e+02  2.42346e+05  9.86889e+45  2.42346e+05  9.87075e+45  2.42346e+05  9.87611e+45  2.34282e+05  8.21456e+45  1.71426e-51
 7.77165e+02  2.42346e+05  1.05254e+46  2.42346e+05  1.05273e+46  2.42346e+05  1.05327e+46  2.34282e+05  8.44689e+45  1.71426e-51
 8.02565e+02  2.42346e+05  1.12256e+46  2.42346e+05  1.12275e+46  2.42346e+05  1.12330e+46  2.34282e+05  8.71417e+45  1.71426e-51
 8.28794e+02  2.42346e+05  1.19723e+46  2.42346e+05  1.19742e+46  2.42346e+05  1.19797e+46  2.34282e+05  9.01752e+45  1.71426e-51
 8.55882e+02  2.42346e+05  1.27686e+46  2.42346e+05  1.27705e+46  2.42346e+05  1.27761e+46  2.34282e+05  9.35819e+45  1.71426e-51
 8.83854e+02  2.42346e+05  1.36178e+46  2.42346e+05  1.36198e+46  2.42346e+05  1.36253e+46  2.34282e+05  9.73760e+45  1.71426e-51
 9.12741e+02  2.42346e+05  1.45235e+46  2.42346e+05  1.45254e+46  2.42346e+05  1.45310e+46  2.34282e+05  1.01573e+46  1.71426e-51
 9.42571e+02  2.42346e+05  1.54893e+46  2.42346e+05  1.54913e+46  2.42346e+05  1.54969e+46  2.34282e+05  1.06191e+46  1.71426e-51
 9.73377e+02  2.42346e+05  1.65193e+46  2.42346e+05  1.65213e+46  2.42346e+05  1.65269e+46  2.34282e+05  1.11248e+46  1.71426e-51
 1.00519e+03  2.42346e+05  1.76177e+46  2.42346e+05  1.76197e+46  2.42346e+05  1.76254e+46  2.34282e+05  1.16765e+46  1.71426e-51
 1.03804e+03  2.42346e+05  1.87891e+46  2.42346e+05  1.87911e+46  2.42346e+05  1.87969e+46  2.34282e+05  1.22766e+46  1.71426e-51
 1.07197e+03  2.42346e+05  2.00383e+46  2.42346e+05  2.00404e+46  2.42346e+05  2.00461e+46  2.34282e+05  1.29275e+46  1.71426e-51
 1.10700e+03  2.42346e+05  2.13706e+46  2.42346e+05  2.13726e+46  2.42346e+05  2.13784e+46  2.34282e+05  1.36318e+46  1.71426e-51
 1.14318e+03  2.42346e+05  2.27913e+46  2.42346e+05  2.27934e+46  2.42346e+05  2.27991e+46  2.34282e+05  1.43926e+46  1.71426e-51
 1.18054e+03  2.42346e+05  2.43064e+46  2.42346e+05  2.43085e+46  2.42346e+05  2.43143e+46  2.34282e+05  1.52130e+46  1.71426e-51
 1.21913e+03  2.42346e+05  2.59222e+46  2.42346e+05  2.59243e+46  2.42346e+05  2.59301e+46  2.34282e+05  1.60963e+46  1.71426e-51
 1.25897e+03  2.42346e+05  2.76453e+46  2.42346e+05  2.76474e+46  2.42346e+05  2.76533e+46  2.34282e+05  1.70463e+46  1.71426e-51
 1.30012e+03  2.42346e+05  2.94830e+46  2.42346e+05  2.94851e+46  2.42346e+05  2.94909e+46  2.34282e+05  1.80668e+46  1.71426e-51
 1.34261e+03  2.42346e+05  3.14427e+46  2.42346e+05  3.14448e+46  2.42346e+05  3.14506e+46  2.34282e+05  1.91621e+46  1.71426e-51
 1.38649e+03  2.42346e+05  3.35325e+46  2.42346e+05  3.35347e+46  2.42346e+05  3.35405e+46  2.34282e+05  2.03367e+46  1.71426e-51
 1.43180e+03  2.42346e+05  3.57613e+46  2.42346e+05  3.57634e+46  2.42346e+05  3.57693e+46  2.34282e+05  2.15954e+46  1.71426e-51
 1.47860e+03  2.42346e+05  3.81381e+46  2.42346e+05  3.81402e+46  2.42346e+05  3.81461e+46  2.34282e+05  2.29435e+46  1.71426e-51
 1.52692e+03  2.42346e+05  4.06728e+46  2.42346e+05  4.06749e+46  2.42346e+05  4.06808e+46  2.34282e+05  2.43866e+46  1.71426e-51
 1.57683e+03  2.42346e+05  4.33758e+46  2.42346e+05  4.33780e+46  2.42346e+05  4.33839e+46  2.34282e+05  2.59306e+46  1.71426e-51
 1.62836e+03  2.42346e+05  4.62585e+46  2.42346e+05  4.62607e+46  2.42346e+05  4.62666e+46  2.34282e+05  2.75819e+46  1.71426e-51
 1.68158e+03  2.42346e+05  4.93327e+46  2.42346e+05  4.93348e+46  2.42346e+05  4.93408e+46  2.34282e+05  2.93474e+46  1.71426e-51
 1.73654e+03  2.42346e+05  5.26111e+46  2.42346e+05  5.26133e+46  2.42346e+05  5.26192e+46  2.34282e+05  3.12343e+46  1.71426e-51
 1.79329e+03  2.42346e+05  5.61073e+46  2.42346e+05  5.61095e+46  2.42346e+05  5.61154e+46  2.34282e+05  3.32505e+46  1.71426e-51
 1.85190e+03  2.42346e+05  5.98358e+46  2.42346e+05  5.98379e+46  2.42346e+05  5.98439e+46  2.34282e+05  3.54043e+46  1.71426e-51
 1.91243e+03  2.42346e+05  6.38119e+46  2.42346e+05  6.38141e+46  2.42346e+05  6.38201e+46  2.34282e+05  3.77047e+46  1.71426e-51
 1.97493e+03  2.42346e+05  6.80522e+46  2.42346e+05  6.80544e+46  2.42346e+05  6.80604e+46  2.34282e+05  4.01611e+46  1.71426e-51
 2.03948e+03  2.42346e+05  7.25743e+46  2.42346e+05  7.25764e+46  2.42346e+05  7.25824e+46  2.34282e+05  4.27836e+46  1.71426e-51
 2.10613e+03  2.42346e+05  7.73967e+46  2.42346e+05  7.73989e+46  2.42346e+05  7.74049e+46  2.34282e+05  4.55833e+46  1.71426e-51
 2.17497e+03  2.42346e+05  8.25395e+46  2.42346e+05  8.25417e+46  2.42346e+05  8.25477e+46  2.34282e+05  4.85716e+46  1.71426e-51
 2.24605e+03  2.42346e+05  8.80240e+46  2.42346e+05  8.80261e+46  2.42346e+05  8.80322e+46  2.34282e+05  5.17609e+46  1.71426e-51
 2.31946e+03  2.42346e+05  9.38728e+46  2.42346e+05  9.38750e+46  2.42346e+05  9.38810e+46  2.34282e+05  5.51644e+46  1.71426e-51
 2.39526e+03  2.42346e+05  1.00110e+47  2.42346e+05  1.00112e+47  2.42346e+05  1.00118e+47  2.34282e+05  5.87962e+46  1.71426e-51
 2.47355e+03  2.42346e+05  1.06762e+47  2.42346e+05  1.06764e+47  2.42346e+05  1.06770e+47  2.34282e+05  6.26714e+46  1.71426e-51
 2.55439e+03  2.42346e+05  1.13856e+47  2.42346e+05  1.13858e+47  2.42346e+05  1.13864e+47  2.34282e+05  6.68059e+46  1.71426e-51
 2.63787e+03  2.42346e+05  1.21420e+47  2.42346e+05  1.21423e+47  2.42346e+05  1.21429e+47  2.34282e+05  7.12169e+46  1.71426e-51
 2.72409e+03  2.42346e+05  1.29488e+47  2.42346e+05  1.29490e+47  2.42346e+05  1.29496e+47  2.34282e+05  7.59226e+46  1.71426e-51
 2.81312e+03  2.42346e+05  1.38091e+47  2.42346e+05  1.38093e+47  2.42346e+05  1.38100e+47  2.34282e+05  8.09426e+46  1.71426e-51
 2.90506e+03  2.42346e+05  1.47266e+47  2.42346e+05  1.47268e+47  2.42346e+05  1.47274e+47  2.34282e+05  8.62975e+46  1.71426e-51
 3.00000e+03  2.42346e+05  1.57051e+47  2.42346e+05  1.57053e+47  2.42346e+05  1.57059e+47  2.34282e+05  9.20096e+46  1.71426e-51
