radius_rg T_0deg chi2_0deg T_15deg chi2_15deg T_30deg chi2_30deg T_45deg chi2_45deg nuLnusavg_last
 2.00000e-01  1.00397e+06  2.01298e+44  1.00397e+06  1.60387e+44  8.76865e+05  6.55725e+43  6.68890e+05  4.75761e+42  4.20506e-09
 2.06537e-01  1.00397e+06  1.92111e+44  9.70565e+05  1.52609e+44  8.76865e+05  6.19469e+43  6.68890e+05  4.39621e+42  4.20506e-09
 2.13287e-01  1.00397e+06  1.86142e+44  9.70565e+05  1.46849e+44  8.76865e+05  5.97906e+43  6.68890e+05  4.28554e+42  4.20506e-09
 2.20257e-01  9.70565e+05  1.78248e+44  9.38269e+05  1.42180e+44  8.47687e+05  5.74160e+43  6.46632e+05  4.15072e+42  4.20506e-09
 2.27456e-01  9.70565e+05  1.70855e+44  9.38269e+05  1.35063e+44  8.47687e+05  5.42164e+43  6.46632e+05  3.69214e+42  4.20506e-09
 2.34890e-01  9.38269e+05  1.66567e+44  9.38269e+05  1.30604e+44  8.47687e+05  5.24539e+43  6.46632e+05  3.48137e+42  4.20506e-09
 2.42567e-01  9.38269e+05  1.57621e+44  9.07048e+05  1.25232e+44  8.19480e+05  5.00854e+43  6.46632e+05  3.51755e+42  4.20506e-09
 2.50494e-01  9.38269e+05  1.51749e+44  9.07048e+05  1.19259e+44  8.19480e+05  4.71907e+43  6.25115e+05  3.15373e+42  4.20506e-09
 2.58681e-01  9.07048e+05  1.46675e+44  9.07048e+05  1.15877e+44  8.19480e+05  4.57041e+43  6.25115e+05  2.81991e+42  4.20506e-09
 2.67136e-01  9.07048e+05  1.39066e+44  8.76865e+05  1.09993e+44  7.92211e+05  4.35109e+43  6.25115e+05  2.73030e+42  4.20506e-09
 2.75866e-01  9.07048e+05  1.34456e+44  8.76865e+05  1.04942e+44  7.92211e+05  4.08029e+43  6.04314e+05  2.82311e+42  4.20506e-09
 2.84882e-01  8.76865e+05  1.28817e+44  8.76865e+05  1.02424e+44  7.92211e+05  3.94766e+43  6.04314e+05  2.34212e+42  4.20506e-09
 2.94193e-01  8.76865e+05  1.22290e+44  8.47687e+05  9.62493e+43  7.65850e+05  3.76522e+43  6.04314e+05  2.10337e+42  4.20506e-09
 3.03808e-01  8.76865e+05  1.18692e+44  8.47687e+05  9.19077e+43  7.65850e+05  3.50144e+43  6.04314e+05  2.10586e+42  4.20506e-09
 3.13737e-01  8.47687e+05  1.12743e+44  8.47687e+05  9.00449e+43  7.65850e+05  3.37343e+43  5.84205e+05  2.10105e+42  4.20506e-09
 3.23991e-01  8.47687e+05  1.07051e+44  8.19480e+05  8.38330e+43  7.40366e+05  3.24997e+43  5.84205e+05  1.68826e+42  4.20506e-09
 3.34580e-01  8.47687e+05  1.04225e+44  8.19480e+05  7.99942e+43  7.40366e+05  2.98162e+43  5.84205e+05  1.51500e+42  4.20506e-09
 3.45515e-01  8.19480e+05  9.82606e+43  7.92211e+05  7.85636e+43  7.40366e+05  2.84690e+43  5.84205e+05  1.58055e+42  4.20506e-09
 3.56807e-01  8.19480e+05  9.31627e+43  7.92211e+05  7.26262e+43  7.15730e+05  2.80775e+43  5.64766e+05  1.55094e+42  4.20506e-09
 3.68468e-01  8.19480e+05  9.08735e+43  7.92211e+05  6.90879e+43  7.15730e+05  2.52321e+43  5.64766e+05  1.17591e+42  4.20506e-09
 3.80511e-01  7.92211e+05  8.52303e+43  7.92211e+05  6.79341e+43  7.15730e+05  2.37040e+43  5.64766e+05  1.03829e+42  4.20506e-09
 3.92947e-01  7.92211e+05  8.04920e+43  7.65850e+05  6.25606e+43  7.15730e+05  2.34869e+43  5.64766e+05  1.13750e+42  4.20506e-09
 4.05790e-01  7.92211e+05  7.85099e+43  7.65850e+05  5.91234e+43  6.91914e+05  2.13211e+43  5.45973e+05  1.17043e+42  4.20506e-09
 4.19052e-01  7.65850e+05  7.35730e+43  7.65850e+05  5.80294e+43  6.91914e+05  1.94972e+43  5.45973e+05  8.01974e+41  4.20506e-09
 4.32748e-01  7.65850e+05  6.89627e+43  7.40366e+05  5.36206e+43  6.91914e+05  1.89668e+43  5.45973e+05  6.69371e+41  4.20506e-09
 4.46891e-01  7.65850e+05  6.70610e+43  7.40366e+05  5.00862e+43  6.68890e+05  1.81821e+43  5.45973e+05  7.72077e+41  4.20506e-09
 4.61496e-01  7.40366e+05  6.32703e+43  7.40366e+05  4.88577e+43  6.68890e+05  1.59447e+43  5.27805e+05  9.74114e+41  4.20506e-09
 4.76579e-01  7.40366e+05  5.85579e+43  7.15730e+05  4.58474e+43  6.68890e+05  1.49861e+43  5.27805e+05  5.79604e+41  4.20506e-09
 4.92155e-01  7.40366e+05  5.65111e+43  7.15730e+05  4.20171e+43  6.68890e+05  1.53024e+43  5.27805e+05  4.20031e+41  4.20506e-09
 5.08240e-01  7.15730e+05  5.43699e+43  7.15730e+05  4.04592e+43  6.46632e+05  1.31873e+43  5.27805e+05  4.94734e+41  4.20506e-09
 5.24851e-01  7.15730e+05  4.93247e+43  6.91914e+05  3.93448e+43  6.46632e+05  1.16818e+43  5.27805e+05  8.04022e+41  4.20506e-09
 5.42004e-01  7.15730e+05  4.69068e+43  6.91914e+05  3.50171e+43  6.46632e+05  1.14374e+43  5.10242e+05  5.44051e+41  4.20506e-09
 5.59718e-01  6.91914e+05  4.69925e+43  6.91914e+05  3.29328e+43  6.25115e+05  1.14185e+43  5.10242e+05  3.23218e+41  4.20506e-09
 5.78011e-01  6.91914e+05  4.13805e+43  6.91914e+05  3.30834e+43  6.25115e+05  9.24132e+42  5.10242e+05  3.36260e+41  4.20506e-09
 5.96902e-01  6.91914e+05  3.83629e+43  6.68890e+05  2.92554e+43  6.25115e+05  8.31521e+42  5.10242e+05  5.83232e+41  4.20506e-09
 6.16411e-01  6.91914e+05  3.79273e+43  6.68890e+05  2.64435e+43  6.25115e+05  8.63635e+42  4.93264e+05  7.65121e+41  4.20506e-09
 6.36557e-01  6.68890e+05  3.49219e+43  6.68890e+05  2.58396e+43  6.04314e+05  7.91338e+42  4.93264e+05  4.44772e+41  4.20506e-09
 6.57361e-01  6.68890e+05  3.10710e+43  6.46632e+05  2.49798e+43  6.04314e+05  6.17674e+42  4.93264e+05  3.58802e+41  4.20506e-09
 6.78845e-01  6.68890e+05  2.97718e+43  6.46632e+05  2.12319e+43  6.04314e+05  5.67849e+42  4.93264e+05  5.06854e+41  4.20506e-09
 7.01032e-01  6.46632e+05  3.02372e+43  6.46632e+05  1.96704e+43  6.04314e+05  6.41658e+42  4.93264e+05  8.89542e+41  4.20506e-09
 7.23943e-01  6.46632e+05  2.53106e+43  6.46632e+05  2.02888e+43  5.84205e+05  5.33637e+42  4.76850e+05  9.13284e+41  4.20506e-09
 7.47603e-01  6.46632e+05  2.29120e+43  6.25115e+05  1.76276e+43  5.84205e+05  3.88389e+42  4.76850e+05  6.83882e+41  4.20506e-09
 7.72037e-01  6.46632e+05  2.30314e+43  6.25115e+05  1.48958e+43  5.84205e+05  3.66032e+42  4.76850e+05  6.89848e+41  4.20506e-09
 7.97269e-01  6.25115e+05  2.14654e+43  6.25115e+05  1.43242e+43  5.84205e+05  4.66474e+42  4.76850e+05  9.31206e+41  4.20506e-09
 8.23326e-01  6.25115e+05  1.77200e+43  6.25115e+05  1.59104e+43  5.64766e+05  3.64762e+42  4.76850e+05  1.40896e+42  4.20506e-09
 8.50234e-01  6.25115e+05  1.64712e+43  6.04314e+05  1.19400e+43  5.64766e+05  2.31892e+42  4.60983e+05  1.58598e+42  4.20506e-09
 8.78022e-01  6.25115e+05  1.77136e+43  6.04314e+05  9.95892e+42  5.64766e+05  2.21266e+42  4.60983e+05  1.39117e+42  4.20506e-09
 9.06718e-01  6.04314e+05  1.46893e+43  6.04314e+05  1.01176e+43  5.64766e+05  3.32839e+42  4.60983e+05  1.43466e+42  4.20506e-09
 9.36352e-01  6.04314e+05  1.18169e+43  5.84205e+05  1.13574e+43  5.45973e+05  2.89129e+42  4.60983e+05  1.71663e+42  4.20506e-09
 9.66955e-01  6.04314e+05  1.14165e+43  5.84205e+05  7.72872e+42  5.45973e+05  1.51846e+42  4.60983e+05  2.23823e+42  4.20506e-09
 9.98557e-01  6.04314e+05  1.34866e+43  5.84205e+05  6.23054e+42  5.45973e+05  1.36476e+42  4.60983e+05  3.00164e+42  4.20506e-09
 1.03119e+00  5.84205e+05  9.69194e+42  5.84205e+05  6.85668e+42  5.45973e+05  2.42954e+42  4.45643e+05  3.21293e+42  4.20506e-09
 1.06489e+00  5.84205e+05  7.38165e+42  5.64766e+05  8.33105e+42  5.27805e+05  3.22290e+42  4.45643e+05  3.19625e+42  4.20506e-09
 1.09970e+00  5.84205e+05  7.52509e+42  5.64766e+05  4.92195e+42  5.27805e+05  1.62559e+42  4.45643e+05  3.42534e+42  4.20506e-09
 1.13564e+00  5.84205e+05  1.01229e+43  5.64766e+05  3.63177e+42  5.27805e+05  1.24785e+42  4.45643e+05  3.90114e+42  4.20506e-09
 1.17276e+00  5.64766e+05  6.39232e+42  5.64766e+05  4.45515e+42  5.27805e+05  2.08812e+42  4.45643e+05  4.62562e+42  4.20506e-09
 1.21108e+00  5.64766e+05  4.32528e+42  5.45973e+05  7.07381e+42  5.27805e+05  4.14985e+42  4.45643e+05  5.60179e+42  4.20506e-09
 1.25067e+00  5.64766e+05  4.69932e+42  5.45973e+05  3.59039e+42  5.10242e+05  2.93962e+42  4.45643e+05  6.83367e+42  4.20506e-09
 1.29154e+00  5.64766e+05  7.51599e+42  5.45973e+05  2.22037e+42  5.10242e+05  2.14205e+42  4.45643e+05  8.32638e+42  4.20506e-09
 1.33375e+00  5.45973e+05  4.87564e+42  5.45973e+05  2.95809e+42  5.10242e+05  2.56619e+42  4.45643e+05  1.00861e+43  4.20506e-09
 1.37734e+00  5.45973e+05  2.71795e+42  5.45973e+05  5.80658e+42  5.10242e+05  4.21378e+42  4.45643e+05  1.21201e+43  4.20506e-09
 1.42236e+00  5.45973e+05  2.99470e+42  5.27805e+05  3.99350e+42  4.93264e+05  6.02376e+42  4.30814e+05  1.38138e+43  4.20506e-09
 1.46884e+00  5.45973e+05  5.70702e+42  5.27805e+05  2.23475e+42  4.93264e+05  4.57752e+42  4.30814e+05  1.45653e+43  4.20506e-09
 1.51685e+00  5.27805e+05  5.44743e+42  5.27805e+05  2.58378e+42  4.93264e+05  4.36307e+42  4.30814e+05  1.56096e+43  4.20506e-09
 1.56642e+00  5.27805e+05  2.84058e+42  5.27805e+05  5.04204e+42  4.93264e+05  5.37951e+42  4.30814e+05  1.69510e+43  4.20506e-09
 1.61762e+00  5.27805e+05  2.66867e+42  5.10242e+05  6.66852e+42  4.93264e+05  7.63104e+42  4.30814e+05  1.85951e+43  4.20506e-09
 1.67049e+00  5.27805e+05  4.93098e+42  5.10242e+05  4.17774e+42  4.76850e+05  9.59621e+42  4.30814e+05  2.05487e+43  4.20506e-09
 1.72508e+00  5.10242e+05  8.73780e+42  5.10242e+05  3.80278e+42  4.76850e+05  8.46081e+42  4.30814e+05  2.28199e+43  4.20506e-09
 1.78146e+00  5.10242e+05  5.28297e+42  5.10242e+05  5.54211e+42  4.76850e+05  8.57327e+42  4.30814e+05  2.54180e+43  4.20506e-09
 1.83968e+00  5.10242e+05  4.27319e+42  5.10242e+05  9.40290e+42  4.76850e+05  9.93405e+42  4.30814e+05  2.83539e+43  4.20506e-09
 1.89981e+00  5.10242e+05  5.70427e+42  4.93264e+05  8.99793e+42  4.76850e+05  1.25488e+43  4.30814e+05  3.16397e+43  4.20506e-09
 1.96190e+00  5.10242e+05  9.58214e+42  4.93264e+05  7.50821e+42  4.76850e+05  1.64283e+43  4.30814e+05  3.52889e+43  4.20506e-09
 2.02602e+00  4.93264e+05  1.11562e+43  4.93264e+05  8.14810e+42  4.60983e+05  1.59542e+43  4.30814e+05  3.93167e+43  4.20506e-09
 2.09224e+00  4.93264e+05  8.85428e+42  4.93264e+05  1.09203e+43  4.60983e+05  1.60342e+43  4.30814e+05  4.37398e+43  4.20506e-09
 2.16062e+00  4.93264e+05  9.01214e+42  4.93264e+05  1.58361e+43  4.60983e+05  1.73935e+43  4.30814e+05  4.85764e+43  4.20506e-09
 2.23123e+00  4.93264e+05  1.16305e+43  4.76850e+05  1.54559e+43  4.60983e+05  2.00375e+43  4.30814e+05  5.38466e+43  4.20506e-09
 2.30415e+00  4.93264e+05  1.67201e+43  4.76850e+05  1.45154e+43  4.60983e+05  2.39773e+43  4.30814e+05  5.95722e+43  4.20506e-09
 2.37946e+00  4.76850e+05  1.84680e+43  4.76850e+05  1.57336e+43  4.60983e+05  2.92292e+43  4.30814e+05  6.57768e+43  4.20506e-09
 2.45723e+00  4.76850e+05  1.67927e+43  4.76850e+05  1.91154e+43  4.45643e+05  3.23088e+43  4.30814e+05  7.24862e+43  4.20506e-09
 2.53753e+00  4.76850e+05  1.76102e+43  4.76850e+05  2.46749e+43  4.45643e+05  3.29570e+43  4.30814e+05  7.97281e+43  4.20506e-09
 2.62047e+00  4.76850e+05  2.09237e+43  4.60983e+05  2.85072e+43  4.45643e+05  3.49544e+43  4.30814e+05  8.75325e+43  4.20506e-09
 2.70611e+00  4.76850e+05  2.67470e+43  4.60983e+05  2.74804e+43  4.45643e+05  3.83093e+43  4.30814e+05  9.59317e+43  4.20506e-09
 2.79455e+00  4.60983e+05  3.35711e+43  4.60983e+05  2.86659e+43  4.45643e+05  4.30355e+43  4.30814e+05  1.04960e+44  4.20506e-09
 2.88589e+00  4.60983e+05  3.17814e+43  4.60983e+05  3.20686e+43  4.45643e+05  4.91527e+43  4.30814e+05  1.14656e+44  4.20506e-09
 2.98021e+00  4.60983e+05  3.25465e+43  4.60983e+05  3.77025e+43  4.45643e+05  5.66862e+43  4.30814e+05  1.25059e+44  4.20506e-09
 3.07761e+00  4.60983e+05  3.58695e+43  4.60983e+05  4.55910e+43  4.45643e+05  6.56671e+43  4.30814e+05  1.36212e+44  4.20506e-09
 3.17819e+00  4.60983e+05  4.17640e+43  4.60983e+05  5.57667e+43  4.45643e+05  7.61326e+43  4.30814e+05  1.48161e+44  4.20506e-09
 3.28206e+00  4.60983e+05  5.02546e+43  4.45643e+05  5.62861e+43  4.45643e+05  8.81260e+43  4.30814e+05  1.60955e+44  4.20506e-09
 3.38933e+00  4.60983e+05  6.13764e+43  4.45643e+05  5.85083e+43  4.45643e+05  1.01697e+44  4.30814e+05  1.74649e+44  4.20506e-09
 3.50010e+00  4.45643e+05  6.47807e+43  4.45643e+05  6.30711e+43  4.45643e+05  1.16902e+44  4.30814e+05  1.89297e+44  4.20506e-09
 3.61449e+00  4.45643e+05  6.67099e+43  4.45643e+05  6.99936e+43  4.30814e+05  1.28037e+44  4.30814e+05  2.04962e+44  4.20506e-09
 3.73262e+00  4.45643e+05  7.13384e+43  4.45643e+05  7.93042e+43  4.30814e+05  1.34818e+44  4.30814e+05  2.21707e+44  4.20506e-09
 3.85462e+00  4.45643e+05  7.86853e+43  4.45643e+05  9.10416e+43  4.30814e+05  1.43371e+44  4.30814e+05  2.39603e+44  4.20506e-09
 3.98060e+00  4.45643e+05  8.87810e+43  4.45643e+05  1.05254e+44  4.30814e+05  1.53729e+44  4.30814e+05  2.58722e+44  4.20506e-09
 4.11069e+00  4.45643e+05  1.01667e+44  4.45643e+05  1.22001e+44  4.30814e+05  1.65936e+44  4.30814e+05  2.79145e+44  4.20506e-09
 4.24504e+00  4.45643e+05  1.17397e+44  4.45643e+05  1.41351e+44  4.30814e+05  1.80043e+44  4.30814e+05  3.00956e+44  4.20506e-09
 4.38378e+00  4.45643e+05  1.36037e+44  4.45643e+05  1.63385e+44  4.30814e+05  1.96108e+44  4.30814e+05  3.24244e+44  4.20506e-09
 4.52705e+00  4.45643e+05  1.57662e+44  4.45643e+05  1.88194e+44  4.30814e+05  2.14197e+44  4.30814e+05  3.49108e+44  4.20506e-09
 4.67501e+00  4.45643e+05  1.82363e+44  4.45643e+05  2.15879e+44  4.30814e+05  2.34385e+44  4.30814e+05  3.75648e+44  4.20506e-09
 4.82780e+00  4.45643e+05  2.10242e+44  4.30814e+05  2.27046e+44  4.30814e+05  2.56757e+44  4.30814e+05  4.03975e+44  4.20506e-09
 4.98558e+00  4.45643e+05  2.41414e+44  4.30814e+05  2.40211e+44  4.30814e+05  2.81403e+44  4.30814e+05  4.34207e+44  4.20506e-09
 5.14853e+00  4.30814e+05  2.59092e+44  4.30814e+05  2.56469e+44  4.30814e+05  3.08427e+44  4.30814e+05  4.66469e+44  4.20506e-09
 5.31679e+00  4.30814e+05  2.73460e+44  4.30814e+05  2.75887e+44  4.30814e+05  3.37941e+44  4.30814e+05  5.00893e+44  4.20506e-09
 5.49056e+00  4.30814e+05  2.91383e+44  4.30814e+05  2.98545e+44  4.30814e+05  3.70066e+44  4.30814e+05  5.37623e+44  4.20506e-09
 5.67001e+00  4.30814e+05  3.12934e+44  4.30814e+05  3.24538e+44  4.30814e+05  4.04935e+44  4.30814e+05  5.76810e+44  4.20506e-09
 5.85532e+00  4.30814e+05  3.38204e+44  4.30814e+05  3.53972e+44  4.30814e+05  4.42692e+44  4.30814e+05  6.18617e+44  4.20506e-09
 6.04668e+00  4.30814e+05  3.67297e+44  4.30814e+05  3.86969e+44  4.30814e+05  4.83495e+44  4.30814e+05  6.63216e+44  4.20506e-09
 6.24430e+00  4.30814e+05  4.00333e+44  4.30814e+05  4.23666e+44  4.30814e+05  5.27511e+44  4.16479e+05  7.10190e+44  4.20506e-09
 6.44838e+00  4.30814e+05  4.37449e+44  4.30814e+05  4.64215e+44  4.30814e+05  5.74924e+44  4.16479e+05  7.33689e+44  4.20506e-09
 6.65913e+00  4.30814e+05  4.78799e+44  4.30814e+05  5.08784e+44  4.30814e+05  6.25928e+44  4.16479e+05  7.60458e+44  4.20506e-09
 6.87677e+00  4.30814e+05  5.24553e+44  4.30814e+05  5.57557e+44  4.30814e+05  6.80736e+44  4.16479e+05  7.90607e+44  4.20506e-09
 7.10152e+00  4.30814e+05  5.74901e+44  4.30814e+05  6.10736e+44  4.30814e+05  7.39574e+44  4.16479e+05  8.24260e+44  4.20506e-09
 7.33362e+00  4.30814e+05  6.30052e+44  4.30814e+05  6.68541e+44  4.30814e+05  8.02685e+44  4.16479e+05  8.61556e+44  4.20506e-09
 7.57330e+00  4.30814e+05  6.90233e+44  4.30814e+05  7.31211e+44  4.30814e+05  8.70331e+44  4.16479e+05  9.02651e+44  4.20506e-09
 7.82082e+00  4.30814e+05  7.55694e+44  4.30814e+05  7.99006e+44  4.30814e+05  9.42791e+44  4.16479e+05  9.47714e+44  4.20506e-09
 8.07642e+00  4.30814e+05  8.26705e+44  4.30814e+05  8.72206e+44  4.30814e+05  1.02037e+45  4.16479e+05  9.96931e+44  4.20506e-09
 8.34038e+00  4.30814e+05  9.03561e+44  4.30814e+05  9.51114e+44  4.30814e+05  1.10338e+45  4.16479e+05  1.05051e+45  4.20506e-09
 8.61296e+00  4.30814e+05  9.86580e+44  4.30814e+05  1.03606e+45  4.30814e+05  1.19217e+45  4.16479e+05  1.10866e+45  4.20506e-09
 8.89446e+00  4.30814e+05  1.07610e+45  4.30814e+05  1.12739e+45  4.30814e+05  1.28710e+45  4.16479e+05  1.17164e+45  4.20506e-09
 9.18515e+00  4.30814e+05  1.17251e+45  4.30814e+05  1.22548e+45  4.30814e+05  1.38858e+45  4.16479e+05  1.23970e+45  4.20506e-09
 9.48535e+00  4.30814e+05  1.27618e+45  4.30814e+05  1.33074e+45  4.30814e+05  1.49701e+45  4.16479e+05  1.31312e+45  4.20506e-09
 9.79535e+00  4.30814e+05  1.38756e+45  4.30814e+05  1.44361e+45  4.30814e+05  1.61286e+45  4.16479e+05  1.39220e+45  4.20506e-09
 1.01155e+01  4.30814e+05  1.50711e+45  4.30814e+05  1.56455e+45  4.30814e+05  1.73659e+45  4.16479e+05  1.47729e+45  4.20506e-09
 1.04461e+01  4.30814e+05  1.63532e+45  4.30814e+05  1.69407e+45  4.30814e+05  1.86872e+45  4.16479e+05  1.56871e+45  4.20506e-09
 1.07875e+01  4.30814e+05  1.77272e+45  4.30814e+05  1.83269e+45  4.30814e+05  2.00980e+45  4.16479e+05  1.66687e+45  4.20506e-09
 1.11401e+01  4.30814e+05  1.91987e+45  4.30814e+05  1.98100e+45  4.30814e+05  2.16040e+45  4.16479e+05  1.77215e+45  4.20506e-09
 1.15041e+01  4.30814e+05  2.07740e+45  4.30814e+05  2.13961e+45  4.30814e+05  2.32117e+45  4.16479e+05  1.88500e+45  4.20506e-09
 1.18801e+01  4.30814e+05  2.24595e+45  4.30814e+05  2.30916e+45  4.30814e+05  2.49275e+45  4.16479e+05  2.00588e+45  4.20506e-09
 1.22684e+01  4.30814e+05  2.42621e+45  4.30814e+05  2.49038e+45  4.30814e+05  2.67585e+45  4.16479e+05  2.13530e+45  4.20506e-09
 1.26694e+01  4.30814e+05  2.61894e+45  4.30814e+05  2.68400e+45  4.30814e+05  2.87125e+45  4.16479e+05  2.27379e+45  4.20506e-09
 1.30834e+01  4.30814e+05  2.82493e+45  4.30814e+05  2.89082e+45  4.30814e+05  3.07974e+45  4.16479e+05  2.42191e+45  4.20506e-09
 1.35110e+01  4.30814e+05  3.04503e+45  4.30814e+05  3.11171e+45  4.30814e+05  3.30219e+45  4.16479e+05  2.58030e+45  4.20506e-09
 1.39526e+01  4.30814e+05  3.28016e+45  4.30814e+05  3.34757e+45  4.30814e+05  3.53952e+45  4.16479e+05  2.74959e+45  4.20506e-09
 1.44086e+01  4.30814e+05  3.53129e+45  4.30814e+05  3.59938e+45  4.30814e+05  3.79271e+45  4.16479e+05  2.93050e+45  4.20506e-09
 1.48795e+01  4.30814e+05  3.79945e+45  4.30814e+05  3.86819e+45  4.30814e+05  4.06281e+45  4.16479e+05  3.12377e+45  4.20506e-09
 1.53658e+01  4.30814e+05  4.08576e+45  4.30814e+05  4.15511e+45  4.30814e+05  4.35093e+45  4.16479e+05  3.33020e+45  4.20506e-09
 1.58680e+01  4.30814e+05  4.39141e+45  4.30814e+05  4.46132e+45  4.30814e+05  4.65827e+45  4.16479e+05  3.55064e+45  4.20506e-09
 1.63866e+01  4.30814e+05  4.71765e+45  4.30814e+05  4.78809e+45  4.30814e+05  4.98611e+45  4.16479e+05  3.78601e+45  4.20506e-09
 1.69222e+01  4.30814e+05  5.06583e+45  4.30814e+05  5.13677e+45  4.16479e+05  5.22836e+45  4.16479e+05  4.03728e+45  4.20506e-09
 1.74753e+01  4.30814e+05  5.43741e+45  4.30814e+05  5.50882e+45  4.16479e+05  5.40762e+45  4.16479e+05  4.30549e+45  4.20506e-09
 1.80464e+01  4.30814e+05  5.83391e+45  4.30814e+05  5.90575e+45  4.16479e+05  5.61046e+45  4.16479e+05  4.59175e+45  4.20506e-09
 1.86362e+01  4.30814e+05  6.25698e+45  4.30814e+05  6.32923e+45  4.16479e+05  5.83774e+45  4.16479e+05  4.89724e+45  4.20506e-09
 1.92453e+01  4.30814e+05  6.70836e+45  4.30814e+05  6.78100e+45  4.16479e+05  6.09039e+45  4.16479e+05  5.22324e+45  4.20506e-09
 1.98743e+01  4.30814e+05  7.18993e+45  4.30814e+05  7.26293e+45  4.16479e+05  6.36946e+45  4.16479e+05  5.57108e+45  4.20506e-09
 2.05238e+01  4.30814e+05  7.70368e+45  4.30814e+05  7.77702e+45  4.16479e+05  6.67610e+45  4.16479e+05  5.94222e+45  4.20506e-09
 2.11946e+01  4.30814e+05  8.25173e+45  4.30814e+05  8.32539e+45  4.16479e+05  7.01159e+45  4.16479e+05  6.33817e+45  4.20506e-09
 2.18873e+01  4.30814e+05  8.83636e+45  4.16479e+05  8.90509e+45  4.16479e+05  7.37730e+45  4.16479e+05  6.76059e+45  4.20506e-09
 2.26026e+01  4.30814e+05  9.45997e+45  4.16479e+05  9.19404e+45  4.16479e+05  7.77476e+45  4.16479e+05  7.21122e+45  4.20506e-09
 2.33413e+01  4.30814e+05  1.01252e+46  4.16479e+05  9.52314e+45  4.16479e+05  8.20560e+45  4.16479e+05  7.69193e+45  4.20506e-09
 2.41042e+01  4.16479e+05  1.05334e+46  4.16479e+05  9.89375e+45  4.16479e+05  8.67162e+45  4.16479e+05  8.20470e+45  4.20506e-09
 2.48920e+01  4.16479e+05  1.09023e+46  4.16479e+05  1.03074e+46  4.16479e+05  9.17473e+45  4.16479e+05  8.75166e+45  4.20506e-09
 2.57055e+01  4.16479e+05  1.13188e+46  4.16479e+05  1.07658e+46  4.16479e+05  9.71703e+45  4.16479e+05  9.33507e+45  4.20506e-09
 2.65456e+01  4.16479e+05  1.17845e+46  4.16479e+05  1.12709e+46  4.16479e+05  1.03008e+46  4.16479e+05  9.95735e+45  4.20506e-09
 2.74132e+01  4.16479e+05  1.23014e+46  4.16479e+05  1.18247e+46  4.16479e+05  1.09283e+46  4.16479e+05  1.06211e+46  4.20506e-09
 2.83091e+01  4.16479e+05  1.28717e+46  4.16479e+05  1.24295e+46  4.16479e+05  1.16023e+46  4.16479e+05  1.13290e+46  4.20506e-09
 2.92343e+01  4.16479e+05  1.34976e+46  4.16479e+05  1.30879e+46  4.16479e+05  1.23256e+46  4.16479e+05  1.20840e+46  4.20506e-09
 3.01898e+01  4.16479e+05  1.41818e+46  4.16479e+05  1.38025e+46  4.16479e+05  1.31010e+46  4.16479e+05  1.28892e+46  4.20506e-09
 3.11765e+01  4.16479e+05  1.49272e+46  4.16479e+05  1.45764e+46  4.16479e+05  1.39319e+46  4.16479e+05  1.37481e+46  4.20506e-09
 3.21954e+01  4.16479e+05  1.57367e+46  4.16479e+05  1.54126e+46  4.16479e+05  1.48217e+46  4.16479e+05  1.46640e+46  4.20506e-09
 3.32476e+01  4.16479e+05  1.66138e+46  4.16479e+05  1.63148e+46  4.16479e+05  1.57740e+46  4.16479e+05  1.56409e+46  4.20506e-09
 3.43343e+01  4.16479e+05  1.75621e+46  4.16479e+05  1.72866e+46  4.16479e+05  1.67928e+46  4.16479e+05  1.66828e+46  4.20506e-09
 3.54564e+01  4.16479e+05  1.85854e+46  4.16479e+05  1.83320e+46  4.16479e+05  1.78823e+46  4.16479e+05  1.77939e+46  4.20506e-09
 3.66152e+01  4.16479e+05  1.96881e+46  4.16479e+05  1.94554e+46  4.16479e+05  1.90470e+46  4.16479e+05  1.89789e+46  4.20506e-09
 3.78119e+01  4.16479e+05  2.08747e+46  4.16479e+05  2.06614e+46  4.16479e+05  2.02918e+46  4.16479e+05  2.02427e+46  4.20506e-09
 3.90477e+01  4.16479e+05  2.21502e+46  4.16479e+05  2.19550e+46  4.16479e+05  2.16217e+46  4.16479e+05  2.15904e+46  4.20506e-09
 4.03238e+01  4.16479e+05  2.35197e+46  4.16479e+05  2.33415e+46  4.16479e+05  2.30424e+46  4.16479e+05  2.30278e+46  4.20506e-09
 4.16417e+01  4.16479e+05  2.49889e+46  4.16479e+05  2.48268e+46  4.16479e+05  2.45596e+46  4.16479e+05  2.45607e+46  4.20506e-09
 4.30027e+01  4.16479e+05  2.65641e+46  4.16479e+05  2.64169e+46  4.16479e+05  2.61797e+46  4.16479e+05  2.61954e+46  4.20506e-09
 4.44081e+01  4.16479e+05  2.82515e+46  4.16479e+05  2.81184e+46  4.16479e+05  2.79093e+46  4.16479e+05  2.79388e+46  4.20506e-09
 4.58595e+01  4.16479e+05  3.00583e+46  4.16479e+05  2.99384e+46  4.16479e+05  2.97557e+46  4.16479e+05  2.97981e+46  4.20506e-09
 4.73583e+01  4.16479e+05  3.19920e+46  4.16479e+05  3.18844e+46  4.16479e+05  3.17264e+46  4.16479e+05  3.17809e+46  4.20506e-09
 4.89061e+01  4.16479e+05  3.40604e+46  4.16479e+05  3.39644e+46  4.16479e+05  3.38296e+46  4.16479e+05  3.38955e+46  4.20506e-09
 5.05045e+01  4.16479e+05  3.62722e+46  4.16479e+05  3.61871e+46  4.16479e+05  3.60740e+46  4.16479e+05  3.61506e+46  4.20506e-09
 5.21551e+01  4.16479e+05  3.86366e+46  4.16479e+05  3.85617e+46  4.16479e+05  3.84689e+46  4.16479e+05  3.85555e+46  4.20506e-09
 5.38597e+01  4.16479e+05  4.11633e+46  4.16479e+05  4.10979e+46  4.16479e+05  4.10243e+46  4.16479e+05  4.11202e+46  4.20506e-09
 5.56199e+01  4.16479e+05  4.38627e+46  4.16479e+05  4.38063e+46  4.16479e+05  4.37506e+46  4.16479e+05  4.38553e+46  4.20506e-09
 5.74378e+01  4.16479e+05  4.67461e+46  4.16479e+05  4.66981e+46  4.16479e+05  4.66592e+46  4.16479e+05  4.67721e+46  4.20506e-09
 5.93150e+01  4.16479e+05  4.98254e+46  4.16479e+05  4.97853e+46  4.16479e+05  4.97621e+46  4.16479e+05  4.98828e+46  4.20506e-09
 6.12535e+01  4.16479e+05  5.31133e+46  4.16479e+05  5.30806e+46  4.16479e+05  5.30722e+46  4.02620e+05  5.29601e+46  4.20506e-09
 6.32555e+01  4.16479e+05  5.66235e+46  4.16479e+05  5.65976e+46  4.16479e+05  5.66031e+46  4.02620e+05  5.45690e+46  4.20506e-09
 6.53228e+01  4.16479e+05  6.03704e+46  4.16479e+05  6.03510e+46  4.16479e+05  6.03695e+46  4.02620e+05  5.64040e+46  4.20506e-09
 6.74577e+01  4.16479e+05  6.43695e+46  4.16479e+05  6.43563e+46  4.16479e+05  6.43869e+46  4.02620e+05  5.84727e+46  4.20506e-09
 6.96624e+01  4.16479e+05  6.86375e+46  4.16479e+05  6.86300e+46  4.16479e+05  6.86720e+46  4.02620e+05  6.07835e+46  4.20506e-09
 7.19392e+01  4.16479e+05  7.31919e+46  4.16479e+05  7.31898e+46  4.16479e+05  7.32426e+46  4.02620e+05  6.33462e+46  4.20506e-09
 7.42903e+01  4.16479e+05  7.80517e+46  4.16479e+05  7.80546e+46  4.16479e+05  7.81174e+46  4.02620e+05  6.61712e+46  4.20506e-09
 7.67183e+01  4.16479e+05  8.32369e+46  4.16479e+05  8.32445e+46  4.16479e+05  8.33167e+46  4.02620e+05  6.92704e+46  4.20506e-09
 7.92257e+01  4.16479e+05  8.87690e+46  4.16479e+05  8.87810e+46  4.16479e+05  8.88621e+46  4.02620e+05  7.26564e+46  4.20506e-09
 8.18150e+01  4.16479e+05  9.46709e+46  4.16479e+05  9.46871e+46  4.16479e+05  9.47764e+46  4.02620e+05  7.63433e+46  4.20506e-09
 8.44889e+01  4.16479e+05  1.00967e+47  4.16479e+05  1.00987e+47  4.16479e+05  1.01084e+47  4.02620e+05  8.03464e+46  4.20506e-09
 8.72502e+01  4.16479e+05  1.07683e+47  4.16479e+05  1.07707e+47  4.16479e+05  1.07811e+47  4.02620e+05  8.46823e+46  4.20506e-09
 9.01018e+01  4.16479e+05  1.14848e+47  4.16479e+05  1.14875e+47  4.16479e+05  1.14986e+47  4.02620e+05  8.93689e+46  4.20506e-09
 9.30466e+01  4.16479e+05  1.22490e+47  4.16479e+05  1.22520e+47  4.16479e+05  1.22638e+47  4.02620e+05  9.44255e+46  4.20506e-09
 9.60876e+01  4.16479e+05  1.30642e+47  4.16479e+05  1.30675e+47  4.16479e+05  1.30798e+47  4.02620e+05  9.98731e+46  4.20506e-09
 9.92280e+01  4.16479e+05  1.39336e+47  4.16479e+05  1.39372e+47  4.16479e+05  1.39501e+47  4.02620e+05  1.05734e+47  4.20506e-09
 1.02471e+02  4.16479e+05  1.48610e+47  4.16479e+05  1.48649e+47  4.16479e+05  1.48783e+47  4.02620e+05  1.12033e+47  4.20506e-09
 1.05820e+02  4.16479e+05  1.58501e+47  4.16479e+05  1.58542e+47  4.16479e+05  1.58682e+47  4.02620e+05  1.18796e+47  4.20506e-09
 1.09278e+02  4.16479e+05  1.69050e+47  4.16479e+05  1.69094e+47  4.16479e+05  1.69238e+47  4.02620e+05  1.26051e+47  4.20506e-09
 1.12850e+02  4.16479e+05  1.80302e+47  4.16479e+05  1.80348e+47  4.16479e+05  1.80496e+47  4.02620e+05  1.33828e+47  4.20506e-09
 1.16538e+02  4.16479e+05  1.92302e+47  4.16479e+05  1.92350e+47  4.16479e+05  1.92502e+47  4.02620e+05  1.42158e+47  4.20506e-09
 1.20347e+02  4.16479e+05  2.05100e+47  4.16479e+05  2.05150e+47  4.16479e+05  2.05306e+47  4.02620e+05  1.51078e+47  4.20506e-09
 1.24280e+02  4.16479e+05  2.18750e+47  4.16479e+05  2.18801e+47  4.16479e+05  2.18961e+47  4.02620e+05  1.60622e+47  4.20506e-09
 1.28342e+02  4.16479e+05  2.33307e+47  4.16479e+05  2.33360e+47  4.16479e+05  2.33524e+47  4.02620e+05  1.70832e+47  4.20506e-09
 1.32537e+02  4.16479e+05  2.48832e+47  4.16479e+05  2.48887e+47  4.16479e+05  2.49054e+47  4.02620e+05  1.81749e+47  4.20506e-09
 1.36868e+02  4.16479e+05  2.65390e+47  4.16479e+05  2.65446e+47  4.16479e+05  2.65615e+47  4.02620e+05  1.93418e+47  4.20506e-09
 1.41341e+02  4.16479e+05  2.83048e+47  4.16479e+05  2.83105e+47  4.16479e+05  2.83278e+47  4.02620e+05  2.05888e+47  4.20506e-09
 1.45961e+02  4.16479e+05  3.01880e+47  4.16479e+05  3.01939e+47  4.16479e+05  3.02114e+47  4.02620e+05  2.19210e+47  4.20506e-09
 1.50731e+02  4.16479e+05  3.21964e+47  4.16479e+05  3.22024e+47  4.16479e+05  3.22201e+47  4.02620e+05  2.33440e+47  4.20506e-09
 1.55658e+02  4.16479e+05  3.43382e+47  4.16479e+05  3.43443e+47  4.16479e+05  3.43623e+47  4.02620e+05  2.48636e+47  4.20506e-09
 1.60745e+02  4.16479e+05  3.66224e+47  4.16479e+05  3.66287e+47  4.16479e+05  3.66468e+47  4.02620e+05  2.64861e+47  4.20506e-09
 1.65998e+02  4.16479e+05  3.90584e+47  4.16479e+05  3.90648e+47  4.02620e+05  3.82057e+47  4.02620e+05  2.82183e+47  4.20506e-09
 1.71424e+02  4.16479e+05  4.16563e+47  4.16479e+05  4.16628e+47  4.02620e+05  3.94310e+47  4.02620e+05  3.00673e+47  4.20506e-09
 1.77026e+02  4.16479e+05  4.44269e+47  4.16479e+05  4.44334e+47  4.02620e+05  4.08196e+47  4.02620e+05  3.20407e+47  4.20506e-09
 1.82812e+02  4.16479e+05  4.73815e+47  4.16479e+05  4.73881e+47  4.02620e+05  4.23773e+47  4.02620e+05  3.41467e+47  4.20506e-09
 1.88787e+02  4.16479e+05  5.05324e+47  4.16479e+05  5.05391e+47  4.02620e+05  4.41105e+47  4.02620e+05  3.63941e+47  4.20506e-09
 1.94957e+02  4.16479e+05  5.38928e+47  4.16479e+05  5.38995e+47  4.02620e+05  4.60263e+47  4.02620e+05  3.87921e+47  4.20506e-09
 2.01328e+02  4.16479e+05  5.74764e+47  4.16479e+05  5.74832e+47  4.02620e+05  4.81328e+47  4.02620e+05  4.13507e+47  4.20506e-09
 2.07908e+02  4.16479e+05  6.12981e+47  4.16479e+05  6.13050e+47  4.02620e+05  5.04385e+47  4.02620e+05  4.40804e+47  4.20506e-09
 2.14703e+02  4.16479e+05  6.53737e+47  4.02620e+05  6.51421e+47  4.02620e+05  5.29532e+47  4.02620e+05  4.69926e+47  4.20506e-09
 2.21720e+02  4.16479e+05  6.97201e+47  4.02620e+05  6.71154e+47  4.02620e+05  5.56870e+47  4.02620e+05  5.00993e+47  4.20506e-09
 2.28967e+02  4.16479e+05  7.43553e+47  4.02620e+05  6.93666e+47  4.02620e+05  5.86515e+47  4.02620e+05  5.34133e+47  4.20506e-09
 2.36450e+02  4.02620e+05  7.69311e+47  4.02620e+05  7.19051e+47  4.02620e+05  6.18588e+47  4.02620e+05  5.69484e+47  4.20506e-09
 2.44178e+02  4.02620e+05  7.94538e+47  4.02620e+05  7.47413e+47  4.02620e+05  6.53223e+47  4.02620e+05  6.07192e+47  4.20506e-09
 2.52158e+02  4.02620e+05  8.23056e+47  4.02620e+05  7.78871e+47  4.02620e+05  6.90562e+47  4.02620e+05  6.47413e+47  4.20506e-09
 2.60399e+02  4.02620e+05  8.54982e+47  4.02620e+05  8.13555e+47  4.02620e+05  7.30759e+47  4.02620e+05  6.90314e+47  4.20506e-09
 2.68910e+02  4.02620e+05  8.90449e+47  4.02620e+05  8.51607e+47  4.02620e+05  7.73983e+47  4.02620e+05  7.36072e+47  4.20506e-09
 2.77699e+02  4.02620e+05  9.29603e+47  4.02620e+05  8.93186e+47  4.02620e+05  8.20411e+47  4.02620e+05  7.84876e+47  4.20506e-09
 2.86774e+02  4.02620e+05  9.72607e+47  4.02620e+05  9.38463e+47  4.02620e+05  8.70235e+47  4.02620e+05  8.36928e+47  4.20506e-09
 2.96147e+02  4.02620e+05  1.01964e+48  4.02620e+05  9.87627e+47  4.02620e+05  9.23662e+47  4.02620e+05  8.92445e+47  4.20506e-09
 3.05826e+02  4.02620e+05  1.07089e+48  4.02620e+05  1.04088e+48  4.02620e+05  9.80912e+47  4.02620e+05  9.51655e+47  4.20506e-09
 3.15821e+02  4.02620e+05  1.12658e+48  4.02620e+05  1.09844e+48  4.02620e+05  1.04222e+48  4.02620e+05  1.01480e+48  4.20506e-09
 3.26143e+02  4.02620e+05  1.18693e+48  4.02620e+05  1.16055e+48  4.02620e+05  1.10785e+48  4.02620e+05  1.08215e+48  4.20506e-09
 3.36802e+02  4.02620e+05  1.25220e+48  4.02620e+05  1.22747e+48  4.02620e+05  1.17806e+48  4.02620e+05  1.15398e+48  4.20506e-09
 3.47810e+02  4.02620e+05  1.32265e+48  4.02620e+05  1.29946e+48  4.02620e+05  1.25315e+48  4.02620e+05  1.23058e+48  4.20506e-09
 3.59177e+02  4.02620e+05  1.39858e+48  4.02620e+05  1.37684e+48  4.02620e+05  1.33342e+48  4.02620e+05  1.31228e+48  4.20506e-09
 3.70916e+02  4.02620e+05  1.48030e+48  4.02620e+05  1.45992e+48  4.02620e+05  1.41922e+48  4.02620e+05  1.39941e+48  4.20506e-09
 3.83038e+02  4.02620e+05  1.56814e+48  4.02620e+05  1.54904e+48  4.02620e+05  1.51089e+48  4.02620e+05  1.49232e+48  4.20506e-09
 3.95557e+02  4.02620e+05  1.66248e+48  4.02620e+05  1.64457e+48  4.02620e+05  1.60881e+48  4.02620e+05  1.59142e+48  4.20506e-09
 4.08485e+02  4.02620e+05  1.76370e+48  4.02620e+05  1.74691e+48  4.02620e+05  1.71340e+48  4.02620e+05  1.69710e+48  4.20506e-09
 4.21835e+02  4.02620e+05  1.87223e+48  4.02620e+05  1.85649e+48  4.02620e+05  1.82507e+48  4.02620e+05  1.80981e+48  4.20506e-09
 4.35622e+02  4.02620e+05  1.98850e+48  4.02620e+05  1.97375e+48  4.02620e+05  1.94430e+48  4.02620e+05  1.93000e+48  4.20506e-09
 4.49859e+02  4.02620e+05  2.11300e+48  4.02620e+05  2.09918e+48  4.02620e+05  2.07158e+48  4.02620e+05  2.05818e+48  4.20506e-09
 4.64562e+02  4.02620e+05  2.24626e+48  4.02620e+05  2.23329e+48  4.02620e+05  2.20743e+48  4.02620e+05  2.19488e+48  4.20506e-09
 4.79745e+02  4.02620e+05  2.38881e+48  4.02620e+05  2.37666e+48  4.02620e+05  2.35242e+48  4.02620e+05  2.34067e+48  4.20506e-09
 4.95424e+02  4.02620e+05  2.54125e+48  4.02620e+05  2.52986e+48  4.02620e+05  2.50714e+48  4.02620e+05  2.49614e+48  4.20506e-09
 5.11616e+02  4.02620e+05  2.70420e+48  4.02620e+05  2.69353e+48  4.02620e+05  2.67224e+48  4.02620e+05  2.66194e+48  4.20506e-09
 5.28337e+02  4.02620e+05  2.87836e+48  4.02620e+05  2.86835e+48  4.02620e+05  2.84840e+48  4.02620e+05  2.83876e+48  4.20506e-09
 5.45604e+02  4.02620e+05  3.06442e+48  4.02620e+05  3.05505e+48  4.02620e+05  3.03635e+48  4.02620e+05  3.02732e+48  4.20506e-09
 5.63436e+02  4.02620e+05  3.26317e+48  4.02620e+05  3.25439e+48  4.02620e+05  3.23687e+48  4.02620e+05  3.22842e+48  4.20506e-09
 5.81850e+02  4.02620e+05  3.47543e+48  4.02620e+05  3.46720e+48  4.02620e+05  3.45078e+48  4.02620e+05  3.44287e+48  4.20506e-09
 6.00867e+02  4.02620e+05  3.70207e+48  4.02620e+05  3.69436e+48  4.02620e+05  3.67898e+48  4.02620e+05  3.67158e+48  4.20506e-09
 6.20505e+02  4.02620e+05  3.94404e+48  4.02620e+05  3.93681e+48  4.02620e+05  3.92240e+48  4.02620e+05  3.91548e+48  4.20506e-09
 6.40784e+02  4.02620e+05  4.20233e+48  4.02620e+05  4.19556e+48  4.02620e+05  4.18206e+48  4.02620e+05  4.17558e+48  4.20506e-09
 6.61727e+02  4.02620e+05  4.47802e+48  4.02620e+05  4.47167e+48  4.02620e+05  4.45903e+48  4.02620e+05  4.45296e+48  4.20506e-09
 6.83354e+02  4.02620e+05  4.77223e+48  4.02620e+05  4.76629e+48  4.02620e+05  4.75445e+48  4.02620e+05  4.74878e+48  4.20506e-09
 7.05688e+02  4.02620e+05  5.08621e+48  4.02620e+05  5.08063e+48  4.02620e+05  5.06954e+48  4.02620e+05  5.06424e+48  4.20506e-09
 7.28751e+02  4.02620e+05  5.42123e+48  4.02620e+05  5.41601e+48  4.02620e+05  5.40562e+48  3.89223e+05  5.25117e+48  4.20506e-09
 7.52569e+02  4.02620e+05  5.77869e+48  4.02620e+05  5.77380e+48  4.02620e+05  5.76407e+48  3.89223e+05  5.41743e+48  4.20506e-09
 7.77165e+02  4.02620e+05  6.16007e+48  4.02620e+05  6.15549e+48  4.02620e+05  6.14638e+48  3.89223e+05  5.60612e+48  4.20506e-09
 8.02565e+02  4.02620e+05  6.56694e+48  4.02620e+05  6.56265e+48  4.02620e+05  6.55412e+48  3.89223e+05  5.81800e+48  4.20506e-09
 8.28794e+02  4.02620e+05  7.00099e+48  4.02620e+05  6.99697e+48  4.02620e+05  6.98899e+48  3.89223e+05  6.05396e+48  4.20506e-09
 8.55882e+02  4.02620e+05  7.46402e+48  4.02620e+05  7.46026e+48  4.02620e+05  7.45279e+48  3.89223e+05  6.31498e+48  4.20506e-09
 8.83854e+02  4.02620e+05  7.95794e+48  4.02620e+05  7.95442e+48  4.02620e+05  7.94743e+48  3.89223e+05  6.60213e+48  4.20506e-09
 9.12741e+02  4.02620e+05  8.48480e+48  4.02620e+05  8.48150e+48  4.02620e+05  8.47496e+48  3.89223e+05  6.91661e+48  4.20506e-09
 9.42571e+02  4.02620e+05  9.04677e+48  4.02620e+05  9.04368e+48  4.02620e+05  9.03756e+48  3.89223e+05  7.25970e+48  4.20506e-09
 9.73377e+02  4.02620e+05  9.64619e+48  4.02620e+05  9.64330e+48  4.02620e+05  9.63757e+48  3.89223e+05  7.63285e+48  4.20506e-09
 1.00519e+03  4.02620e+05  1.02855e+49  4.02620e+05  1.02828e+49  4.02620e+05  1.02775e+49  3.89223e+05  8.03758e+48  4.20506e-09
 1.03804e+03  4.02620e+05  1.09674e+49  4.02620e+05  1.09649e+49  4.02620e+05  1.09599e+49  3.89223e+05  8.47557e+48  4.20506e-09
 1.07197e+03  4.02620e+05  1.16947e+49  4.02620e+05  1.16924e+49  4.02620e+05  1.16877e+49  3.89223e+05  8.94864e+48  4.20506e-09
 1.10700e+03  4.02620e+05  1.24704e+49  4.02620e+05  1.24682e+49  4.02620e+05  1.24638e+49  3.89223e+05  9.45875e+48  4.20506e-09
 1.14318e+03  4.02620e+05  1.32977e+49  4.02620e+05  1.32957e+49  4.02620e+05  1.32916e+49  3.89223e+05  1.00080e+49  4.20506e-09
 1.18054e+03  4.02620e+05  1.41801e+49  4.02620e+05  1.41781e+49  4.02620e+05  1.41743e+49  3.89223e+05  1.05987e+49  4.20506e-09
 1.21913e+03  4.02620e+05  1.51211e+49  4.02620e+05  1.51193e+49  4.02620e+05  1.51157e+49  3.89223e+05  1.12332e+49  4.20506e-09
 1.25897e+03  4.02620e+05  1.61247e+49  4.02620e+05  1.61230e+49  4.02620e+05  1.61197e+49  3.89223e+05  1.19142e+49  4.20506e-09
 1.30012e+03  4.02620e+05  1.71951e+49  4.02620e+05  1.71935e+49  4.02620e+05  1.71904e+49  3.89223e+05  1.26445e+49  4.20506e-09
 1.34261e+03  4.02620e+05  1.83366e+49  4.02620e+05  1.83351e+49  4.02620e+05  1.83322e+49  3.89223e+05  1.34272e+49  4.20506e-09
 1.38649e+03  4.02620e+05  1.95540e+49  4.02620e+05  1.95526e+49  4.02620e+05  1.95499e+49  3.89223e+05  1.42654e+49  4.20506e-09
 1.43180e+03  4.02620e+05  2.08523e+49  4.02620e+05  2.08510e+49  4.02620e+05  2.08485e+49  3.89223e+05  1.51627e+49  4.20506e-09
 1.47860e+03  4.02620e+05  2.22369e+49  4.02620e+05  2.22357e+49  4.02620e+05  2.22333e+49  3.89223e+05  1.61227e+49  4.20506e-09
 1.52692e+03  4.02620e+05  2.37136e+49  4.02620e+05  2.37124e+49  4.02620e+05  2.37102e+49  3.89223e+05  1.71494e+49  4.20506e-09
 1.57683e+03  4.02620e+05  2.52883e+49  4.02620e+05  2.52873e+49  4.02620e+05  2.52852e+49  3.89223e+05  1.82471e+49  4.20506e-09
 1.62836e+03  4.02620e+05  2.69678e+49  4.02620e+05  2.69668e+49  4.02620e+05  2.69649e+49  3.89223e+05  1.94203e+49  4.20506e-09
 1.68158e+03  4.02620e+05  2.87588e+49  4.02620e+05  2.87579e+49  4.02620e+05  2.87561e+49  3.89223e+05  2.06739e+49  4.20506e-09
 1.73654e+03  4.02620e+05  3.06689e+49  4.02620e+05  3.06681e+49  4.02620e+05  3.06664e+49  3.89223e+05  2.20131e+49  4.20506e-09
 1.79329e+03  4.02620e+05  3.27059e+49  4.02620e+05  3.27051e+49  4.02620e+05  3.27036e+49  3.89223e+05  2.34433e+49  4.20506e-09
 1.85190e+03  4.02620e+05  3.48783e+49  4.02620e+05  3.48775e+49  4.02620e+05  3.48761e+49  3.89223e+05  2.49706e+49  4.20506e-09
 1.91243e+03  4.02620e+05  3.71950e+49  4.02620e+05  3.71943e+49  3.89223e+05  3.67916e+49  3.89223e+05  2.66012e+49  4.20506e-09
 1.97493e+03  4.02620e+05  3.96656e+49  4.02620e+05  3.96649e+49  3.89223e+05  3.78974e+49  3.89223e+05  2.83419e+49  4.20506e-09
 2.03948e+03  4.02620e+05  4.23004e+49  4.02620e+05  4.22998e+49  3.89223e+05  3.91602e+49  3.89223e+05  3.01999e+49  4.20506e-09
 2.10613e+03  4.02620e+05  4.51102e+49  4.02620e+05  4.51097e+49  3.89223e+05  4.05849e+49  3.89223e+05  3.21829e+49  4.20506e-09
 2.17497e+03  4.02620e+05  4.81068e+49  4.02620e+05  4.81062e+49  3.89223e+05  4.21777e+49  3.89223e+05  3.42990e+49  4.20506e-09
 2.24605e+03  4.02620e+05  5.13024e+49  4.02620e+05  5.13019e+49  3.89223e+05  4.39450e+49  3.89223e+05  3.65571e+49  4.20506e-09
 2.31946e+03  4.02620e+05  5.47103e+49  4.02620e+05  5.47099e+49  3.89223e+05  4.58941e+49  3.89223e+05  3.89665e+49  4.20506e-09
 2.39526e+03  4.02620e+05  5.83447e+49  4.02620e+05  5.83443e+49  3.89223e+05  4.80332e+49  3.89223e+05  4.15372e+49  4.20506e-09
 2.47355e+03  4.02620e+05  6.22205e+49  4.02620e+05  6.22201e+49  3.89223e+05  5.03711e+49  3.89223e+05  4.42797e+49  4.20506e-09
 2.55439e+03  4.02620e+05  6.63538e+49  3.89223e+05  6.45722e+49  3.89223e+05  5.29174e+49  3.89223e+05  4.72055e+49  4.20506e-09
 2.63787e+03  4.02620e+05  7.07617e+49  3.89223e+05  6.66115e+49  3.89223e+05  5.56827e+49  3.89223e+05  5.03267e+49  4.20506e-09
 2.72409e+03  3.89223e+05  7.40506e+49  3.89223e+05  6.89265e+49  3.89223e+05  5.86785e+49  3.89223e+05  5.36561e+49  4.20506e-09
 2.81312e+03  3.89223e+05  7.63316e+49  3.89223e+05  7.15267e+49  3.89223e+05  6.19171e+49  3.89223e+05  5.72076e+49  4.20506e-09
 2.90506e+03  3.89223e+05  7.89284e+49  3.89223e+05  7.44229e+49  3.89223e+05  6.54120e+49  3.89223e+05  6.09959e+49  4.20506e-09
 3.00000e+03  3.89223e+05  8.18520e+49  3.89223e+05  7.76271e+49  3.89223e+05  6.91775e+49  3.89223e+05  6.50365e+49  4.20506e-09
