radius_rg T_0deg chi2_0deg T_15deg chi2_15deg T_30deg chi2_30deg T_45deg chi2_45deg nuLnusavg_last
 2.00000e-01  8.47687e+05  5.10748e+43  8.19480e+05  4.03572e+43  7.40366e+05  1.64543e+43  5.84205e+05  1.39691e+42  1.02652e-22
 2.06537e-01  8.19480e+05  4.97082e+43  8.19480e+05  3.92002e+43  7.40366e+05  1.56644e+43  5.64766e+05  1.40086e+42  1.02652e-22
 2.13287e-01  8.19480e+05  4.70696e+43  7.92211e+05  3.76930e+43  7.40366e+05  1.53691e+43  5.64766e+05  1.23335e+42  1.02652e-22
 2.20257e-01  8.19480e+05  4.54855e+43  7.92211e+05  3.57772e+43  7.15730e+05  1.44819e+43  5.64766e+05  1.14799e+42  1.02652e-22
 2.27456e-01  7.92211e+05  4.41984e+43  7.92211e+05  3.47541e+43  7.15730e+05  1.36482e+43  5.64766e+05  1.14444e+42  1.02652e-22
 2.34890e-01  7.92211e+05  4.17415e+43  7.65850e+05  3.34219e+43  7.15730e+05  1.33008e+43  5.45973e+05  1.14310e+42  1.02652e-22
 2.42567e-01  7.92211e+05  4.03170e+43  7.65850e+05  3.15843e+43  6.91914e+05  1.27575e+43  5.45973e+05  9.85908e+41  1.02652e-22
 2.50494e-01  7.65850e+05  3.92423e+43  7.65850e+05  3.06219e+43  6.91914e+05  1.18385e+43  5.45973e+05  9.09844e+41  1.02652e-22
 2.58681e-01  7.65850e+05  3.68804e+43  7.40366e+05  2.95948e+43  6.91914e+05  1.13982e+43  5.45973e+05  9.14593e+41  1.02652e-22
 2.67136e-01  7.65850e+05  3.55308e+43  7.40366e+05  2.77618e+43  6.68890e+05  1.13074e+43  5.27805e+05  9.35953e+41  1.02652e-22
 2.75866e-01  7.40366e+05  3.48191e+43  7.40366e+05  2.67883e+43  6.68890e+05  1.02610e+43  5.27805e+05  7.78838e+41  1.02652e-22
 2.84882e-01  7.40366e+05  3.24670e+43  7.15730e+05  2.62137e+43  6.68890e+05  9.68696e+42  5.27805e+05  7.01995e+41  1.02652e-22
 2.94193e-01  7.40366e+05  3.11089e+43  7.15730e+05  2.43126e+43  6.68890e+05  9.58288e+42  5.27805e+05  7.05105e+41  1.02652e-22
 3.03808e-01  7.40366e+05  3.07393e+43  7.15730e+05  2.32566e+43  6.46632e+05  8.95560e+42  5.10242e+05  7.81517e+41  1.02652e-22
 3.13737e-01  7.15730e+05  2.85042e+43  7.15730e+05  2.30415e+43  6.46632e+05  8.20606e+42  5.10242e+05  6.14080e+41  1.02652e-22
 3.23991e-01  7.15730e+05  2.70549e+43  6.91914e+05  2.12595e+43  6.46632e+05  7.92034e+42  5.10242e+05  5.26232e+41  1.02652e-22
 3.34580e-01  7.15730e+05  2.65772e+43  6.91914e+05  2.00499e+43  6.25115e+05  7.97787e+42  5.10242e+05  5.17611e+41  1.02652e-22
 3.45515e-01  6.91914e+05  2.50186e+43  6.91914e+05  1.96677e+43  6.25115e+05  7.00987e+42  5.10242e+05  5.88180e+41  1.02652e-22
 3.56807e-01  6.91914e+05  2.33953e+43  6.68890e+05  1.86478e+43  6.25115e+05  6.50075e+42  4.93264e+05  4.98205e+41  1.02652e-22
 3.68468e-01  6.91914e+05  2.27285e+43  6.68890e+05  1.72126e+43  6.25115e+05  6.44839e+42  4.93264e+05  3.88846e+41  1.02652e-22
 3.80511e-01  6.68890e+05  2.20625e+43  6.68890e+05  1.65932e+43  6.04314e+05  6.17028e+42  4.93264e+05  3.58145e+41  1.02652e-22
 3.92947e-01  6.68890e+05  2.01818e+43  6.46632e+05  1.65471e+43  6.04314e+05  5.39428e+42  4.93264e+05  4.05974e+41  1.02652e-22
 4.05790e-01  6.68890e+05  1.92444e+43  6.46632e+05  1.48131e+43  6.04314e+05  5.07047e+42  4.76850e+05  4.43190e+41  1.02652e-22
 4.19052e-01  6.68890e+05  1.92462e+43  6.46632e+05  1.38849e+43  6.04314e+05  5.19751e+42  4.76850e+05  3.01363e+41  1.02652e-22
 4.32748e-01  6.46632e+05  1.74936e+43  6.46632e+05  1.37588e+43  5.84205e+05  4.69102e+42  4.76850e+05  2.37832e+41  1.02652e-22
 4.46891e-01  6.46632e+05  1.62025e+43  6.25115e+05  1.29466e+43  5.84205e+05  4.05135e+42  4.76850e+05  2.52333e+41  1.02652e-22
 4.61496e-01  6.46632e+05  1.58382e+43  6.25115e+05  1.16363e+43  5.84205e+05  3.85831e+42  4.76850e+05  3.44928e+41  1.02652e-22
 4.76579e-01  6.25115e+05  1.54413e+43  6.25115e+05  1.11187e+43  5.84205e+05  4.11110e+42  4.60983e+05  2.81625e+41  1.02652e-22
 4.92155e-01  6.25115e+05  1.37112e+43  6.25115e+05  1.13917e+43  5.64766e+05  3.50182e+42  4.60983e+05  1.73899e+41  1.02652e-22
 5.08240e-01  6.25115e+05  1.28976e+43  6.04314e+05  9.97040e+42  5.64766e+05  2.94287e+42  4.60983e+05  1.43941e+41  1.02652e-22
 5.24851e-01  6.25115e+05  1.29971e+43  6.04314e+05  8.98718e+42  5.64766e+05  2.82596e+42  4.60983e+05  1.91626e+41  1.02652e-22
 5.42004e-01  6.04314e+05  1.19134e+43  6.04314e+05  8.78569e+42  5.64766e+05  3.15062e+42  4.60983e+05  3.17154e+41  1.02652e-22
 5.59718e-01  6.04314e+05  1.05642e+43  5.84205e+05  9.04558e+42  5.45973e+05  2.58603e+42  4.45643e+05  1.91226e+41  1.02652e-22
 5.78011e-01  6.04314e+05  1.01185e+43  5.84205e+05  7.51827e+42  5.45973e+05  2.05152e+42  4.45643e+05  1.04840e+41  1.02652e-22
 5.96902e-01  6.04314e+05  1.05743e+43  5.84205e+05  6.76662e+42  5.45973e+05  1.95537e+42  4.45643e+05  9.59365e+40  1.02652e-22
 6.16411e-01  5.84205e+05  9.01710e+42  5.84205e+05  6.78751e+42  5.45973e+05  2.29718e+42  4.45643e+05  1.64478e+41  1.02652e-22
 6.36557e-01  5.84205e+05  7.93795e+42  5.64766e+05  6.90696e+42  5.27805e+05  1.95131e+42  4.45643e+05  3.10749e+41  1.02652e-22
 6.57361e-01  5.84205e+05  7.75138e+42  5.64766e+05  5.52398e+42  5.27805e+05  1.38351e+42  4.30814e+05  1.68795e+41  1.02652e-22
 6.78845e-01  5.84205e+05  8.45660e+42  5.64766e+05  4.90841e+42  5.27805e+05  1.25130e+42  4.30814e+05  9.04594e+40  1.02652e-22
 7.01032e-01  5.64766e+05  6.67580e+42  5.64766e+05  5.05769e+42  5.27805e+05  1.55415e+42  4.30814e+05  8.95463e+40  1.02652e-22
 7.23943e-01  5.64766e+05  5.75597e+42  5.45973e+05  5.29531e+42  5.10242e+05  1.63370e+42  4.30814e+05  1.66052e+41  1.02652e-22
 7.47603e-01  5.64766e+05  5.71969e+42  5.45973e+05  3.95819e+42  5.10242e+05  9.72448e+41  4.30814e+05  3.20294e+41  1.02652e-22
 7.72037e-01  5.64766e+05  6.56679e+42  5.45973e+05  3.38199e+42  5.10242e+05  7.45085e+41  4.16479e+05  2.20923e+41  1.02652e-22
 7.97269e-01  5.45973e+05  4.85594e+42  5.45973e+05  3.56433e+42  5.10242e+05  9.50674e+41  4.16479e+05  1.36408e+41  1.02652e-22
 8.23326e-01  5.45973e+05  3.98334e+42  5.27805e+05  4.22529e+42  5.10242e+05  1.59007e+42  4.16479e+05  1.29506e+41  1.02652e-22
 8.50234e-01  5.45973e+05  3.98693e+42  5.27805e+05  2.83299e+42  4.93264e+05  8.85260e+41  4.16479e+05  2.00188e+41  1.02652e-22
 8.78022e-01  5.45973e+05  4.86675e+42  5.27805e+05  2.19695e+42  4.93264e+05  5.00196e+41  4.16479e+05  3.48748e+41  1.02652e-22
 9.06718e-01  5.27805e+05  3.57221e+42  5.27805e+05  2.31455e+42  4.93264e+05  5.47070e+41  4.02620e+05  3.68450e+41  1.02652e-22
 9.36352e-01  5.27805e+05  2.63180e+42  5.27805e+05  3.18626e+42  4.93264e+05  1.02608e+42  4.02620e+05  2.61939e+41  1.02652e-22
 9.66955e-01  5.27805e+05  2.56200e+42  5.10242e+05  2.20884e+42  4.76850e+05  1.23120e+42  4.02620e+05  2.33560e+41  1.02652e-22
 9.98557e-01  5.27805e+05  3.36254e+42  5.10242e+05  1.40966e+42  4.76850e+05  6.20770e+41  4.02620e+05  2.83196e+41  1.02652e-22
 1.03119e+00  5.10242e+05  2.89557e+42  5.10242e+05  1.36086e+42  4.76850e+05  4.42773e+41  4.02620e+05  4.11052e+41  1.02652e-22
 1.06489e+00  5.10242e+05  1.76755e+42  5.10242e+05  2.06222e+42  4.76850e+05  6.96477e+41  4.02620e+05  6.17658e+41  1.02652e-22
 1.09970e+00  5.10242e+05  1.50657e+42  4.93264e+05  2.20510e+42  4.76850e+05  1.38293e+42  3.89223e+05  5.09307e+41  1.02652e-22
 1.13564e+00  5.10242e+05  2.11155e+42  4.93264e+05  1.13325e+42  4.60983e+05  1.26510e+42  3.89223e+05  4.41305e+41  1.02652e-22
 1.17276e+00  4.93264e+05  2.96561e+42  4.93264e+05  8.10627e+41  4.60983e+05  7.89035e+41  3.89223e+05  4.52178e+41  1.02652e-22
 1.21108e+00  4.93264e+05  1.52286e+42  4.93264e+05  1.23590e+42  4.60983e+05  7.46103e+41  3.89223e+05  5.41971e+41  1.02652e-22
 1.25067e+00  4.93264e+05  9.46138e+41  4.93264e+05  2.41083e+42  4.60983e+05  1.13613e+42  3.89223e+05  7.11056e+41  1.02652e-22
 1.29154e+00  4.93264e+05  1.23305e+42  4.76850e+05  1.55277e+42  4.60983e+05  1.96072e+42  3.89223e+05  9.60131e+41  1.02652e-22
 1.33375e+00  4.93264e+05  2.38479e+42  4.76850e+05  8.40395e+41  4.45643e+05  1.81008e+42  3.76271e+05  8.37979e+41  1.02652e-22
 1.37734e+00  4.76850e+05  2.11388e+42  4.76850e+05  8.76038e+41  4.45643e+05  1.38926e+42  3.76271e+05  7.87362e+41  1.02652e-22
 1.42236e+00  4.76850e+05  1.08680e+42  4.76850e+05  1.65985e+42  4.45643e+05  1.40407e+42  3.76271e+05  8.17051e+41  1.02652e-22
 1.46884e+00  4.76850e+05  9.23935e+41  4.60983e+05  2.94946e+42  4.45643e+05  1.85455e+42  3.76271e+05  9.27171e+41  1.02652e-22
 1.51685e+00  4.76850e+05  1.62462e+42  4.60983e+05  1.71858e+42  4.45643e+05  2.74257e+42  3.76271e+05  1.11818e+42  1.02652e-22
 1.56642e+00  4.76850e+05  3.19175e+42  4.60983e+05  1.23936e+42  4.30814e+05  2.94502e+42  3.76271e+05  1.39086e+42  1.02652e-22
 1.61762e+00  4.60983e+05  2.24187e+42  4.60983e+05  1.50981e+42  4.30814e+05  2.49127e+42  3.63750e+05  1.49350e+42  1.02652e-22
 1.67049e+00  4.60983e+05  1.48373e+42  4.60983e+05  2.53105e+42  4.30814e+05  2.47771e+42  3.63750e+05  1.42896e+42  1.02652e-22
 1.72508e+00  4.60983e+05  1.59145e+42  4.45643e+05  3.84351e+42  4.30814e+05  2.90427e+42  3.63750e+05  1.44739e+42  1.02652e-22
 1.78146e+00  4.60983e+05  2.56548e+42  4.45643e+05  2.70616e+42  4.30814e+05  3.77272e+42  3.63750e+05  1.54885e+42  1.02652e-22
 1.83968e+00  4.60983e+05  4.40984e+42  4.45643e+05  2.32455e+42  4.16479e+05  4.86499e+42  3.63750e+05  1.73377e+42  1.02652e-22
 1.89981e+00  4.45643e+05  3.35629e+42  4.45643e+05  2.69710e+42  4.16479e+05  4.27499e+42  3.63750e+05  2.00291e+42  1.02652e-22
 1.96190e+00  4.45643e+05  2.70971e+42  4.45643e+05  3.82536e+42  4.16479e+05  4.13256e+42  3.63750e+05  2.35739e+42  1.02652e-22
 2.02602e+00  4.45643e+05  2.93406e+42  4.45643e+05  5.71399e+42  4.16479e+05  4.43710e+42  3.63750e+05  2.79868e+42  1.02652e-22
 2.09224e+00  4.45643e+05  4.03027e+42  4.30814e+05  4.64483e+42  4.16479e+05  5.18987e+42  3.51646e+05  2.99169e+42  1.02652e-22
 2.16062e+00  4.45643e+05  6.00289e+42  4.30814e+05  4.20985e+42  4.16479e+05  6.39399e+42  3.51646e+05  3.01366e+42  1.02652e-22
 2.23123e+00  4.30814e+05  5.61079e+42  4.30814e+05  4.53683e+42  4.02620e+05  7.11448e+42  3.51646e+05  3.12515e+42  1.02652e-22
 2.30415e+00  4.30814e+05  4.90041e+42  4.30814e+05  5.62712e+42  4.02620e+05  6.71762e+42  3.51646e+05  3.32662e+42  1.02652e-22
 2.37946e+00  4.30814e+05  5.07002e+42  4.30814e+05  7.48525e+42  4.02620e+05  6.77842e+42  3.51646e+05  3.61891e+42  1.02652e-22
 2.45723e+00  4.30814e+05  6.12034e+42  4.16479e+05  7.86026e+42  4.02620e+05  7.29714e+42  3.51646e+05  4.00323e+42  1.02652e-22
 2.53753e+00  4.30814e+05  8.05572e+42  4.16479e+05  7.19527e+42  4.02620e+05  8.27593e+42  3.51646e+05  4.48116e+42  1.02652e-22
 2.62047e+00  4.16479e+05  9.38862e+42  4.16479e+05  7.30461e+42  4.02620e+05  9.71884e+42  3.51646e+05  5.05468e+42  1.02652e-22
 2.70611e+00  4.16479e+05  8.40912e+42  4.16479e+05  8.18871e+42  3.89223e+05  1.09560e+43  3.51646e+05  5.72618e+42  1.02652e-22
 2.79455e+00  4.16479e+05  8.32415e+42  4.16479e+05  9.85124e+42  3.89223e+05  1.06061e+43  3.51646e+05  6.49841e+42  1.02652e-22
 2.88589e+00  4.16479e+05  9.13334e+42  4.16479e+05  1.22991e+43  3.89223e+05  1.07301e+43  3.51646e+05  7.37459e+42  1.02652e-22
 2.98021e+00  4.16479e+05  1.08401e+43  4.02620e+05  1.19084e+43  3.89223e+05  1.13283e+43  3.51646e+05  8.35834e+42  1.02652e-22
 3.07761e+00  4.16479e+05  1.34514e+43  4.02620e+05  1.15858e+43  3.89223e+05  1.24032e+43  3.51646e+05  9.45372e+42  1.02652e-22
 3.17819e+00  4.02620e+05  1.39725e+43  4.02620e+05  1.20557e+43  3.89223e+05  1.39593e+43  3.51646e+05  1.06653e+43  1.02652e-22
 3.28206e+00  4.02620e+05  1.33836e+43  4.02620e+05  1.33200e+43  3.89223e+05  1.60031e+43  3.51646e+05  1.19980e+43  1.02652e-22
 3.38933e+00  4.02620e+05  1.37098e+43  4.02620e+05  1.53839e+43  3.76271e+05  1.69440e+43  3.51646e+05  1.34575e+43  1.02652e-22
 3.50010e+00  4.02620e+05  1.49525e+43  4.02620e+05  1.82561e+43  3.76271e+05  1.69176e+43  3.51646e+05  1.50497e+43  1.02652e-22
 3.61449e+00  4.02620e+05  1.71168e+43  3.89223e+05  1.85963e+43  3.76271e+05  1.73911e+43  3.51646e+05  1.67812e+43  1.02652e-22
 3.73262e+00  4.02620e+05  2.02117e+43  3.89223e+05  1.83679e+43  3.76271e+05  1.83664e+43  3.51646e+05  1.86592e+43  1.02652e-22
 3.85462e+00  3.89223e+05  2.16740e+43  3.89223e+05  1.89600e+43  3.76271e+05  1.98475e+43  3.51646e+05  2.06915e+43  1.02652e-22
 3.98060e+00  3.89223e+05  2.11863e+43  3.89223e+05  2.03752e+43  3.76271e+05  2.18407e+43  3.51646e+05  2.28864e+43  1.02652e-22
 4.11069e+00  3.89223e+05  2.16460e+43  3.89223e+05  2.26192e+43  3.76271e+05  2.43542e+43  3.51646e+05  2.52532e+43  1.02652e-22
 4.24504e+00  3.89223e+05  2.30550e+43  3.89223e+05  2.57013e+43  3.76271e+05  2.73983e+43  3.51646e+05  2.78014e+43  1.02652e-22
 4.38378e+00  3.89223e+05  2.54191e+43  3.89223e+05  2.96344e+43  3.63750e+05  2.83068e+43  3.51646e+05  3.05418e+43  1.02652e-22
 4.52705e+00  3.89223e+05  2.87482e+43  3.76271e+05  2.92203e+43  3.63750e+05  2.87998e+43  3.51646e+05  3.34857e+43  1.02652e-22
 4.67501e+00  3.89223e+05  3.30559e+43  3.76271e+05  2.95726e+43  3.63750e+05  2.98418e+43  3.51646e+05  3.66451e+43  1.02652e-22
 4.82780e+00  3.76271e+05  3.37906e+43  3.76271e+05  3.07917e+43  3.63750e+05  3.14372e+43  3.51646e+05  4.00333e+43  1.02652e-22
 4.98558e+00  3.76271e+05  3.39611e+43  3.76271e+05  3.28829e+43  3.63750e+05  3.35926e+43  3.51646e+05  4.36642e+43  1.02652e-22
 5.14853e+00  3.76271e+05  3.51319e+43  3.76271e+05  3.58546e+43  3.63750e+05  3.63168e+43  3.51646e+05  4.75528e+43  1.02652e-22
 5.31679e+00  3.76271e+05  3.73079e+43  3.76271e+05  3.97193e+43  3.63750e+05  3.96212e+43  3.51646e+05  5.17153e+43  1.02652e-22
 5.49056e+00  3.76271e+05  4.04979e+43  3.76271e+05  4.44929e+43  3.63750e+05  4.35195e+43  3.51646e+05  5.61688e+43  1.02652e-22
 5.67001e+00  3.76271e+05  4.47153e+43  3.63750e+05  4.89630e+43  3.63750e+05  4.80277e+43  3.39945e+05  5.79474e+43  1.02652e-22
 5.85532e+00  3.76271e+05  4.99774e+43  3.63750e+05  4.93049e+43  3.63750e+05  5.31646e+43  3.39945e+05  6.00173e+43  1.02652e-22
 6.04668e+00  3.76271e+05  5.63061e+43  3.63750e+05  5.05954e+43  3.51646e+05  5.78233e+43  3.39945e+05  6.24125e+43  1.02652e-22
 6.24430e+00  3.63750e+05  5.67404e+43  3.63750e+05  5.28399e+43  3.51646e+05  5.91777e+43  3.39945e+05  6.51431e+43  1.02652e-22
 6.44838e+00  3.63750e+05  5.79713e+43  3.63750e+05  5.60475e+43  3.51646e+05  6.12068e+43  3.39945e+05  6.82204e+43  1.02652e-22
 6.65913e+00  3.63750e+05  6.03018e+43  3.63750e+05  6.02316e+43  3.51646e+05  6.39192e+43  3.39945e+05  7.16570e+43  1.02652e-22
 6.87677e+00  3.63750e+05  6.37416e+43  3.63750e+05  6.54096e+43  3.51646e+05  6.73259e+43  3.39945e+05  7.54672e+43  1.02652e-22
 7.10152e+00  3.63750e+05  6.83049e+43  3.63750e+05  7.16028e+43  3.51646e+05  7.14411e+43  3.39945e+05  7.96668e+43  1.02652e-22
 7.33362e+00  3.63750e+05  7.40106e+43  3.63750e+05  7.88368e+43  3.51646e+05  7.62819e+43  3.39945e+05  8.42731e+43  1.02652e-22
 7.57330e+00  3.63750e+05  8.08823e+43  3.63750e+05  8.71417e+43  3.51646e+05  8.18682e+43  3.39945e+05  8.93052e+43  1.02652e-22
 7.82082e+00  3.63750e+05  8.89485e+43  3.63750e+05  9.65517e+43  3.51646e+05  8.82232e+43  3.39945e+05  9.47840e+43  1.02652e-22
 8.07642e+00  3.63750e+05  9.82425e+43  3.51646e+05  1.01089e+44  3.51646e+05  9.53731e+43  3.39945e+05  1.00732e+44  1.02652e-22
 8.34038e+00  3.63750e+05  1.08803e+44  3.51646e+05  1.03971e+44  3.51646e+05  1.03348e+44  3.39945e+05  1.07174e+44  1.02652e-22
 8.61296e+00  3.51646e+05  1.16137e+44  3.51646e+05  1.08027e+44  3.51646e+05  1.12180e+44  3.39945e+05  1.14137e+44  1.02652e-22
 8.89446e+00  3.51646e+05  1.19147e+44  3.51646e+05  1.13275e+44  3.51646e+05  1.21906e+44  3.39945e+05  1.21649e+44  1.02652e-22
 9.18515e+00  3.51646e+05  1.23509e+44  3.51646e+05  1.19737e+44  3.51646e+05  1.32567e+44  3.39945e+05  1.29741e+44  1.02652e-22
 9.48535e+00  3.51646e+05  1.29241e+44  3.51646e+05  1.27439e+44  3.51646e+05  1.44206e+44  3.39945e+05  1.38448e+44  1.02652e-22
 9.79535e+00  3.51646e+05  1.36369e+44  3.51646e+05  1.36412e+44  3.51646e+05  1.56871e+44  3.39945e+05  1.47804e+44  1.02652e-22
 1.01155e+01  3.51646e+05  1.44920e+44  3.51646e+05  1.46695e+44  3.51646e+05  1.70616e+44  3.39945e+05  1.57849e+44  1.02652e-22
 1.04461e+01  3.51646e+05  1.54931e+44  3.51646e+05  1.58329e+44  3.51646e+05  1.85497e+44  3.39945e+05  1.68625e+44  1.02652e-22
 1.07875e+01  3.51646e+05  1.66443e+44  3.51646e+05  1.71363e+44  3.51646e+05  2.01575e+44  3.39945e+05  1.80175e+44  1.02652e-22
 1.11401e+01  3.51646e+05  1.79504e+44  3.51646e+05  1.85851e+44  3.51646e+05  2.18918e+44  3.39945e+05  1.92548e+44  1.02652e-22
 1.15041e+01  3.51646e+05  1.94167e+44  3.51646e+05  2.01852e+44  3.51646e+05  2.37596e+44  3.39945e+05  2.05795e+44  1.02652e-22
 1.18801e+01  3.51646e+05  2.10493e+44  3.51646e+05  2.19434e+44  3.51646e+05  2.57687e+44  3.39945e+05  2.19971e+44  1.02652e-22
 1.22684e+01  3.51646e+05  2.28550e+44  3.51646e+05  2.38668e+44  3.51646e+05  2.79275e+44  3.39945e+05  2.35134e+44  1.02652e-22
 1.26694e+01  3.51646e+05  2.48413e+44  3.51646e+05  2.59634e+44  3.51646e+05  3.02448e+44  3.39945e+05  2.51347e+44  1.02652e-22
 1.30834e+01  3.51646e+05  2.70164e+44  3.51646e+05  2.82419e+44  3.51646e+05  3.27303e+44  3.39945e+05  2.68678e+44  1.02652e-22
 1.35110e+01  3.51646e+05  2.93892e+44  3.51646e+05  3.07118e+44  3.51646e+05  3.53942e+44  3.39945e+05  2.87197e+44  1.02652e-22
 1.39526e+01  3.51646e+05  3.19696e+44  3.51646e+05  3.33832e+44  3.51646e+05  3.82476e+44  3.39945e+05  3.06982e+44  1.02652e-22
 1.44086e+01  3.51646e+05  3.47683e+44  3.51646e+05  3.62672e+44  3.51646e+05  4.13023e+44  3.39945e+05  3.28115e+44  1.02652e-22
 1.48795e+01  3.51646e+05  3.77969e+44  3.51646e+05  3.93758e+44  3.51646e+05  4.45708e+44  3.39945e+05  3.50682e+44  1.02652e-22
 1.53658e+01  3.51646e+05  4.10678e+44  3.51646e+05  4.27218e+44  3.51646e+05  4.80669e+44  3.39945e+05  3.74778e+44  1.02652e-22
 1.58680e+01  3.51646e+05  4.45947e+44  3.51646e+05  4.63190e+44  3.51646e+05  5.18048e+44  3.39945e+05  4.00502e+44  1.02652e-22
 1.63866e+01  3.51646e+05  4.83921e+44  3.51646e+05  5.01824e+44  3.51646e+05  5.58001e+44  3.39945e+05  4.27960e+44  1.02652e-22
 1.69222e+01  3.51646e+05  5.24758e+44  3.51646e+05  5.43279e+44  3.51646e+05  6.00693e+44  3.39945e+05  4.57266e+44  1.02652e-22
 1.74753e+01  3.51646e+05  5.68626e+44  3.51646e+05  5.87727e+44  3.51646e+05  6.46301e+44  3.39945e+05  4.88542e+44  1.02652e-22
 1.80464e+01  3.51646e+05  6.15707e+44  3.51646e+05  6.35351e+44  3.51646e+05  6.95014e+44  3.39945e+05  5.21917e+44  1.02652e-22
 1.86362e+01  3.51646e+05  6.66195e+44  3.51646e+05  6.86350e+44  3.51646e+05  7.47032e+44  3.39945e+05  5.57529e+44  1.02652e-22
 1.92453e+01  3.51646e+05  7.20301e+44  3.51646e+05  7.40934e+44  3.51646e+05  8.02573e+44  3.39945e+05  5.95525e+44  1.02652e-22
 1.98743e+01  3.51646e+05  7.78247e+44  3.51646e+05  7.99328e+44  3.39945e+05  8.45713e+44  3.39945e+05  6.36063e+44  1.02652e-22
 2.05238e+01  3.51646e+05  8.40273e+44  3.51646e+05  8.61775e+44  3.39945e+05  8.70589e+44  3.39945e+05  6.79310e+44  1.02652e-22
 2.11946e+01  3.51646e+05  9.06637e+44  3.51646e+05  9.28533e+44  3.39945e+05  8.99497e+44  3.39945e+05  7.25445e+44  1.02652e-22
 2.18873e+01  3.51646e+05  9.77613e+44  3.51646e+05  9.99879e+44  3.39945e+05  9.32559e+44  3.39945e+05  7.74660e+44  1.02652e-22
 2.26026e+01  3.51646e+05  1.05349e+45  3.51646e+05  1.07611e+45  3.39945e+05  9.69909e+44  3.39945e+05  8.27157e+44  1.02652e-22
 2.33413e+01  3.51646e+05  1.13459e+45  3.51646e+05  1.15753e+45  3.39945e+05  1.01170e+45  3.39945e+05  8.83155e+44  1.02652e-22
 2.41042e+01  3.51646e+05  1.22125e+45  3.51646e+05  1.24449e+45  3.39945e+05  1.05811e+45  3.39945e+05  9.42885e+44  1.02652e-22
 2.48920e+01  3.51646e+05  1.31382e+45  3.51646e+05  1.33735e+45  3.39945e+05  1.10933e+45  3.39945e+05  1.00659e+45  1.02652e-22
 2.57055e+01  3.51646e+05  1.41269e+45  3.51646e+05  1.43648e+45  3.39945e+05  1.16557e+45  3.39945e+05  1.07455e+45  1.02652e-22
 2.65456e+01  3.51646e+05  1.51826e+45  3.39945e+05  1.48377e+45  3.39945e+05  1.22707e+45  3.39945e+05  1.14702e+45  1.02652e-22
 2.74132e+01  3.51646e+05  1.63097e+45  3.39945e+05  1.53005e+45  3.39945e+05  1.29407e+45  3.39945e+05  1.22432e+45  1.02652e-22
 2.83091e+01  3.39945e+05  1.70185e+45  3.39945e+05  1.58340e+45  3.39945e+05  1.36686e+45  3.39945e+05  1.30676e+45  1.02652e-22
 2.92343e+01  3.39945e+05  1.75339e+45  3.39945e+05  1.64405e+45  3.39945e+05  1.44573e+45  3.39945e+05  1.39469e+45  1.02652e-22
 3.01898e+01  3.39945e+05  1.81304e+45  3.39945e+05  1.71224e+45  3.39945e+05  1.53102e+45  3.39945e+05  1.48847e+45  1.02652e-22
 3.11765e+01  3.39945e+05  1.88105e+45  3.39945e+05  1.78827e+45  3.39945e+05  1.62307e+45  3.39945e+05  1.58849e+45  1.02652e-22
 3.21954e+01  3.39945e+05  1.95771e+45  3.39945e+05  1.87244e+45  3.39945e+05  1.72227e+45  3.39945e+05  1.69515e+45  1.02652e-22
 3.32476e+01  3.39945e+05  2.04333e+45  3.39945e+05  1.96511e+45  3.39945e+05  1.82903e+45  3.39945e+05  1.80891e+45  1.02652e-22
 3.43343e+01  3.39945e+05  2.13827e+45  3.39945e+05  2.06665e+45  3.39945e+05  1.94379e+45  3.39945e+05  1.93023e+45  1.02652e-22
 3.54564e+01  3.39945e+05  2.24291e+45  3.39945e+05  2.17749e+45  3.39945e+05  2.06702e+45  3.39945e+05  2.05962e+45  1.02652e-22
 3.66152e+01  3.39945e+05  2.35770e+45  3.39945e+05  2.29809e+45  3.39945e+05  2.19923e+45  3.39945e+05  2.19760e+45  1.02652e-22
 3.78119e+01  3.39945e+05  2.48311e+45  3.39945e+05  2.42894e+45  3.39945e+05  2.34098e+45  3.39945e+05  2.34476e+45  1.02652e-22
 3.90477e+01  3.39945e+05  2.61965e+45  3.39945e+05  2.57059e+45  3.39945e+05  2.49284e+45  3.39945e+05  2.50170e+45  1.02652e-22
 4.03238e+01  3.39945e+05  2.76789e+45  3.39945e+05  2.72362e+45  3.39945e+05  2.65545e+45  3.39945e+05  2.66907e+45  1.02652e-22
 4.16417e+01  3.39945e+05  2.92844e+45  3.39945e+05  2.88866e+45  3.39945e+05  2.82948e+45  3.39945e+05  2.84756e+45  1.02652e-22
 4.30027e+01  3.39945e+05  3.10198e+45  3.39945e+05  3.06641e+45  3.39945e+05  3.01565e+45  3.39945e+05  3.03792e+45  1.02652e-22
 4.44081e+01  3.39945e+05  3.28921e+45  3.39945e+05  3.25759e+45  3.39945e+05  3.21473e+45  3.39945e+05  3.24092e+45  1.02652e-22
 4.58595e+01  3.39945e+05  3.49091e+45  3.39945e+05  3.46300e+45  3.39945e+05  3.42755e+45  3.39945e+05  3.45741e+45  1.02652e-22
 4.73583e+01  3.39945e+05  3.70792e+45  3.39945e+05  3.68348e+45  3.39945e+05  3.65497e+45  3.39945e+05  3.68829e+45  1.02652e-22
 4.89061e+01  3.39945e+05  3.94114e+45  3.39945e+05  3.91995e+45  3.39945e+05  3.89796e+45  3.39945e+05  3.93451e+45  1.02652e-22
 5.05045e+01  3.39945e+05  4.19152e+45  3.39945e+05  4.17339e+45  3.39945e+05  4.15750e+45  3.39945e+05  4.19709e+45  1.02652e-22
 5.21551e+01  3.39945e+05  4.46011e+45  3.39945e+05  4.44484e+45  3.39945e+05  4.43468e+45  3.39945e+05  4.47711e+45  1.02652e-22
 5.38597e+01  3.39945e+05  4.74802e+45  3.39945e+05  4.73544e+45  3.39945e+05  4.73065e+45  3.39945e+05  4.77575e+45  1.02652e-22
 5.56199e+01  3.39945e+05  5.05644e+45  3.39945e+05  5.04637e+45  3.39945e+05  5.04662e+45  3.39945e+05  5.09422e+45  1.02652e-22
 5.74378e+01  3.39945e+05  5.38664e+45  3.39945e+05  5.37894e+45  3.39945e+05  5.38390e+45  3.39945e+05  5.43385e+45  1.02652e-22
 5.93150e+01  3.39945e+05  5.74000e+45  3.39945e+05  5.73451e+45  3.39945e+05  5.74390e+45  3.39945e+05  5.79605e+45  1.02652e-22
 6.12535e+01  3.39945e+05  6.11797e+45  3.39945e+05  6.11455e+45  3.39945e+05  6.12810e+45  3.39945e+05  6.18231e+45  1.02652e-22
 6.32555e+01  3.39945e+05  6.52212e+45  3.39945e+05  6.52065e+45  3.39945e+05  6.53809e+45  3.39945e+05  6.59423e+45  1.02652e-22
 6.53228e+01  3.39945e+05  6.95412e+45  3.39945e+05  6.95447e+45  3.39945e+05  6.97556e+45  3.39945e+05  7.03352e+45  1.02652e-22
 6.74577e+01  3.39945e+05  7.41576e+45  3.39945e+05  7.41783e+45  3.39945e+05  7.44234e+45  3.39945e+05  7.50199e+45  1.02652e-22
 6.96624e+01  3.39945e+05  7.90895e+45  3.39945e+05  7.91262e+45  3.39945e+05  7.94034e+45  3.39945e+05  8.00159e+45  1.02652e-22
 7.19392e+01  3.39945e+05  8.43572e+45  3.39945e+05  8.44090e+45  3.39945e+05  8.47163e+45  3.39945e+05  8.53438e+45  1.02652e-22
 7.42903e+01  3.39945e+05  8.99827e+45  3.39945e+05  9.00486e+45  3.39945e+05  9.03842e+45  3.39945e+05  9.10256e+45  1.02652e-22
 7.67183e+01  3.39945e+05  9.59892e+45  3.39945e+05  9.60684e+45  3.39945e+05  9.64303e+45  3.39945e+05  9.70850e+45  1.02652e-22
 7.92257e+01  3.39945e+05  1.02402e+46  3.39945e+05  1.02493e+46  3.39945e+05  1.02880e+46  3.39945e+05  1.03547e+46  1.02652e-22
 8.18150e+01  3.39945e+05  1.09246e+46  3.39945e+05  1.09349e+46  3.39945e+05  1.09760e+46  3.39945e+05  1.10438e+46  1.02652e-22
 8.44889e+01  3.39945e+05  1.16552e+46  3.39945e+05  1.16666e+46  3.39945e+05  1.17098e+46  3.39945e+05  1.17787e+46  1.02652e-22
 8.72502e+01  3.39945e+05  1.24348e+46  3.39945e+05  1.24472e+46  3.39945e+05  1.24925e+46  3.28633e+05  1.21851e+46  1.02652e-22
 9.01018e+01  3.39945e+05  1.32668e+46  3.39945e+05  1.32802e+46  3.39945e+05  1.33273e+46  3.28633e+05  1.25147e+46  1.02652e-22
 9.30466e+01  3.39945e+05  1.41545e+46  3.39945e+05  1.41688e+46  3.39945e+05  1.42177e+46  3.28633e+05  1.28962e+46  1.02652e-22
 9.60876e+01  3.39945e+05  1.51016e+46  3.39945e+05  1.51168e+46  3.39945e+05  1.51674e+46  3.28633e+05  1.33312e+46  1.02652e-22
 9.92280e+01  3.39945e+05  1.61122e+46  3.39945e+05  1.61281e+46  3.39945e+05  1.61803e+46  3.28633e+05  1.38214e+46  1.02652e-22
 1.02471e+02  3.39945e+05  1.71902e+46  3.39945e+05  1.72069e+46  3.39945e+05  1.72606e+46  3.28633e+05  1.43688e+46  1.02652e-22
 1.05820e+02  3.39945e+05  1.83403e+46  3.39945e+05  1.83576e+46  3.39945e+05  1.84127e+46  3.28633e+05  1.49759e+46  1.02652e-22
 1.09278e+02  3.39945e+05  1.95671e+46  3.39945e+05  1.95851e+46  3.39945e+05  1.96415e+46  3.28633e+05  1.56449e+46  1.02652e-22
 1.12850e+02  3.39945e+05  2.08757e+46  3.39945e+05  2.08944e+46  3.39945e+05  2.09520e+46  3.28633e+05  1.63788e+46  1.02652e-22
 1.16538e+02  3.39945e+05  2.22716e+46  3.39945e+05  2.22908e+46  3.39945e+05  2.23496e+46  3.28633e+05  1.71806e+46  1.02652e-22
 1.20347e+02  3.39945e+05  2.37606e+46  3.39945e+05  2.37803e+46  3.39945e+05  2.38402e+46  3.28633e+05  1.80535e+46  1.02652e-22
 1.24280e+02  3.39945e+05  2.53487e+46  3.39945e+05  2.53689e+46  3.39945e+05  2.54298e+46  3.28633e+05  1.90012e+46  1.02652e-22
 1.28342e+02  3.39945e+05  2.70426e+46  3.39945e+05  2.70633e+46  3.39945e+05  2.71251e+46  3.28633e+05  2.00277e+46  1.02652e-22
 1.32537e+02  3.39945e+05  2.88493e+46  3.39945e+05  2.88704e+46  3.39945e+05  2.89331e+46  3.28633e+05  2.11371e+46  1.02652e-22
 1.36868e+02  3.39945e+05  3.07762e+46  3.39945e+05  3.07978e+46  3.39945e+05  3.08613e+46  3.28633e+05  2.23340e+46  1.02652e-22
 1.41341e+02  3.39945e+05  3.28313e+46  3.39945e+05  3.28533e+46  3.39945e+05  3.29176e+46  3.28633e+05  2.36235e+46  1.02652e-22
 1.45961e+02  3.39945e+05  3.50232e+46  3.39945e+05  3.50455e+46  3.39945e+05  3.51106e+46  3.28633e+05  2.50108e+46  1.02652e-22
 1.50731e+02  3.39945e+05  3.73609e+46  3.39945e+05  3.73835e+46  3.39945e+05  3.74493e+46  3.28633e+05  2.65017e+46  1.02652e-22
 1.55658e+02  3.39945e+05  3.98540e+46  3.39945e+05  3.98770e+46  3.39945e+05  3.99434e+46  3.28633e+05  2.81023e+46  1.02652e-22
 1.60745e+02  3.39945e+05  4.25130e+46  3.39945e+05  4.25363e+46  3.39945e+05  4.26032e+46  3.28633e+05  2.98193e+46  1.02652e-22
 1.65998e+02  3.39945e+05  4.53487e+46  3.39945e+05  4.53723e+46  3.39945e+05  4.54398e+46  3.28633e+05  3.16598e+46  1.02652e-22
 1.71424e+02  3.39945e+05  4.83730e+46  3.39945e+05  4.83968e+46  3.39945e+05  4.84649e+46  3.28633e+05  3.36314e+46  1.02652e-22
 1.77026e+02  3.39945e+05  5.15983e+46  3.39945e+05  5.16224e+46  3.39945e+05  5.16910e+46  3.28633e+05  3.57422e+46  1.02652e-22
 1.82812e+02  3.39945e+05  5.50380e+46  3.39945e+05  5.50624e+46  3.39945e+05  5.51314e+46  3.28633e+05  3.80011e+46  1.02652e-22
 1.88787e+02  3.39945e+05  5.87064e+46  3.39945e+05  5.87309e+46  3.39945e+05  5.88004e+46  3.28633e+05  4.04173e+46  1.02652e-22
 1.94957e+02  3.39945e+05  6.26186e+46  3.39945e+05  6.26433e+46  3.39945e+05  6.27132e+46  3.28633e+05  4.30008e+46  1.02652e-22
 2.01328e+02  3.39945e+05  6.67907e+46  3.39945e+05  6.68157e+46  3.39945e+05  6.68859e+46  3.28633e+05  4.57624e+46  1.02652e-22
 2.07908e+02  3.39945e+05  7.12402e+46  3.39945e+05  7.12653e+46  3.39945e+05  7.13359e+46  3.28633e+05  4.87134e+46  1.02652e-22
 2.14703e+02  3.39945e+05  7.59853e+46  3.39945e+05  7.60106e+46  3.39945e+05  7.60816e+46  3.28633e+05  5.18661e+46  1.02652e-22
 2.21720e+02  3.39945e+05  8.10458e+46  3.39945e+05  8.10712e+46  3.39945e+05  8.11425e+46  3.28633e+05  5.52335e+46  1.02652e-22
 2.28967e+02  3.39945e+05  8.64425e+46  3.39945e+05  8.64681e+46  3.39945e+05  8.65396e+46  3.28633e+05  5.88296e+46  1.02652e-22
 2.36450e+02  3.39945e+05  9.21978e+46  3.39945e+05  9.22235e+46  3.39945e+05  9.22954e+46  3.28633e+05  6.26693e+46  1.02652e-22
 2.44178e+02  3.39945e+05  9.83355e+46  3.39945e+05  9.83614e+46  3.39945e+05  9.84335e+46  3.28633e+05  6.67683e+46  1.02652e-22
 2.52158e+02  3.39945e+05  1.04881e+47  3.39945e+05  1.04907e+47  3.39945e+05  1.04979e+47  3.28633e+05  7.11438e+46  1.02652e-22
 2.60399e+02  3.39945e+05  1.11862e+47  3.39945e+05  1.11888e+47  3.39945e+05  1.11960e+47  3.28633e+05  7.58137e+46  1.02652e-22
 2.68910e+02  3.39945e+05  1.19306e+47  3.39945e+05  1.19332e+47  3.39945e+05  1.19405e+47  3.28633e+05  8.07975e+46  1.02652e-22
 2.77699e+02  3.39945e+05  1.27245e+47  3.39945e+05  1.27271e+47  3.39945e+05  1.27344e+47  3.28633e+05  8.61158e+46  1.02652e-22
 2.86774e+02  3.39945e+05  1.35711e+47  3.39945e+05  1.35737e+47  3.39945e+05  1.35811e+47  3.28633e+05  9.17905e+46  1.02652e-22
 2.96147e+02  3.39945e+05  1.44740e+47  3.39945e+05  1.44766e+47  3.39945e+05  1.44840e+47  3.28633e+05  9.78451e+46  1.02652e-22
 3.05826e+02  3.39945e+05  1.54368e+47  3.39945e+05  1.54395e+47  3.39945e+05  1.54468e+47  3.28633e+05  1.04305e+47  1.02652e-22
 3.15821e+02  3.39945e+05  1.64637e+47  3.39945e+05  1.64663e+47  3.28633e+05  1.58818e+47  3.28633e+05  1.11196e+47  1.02652e-22
 3.26143e+02  3.39945e+05  1.75587e+47  3.39945e+05  1.75614e+47  3.28633e+05  1.63197e+47  3.28633e+05  1.18548e+47  1.02652e-22
 3.36802e+02  3.39945e+05  1.87265e+47  3.39945e+05  1.87292e+47  3.28633e+05  1.68253e+47  3.28633e+05  1.26390e+47  1.02652e-22
 3.47810e+02  3.39945e+05  1.99719e+47  3.39945e+05  1.99746e+47  3.28633e+05  1.74005e+47  3.28633e+05  1.34756e+47  1.02652e-22
 3.59177e+02  3.39945e+05  2.13001e+47  3.39945e+05  2.13028e+47  3.28633e+05  1.80478e+47  3.28633e+05  1.43679e+47  1.02652e-22
 3.70916e+02  3.39945e+05  2.27164e+47  3.39945e+05  2.27191e+47  3.28633e+05  1.87698e+47  3.28633e+05  1.53197e+47  1.02652e-22
 3.83038e+02  3.39945e+05  2.42269e+47  3.39945e+05  2.42296e+47  3.28633e+05  1.95696e+47  3.28633e+05  1.63349e+47  1.02652e-22
 3.95557e+02  3.39945e+05  2.58377e+47  3.39945e+05  2.58404e+47  3.28633e+05  2.04503e+47  3.28633e+05  1.74177e+47  1.02652e-22
 4.08485e+02  3.39945e+05  2.75555e+47  3.28633e+05  2.71457e+47  3.28633e+05  2.14158e+47  3.28633e+05  1.85726e+47  1.02652e-22
 4.21835e+02  3.39945e+05  2.93875e+47  3.28633e+05  2.78424e+47  3.28633e+05  2.24699e+47  3.28633e+05  1.98044e+47  1.02652e-22
 4.35622e+02  3.28633e+05  3.11741e+47  3.28633e+05  2.86544e+47  3.28633e+05  2.36171e+47  3.28633e+05  2.11181e+47  1.02652e-22
 4.49859e+02  3.28633e+05  3.19477e+47  3.28633e+05  2.95851e+47  3.28633e+05  2.48620e+47  3.28633e+05  2.25192e+47  1.02652e-22
 4.64562e+02  3.28633e+05  3.28535e+47  3.28633e+05  3.06383e+47  3.28633e+05  2.62099e+47  3.28633e+05  2.40136e+47  1.02652e-22
 4.79745e+02  3.28633e+05  3.38953e+47  3.28633e+05  3.18183e+47  3.28633e+05  2.76662e+47  3.28633e+05  2.56073e+47  1.02652e-22
 4.95424e+02  3.28633e+05  3.50776e+47  3.28633e+05  3.31301e+47  3.28633e+05  2.92372e+47  3.28633e+05  2.73070e+47  1.02652e-22
 5.11616e+02  3.28633e+05  3.64051e+47  3.28633e+05  3.45791e+47  3.28633e+05  3.09291e+47  3.28633e+05  2.91197e+47  1.02652e-22
 5.28337e+02  3.28633e+05  3.78833e+47  3.28633e+05  3.61712e+47  3.28633e+05  3.27491e+47  3.28633e+05  3.10530e+47  1.02652e-22
 5.45604e+02  3.28633e+05  3.95184e+47  3.28633e+05  3.79131e+47  3.28633e+05  3.47047e+47  3.28633e+05  3.31147e+47  1.02652e-22
 5.63436e+02  3.28633e+05  4.13171e+47  3.28633e+05  3.98120e+47  3.28633e+05  3.68039e+47  3.28633e+05  3.53136e+47  1.02652e-22
 5.81850e+02  3.28633e+05  4.32869e+47  3.28633e+05  4.18758e+47  3.28633e+05  3.90555e+47  3.28633e+05  3.76585e+47  1.02652e-22
 6.00867e+02  3.28633e+05  4.54359e+47  3.28633e+05  4.41129e+47  3.28633e+05  4.14688e+47  3.28633e+05  4.01594e+47  1.02652e-22
 6.20505e+02  3.28633e+05  4.77731e+47  3.28633e+05  4.65326e+47  3.28633e+05  4.40537e+47  3.28633e+05  4.28264e+47  1.02652e-22
 6.40784e+02  3.28633e+05  5.03080e+47  3.28633e+05  4.91450e+47  3.28633e+05  4.68210e+47  3.28633e+05  4.56707e+47  1.02652e-22
 6.61727e+02  3.28633e+05  5.30512e+47  3.28633e+05  5.19609e+47  3.28633e+05  4.97821e+47  3.28633e+05  4.87039e+47  1.02652e-22
 6.83354e+02  3.28633e+05  5.60141e+47  3.28633e+05  5.49918e+47  3.28633e+05  5.29493e+47  3.28633e+05  5.19388e+47  1.02652e-22
 7.05688e+02  3.28633e+05  5.92089e+47  3.28633e+05  5.82504e+47  3.28633e+05  5.63356e+47  3.28633e+05  5.53886e+47  1.02652e-22
 7.28751e+02  3.28633e+05  6.26487e+47  3.28633e+05  6.17502e+47  3.28633e+05  5.99551e+47  3.28633e+05  5.90676e+47  1.02652e-22
 7.52569e+02  3.28633e+05  6.63480e+47  3.28633e+05  6.55056e+47  3.28633e+05  6.38228e+47  3.28633e+05  6.29911e+47  1.02652e-22
 7.77165e+02  3.28633e+05  7.03219e+47  3.28633e+05  6.95321e+47  3.28633e+05  6.79546e+47  3.28633e+05  6.71753e+47  1.02652e-22
 8.02565e+02  3.28633e+05  7.45869e+47  3.28633e+05  7.38465e+47  3.28633e+05  7.23678e+47  3.28633e+05  7.16375e+47  1.02652e-22
 8.28794e+02  3.28633e+05  7.91607e+47  3.28633e+05  7.84666e+47  3.28633e+05  7.70804e+47  3.28633e+05  7.63962e+47  1.02652e-22
 8.55882e+02  3.28633e+05  8.40621e+47  3.28633e+05  8.34114e+47  3.28633e+05  8.21121e+47  3.28633e+05  8.14711e+47  1.02652e-22
 8.83854e+02  3.28633e+05  8.93115e+47  3.28633e+05  8.87016e+47  3.28633e+05  8.74837e+47  3.28633e+05  8.68831e+47  1.02652e-22
 9.12741e+02  3.28633e+05  9.49307e+47  3.28633e+05  9.43589e+47  3.28633e+05  9.32173e+47  3.28633e+05  9.26547e+47  1.02652e-22
 9.42571e+02  3.28633e+05  1.00943e+48  3.28633e+05  1.00407e+48  3.28633e+05  9.93368e+47  3.28633e+05  9.88097e+47  1.02652e-22
 9.73377e+02  3.28633e+05  1.07373e+48  3.28633e+05  1.06870e+48  3.28633e+05  1.05867e+48  3.28633e+05  1.05374e+48  1.02652e-22
 1.00519e+03  3.28633e+05  1.14247e+48  3.28633e+05  1.13776e+48  3.28633e+05  1.12836e+48  3.28633e+05  1.12374e+48  1.02652e-22
 1.03804e+03  3.28633e+05  1.21594e+48  3.28633e+05  1.21153e+48  3.28633e+05  1.20272e+48  3.28633e+05  1.19839e+48  1.02652e-22
 1.07197e+03  3.28633e+05  1.29445e+48  3.28633e+05  1.29031e+48  3.28633e+05  1.28206e+48  3.28633e+05  1.27800e+48  1.02652e-22
 1.10700e+03  3.28633e+05  1.37831e+48  3.28633e+05  1.37443e+48  3.28633e+05  1.36670e+48  3.28633e+05  1.36290e+48  1.02652e-22
 1.14318e+03  3.28633e+05  1.46788e+48  3.28633e+05  1.46425e+48  3.28633e+05  1.45700e+48  3.28633e+05  1.45344e+48  1.02652e-22
 1.18054e+03  3.28633e+05  1.56352e+48  3.28633e+05  1.56012e+48  3.28633e+05  1.55332e+48  3.28633e+05  1.54999e+48  1.02652e-22
 1.21913e+03  3.28633e+05  1.66564e+48  3.28633e+05  1.66245e+48  3.28633e+05  1.65608e+48  3.28633e+05  1.65296e+48  1.02652e-22
 1.25897e+03  3.28633e+05  1.77465e+48  3.28633e+05  1.77166e+48  3.28633e+05  1.76569e+48  3.28633e+05  1.76278e+48  1.02652e-22
 1.30012e+03  3.28633e+05  1.89100e+48  3.28633e+05  1.88820e+48  3.28633e+05  1.88261e+48  3.28633e+05  1.87988e+48  1.02652e-22
 1.34261e+03  3.28633e+05  2.01518e+48  3.28633e+05  2.01256e+48  3.28633e+05  2.00732e+48  3.28633e+05  2.00477e+48  1.02652e-22
 1.38649e+03  3.28633e+05  2.14771e+48  3.28633e+05  2.14524e+48  3.28633e+05  2.14034e+48  3.28633e+05  2.13795e+48  1.02652e-22
 1.43180e+03  3.28633e+05  2.28912e+48  3.28633e+05  2.28681e+48  3.28633e+05  2.28222e+48  3.28633e+05  2.27998e+48  1.02652e-22
 1.47860e+03  3.28633e+05  2.44000e+48  3.28633e+05  2.43784e+48  3.28633e+05  2.43354e+48  3.28633e+05  2.43145e+48  1.02652e-22
 1.52692e+03  3.28633e+05  2.60099e+48  3.28633e+05  2.59896e+48  3.28633e+05  2.59493e+48  3.28633e+05  2.59298e+48  1.02652e-22
 1.57683e+03  3.28633e+05  2.77274e+48  3.28633e+05  2.77084e+48  3.28633e+05  2.76706e+48  3.28633e+05  2.76524e+48  1.02652e-22
 1.62836e+03  3.28633e+05  2.95596e+48  3.28633e+05  2.95418e+48  3.28633e+05  2.95065e+48  3.28633e+05  2.94894e+48  1.02652e-22
 1.68158e+03  3.28633e+05  3.15142e+48  3.28633e+05  3.14975e+48  3.28633e+05  3.14644e+48  3.28633e+05  3.14485e+48  1.02652e-22
 1.73654e+03  3.28633e+05  3.35992e+48  3.28633e+05  3.35836e+48  3.28633e+05  3.35526e+48  3.17698e+05  3.34574e+48  1.02652e-22
 1.79329e+03  3.28633e+05  3.58233e+48  3.28633e+05  3.58087e+48  3.28633e+05  3.57797e+48  3.17698e+05  3.42443e+48  1.02652e-22
 1.85190e+03  3.28633e+05  3.81956e+48  3.28633e+05  3.81819e+48  3.28633e+05  3.81548e+48  3.17698e+05  3.51728e+48  1.02652e-22
 1.91243e+03  3.28633e+05  4.07260e+48  3.28633e+05  4.07132e+48  3.28633e+05  4.06878e+48  3.17698e+05  3.62469e+48  1.02652e-22
 1.97493e+03  3.28633e+05  4.34250e+48  3.28633e+05  4.34130e+48  3.28633e+05  4.33892e+48  3.17698e+05  3.74710e+48  1.02652e-22
 2.03948e+03  3.28633e+05  4.63037e+48  3.28633e+05  4.62924e+48  3.28633e+05  4.62702e+48  3.17698e+05  3.88502e+48  1.02652e-22
 2.10613e+03  3.28633e+05  4.93740e+48  3.28633e+05  4.93635e+48  3.28633e+05  4.93427e+48  3.17698e+05  4.03902e+48  1.02652e-22
 2.17497e+03  3.28633e+05  5.26487e+48  3.28633e+05  5.26388e+48  3.28633e+05  5.26193e+48  3.17698e+05  4.20973e+48  1.02652e-22
 2.24605e+03  3.28633e+05  5.61412e+48  3.28633e+05  5.61320e+48  3.28633e+05  5.61138e+48  3.17698e+05  4.39786e+48  1.02652e-22
 2.31946e+03  3.28633e+05  5.98661e+48  3.28633e+05  5.98575e+48  3.28633e+05  5.98405e+48  3.17698e+05  4.60420e+48  1.02652e-22
 2.39526e+03  3.28633e+05  6.38388e+48  3.28633e+05  6.38307e+48  3.28633e+05  6.38148e+48  3.17698e+05  4.82959e+48  1.02652e-22
 2.47355e+03  3.28633e+05  6.80756e+48  3.28633e+05  6.80681e+48  3.28633e+05  6.80532e+48  3.17698e+05  5.07496e+48  1.02652e-22
 2.55439e+03  3.28633e+05  7.25943e+48  3.28633e+05  7.25872e+48  3.28633e+05  7.25733e+48  3.17698e+05  5.34134e+48  1.02652e-22
 2.63787e+03  3.28633e+05  7.74133e+48  3.28633e+05  7.74067e+48  3.28633e+05  7.73937e+48  3.17698e+05  5.62983e+48  1.02652e-22
 2.72409e+03  3.28633e+05  8.25527e+48  3.28633e+05  8.25465e+48  3.28633e+05  8.25344e+48  3.17698e+05  5.94161e+48  1.02652e-22
 2.81312e+03  3.28633e+05  8.80338e+48  3.28633e+05  8.80280e+48  3.28633e+05  8.80167e+48  3.17698e+05  6.27798e+48  1.02652e-22
 2.90506e+03  3.28633e+05  9.38792e+48  3.28633e+05  9.38738e+48  3.28633e+05  9.38632e+48  3.17698e+05  6.64033e+48  1.02652e-22
 3.00000e+03  3.28633e+05  1.00113e+49  3.28633e+05  1.00108e+49  3.28633e+05  1.00098e+49  3.17698e+05  7.03017e+48  1.02652e-22
