radius_rg T_0deg chi2_0deg T_15deg chi2_15deg T_30deg chi2_30deg T_45deg chi2_45deg nuLnusavg_last
 2.00000e-01  8.47687e+05  5.98835e+43  8.19480e+05  4.77296e+43  7.40366e+05  2.03262e+43  5.45973e+05  7.12674e+41  1.16217e-35
 2.06537e-01  8.19480e+05  5.79859e+43  8.19480e+05  4.67260e+43  7.40366e+05  1.96485e+43  5.27805e+05  7.01072e+41  1.16217e-35
 2.13287e-01  8.19480e+05  5.55391e+43  7.92211e+05  4.47250e+43  7.15730e+05  1.93928e+43  5.27805e+05  6.11015e+41  1.16217e-35
 2.20257e-01  8.19480e+05  5.41348e+43  7.92211e+05  4.29838e+43  7.15730e+05  1.81993e+43  5.27805e+05  5.68701e+41  1.16217e-35
 2.27456e-01  7.92211e+05  5.22687e+43  7.92211e+05  4.21244e+43  7.15730e+05  1.74874e+43  5.27805e+05  5.73955e+41  1.16217e-35
 2.34890e-01  7.92211e+05  5.00165e+43  7.65850e+05  4.02499e+43  7.15730e+05  1.72543e+43  5.10242e+05  5.89322e+41  1.16217e-35
 2.42567e-01  7.92211e+05  4.87840e+43  7.65850e+05  3.85996e+43  6.91914e+05  1.62928e+43  5.10242e+05  4.94305e+41  1.16217e-35
 2.50494e-01  7.65850e+05  4.70735e+43  7.65850e+05  3.78129e+43  6.91914e+05  1.55069e+43  5.10242e+05  4.46548e+41  1.16217e-35
 2.58681e-01  7.65850e+05  4.49312e+43  7.40366e+05  3.61860e+43  6.91914e+05  1.51916e+43  5.10242e+05  4.45853e+41  1.16217e-35
 2.67136e-01  7.65850e+05  4.37875e+43  7.40366e+05  3.45551e+43  6.68890e+05  1.46264e+43  5.10242e+05  4.92218e+41  1.16217e-35
 2.75866e-01  7.40366e+05  4.23727e+43  7.40366e+05  3.37711e+43  6.68890e+05  1.37267e+43  4.93264e+05  4.02762e+41  1.16217e-35
 2.84882e-01  7.40366e+05  4.02575e+43  7.15730e+05  3.25279e+43  6.68890e+05  1.32903e+43  4.93264e+05  3.43534e+41  1.16217e-35
 2.94193e-01  7.40366e+05  3.91215e+43  7.15730e+05  3.08461e+43  6.46632e+05  1.32325e+43  4.93264e+05  3.30942e+41  1.16217e-35
 3.03808e-01  7.15730e+05  3.81601e+43  7.15730e+05  2.99959e+43  6.46632e+05  1.21788e+43  4.93264e+05  3.64934e+41  1.16217e-35
 3.13737e-01  7.15730e+05  3.59902e+43  6.91914e+05  2.92895e+43  6.46632e+05  1.15819e+43  4.76850e+05  3.41866e+41  1.16217e-35
 3.23991e-01  7.15730e+05  3.47819e+43  6.91914e+05  2.74870e+43  6.46632e+05  1.14394e+43  4.76850e+05  2.64974e+41  1.16217e-35
 3.34580e-01  6.91914e+05  3.44513e+43  6.91914e+05  2.65020e+43  6.25115e+05  1.09084e+43  4.76850e+05  2.34394e+41  1.16217e-35
 3.45515e-01  6.91914e+05  3.21457e+43  6.91914e+05  2.63306e+43  6.25115e+05  1.01113e+43  4.76850e+05  2.49998e+41  1.16217e-35
 3.56807e-01  6.91914e+05  3.07858e+43  6.68890e+05  2.45117e+43  6.25115e+05  9.76247e+42  4.76850e+05  3.11851e+41  1.16217e-35
 3.68468e-01  6.91914e+05  3.03661e+43  6.68890e+05  2.33239e+43  6.25115e+05  9.86040e+42  4.60983e+05  2.19204e+41  1.16217e-35
 3.80511e-01  6.68890e+05  2.87635e+43  6.68890e+05  2.29365e+43  6.04314e+05  8.93761e+42  4.60983e+05  1.64322e+41  1.16217e-35
 3.92947e-01  6.68890e+05  2.71728e+43  6.46632e+05  2.19761e+43  6.04314e+05  8.34269e+42  4.60983e+05  1.55334e+41  1.16217e-35
 4.05790e-01  6.68890e+05  2.65072e+43  6.46632e+05  2.05165e+43  6.04314e+05  8.18868e+42  4.60983e+05  1.92203e+41  1.16217e-35
 4.19052e-01  6.46632e+05  2.59078e+43  6.46632e+05  1.98458e+43  5.84205e+05  8.13646e+42  4.45643e+05  2.18089e+41  1.16217e-35
 4.32748e-01  6.46632e+05  2.40064e+43  6.25115e+05  1.99591e+43  5.84205e+05  7.25418e+42  4.45643e+05  1.32252e+41  1.16217e-35
 4.46891e-01  6.46632e+05  2.30170e+43  6.25115e+05  1.81579e+43  5.84205e+05  6.80830e+42  4.45643e+05  9.21763e+40  1.16217e-35
 4.61496e-01  6.46632e+05  2.29357e+43  6.25115e+05  1.71356e+43  5.84205e+05  6.79699e+42  4.45643e+05  9.76968e+40  1.16217e-35
 4.76579e-01  6.25115e+05  2.13770e+43  6.25115e+05  1.68881e+43  5.64766e+05  6.58943e+42  4.45643e+05  1.48836e+41  1.16217e-35
 4.92155e-01  6.25115e+05  1.99846e+43  6.04314e+05  1.63514e+43  5.64766e+05  5.80974e+42  4.30814e+05  1.53788e+41  1.16217e-35
 5.08240e-01  6.25115e+05  1.94877e+43  6.04314e+05  1.49077e+43  5.64766e+05  5.46049e+42  4.30814e+05  7.56857e+40  1.16217e-35
 5.24851e-01  6.04314e+05  1.94047e+43  6.04314e+05  1.42296e+43  5.64766e+05  5.54021e+42  4.30814e+05  4.31109e+40  1.16217e-35
 5.42004e-01  6.04314e+05  1.75280e+43  6.04314e+05  1.43142e+43  5.45973e+05  5.30421e+42  4.30814e+05  5.59289e+40  1.16217e-35
 5.59718e-01  6.04314e+05  1.65364e+43  5.84205e+05  1.32918e+43  5.45973e+05  4.57402e+42  4.30814e+05  1.14193e+41  1.16217e-35
 5.78011e-01  6.04314e+05  1.64261e+43  5.84205e+05  1.21126e+43  5.45973e+05  4.26914e+42  4.16479e+05  1.25847e+41  1.16217e-35
 5.96902e-01  5.84205e+05  1.57976e+43  5.84205e+05  1.16875e+43  5.45973e+05  4.38831e+42  4.16479e+05  4.78415e+40  1.16217e-35
 6.16411e-01  5.84205e+05  1.42296e+43  5.84205e+05  1.20145e+43  5.27805e+05  4.26996e+42  4.16479e+05  1.52488e+40  1.16217e-35
 6.36557e-01  5.84205e+05  1.35331e+43  5.64766e+05  1.06958e+43  5.27805e+05  3.53590e+42  4.16479e+05  2.79336e+40  1.16217e-35
 6.57361e-01  5.84205e+05  1.37055e+43  5.64766e+05  9.68947e+42  5.27805e+05  3.22286e+42  4.16479e+05  8.59484e+40  1.16217e-35
 6.78845e-01  5.64766e+05  1.27510e+43  5.64766e+05  9.42708e+42  5.27805e+05  3.32955e+42  4.02620e+05  1.37140e+41  1.16217e-35
 7.01032e-01  5.64766e+05  1.13854e+43  5.64766e+05  9.90754e+42  5.10242e+05  3.49731e+42  4.02620e+05  5.12530e+40  1.16217e-35
 7.23943e-01  5.64766e+05  1.08797e+43  5.45973e+05  8.51066e+42  5.10242e+05  2.70519e+42  4.02620e+05  1.07926e+40  1.16217e-35
 7.47603e-01  5.64766e+05  1.12317e+43  5.45973e+05  7.58592e+42  5.10242e+05  2.33066e+42  4.02620e+05  1.55912e+40  1.16217e-35
 7.72037e-01  5.45973e+05  1.02041e+43  5.45973e+05  7.39640e+42  5.10242e+05  2.37216e+42  4.02620e+05  6.56687e+40  1.16217e-35
 7.97269e-01  5.45973e+05  8.93511e+42  5.45973e+05  7.94134e+42  5.10242e+05  2.82986e+42  4.02620e+05  1.61232e+41  1.16217e-35
 8.23326e-01  5.45973e+05  8.51584e+42  5.27805e+05  6.71742e+42  4.93264e+05  2.11493e+42  3.89223e+05  9.34696e+40  1.16217e-35
 8.50234e-01  5.45973e+05  8.94454e+42  5.27805e+05  5.78254e+42  4.93264e+05  1.62420e+42  3.89223e+05  3.68074e+40  1.16217e-35
 8.78022e-01  5.27805e+05  8.13494e+42  5.27805e+05  5.57544e+42  4.93264e+05  1.54657e+42  3.89223e+05  2.55120e+40  1.16217e-35
 9.06718e-01  5.27805e+05  6.85630e+42  5.27805e+05  6.09524e+42  4.93264e+05  1.88173e+42  3.89223e+05  5.95364e+40  1.16217e-35
 9.36352e-01  5.27805e+05  6.41876e+42  5.10242e+05  5.33378e+42  4.76850e+05  1.82475e+42  3.89223e+05  1.39022e+41  1.16217e-35
 9.66955e-01  5.27805e+05  6.82051e+42  5.10242e+05  4.29566e+42  4.76850e+05  1.16097e+42  3.76271e+05  1.88296e+41  1.16217e-35
 9.98557e-01  5.10242e+05  6.56444e+42  5.10242e+05  3.97915e+42  4.76850e+05  9.08384e+41  3.76271e+05  1.06395e+41  1.16217e-35
 1.03119e+00  5.10242e+05  5.16819e+42  5.10242e+05  4.38295e+42  4.76850e+05  1.06594e+42  3.76271e+05  7.01481e+40  1.16217e-35
 1.06489e+00  5.10242e+05  4.60605e+42  4.93264e+05  4.41839e+42  4.76850e+05  1.63430e+42  3.76271e+05  7.94063e+40  1.16217e-35
 1.09970e+00  5.10242e+05  4.87570e+42  4.93264e+05  3.18139e+42  4.60983e+05  1.02867e+42  3.76271e+05  1.34207e+41  1.16217e-35
 1.13564e+00  4.93264e+05  5.56104e+42  4.93264e+05  2.66139e+42  4.60983e+05  5.42461e+41  3.76271e+05  2.34778e+41  1.16217e-35
 1.17276e+00  4.93264e+05  3.93626e+42  4.93264e+05  2.85624e+42  4.60983e+05  4.64884e+41  3.63750e+05  2.40527e+41  1.16217e-35
 1.21108e+00  4.93264e+05  3.14049e+42  4.93264e+05  3.76676e+42  4.60983e+05  7.95616e+41  3.63750e+05  1.69518e+41  1.16217e-35
 1.25067e+00  4.93264e+05  3.17045e+42  4.76850e+05  2.54125e+42  4.45643e+05  1.35135e+42  3.63750e+05  1.44426e+41  1.16217e-35
 1.29154e+00  4.93264e+05  4.02625e+42  4.76850e+05  1.72016e+42  4.45643e+05  5.68700e+41  3.63750e+05  1.65145e+41  1.16217e-35
 1.33375e+00  4.76850e+05  3.27877e+42  4.76850e+05  1.61003e+42  4.45643e+05  1.94788e+41  3.63750e+05  2.31762e+41  1.16217e-35
 1.37734e+00  4.76850e+05  2.13618e+42  4.76850e+05  2.21040e+42  4.45643e+05  2.28067e+41  3.63750e+05  3.44553e+41  1.16217e-35
 1.42236e+00  4.76850e+05  1.81516e+42  4.60983e+05  2.53003e+42  4.45643e+05  6.68677e+41  3.51646e+05  3.54058e+41  1.16217e-35
 1.46884e+00  4.76850e+05  2.31438e+42  4.60983e+05  1.30503e+42  4.30814e+05  1.15041e+42  3.51646e+05  2.83701e+41  1.16217e-35
 1.51685e+00  4.60983e+05  3.37596e+42  4.60983e+05  7.89268e+41  4.30814e+05  4.13490e+41  3.51646e+05  2.59732e+41  1.16217e-35
 1.56642e+00  4.60983e+05  1.76716e+42  4.60983e+05  9.80612e+41  4.30814e+05  8.46694e+40  3.51646e+05  2.82053e+41  1.16217e-35
 1.61762e+00  4.60983e+05  9.78405e+41  4.60983e+05  1.87985e+42  4.30814e+05  1.62585e+41  3.51646e+05  3.50756e+41  1.16217e-35
 1.67049e+00  4.60983e+05  1.00642e+42  4.45643e+05  1.62743e+42  4.30814e+05  6.47559e+41  3.51646e+05  4.66124e+41  1.16217e-35
 1.72508e+00  4.60983e+05  1.85132e+42  4.45643e+05  5.98581e+41  4.16479e+05  1.33208e+42  3.39945e+05  5.41065e+41  1.16217e-35
 1.78146e+00  4.45643e+05  2.27960e+42  4.45643e+05  2.76047e+41  4.16479e+05  5.69207e+41  3.39945e+05  4.59863e+41  1.16217e-35
 1.83968e+00  4.45643e+05  8.98235e+41  4.45643e+05  6.58496e+41  4.16479e+05  2.15076e+41  3.39945e+05  4.25779e+41  1.16217e-35
 1.89981e+00  4.45643e+05  3.33311e+41  4.45643e+05  1.74751e+42  4.16479e+05  2.68221e+41  3.39945e+05  4.38671e+41  1.16217e-35
 1.96190e+00  4.45643e+05  5.82490e+41  4.30814e+05  1.31632e+42  4.16479e+05  7.28862e+41  3.39945e+05  4.98593e+41  1.16217e-35
 2.02602e+00  4.45643e+05  1.64680e+42  4.30814e+05  3.66106e+41  4.16479e+05  1.59891e+42  3.39945e+05  6.05793e+41  1.16217e-35
 2.09224e+00  4.30814e+05  1.89869e+42  4.30814e+05  1.21250e+41  4.02620e+05  1.08743e+42  3.39945e+05  7.60715e+41  1.16217e-35
 2.16062e+00  4.30814e+05  6.08449e+41  4.30814e+05  5.80735e+41  4.02620e+05  6.32828e+41  3.28633e+05  7.24681e+41  1.16217e-35
 2.23123e+00  4.30814e+05  1.33448e+41  4.30814e+05  1.74646e+42  4.02620e+05  5.87232e+41  3.28633e+05  6.67275e+41  1.16217e-35
 2.30415e+00  4.30814e+05  4.71723e+41  4.16479e+05  1.61039e+42  4.02620e+05  9.50452e+41  3.28633e+05  6.57845e+41  1.16217e-35
 2.37946e+00  4.30814e+05  1.62467e+42  4.16479e+05  6.15744e+41  4.02620e+05  1.72399e+42  3.28633e+05  6.96352e+41  1.16217e-35
 2.45723e+00  4.16479e+05  2.25058e+42  4.16479e+05  3.27489e+41  3.89223e+05  2.07748e+42  3.28633e+05  7.82955e+41  1.16217e-35
 2.53753e+00  4.16479e+05  9.08716e+41  4.16479e+05  7.44428e+41  3.89223e+05  1.44032e+42  3.28633e+05  9.18012e+41  1.16217e-35
 2.62047e+00  4.16479e+05  3.83339e+41  4.16479e+05  1.86829e+42  3.89223e+05  1.21550e+42  3.28633e+05  1.10208e+42  1.16217e-35
 2.70611e+00  4.16479e+05  6.72272e+41  4.02620e+05  2.60359e+42  3.89223e+05  1.40210e+42  3.17698e+05  1.03668e+42  1.16217e-35
 2.79455e+00  4.16479e+05  1.77671e+42  4.02620e+05  1.43300e+42  3.89223e+05  2.00088e+42  3.17698e+05  9.88712e+41  1.16217e-35
 2.88589e+00  4.02620e+05  3.44610e+42  4.02620e+05  9.72186e+41  3.89223e+05  3.01434e+42  3.17698e+05  9.90054e+41  1.16217e-35
 2.98021e+00  4.02620e+05  1.90004e+42  4.02620e+05  1.21923e+42  3.76271e+05  2.81422e+42  3.17698e+05  1.04071e+42  1.16217e-35
 3.07761e+00  4.02620e+05  1.17456e+42  4.02620e+05  2.17517e+42  3.76271e+05  2.32018e+42  3.17698e+05  1.14088e+42  1.16217e-35
 3.17819e+00  4.02620e+05  1.26666e+42  4.02620e+05  3.84394e+42  3.76271e+05  2.24213e+42  3.17698e+05  1.29099e+42  1.16217e-35
 3.28206e+00  4.02620e+05  2.17673e+42  3.89223e+05  3.00162e+42  3.76271e+05  2.57974e+42  3.17698e+05  1.49166e+42  1.16217e-35
 3.38933e+00  4.02620e+05  3.90853e+42  3.89223e+05  2.22742e+42  3.76271e+05  3.33442e+42  3.07126e+05  1.54442e+42  1.16217e-35
 3.50010e+00  3.89223e+05  3.79788e+42  3.89223e+05  2.16627e+42  3.76271e+05  4.50928e+42  3.07126e+05  1.48606e+42  1.16217e-35
 3.61449e+00  3.89223e+05  2.70890e+42  3.89223e+05  2.81793e+42  3.63750e+05  4.16928e+42  3.07126e+05  1.47906e+42  1.16217e-35
 3.73262e+00  3.89223e+05  2.44385e+42  3.89223e+05  4.18510e+42  3.63750e+05  3.72520e+42  3.07126e+05  1.52340e+42  1.16217e-35
 3.85462e+00  3.89223e+05  3.00164e+42  3.76271e+05  5.63703e+42  3.63750e+05  3.70293e+42  3.07126e+05  1.61926e+42  1.16217e-35
 3.98060e+00  3.89223e+05  4.38458e+42  3.76271e+05  4.39145e+42  3.63750e+05  4.10237e+42  3.07126e+05  1.76703e+42  1.16217e-35
 4.11069e+00  3.89223e+05  6.59838e+42  3.76271e+05  3.86789e+42  3.63750e+05  4.92517e+42  3.07126e+05  1.96733e+42  1.16217e-35
 4.24504e+00  3.76271e+05  5.33534e+42  3.76271e+05  4.06417e+42  3.63750e+05  6.17473e+42  3.07126e+05  2.22099e+42  1.16217e-35
 4.38378e+00  3.76271e+05  4.53409e+42  3.76271e+05  4.98112e+42  3.51646e+05  6.25230e+42  2.96907e+05  2.43818e+42  1.16217e-35
 4.52705e+00  3.76271e+05  4.56433e+42  3.76271e+05  6.62251e+42  3.51646e+05  5.75184e+42  2.96907e+05  2.38520e+42  1.16217e-35
 4.67501e+00  3.76271e+05  5.42619e+42  3.63750e+05  7.94176e+42  3.51646e+05  5.68156e+42  2.96907e+05  2.38730e+42  1.16217e-35
 4.82780e+00  3.76271e+05  7.12322e+42  3.63750e+05  6.77741e+42  3.51646e+05  6.04118e+42  2.96907e+05  2.44449e+42  1.16217e-35
 4.98558e+00  3.63750e+05  9.61212e+42  3.63750e+05  6.34495e+42  3.51646e+05  6.83219e+42  2.96907e+05  2.55702e+42  1.16217e-35
 5.14853e+00  3.63750e+05  8.06722e+42  3.63750e+05  6.64258e+42  3.51646e+05  8.05786e+42  2.96907e+05  2.72534e+42  1.16217e-35
 5.31679e+00  3.63750e+05  7.36844e+42  3.63750e+05  7.67155e+42  3.39945e+05  9.33936e+42  2.96907e+05  2.95016e+42  1.16217e-35
 5.49056e+00  3.63750e+05  7.51287e+42  3.63750e+05  9.43610e+42  3.39945e+05  8.65423e+42  2.96907e+05  3.23240e+42  1.16217e-35
 5.67001e+00  3.63750e+05  8.50112e+42  3.51646e+05  1.16089e+43  3.39945e+05  8.41130e+42  2.96907e+05  3.57323e+42  1.16217e-35
 5.85532e+00  3.63750e+05  1.03373e+43  3.51646e+05  1.03388e+43  3.39945e+05  8.60957e+42  2.96907e+05  3.97406e+42  1.16217e-35
 6.04668e+00  3.63750e+05  1.30289e+43  3.51646e+05  9.81539e+42  3.39945e+05  9.24986e+42  2.96907e+05  4.43656e+42  1.16217e-35
 6.24430e+00  3.51646e+05  1.22069e+43  3.51646e+05  1.00364e+43  3.39945e+05  1.03348e+43  2.96907e+05  4.96262e+42  1.16217e-35
 6.44838e+00  3.51646e+05  1.13991e+43  3.51646e+05  1.10028e+43  3.39945e+05  1.18689e+43  2.96907e+05  5.55444e+42  1.16217e-35
 6.65913e+00  3.51646e+05  1.14512e+43  3.51646e+05  1.27186e+43  3.28633e+05  1.29776e+43  2.96907e+05  6.21447e+42  1.16217e-35
 6.87677e+00  3.51646e+05  1.23634e+43  3.51646e+05  1.51909e+43  3.28633e+05  1.24005e+43  2.96907e+05  6.94542e+42  1.16217e-35
 7.10152e+00  3.51646e+05  1.41395e+43  3.39945e+05  1.55361e+43  3.28633e+05  1.22811e+43  2.96907e+05  7.75033e+42  1.16217e-35
 7.33362e+00  3.51646e+05  1.67868e+43  3.39945e+05  1.47026e+43  3.28633e+05  1.26190e+43  2.96907e+05  8.63253e+42  1.16217e-35
 7.57330e+00  3.39945e+05  1.82964e+43  3.39945e+05  1.46337e+43  3.28633e+05  1.34154e+43  2.96907e+05  9.59567e+42  1.16217e-35
 7.82082e+00  3.39945e+05  1.71248e+43  3.39945e+05  1.53293e+43  3.28633e+05  1.46737e+43  2.96907e+05  1.06437e+43  1.16217e-35
 8.07642e+00  3.39945e+05  1.68368e+43  3.39945e+05  1.67921e+43  3.28633e+05  1.63992e+43  2.96907e+05  1.17811e+43  1.16217e-35
 8.34038e+00  3.39945e+05  1.74311e+43  3.39945e+05  1.90282e+43  3.28633e+05  1.85989e+43  2.96907e+05  1.30124e+43  1.16217e-35
 8.61296e+00  3.39945e+05  1.89104e+43  3.39945e+05  2.20470e+43  3.17698e+05  1.81042e+43  2.96907e+05  1.43427e+43  1.16217e-35
 8.89446e+00  3.39945e+05  2.12806e+43  3.28633e+05  2.19210e+43  3.17698e+05  1.79220e+43  2.96907e+05  1.57777e+43  1.16217e-35
 9.18515e+00  3.39945e+05  2.45516e+43  3.28633e+05  2.12868e+43  3.17698e+05  1.82204e+43  2.96907e+05  1.73231e+43  1.16217e-35
 9.48535e+00  3.28633e+05  2.56191e+43  3.28633e+05  2.14446e+43  3.17698e+05  1.90006e+43  2.96907e+05  1.89855e+43  1.16217e-35
 9.79535e+00  3.28633e+05  2.46704e+43  3.28633e+05  2.23949e+43  3.17698e+05  2.02658e+43  2.96907e+05  2.07716e+43  1.16217e-35
 1.01155e+01  3.28633e+05  2.46365e+43  3.28633e+05  2.41417e+43  3.17698e+05  2.20213e+43  2.96907e+05  2.26889e+43  1.16217e-35
 1.04461e+01  3.28633e+05  2.55173e+43  3.28633e+05  2.66923e+43  3.17698e+05  2.42743e+43  2.96907e+05  2.47453e+43  1.16217e-35
 1.07875e+01  3.28633e+05  2.73164e+43  3.28633e+05  3.00572e+43  3.17698e+05  2.70341e+43  2.87027e+05  2.65988e+43  1.16217e-35
 1.11401e+01  3.28633e+05  3.00412e+43  3.17698e+05  3.18762e+43  3.07126e+05  2.71615e+43  2.87027e+05  2.72824e+43  1.16217e-35
 1.15041e+01  3.28633e+05  3.37032e+43  3.17698e+05  3.11112e+43  3.07126e+05  2.71137e+43  2.87027e+05  2.81240e+43  1.16217e-35
 1.18801e+01  3.17698e+05  3.71571e+43  3.17698e+05  3.11788e+43  3.07126e+05  2.75845e+43  2.87027e+05  2.91273e+43  1.16217e-35
 1.22684e+01  3.17698e+05  3.60461e+43  3.17698e+05  3.20793e+43  3.07126e+05  2.85759e+43  2.87027e+05  3.02963e+43  1.16217e-35
 1.26694e+01  3.17698e+05  3.58971e+43  3.17698e+05  3.38164e+43  3.07126e+05  3.00918e+43  2.87027e+05  3.16360e+43  1.16217e-35
 1.30834e+01  3.17698e+05  3.67093e+43  3.17698e+05  3.63973e+43  3.07126e+05  3.21388e+43  2.87027e+05  3.31517e+43  1.16217e-35
 1.35110e+01  3.17698e+05  3.84862e+43  3.17698e+05  3.98326e+43  3.07126e+05  3.47251e+43  2.87027e+05  3.48499e+43  1.16217e-35
 1.39526e+01  3.17698e+05  4.12351e+43  3.17698e+05  4.41366e+43  3.07126e+05  3.78614e+43  2.87027e+05  3.67375e+43  1.16217e-35
 1.44086e+01  3.17698e+05  4.49674e+43  3.07126e+05  4.74660e+43  3.07126e+05  4.15609e+43  2.87027e+05  3.88224e+43  1.16217e-35
 1.48795e+01  3.17698e+05  4.96985e+43  3.07126e+05  4.68985e+43  3.07126e+05  4.58388e+43  2.87027e+05  4.11131e+43  1.16217e-35
 1.53658e+01  3.07126e+05  5.51156e+43  3.07126e+05  4.72290e+43  2.96907e+05  4.64024e+43  2.87027e+05  4.36192e+43  1.16217e-35
 1.58680e+01  3.07126e+05  5.42151e+43  3.07126e+05  4.84587e+43  2.96907e+05  4.69716e+43  2.87027e+05  4.63510e+43  1.16217e-35
 1.63866e+01  3.07126e+05  5.43516e+43  3.07126e+05  5.05929e+43  2.96907e+05  4.81416e+43  2.87027e+05  4.93199e+43  1.16217e-35
 1.69222e+01  3.07126e+05  5.55258e+43  3.07126e+05  5.36402e+43  2.96907e+05  4.99172e+43  2.87027e+05  5.25381e+43  1.16217e-35
 1.74753e+01  3.07126e+05  5.77425e+43  3.07126e+05  5.76134e+43  2.96907e+05  5.23057e+43  2.87027e+05  5.60189e+43  1.16217e-35
 1.80464e+01  3.07126e+05  6.10109e+43  3.07126e+05  6.25288e+43  2.96907e+05  5.53172e+43  2.87027e+05  5.97768e+43  1.16217e-35
 1.86362e+01  3.07126e+05  6.53445e+43  3.07126e+05  6.84069e+43  2.96907e+05  5.89639e+43  2.87027e+05  6.38273e+43  1.16217e-35
 1.92453e+01  3.07126e+05  7.07612e+43  3.07126e+05  7.52718e+43  2.96907e+05  6.32610e+43  2.87027e+05  6.81871e+43  1.16217e-35
 1.98743e+01  3.07126e+05  7.72836e+43  2.96907e+05  8.02740e+43  2.96907e+05  6.82263e+43  2.87027e+05  7.28744e+43  1.16217e-35
 2.05238e+01  3.07126e+05  8.49385e+43  2.96907e+05  8.07000e+43  2.96907e+05  7.38804e+43  2.87027e+05  7.79084e+43  1.16217e-35
 2.11946e+01  2.96907e+05  9.27509e+43  2.96907e+05  8.21639e+43  2.96907e+05  8.02466e+43  2.87027e+05  8.33101e+43  1.16217e-35
 2.18873e+01  2.96907e+05  9.29601e+43  2.96907e+05  8.46717e+43  2.96907e+05  8.73513e+43  2.87027e+05  8.91018e+43  1.16217e-35
 2.26026e+01  2.96907e+05  9.43668e+43  2.96907e+05  8.82337e+43  2.96907e+05  9.52238e+43  2.87027e+05  9.53074e+43  1.16217e-35
 2.33413e+01  2.96907e+05  9.69767e+43  2.96907e+05  9.28647e+43  2.96907e+05  1.03897e+44  2.87027e+05  1.01953e+44  1.16217e-35
 2.41042e+01  2.96907e+05  1.00801e+44  2.96907e+05  9.85839e+43  2.96907e+05  1.13406e+44  2.87027e+05  1.09065e+44  1.16217e-35
 2.48920e+01  2.96907e+05  1.05855e+44  2.96907e+05  1.05415e+44  2.96907e+05  1.23791e+44  2.87027e+05  1.16674e+44  1.16217e-35
 2.57055e+01  2.96907e+05  1.12159e+44  2.96907e+05  1.13386e+44  2.96907e+05  1.35095e+44  2.87027e+05  1.24811e+44  1.16217e-35
 2.65456e+01  2.96907e+05  1.19741e+44  2.96907e+05  1.22530e+44  2.96907e+05  1.47364e+44  2.87027e+05  1.33510e+44  1.16217e-35
 2.74132e+01  2.96907e+05  1.28631e+44  2.96907e+05  1.32885e+44  2.96907e+05  1.60650e+44  2.87027e+05  1.42806e+44  1.16217e-35
 2.83091e+01  2.96907e+05  1.38866e+44  2.96907e+05  1.44494e+44  2.96907e+05  1.75007e+44  2.87027e+05  1.52739e+44  1.16217e-35
 2.92343e+01  2.96907e+05  1.50488e+44  2.96907e+05  1.57405e+44  2.96907e+05  1.90494e+44  2.87027e+05  1.63349e+44  1.16217e-35
 3.01898e+01  2.96907e+05  1.63546e+44  2.96907e+05  1.71671e+44  2.96907e+05  2.07176e+44  2.87027e+05  1.74681e+44  1.16217e-35
 3.11765e+01  2.96907e+05  1.78093e+44  2.96907e+05  1.87351e+44  2.96907e+05  2.25122e+44  2.87027e+05  1.86780e+44  1.16217e-35
 3.21954e+01  2.96907e+05  1.94190e+44  2.96907e+05  2.04510e+44  2.96907e+05  2.44406e+44  2.87027e+05  1.99698e+44  1.16217e-35
 3.32476e+01  2.96907e+05  2.11904e+44  2.96907e+05  2.23220e+44  2.96907e+05  2.65108e+44  2.87027e+05  2.13487e+44  1.16217e-35
 3.43343e+01  2.96907e+05  2.31307e+44  2.96907e+05  2.43557e+44  2.96907e+05  2.87313e+44  2.87027e+05  2.28205e+44  1.16217e-35
 3.54564e+01  2.96907e+05  2.52480e+44  2.96907e+05  2.65606e+44  2.96907e+05  3.11114e+44  2.87027e+05  2.43912e+44  1.16217e-35
 3.66152e+01  2.96907e+05  2.75511e+44  2.96907e+05  2.89458e+44  2.96907e+05  3.36609e+44  2.87027e+05  2.60675e+44  1.16217e-35
 3.78119e+01  2.96907e+05  3.00495e+44  2.96907e+05  3.15212e+44  2.96907e+05  3.63903e+44  2.87027e+05  2.78561e+44  1.16217e-35
 3.90477e+01  2.96907e+05  3.27535e+44  2.96907e+05  3.42974e+44  2.96907e+05  3.93109e+44  2.87027e+05  2.97645e+44  1.16217e-35
 4.03238e+01  2.96907e+05  3.56743e+44  2.96907e+05  3.72860e+44  2.96907e+05  4.24349e+44  2.87027e+05  3.18006e+44  1.16217e-35
 4.16417e+01  2.96907e+05  3.88240e+44  2.96907e+05  4.04992e+44  2.96907e+05  4.57751e+44  2.87027e+05  3.39729e+44  1.16217e-35
 4.30027e+01  2.96907e+05  4.22157e+44  2.96907e+05  4.39504e+44  2.96907e+05  4.93454e+44  2.87027e+05  3.62903e+44  1.16217e-35
 4.44081e+01  2.96907e+05  4.58633e+44  2.96907e+05  4.76539e+44  2.96907e+05  5.31606e+44  2.87027e+05  3.87624e+44  1.16217e-35
 4.58595e+01  2.96907e+05  4.97821e+44  2.96907e+05  5.16250e+44  2.87027e+05  5.65144e+44  2.87027e+05  4.13994e+44  1.16217e-35
 4.73583e+01  2.96907e+05  5.39881e+44  2.96907e+05  5.58801e+44  2.87027e+05  5.78420e+44  2.87027e+05  4.42122e+44  1.16217e-35
 4.89061e+01  2.96907e+05  5.84988e+44  2.96907e+05  6.04369e+44  2.87027e+05  5.94496e+44  2.87027e+05  4.72126e+44  1.16217e-35
 5.05045e+01  2.96907e+05  6.33329e+44  2.96907e+05  6.53141e+44  2.87027e+05  6.13439e+44  2.87027e+05  5.04129e+44  1.16217e-35
 5.21551e+01  2.96907e+05  6.85103e+44  2.96907e+05  7.05321e+44  2.87027e+05  6.35327e+44  2.87027e+05  5.38263e+44  1.16217e-35
 5.38597e+01  2.96907e+05  7.40526e+44  2.96907e+05  7.61123e+44  2.87027e+05  6.60251e+44  2.87027e+05  5.74670e+44  1.16217e-35
 5.56199e+01  2.96907e+05  7.99826e+44  2.96907e+05  8.20779e+44  2.87027e+05  6.88314e+44  2.87027e+05  6.13501e+44  1.16217e-35
 5.74378e+01  2.96907e+05  8.63249e+44  2.96907e+05  8.84535e+44  2.87027e+05  7.19631e+44  2.87027e+05  6.54915e+44  1.16217e-35
 5.93150e+01  2.96907e+05  9.31057e+44  2.96907e+05  9.52656e+44  2.87027e+05  7.54334e+44  2.87027e+05  6.99085e+44  1.16217e-35
 6.12535e+01  2.96907e+05  1.00353e+45  2.87027e+05  9.88842e+44  2.87027e+05  7.92564e+44  2.87027e+05  7.46194e+44  1.16217e-35
 6.32555e+01  2.96907e+05  1.08097e+45  2.87027e+05  1.01405e+45  2.87027e+05  8.34481e+44  2.87027e+05  7.96436e+44  1.16217e-35
 6.53228e+01  2.87027e+05  1.13575e+45  2.87027e+05  1.04417e+45  2.87027e+05  8.80257e+44  2.87027e+05  8.50019e+44  1.16217e-35
 6.74577e+01  2.87027e+05  1.16354e+45  2.87027e+05  1.07930e+45  2.87027e+05  9.30083e+44  2.87027e+05  9.07165e+44  1.16217e-35
 6.96624e+01  2.87027e+05  1.19696e+45  2.87027e+05  1.11961e+45  2.87027e+05  9.84164e+44  2.87027e+05  9.68111e+44  1.16217e-35
 7.19392e+01  2.87027e+05  1.23615e+45  2.87027e+05  1.16526e+45  2.87027e+05  1.04272e+45  2.87027e+05  1.03311e+45  1.16217e-35
 7.42903e+01  2.87027e+05  1.28127e+45  2.87027e+05  1.21643e+45  2.87027e+05  1.10601e+45  2.87027e+05  1.10243e+45  1.16217e-35
 7.67183e+01  2.87027e+05  1.33250e+45  2.87027e+05  1.27334e+45  2.87027e+05  1.17427e+45  2.87027e+05  1.17635e+45  1.16217e-35
 7.92257e+01  2.87027e+05  1.39006e+45  2.87027e+05  1.33622e+45  2.87027e+05  1.24780e+45  2.87027e+05  1.25519e+45  1.16217e-35
 8.18150e+01  2.87027e+05  1.45418e+45  2.87027e+05  1.40534e+45  2.87027e+05  1.32691e+45  2.87027e+05  1.33927e+45  1.16217e-35
 8.44889e+01  2.87027e+05  1.52514e+45  2.87027e+05  1.48098e+45  2.87027e+05  1.41191e+45  2.87027e+05  1.42894e+45  1.16217e-35
 8.72502e+01  2.87027e+05  1.60322e+45  2.87027e+05  1.56344e+45  2.87027e+05  1.50316e+45  2.87027e+05  1.52456e+45  1.16217e-35
 9.01018e+01  2.87027e+05  1.68874e+45  2.87027e+05  1.65309e+45  2.87027e+05  1.60103e+45  2.87027e+05  1.62654e+45  1.16217e-35
 9.30466e+01  2.87027e+05  1.78207e+45  2.87027e+05  1.75028e+45  2.87027e+05  1.70594e+45  2.87027e+05  1.73530e+45  1.16217e-35
 9.60876e+01  2.87027e+05  1.88359e+45  2.87027e+05  1.85541e+45  2.87027e+05  1.81832e+45  2.87027e+05  1.85128e+45  1.16217e-35
 9.92280e+01  2.87027e+05  1.99371e+45  2.87027e+05  1.96893e+45  2.87027e+05  1.93862e+45  2.87027e+05  1.97497e+45  1.16217e-35
 1.02471e+02  2.87027e+05  2.11290e+45  2.87027e+05  2.09130e+45  2.87027e+05  2.06736e+45  2.87027e+05  2.10688e+45  1.16217e-35
 1.05820e+02  2.87027e+05  2.24164e+45  2.87027e+05  2.22303e+45  2.87027e+05  2.20506e+45  2.87027e+05  2.24755e+45  1.16217e-35
 1.09278e+02  2.87027e+05  2.38048e+45  2.87027e+05  2.36466e+45  2.87027e+05  2.35229e+45  2.87027e+05  2.39757e+45  1.16217e-35
 1.12850e+02  2.87027e+05  2.52998e+45  2.87027e+05  2.51679e+45  2.87027e+05  2.50966e+45  2.87027e+05  2.55756e+45  1.16217e-35
 1.16538e+02  2.87027e+05  2.69076e+45  2.87027e+05  2.68003e+45  2.87027e+05  2.67782e+45  2.87027e+05  2.72817e+45  1.16217e-35
 1.20347e+02  2.87027e+05  2.86349e+45  2.87027e+05  2.85507e+45  2.87027e+05  2.85747e+45  2.87027e+05  2.91013e+45  1.16217e-35
 1.24280e+02  2.87027e+05  3.04888e+45  2.87027e+05  3.04262e+45  2.87027e+05  3.04936e+45  2.87027e+05  3.10417e+45  1.16217e-35
 1.28342e+02  2.87027e+05  3.24770e+45  2.87027e+05  3.24347e+45  2.87027e+05  3.25427e+45  2.87027e+05  3.31110e+45  1.16217e-35
 1.32537e+02  2.87027e+05  3.46078e+45  2.87027e+05  3.45845e+45  2.87027e+05  3.47305e+45  2.87027e+05  3.53178e+45  1.16217e-35
 1.36868e+02  2.87027e+05  3.68899e+45  2.87027e+05  3.68845e+45  2.87027e+05  3.70662e+45  2.87027e+05  3.76712e+45  1.16217e-35
 1.41341e+02  2.87027e+05  3.93328e+45  2.87027e+05  3.93441e+45  2.87027e+05  3.95593e+45  2.87027e+05  4.01810e+45  1.16217e-35
 1.45961e+02  2.87027e+05  4.19467e+45  2.87027e+05  4.19736e+45  2.87027e+05  4.22201e+45  2.87027e+05  4.28575e+45  1.16217e-35
 1.50731e+02  2.87027e+05  4.47422e+45  2.87027e+05  4.47839e+45  2.87027e+05  4.50598e+45  2.87027e+05  4.57118e+45  1.16217e-35
 1.55658e+02  2.87027e+05  4.77310e+45  2.87027e+05  4.77865e+45  2.87027e+05  4.80900e+45  2.87027e+05  4.87558e+45  1.16217e-35
 1.60745e+02  2.87027e+05  5.09255e+45  2.87027e+05  5.09939e+45  2.87027e+05  5.13233e+45  2.87027e+05  5.20020e+45  1.16217e-35
 1.65998e+02  2.87027e+05  5.43389e+45  2.87027e+05  5.44194e+45  2.87027e+05  5.47730e+45  2.87027e+05  5.54638e+45  1.16217e-35
 1.71424e+02  2.87027e+05  5.79852e+45  2.87027e+05  5.80772e+45  2.87027e+05  5.84535e+45  2.87027e+05  5.91556e+45  1.16217e-35
 1.77026e+02  2.87027e+05  6.18797e+45  2.87027e+05  6.19823e+45  2.87027e+05  6.23800e+45  2.87027e+05  6.30927e+45  1.16217e-35
 1.82812e+02  2.87027e+05  6.60384e+45  2.87027e+05  6.61510e+45  2.87027e+05  6.65687e+45  2.87027e+05  6.72914e+45  1.16217e-35
 1.88787e+02  2.87027e+05  7.04785e+45  2.87027e+05  7.06005e+45  2.87027e+05  7.10369e+45  2.87027e+05  7.17690e+45  1.16217e-35
 1.94957e+02  2.87027e+05  7.52184e+45  2.87027e+05  7.53492e+45  2.87027e+05  7.58032e+45  2.87027e+05  7.65440e+45  1.16217e-35
 2.01328e+02  2.87027e+05  8.02777e+45  2.87027e+05  8.04167e+45  2.87027e+05  8.08873e+45  2.87027e+05  8.16363e+45  1.16217e-35
 2.07908e+02  2.87027e+05  8.56774e+45  2.87027e+05  8.58241e+45  2.87027e+05  8.63101e+45  2.87027e+05  8.70669e+45  1.16217e-35
 2.14703e+02  2.87027e+05  9.14398e+45  2.87027e+05  9.15938e+45  2.87027e+05  9.20943e+45  2.87027e+05  9.28582e+45  1.16217e-35
 2.21720e+02  2.87027e+05  9.75887e+45  2.87027e+05  9.77495e+45  2.87027e+05  9.82636e+45  2.87027e+05  9.90343e+45  1.16217e-35
 2.28967e+02  2.87027e+05  1.04150e+46  2.87027e+05  1.04317e+46  2.87027e+05  1.04844e+46  2.87027e+05  1.05621e+46  1.16217e-35
 2.36450e+02  2.87027e+05  1.11150e+46  2.87027e+05  1.11323e+46  2.87027e+05  1.11862e+46  2.87027e+05  1.12645e+46  1.16217e-35
 2.44178e+02  2.87027e+05  1.18618e+46  2.87027e+05  1.18797e+46  2.87027e+05  1.19347e+46  2.87027e+05  1.20135e+46  1.16217e-35
 2.52158e+02  2.87027e+05  1.26585e+46  2.87027e+05  1.26769e+46  2.87027e+05  1.27330e+46  2.87027e+05  1.28123e+46  1.16217e-35
 2.60399e+02  2.87027e+05  1.35084e+46  2.87027e+05  1.35273e+46  2.87027e+05  1.35844e+46  2.87027e+05  1.36642e+46  1.16217e-35
 2.68910e+02  2.87027e+05  1.44151e+46  2.87027e+05  1.44344e+46  2.87027e+05  1.44924e+46  2.87027e+05  1.45727e+46  1.16217e-35
 2.77699e+02  2.87027e+05  1.53822e+46  2.87027e+05  1.54020e+46  2.87027e+05  1.54608e+46  2.87027e+05  1.55416e+46  1.16217e-35
 2.86774e+02  2.87027e+05  1.64137e+46  2.87027e+05  1.64339e+46  2.87027e+05  1.64936e+46  2.87027e+05  1.65748e+46  1.16217e-35
 2.96147e+02  2.87027e+05  1.75141e+46  2.87027e+05  1.75346e+46  2.87027e+05  1.75950e+46  2.77476e+05  1.76470e+46  1.16217e-35
 3.05826e+02  2.87027e+05  1.86877e+46  2.87027e+05  1.87086e+46  2.87027e+05  1.87697e+46  2.77476e+05  1.79845e+46  1.16217e-35
 3.15821e+02  2.87027e+05  1.99394e+46  2.87027e+05  1.99607e+46  2.87027e+05  2.00225e+46  2.77476e+05  1.83964e+46  1.16217e-35
 3.26143e+02  2.87027e+05  2.12745e+46  2.87027e+05  2.12961e+46  2.87027e+05  2.13585e+46  2.77476e+05  1.88845e+46  1.16217e-35
 3.36802e+02  2.87027e+05  2.26985e+46  2.87027e+05  2.27204e+46  2.87027e+05  2.27834e+46  2.77476e+05  1.94508e+46  1.16217e-35
 3.47810e+02  2.87027e+05  2.42172e+46  2.87027e+05  2.42393e+46  2.87027e+05  2.43029e+46  2.77476e+05  2.00976e+46  1.16217e-35
 3.59177e+02  2.87027e+05  2.58369e+46  2.87027e+05  2.58593e+46  2.87027e+05  2.59234e+46  2.77476e+05  2.08277e+46  1.16217e-35
 3.70916e+02  2.87027e+05  2.75644e+46  2.87027e+05  2.75870e+46  2.87027e+05  2.76516e+46  2.77476e+05  2.16439e+46  1.16217e-35
 3.83038e+02  2.87027e+05  2.94067e+46  2.87027e+05  2.94296e+46  2.87027e+05  2.94946e+46  2.77476e+05  2.25499e+46  1.16217e-35
 3.95557e+02  2.87027e+05  3.13716e+46  2.87027e+05  3.13947e+46  2.87027e+05  3.14602e+46  2.77476e+05  2.35491e+46  1.16217e-35
 4.08485e+02  2.87027e+05  3.34671e+46  2.87027e+05  3.34904e+46  2.87027e+05  3.35563e+46  2.77476e+05  2.46459e+46  1.16217e-35
 4.21835e+02  2.87027e+05  3.57020e+46  2.87027e+05  3.57254e+46  2.87027e+05  3.57917e+46  2.77476e+05  2.58447e+46  1.16217e-35
 4.35622e+02  2.87027e+05  3.80853e+46  2.87027e+05  3.81090e+46  2.87027e+05  3.81756e+46  2.77476e+05  2.71506e+46  1.16217e-35
 4.49859e+02  2.87027e+05  4.06272e+46  2.87027e+05  4.06510e+46  2.87027e+05  4.07179e+46  2.77476e+05  2.85688e+46  1.16217e-35
 4.64562e+02  2.87027e+05  4.33379e+46  2.87027e+05  4.33619e+46  2.87027e+05  4.34291e+46  2.77476e+05  3.01053e+46  1.16217e-35
 4.79745e+02  2.87027e+05  4.62289e+46  2.87027e+05  4.62530e+46  2.87027e+05  4.63205e+46  2.77476e+05  3.17664e+46  1.16217e-35
 4.95424e+02  2.87027e+05  4.93119e+46  2.87027e+05  4.93362e+46  2.87027e+05  4.94040e+46  2.77476e+05  3.35591e+46  1.16217e-35
 5.11616e+02  2.87027e+05  5.25999e+46  2.87027e+05  5.26243e+46  2.87027e+05  5.26923e+46  2.77476e+05  3.54907e+46  1.16217e-35
 5.28337e+02  2.87027e+05  5.61063e+46  2.87027e+05  5.61308e+46  2.87027e+05  5.61991e+46  2.77476e+05  3.75692e+46  1.16217e-35
 5.45604e+02  2.87027e+05  5.98458e+46  2.87027e+05  5.98704e+46  2.87027e+05  5.99389e+46  2.77476e+05  3.98032e+46  1.16217e-35
 5.63436e+02  2.87027e+05  6.38337e+46  2.87027e+05  6.38584e+46  2.87027e+05  6.39271e+46  2.77476e+05  4.22020e+46  1.16217e-35
 5.81850e+02  2.87027e+05  6.80866e+46  2.87027e+05  6.81114e+46  2.87027e+05  6.81803e+46  2.77476e+05  4.47755e+46  1.16217e-35
 6.00867e+02  2.87027e+05  7.26221e+46  2.87027e+05  7.26470e+46  2.87027e+05  7.27161e+46  2.77476e+05  4.75343e+46  1.16217e-35
 6.20505e+02  2.87027e+05  7.74590e+46  2.87027e+05  7.74840e+46  2.87027e+05  7.75532e+46  2.77476e+05  5.04899e+46  1.16217e-35
 6.40784e+02  2.87027e+05  8.26172e+46  2.87027e+05  8.26423e+46  2.87027e+05  8.27117e+46  2.77476e+05  5.36545e+46  1.16217e-35
 6.61727e+02  2.87027e+05  8.81181e+46  2.87027e+05  8.81433e+46  2.87027e+05  8.82129e+46  2.77476e+05  5.70412e+46  1.16217e-35
 6.83354e+02  2.87027e+05  9.39846e+46  2.87027e+05  9.40098e+46  2.87027e+05  9.40795e+46  2.77476e+05  6.06640e+46  1.16217e-35
 7.05688e+02  2.87027e+05  1.00241e+47  2.87027e+05  1.00266e+47  2.87027e+05  1.00336e+47  2.77476e+05  6.45379e+46  1.16217e-35
 7.28751e+02  2.87027e+05  1.06913e+47  2.87027e+05  1.06938e+47  2.87027e+05  1.07008e+47  2.77476e+05  6.86789e+46  1.16217e-35
 7.52569e+02  2.87027e+05  1.14028e+47  2.87027e+05  1.14053e+47  2.87027e+05  1.14123e+47  2.77476e+05  7.31042e+46  1.16217e-35
 7.77165e+02  2.87027e+05  1.21616e+47  2.87027e+05  1.21641e+47  2.87027e+05  1.21711e+47  2.77476e+05  7.78321e+46  1.16217e-35
 8.02565e+02  2.87027e+05  1.29708e+47  2.87027e+05  1.29733e+47  2.87027e+05  1.29803e+47  2.77476e+05  8.28821e+46  1.16217e-35
 8.28794e+02  2.87027e+05  1.38337e+47  2.87027e+05  1.38363e+47  2.87027e+05  1.38433e+47  2.77476e+05  8.82752e+46  1.16217e-35
 8.55882e+02  2.87027e+05  1.47540e+47  2.87027e+05  1.47566e+47  2.87027e+05  1.47636e+47  2.77476e+05  9.40336e+46  1.16217e-35
 8.83854e+02  2.87027e+05  1.57354e+47  2.87027e+05  1.57380e+47  2.87027e+05  1.57451e+47  2.77476e+05  1.00181e+47  1.16217e-35
 9.12741e+02  2.87027e+05  1.67821e+47  2.87027e+05  1.67846e+47  2.87027e+05  1.67917e+47  2.77476e+05  1.06744e+47  1.16217e-35
 9.42571e+02  2.87027e+05  1.78982e+47  2.87027e+05  1.79008e+47  2.87027e+05  1.79079e+47  2.77476e+05  1.13748e+47  1.16217e-35
 9.73377e+02  2.87027e+05  1.90885e+47  2.87027e+05  1.90911e+47  2.87027e+05  1.90982e+47  2.77476e+05  1.21223e+47  1.16217e-35
 1.00519e+03  2.87027e+05  2.03579e+47  2.87027e+05  2.03605e+47  2.87027e+05  2.03676e+47  2.77476e+05  1.29199e+47  1.16217e-35
 1.03804e+03  2.87027e+05  2.17116e+47  2.87027e+05  2.17142e+47  2.87027e+05  2.17213e+47  2.77476e+05  1.37710e+47  1.16217e-35
 1.07197e+03  2.87027e+05  2.31553e+47  2.87027e+05  2.31579e+47  2.87027e+05  2.31650e+47  2.77476e+05  1.46792e+47  1.16217e-35
 1.10700e+03  2.87027e+05  2.46949e+47  2.87027e+05  2.46975e+47  2.87027e+05  2.47046e+47  2.77476e+05  1.56481e+47  1.16217e-35
 1.14318e+03  2.87027e+05  2.63367e+47  2.87027e+05  2.63393e+47  2.87027e+05  2.63464e+47  2.77476e+05  1.66817e+47  1.16217e-35
 1.18054e+03  2.87027e+05  2.80876e+47  2.87027e+05  2.80902e+47  2.87027e+05  2.80973e+47  2.77476e+05  1.77844e+47  1.16217e-35
 1.21913e+03  2.87027e+05  2.99549e+47  2.87027e+05  2.99575e+47  2.87027e+05  2.99646e+47  2.77476e+05  1.89607e+47  1.16217e-35
 1.25897e+03  2.87027e+05  3.19462e+47  2.87027e+05  3.19488e+47  2.87027e+05  3.19559e+47  2.77476e+05  2.02154e+47  1.16217e-35
 1.30012e+03  2.87027e+05  3.40698e+47  2.87027e+05  3.40724e+47  2.77476e+05  3.30221e+47  2.77476e+05  2.15539e+47  1.16217e-35
 1.34261e+03  2.87027e+05  3.63344e+47  2.87027e+05  3.63370e+47  2.77476e+05  3.37348e+47  2.77476e+05  2.29815e+47  1.16217e-35
 1.38649e+03  2.87027e+05  3.87495e+47  2.87027e+05  3.87521e+47  2.77476e+05  3.45871e+47  2.77476e+05  2.45042e+47  1.16217e-35
 1.43180e+03  2.87027e+05  4.13251e+47  2.87027e+05  4.13277e+47  2.77476e+05  3.55826e+47  2.77476e+05  2.61284e+47  1.16217e-35
 1.47860e+03  2.87027e+05  4.40717e+47  2.87027e+05  4.40743e+47  2.77476e+05  3.67254e+47  2.77476e+05  2.78607e+47  1.16217e-35
 1.52692e+03  2.87027e+05  4.70008e+47  2.87027e+05  4.70035e+47  2.77476e+05  3.80202e+47  2.77476e+05  2.97083e+47  1.16217e-35
 1.57683e+03  2.87027e+05  5.01246e+47  2.87027e+05  5.01272e+47  2.77476e+05  3.94725e+47  2.77476e+05  3.16789e+47  1.16217e-35
 1.62836e+03  2.87027e+05  5.34558e+47  2.87027e+05  5.34584e+47  2.77476e+05  4.10881e+47  2.77476e+05  3.37805e+47  1.16217e-35
 1.68158e+03  2.87027e+05  5.70083e+47  2.77476e+05  5.66278e+47  2.77476e+05  4.28738e+47  2.77476e+05  3.60220e+47  1.16217e-35
 1.73654e+03  2.87027e+05  6.07969e+47  2.77476e+05  5.77337e+47  2.77476e+05  4.48369e+47  2.77476e+05  3.84125e+47  1.16217e-35
 1.79329e+03  2.87027e+05  6.48371e+47  2.77476e+05  5.90786e+47  2.77476e+05  4.69857e+47  2.77476e+05  4.09620e+47  1.16217e-35
 1.85190e+03  2.77476e+05  6.63387e+47  2.77476e+05  6.06681e+47  2.77476e+05  4.93289e+47  2.77476e+05  4.36811e+47  1.16217e-35
 1.91243e+03  2.77476e+05  6.78259e+47  2.77476e+05  6.25087e+47  2.77476e+05  5.18764e+47  2.77476e+05  4.65809e+47  1.16217e-35
 1.97493e+03  2.77476e+05  6.95939e+47  2.77476e+05  6.46081e+47  2.77476e+05  5.46386e+47  2.77476e+05  4.96735e+47  1.16217e-35
 2.03948e+03  2.77476e+05  7.16499e+47  2.77476e+05  6.69749e+47  2.77476e+05  5.76269e+47  2.77476e+05  5.29716e+47  1.16217e-35
 2.10613e+03  2.77476e+05  7.40026e+47  2.77476e+05  6.96190e+47  2.77476e+05  6.08537e+47  2.77476e+05  5.64890e+47  1.16217e-35
 2.17497e+03  2.77476e+05  7.66616e+47  2.77476e+05  7.25513e+47  2.77476e+05  6.43325e+47  2.77476e+05  6.02402e+47  1.16217e-35
 2.24605e+03  2.77476e+05  7.96380e+47  2.77476e+05  7.57838e+47  2.77476e+05  6.80775e+47  2.77476e+05  6.42407e+47  1.16217e-35
 2.31946e+03  2.77476e+05  8.29440e+47  2.77476e+05  7.93301e+47  2.77476e+05  7.21043e+47  2.77476e+05  6.85071e+47  1.16217e-35
 2.39526e+03  2.77476e+05  8.65934e+47  2.77476e+05  8.32048e+47  2.77476e+05  7.64295e+47  2.77476e+05  7.30569e+47  1.16217e-35
 2.47355e+03  2.77476e+05  9.06012e+47  2.77476e+05  8.74238e+47  2.77476e+05  8.10711e+47  2.77476e+05  7.79091e+47  1.16217e-35
 2.55439e+03  2.77476e+05  9.49840e+47  2.77476e+05  9.20047e+47  2.77476e+05  8.60482e+47  2.77476e+05  8.30838e+47  1.16217e-35
 2.63787e+03  2.77476e+05  9.97600e+47  2.77476e+05  9.69665e+47  2.77476e+05  9.13815e+47  2.77476e+05  8.86022e+47  1.16217e-35
 2.72409e+03  2.77476e+05  1.04949e+48  2.77476e+05  1.02330e+48  2.77476e+05  9.70930e+47  2.77476e+05  9.44874e+47  1.16217e-35
 2.81312e+03  2.77476e+05  1.10572e+48  2.77476e+05  1.08116e+48  2.77476e+05  1.03206e+48  2.77476e+05  1.00764e+48  1.16217e-35
 2.90506e+03  2.77476e+05  1.16653e+48  2.77476e+05  1.14350e+48  2.77476e+05  1.09747e+48  2.77476e+05  1.07457e+48  1.16217e-35
 3.00000e+03  2.77476e+05  1.23217e+48  2.77476e+05  1.21058e+48  2.77476e+05  1.16742e+48  2.77476e+05  1.14595e+48  1.16217e-35
