radius_rg T_0deg chi2_0deg T_15deg chi2_15deg T_30deg chi2_30deg T_45deg chi2_45deg nuLnusavg_last
 2.00000e-01  1.27234e+06  8.93959e+44  1.23000e+06  7.09451e+44  1.11126e+06  2.91594e+44  8.47687e+05  3.42462e+43 -5.16146e-04
 2.06537e-01  1.27234e+06  8.58205e+44  1.23000e+06  6.79936e+44  1.07428e+06  2.80798e+44  8.47687e+05  3.23335e+43 -5.16146e-04
 2.13287e-01  1.23000e+06  8.28854e+44  1.18907e+06  6.57634e+44  1.07428e+06  2.66816e+44  8.47687e+05  3.15607e+43 -5.16146e-04
 2.20257e-01  1.23000e+06  7.92195e+44  1.18907e+06  6.26914e+44  1.07428e+06  2.57747e+44  8.19480e+05  2.90793e+43 -5.16146e-04
 2.27456e-01  1.23000e+06  7.66395e+44  1.18907e+06  6.05353e+44  1.03853e+06  2.44791e+44  8.19480e+05  2.73634e+43 -5.16146e-04
 2.34890e-01  1.18907e+06  7.31322e+44  1.14951e+06  5.78369e+44  1.03853e+06  2.33953e+44  8.19480e+05  2.67668e+43 -5.16146e-04
 2.42567e-01  1.18907e+06  7.03937e+44  1.14951e+06  5.55039e+44  1.00397e+06  2.25759e+44  7.92211e+05  2.44830e+43 -5.16146e-04
 2.50494e-01  1.14951e+06  6.75716e+44  1.11126e+06  5.34484e+44  1.00397e+06  2.12953e+44  7.92211e+05  2.28697e+43 -5.16146e-04
 2.58681e-01  1.14951e+06  6.46343e+44  1.11126e+06  5.09037e+44  1.00397e+06  2.04838e+44  7.92211e+05  2.23571e+43 -5.16146e-04
 2.67136e-01  1.11126e+06  6.25588e+44  1.11126e+06  4.92262e+44  9.70565e+05  1.95039e+44  7.65850e+05  2.04391e+43 -5.16146e-04
 2.75866e-01  1.11126e+06  5.93822e+44  1.07428e+06  4.67602e+44  9.70565e+05  1.84675e+44  7.65850e+05  1.88347e+43 -5.16146e-04
 2.84882e-01  1.11126e+06  5.72094e+44  1.07428e+06  4.48188e+44  9.70565e+05  1.78884e+44  7.65850e+05  1.83142e+43 -5.16146e-04
 2.94193e-01  1.07428e+06  5.46668e+44  1.03853e+06  4.31065e+44  9.38269e+05  1.67746e+44  7.40366e+05  1.69561e+43 -5.16146e-04
 3.03808e-01  1.07428e+06  5.21940e+44  1.03853e+06  4.08672e+44  9.38269e+05  1.59430e+44  7.40366e+05  1.52664e+43 -5.16146e-04
 3.13737e-01  1.03853e+06  5.05265e+44  1.03853e+06  3.94536e+44  9.07048e+05  1.54462e+44  7.40366e+05  1.46458e+43 -5.16146e-04
 3.23991e-01  1.03853e+06  4.77141e+44  1.00397e+06  3.74126e+44  9.07048e+05  1.43416e+44  7.15730e+05  1.40720e+43 -5.16146e-04
 3.34580e-01  1.03853e+06  4.58572e+44  1.00397e+06  3.56517e+44  9.07048e+05  1.36771e+44  7.15730e+05  1.22013e+43 -5.16146e-04
 3.45515e-01  1.00397e+06  4.38174e+44  9.70565e+05  3.45059e+44  8.76865e+05  1.31320e+44  7.15730e+05  1.13871e+43 -5.16146e-04
 3.56807e-01  1.00397e+06  4.15636e+44  9.70565e+05  3.23632e+44  8.76865e+05  1.21670e+44  7.15730e+05  1.16261e+43 -5.16146e-04
 3.68468e-01  1.00397e+06  4.02398e+44  9.70565e+05  3.10109e+44  8.76865e+05  1.16331e+44  6.91914e+05  9.70782e+42 -5.16146e-04
 3.80511e-01  9.70565e+05  3.78718e+44  9.38269e+05  2.96479e+44  8.47687e+05  1.10830e+44  6.91914e+05  8.60419e+42 -5.16146e-04
 3.92947e-01  9.70565e+05  3.60954e+44  9.38269e+05  2.78661e+44  8.47687e+05  1.02211e+44  6.91914e+05  8.54215e+42 -5.16146e-04
 4.05790e-01  9.38269e+05  3.48518e+44  9.38269e+05  2.68560e+44  8.47687e+05  9.78231e+43  6.68890e+05  7.89149e+42 -5.16146e-04
 4.19052e-01  9.38269e+05  3.25825e+44  9.07048e+05  2.53303e+44  8.19480e+05  9.27727e+43  6.68890e+05  6.39884e+42 -5.16146e-04
 4.32748e-01  9.38269e+05  3.12062e+44  9.07048e+05  2.38434e+44  8.19480e+05  8.48256e+43  6.68890e+05  5.93866e+42 -5.16146e-04
 4.46891e-01  9.07048e+05  2.97827e+44  9.07048e+05  2.31117e+44  8.19480e+05  8.10379e+43  6.68890e+05  6.50906e+42 -5.16146e-04
 4.61496e-01  9.07048e+05  2.78588e+44  8.76865e+05  2.14866e+44  7.92211e+05  7.70190e+43  6.46632e+05  4.91518e+42 -5.16146e-04
 4.76579e-01  9.07048e+05  2.68083e+44  8.76865e+05  2.02311e+44  7.92211e+05  6.93881e+43  6.46632e+05  3.95481e+42 -5.16146e-04
 4.92155e-01  8.76865e+05  2.52787e+44  8.76865e+05  1.97158e+44  7.92211e+05  6.58528e+43  6.46632e+05  4.01680e+42 -5.16146e-04
 5.08240e-01  8.76865e+05  2.36262e+44  8.47687e+05  1.80653e+44  7.65850e+05  6.35376e+43  6.25115e+05  4.34873e+42 -5.16146e-04
 5.24851e-01  8.76865e+05  2.28295e+44  8.47687e+05  1.69791e+44  7.65850e+05  5.58667e+43  6.25115e+05  2.77902e+42 -5.16146e-04
 5.42004e-01  8.47687e+05  2.12795e+44  8.47687e+05  1.66197e+44  7.65850e+05  5.22355e+43  6.25115e+05  2.22680e+42 -5.16146e-04
 5.59718e-01  8.47687e+05  1.98263e+44  8.19480e+05  1.50291e+44  7.40366e+05  5.24041e+43  6.25115e+05  2.68979e+42 -5.16146e-04
 5.78011e-01  8.47687e+05  1.92133e+44  8.19480e+05  1.40513e+44  7.40366e+05  4.43325e+43  6.04314e+05  2.66110e+42 -5.16146e-04
 5.96902e-01  8.19480e+05  1.77419e+44  8.19480e+05  1.37881e+44  7.40366e+05  4.02529e+43  6.04314e+05  1.37972e+42 -5.16146e-04
 6.16411e-01  8.19480e+05  1.64173e+44  7.92211e+05  1.23564e+44  7.40366e+05  4.01483e+43  6.04314e+05  1.11004e+42 -5.16146e-04
 6.36557e-01  8.19480e+05  1.59186e+44  7.92211e+05  1.14265e+44  7.15730e+05  3.49724e+43  6.04314e+05  1.85095e+42 -5.16146e-04
 6.57361e-01  7.92211e+05  1.46409e+44  7.92211e+05  1.12003e+44  7.15730e+05  3.00839e+43  5.84205e+05  1.79134e+42 -5.16146e-04
 6.78845e-01  7.92211e+05  1.33745e+44  7.65850e+05  1.00421e+44  7.15730e+05  2.91283e+43  5.84205e+05  6.66075e+41 -5.16146e-04
 7.01032e-01  7.92211e+05  1.29215e+44  7.65850e+05  9.09938e+43  6.91914e+05  2.81062e+43  5.84205e+05  5.49564e+41 -5.16146e-04
 7.23943e-01  7.65850e+05  1.19705e+44  7.65850e+05  8.85079e+43  6.91914e+05  2.20354e+43  5.84205e+05  1.44132e+42 -5.16146e-04
 7.47603e-01  7.65850e+05  1.06919e+44  7.40366e+05  8.09903e+43  6.91914e+05  1.98642e+43  5.64766e+05  1.75621e+42 -5.16146e-04
 7.72037e-01  7.65850e+05  1.02156e+44  7.40366e+05  7.08211e+43  6.91914e+05  2.15837e+43  5.64766e+05  6.48461e+41 -5.16146e-04
 7.97269e-01  7.40366e+05  9.74562e+43  7.40366e+05  6.75100e+43  6.68890e+05  1.65656e+43  5.64766e+05  5.49385e+41 -5.16146e-04
 8.23326e-01  7.40366e+05  8.38364e+43  7.15730e+05  6.56032e+43  6.68890e+05  1.27967e+43  5.64766e+05  1.45857e+42 -5.16146e-04
 8.50234e-01  7.40366e+05  7.81441e+43  7.15730e+05  5.40639e+43  6.68890e+05  1.28893e+43  5.45973e+05  2.65295e+42 -5.16146e-04
 8.78022e-01  7.15730e+05  8.00516e+43  7.15730e+05  4.93134e+43  6.46632e+05  1.43156e+43  5.45973e+05  1.41411e+42 -5.16146e-04
 9.06718e-01  7.15730e+05  6.48677e+43  7.15730e+05  5.13321e+43  6.46632e+05  8.54182e+42  5.45973e+05  1.18711e+42 -5.16146e-04
 9.36352e-01  7.15730e+05  5.75329e+43  6.91914e+05  4.12650e+43  6.46632e+05  6.61179e+42  5.45973e+05  1.97101e+42 -5.16146e-04
 9.66955e-01  7.15730e+05  5.80169e+43  6.91914e+05  3.44395e+43  6.46632e+05  8.51754e+42  5.45973e+05  3.76907e+42 -5.16146e-04
 9.98557e-01  6.91914e+05  5.06457e+43  6.91914e+05  3.43215e+43  6.25115e+05  7.93273e+42  5.27805e+05  3.15162e+42 -5.16146e-04
 1.03119e+00  6.91914e+05  4.09302e+43  6.68890e+05  3.32332e+43  6.25115e+05  3.55225e+42  5.27805e+05  2.63716e+42 -5.16146e-04
 1.06489e+00  6.91914e+05  3.89648e+43  6.68890e+05  2.36652e+43  6.25115e+05  2.99490e+42  5.27805e+05  3.13961e+42 -5.16146e-04
 1.09970e+00  6.68890e+05  4.21138e+43  6.68890e+05  2.07602e+43  6.25115e+05  6.25837e+42  5.27805e+05  4.66105e+42 -5.16146e-04
 1.13564e+00  6.68890e+05  2.92418e+43  6.68890e+05  2.45062e+43  6.04314e+05  4.77592e+42  5.10242e+05  6.19213e+42 -5.16146e-04
 1.17276e+00  6.68890e+05  2.40715e+43  6.46632e+05  1.80771e+43  6.04314e+05  1.29929e+42  5.10242e+05  5.20960e+42 -5.16146e-04
 1.21108e+00  6.68890e+05  2.65815e+43  6.46632e+05  1.16933e+43  6.04314e+05  1.63646e+42  5.10242e+05  5.25462e+42 -5.16146e-04
 1.25067e+00  6.46632e+05  2.37341e+43  6.46632e+05  1.19229e+43  6.04314e+05  5.78882e+42  5.10242e+05  6.32739e+42 -5.16146e-04
 1.29154e+00  6.46632e+05  1.45546e+43  6.46632e+05  1.87668e+43  5.84205e+05  4.78397e+42  5.10242e+05  8.43233e+42 -5.16146e-04
 1.33375e+00  6.46632e+05  1.30160e+43  6.25115e+05  8.53265e+42  5.84205e+05  1.70034e+42  4.93264e+05  9.41999e+42 -5.16146e-04
 1.37734e+00  6.46632e+05  1.91119e+43  6.25115e+05  4.51977e+42  5.84205e+05  2.43216e+42  4.93264e+05  8.80129e+42 -5.16146e-04
 1.42236e+00  6.25115e+05  1.20599e+43  6.25115e+05  7.09063e+42  5.84205e+05  6.98248e+42  4.93264e+05  9.22502e+42 -5.16146e-04
 1.46884e+00  6.25115e+05  5.62784e+42  6.04314e+05  1.31588e+43  5.64766e+05  8.17225e+42  4.93264e+05  1.06929e+43 -5.16146e-04
 1.51685e+00  6.25115e+05  6.79976e+42  6.04314e+05  4.10163e+42  5.64766e+05  4.93668e+42  4.93264e+05  1.32110e+43 -5.16146e-04
 1.56642e+00  6.25115e+05  1.55805e+43  6.04314e+05  1.62643e+42  5.64766e+05  5.52996e+42  4.76850e+05  1.45958e+43 -5.16146e-04
 1.61762e+00  6.04314e+05  6.52093e+42  6.04314e+05  5.72301e+42  5.64766e+05  9.95456e+42  4.76850e+05  1.41237e+43 -5.16146e-04
 1.67049e+00  6.04314e+05  1.86881e+42  5.84205e+05  1.30586e+43  5.45973e+05  1.55143e+43  4.76850e+05  1.47160e+43 -5.16146e-04
 1.72508e+00  6.04314e+05  4.80508e+42  5.84205e+05  4.66596e+42  5.45973e+05  1.15309e+43  4.76850e+05  1.63753e+43 -5.16146e-04
 1.78146e+00  6.04314e+05  1.53419e+43  5.84205e+05  2.85763e+42  5.45973e+05  1.14037e+43  4.76850e+05  1.91082e+43 -5.16146e-04
 1.83968e+00  5.84205e+05  6.99111e+42  5.84205e+05  7.62616e+42  5.45973e+05  1.51321e+43  4.60983e+05  2.24606e+43 -5.16146e-04
 1.89981e+00  5.84205e+05  3.10810e+42  5.84205e+05  1.89913e+43  5.45973e+05  2.27316e+43  4.60983e+05  2.18567e+43 -5.16146e-04
 1.96190e+00  5.84205e+05  6.81860e+42  5.64766e+05  1.05743e+43  5.27805e+05  2.24723e+43  4.60983e+05  2.23492e+43 -5.16146e-04
 2.02602e+00  5.84205e+05  1.81380e+43  5.64766e+05  8.50341e+42  5.27805e+05  2.09717e+43  4.60983e+05  2.39403e+43 -5.16146e-04
 2.09224e+00  5.64766e+05  1.38892e+43  5.64766e+05  1.30327e+43  5.27805e+05  2.33663e+43  4.60983e+05  2.66364e+43 -5.16146e-04
 2.16062e+00  5.64766e+05  9.69649e+42  5.64766e+05  2.41811e+43  5.27805e+05  2.96660e+43  4.60983e+05  3.04487e+43 -5.16146e-04
 2.23123e+00  5.64766e+05  1.31245e+43  5.45973e+05  2.27799e+43  5.10242e+05  3.94287e+43  4.45643e+05  3.46162e+43 -5.16146e-04
 2.30415e+00  5.64766e+05  2.41875e+43  5.45973e+05  1.94306e+43  5.10242e+05  3.57962e+43  4.45643e+05  3.45635e+43 -5.16146e-04
 2.37946e+00  5.45973e+05  2.83403e+43  5.45973e+05  2.27267e+43  5.10242e+05  3.61201e+43  4.45643e+05  3.56599e+43 -5.16146e-04
 2.45723e+00  5.45973e+05  2.26581e+43  5.45973e+05  3.26819e+43  5.10242e+05  4.04020e+43  4.45643e+05  3.79098e+43 -5.16146e-04
 2.53753e+00  5.45973e+05  2.46503e+43  5.27805e+05  4.30645e+43  5.10242e+05  4.86595e+43  4.45643e+05  4.13226e+43 -5.16146e-04
 2.62047e+00  5.45973e+05  3.43252e+43  5.27805e+05  3.72942e+43  4.93264e+05  5.84452e+43  4.45643e+05  4.59125e+43 -5.16146e-04
 2.70611e+00  5.45973e+05  5.17228e+43  5.27805e+05  3.82433e+43  4.93264e+05  5.58086e+43  4.45643e+05  5.16983e+43 -5.16146e-04
 2.79455e+00  5.27805e+05  4.39378e+43  5.27805e+05  4.59156e+43  4.93264e+05  5.72114e+43  4.45643e+05  5.87040e+43 -5.16146e-04
 2.88589e+00  5.27805e+05  4.32007e+43  5.27805e+05  6.03431e+43  4.93264e+05  6.26595e+43  4.45643e+05  6.69587e+43 -5.16146e-04
 2.98021e+00  5.27805e+05  5.02231e+43  5.10242e+05  6.48940e+43  4.93264e+05  7.21752e+43  4.30814e+05  7.24413e+43 -5.16146e-04
 3.07761e+00  5.27805e+05  6.50340e+43  5.10242e+05  6.22047e+43  4.93264e+05  8.57981e+43  4.30814e+05  7.52293e+43 -5.16146e-04
 3.17819e+00  5.10242e+05  7.68190e+43  5.10242e+05  6.63379e+43  4.76850e+05  8.39201e+43  4.30814e+05  7.93346e+43 -5.16146e-04
 3.28206e+00  5.10242e+05  7.18511e+43  5.10242e+05  7.73106e+43  4.76850e+05  8.55025e+43  4.30814e+05  8.47743e+43 -5.16146e-04
 3.38933e+00  5.10242e+05  7.47612e+43  5.10242e+05  9.51684e+43  4.76850e+05  9.12471e+43  4.30814e+05  9.15708e+43 -5.16146e-04
 3.50010e+00  5.10242e+05  8.55614e+43  4.93264e+05  9.89294e+43  4.76850e+05  1.01178e+44  4.30814e+05  9.97522e+43 -5.16146e-04
 3.61449e+00  5.10242e+05  1.04296e+44  4.93264e+05  9.80102e+43  4.76850e+05  1.15336e+44  4.30814e+05  1.09352e+44 -5.16146e-04
 3.73262e+00  4.93264e+05  1.15661e+44  4.93264e+05  1.04062e+44  4.60983e+05  1.23853e+44  4.30814e+05  1.20411e+44 -5.16146e-04
 3.85462e+00  4.93264e+05  1.12698e+44  4.93264e+05  1.17109e+44  4.60983e+05  1.24422e+44  4.30814e+05  1.32974e+44 -5.16146e-04
 3.98060e+00  4.93264e+05  1.17782e+44  4.93264e+05  1.37206e+44  4.60983e+05  1.29315e+44  4.30814e+05  1.47094e+44 -5.16146e-04
 4.11069e+00  4.93264e+05  1.30934e+44  4.76850e+05  1.47768e+44  4.60983e+05  1.38551e+44  4.30814e+05  1.62828e+44 -5.16146e-04
 4.24504e+00  4.93264e+05  1.52208e+44  4.76850e+05  1.47037e+44  4.60983e+05  1.52168e+44  4.30814e+05  1.80242e+44 -5.16146e-04
 4.38378e+00  4.76850e+05  1.72038e+44  4.76850e+05  1.53478e+44  4.60983e+05  1.70225e+44  4.30814e+05  1.99408e+44 -5.16146e-04
 4.52705e+00  4.76850e+05  1.69236e+44  4.76850e+05  1.67120e+44  4.45643e+05  1.85047e+44  4.30814e+05  2.20405e+44 -5.16146e-04
 4.67501e+00  4.76850e+05  1.74715e+44  4.76850e+05  1.88019e+44  4.45643e+05  1.87191e+44  4.30814e+05  2.43320e+44 -5.16146e-04
 4.82780e+00  4.76850e+05  1.88498e+44  4.76850e+05  2.16261e+44  4.45643e+05  1.93917e+44  4.30814e+05  2.68249e+44 -5.16146e-04
 4.98558e+00  4.76850e+05  2.10642e+44  4.60983e+05  2.15497e+44  4.45643e+05  2.05255e+44  4.30814e+05  2.95293e+44 -5.16146e-04
 5.14853e+00  4.76850e+05  2.41238e+44  4.60983e+05  2.20304e+44  4.45643e+05  2.21250e+44  4.30814e+05  3.24565e+44 -5.16146e-04
 5.31679e+00  4.60983e+05  2.48781e+44  4.60983e+05  2.32589e+44  4.45643e+05  2.41970e+44  4.30814e+05  3.56187e+44 -5.16146e-04
 5.49056e+00  4.60983e+05  2.52296e+44  4.60983e+05  2.52401e+44  4.45643e+05  2.67499e+44  4.30814e+05  3.90289e+44 -5.16146e-04
 5.67001e+00  4.60983e+05  2.64437e+44  4.60983e+05  2.79822e+44  4.45643e+05  2.97944e+44  4.16479e+05  4.06042e+44 -5.16146e-04
 5.85532e+00  4.60983e+05  2.85252e+44  4.60983e+05  3.14967e+44  4.45643e+05  3.33430e+44  4.16479e+05  4.24345e+44 -5.16146e-04
 6.04668e+00  4.60983e+05  3.14828e+44  4.45643e+05  3.23121e+44  4.30814e+05  3.44947e+44  4.16479e+05  4.45409e+44 -5.16146e-04
 6.24430e+00  4.60983e+05  3.53288e+44  4.45643e+05  3.30834e+44  4.30814e+05  3.58524e+44  4.16479e+05  4.69323e+44 -5.16146e-04
 6.44838e+00  4.45643e+05  3.72337e+44  4.45643e+05  3.46480e+44  4.30814e+05  3.77393e+44  4.16479e+05  4.96185e+44 -5.16146e-04
 6.65913e+00  4.45643e+05  3.79085e+44  4.45643e+05  3.70126e+44  4.30814e+05  4.01632e+44  4.16479e+05  5.26107e+44 -5.16146e-04
 6.87677e+00  4.45643e+05  3.94982e+44  4.45643e+05  4.01869e+44  4.30814e+05  4.31341e+44  4.16479e+05  5.59211e+44 -5.16146e-04
 7.10152e+00  4.45643e+05  4.20094e+44  4.45643e+05  4.41840e+44  4.30814e+05  4.66644e+44  4.16479e+05  5.95637e+44 -5.16146e-04
 7.33362e+00  4.45643e+05  4.54525e+44  4.45643e+05  4.90204e+44  4.30814e+05  5.07687e+44  4.16479e+05  6.35533e+44 -5.16146e-04
 7.57330e+00  4.45643e+05  4.98418e+44  4.45643e+05  5.47162e+44  4.30814e+05  5.54639e+44  4.16479e+05  6.79065e+44 -5.16146e-04
 7.82082e+00  4.45643e+05  5.51954e+44  4.30814e+05  5.91402e+44  4.30814e+05  6.07695e+44  4.16479e+05  7.26413e+44 -5.16146e-04
 8.07642e+00  4.45643e+05  6.15355e+44  4.30814e+05  6.10302e+44  4.30814e+05  6.67075e+44  4.16479e+05  7.77774e+44 -5.16146e-04
 8.34038e+00  4.30814e+05  6.79258e+44  4.30814e+05  6.38293e+44  4.30814e+05  7.33023e+44  4.16479e+05  8.33359e+44 -5.16146e-04
 8.61296e+00  4.30814e+05  6.98616e+44  4.30814e+05  6.75490e+44  4.30814e+05  8.05814e+44  4.16479e+05  8.93400e+44 -5.16146e-04
 8.89446e+00  4.30814e+05  7.28445e+44  4.30814e+05  7.22048e+44  4.30814e+05  8.85747e+44  4.16479e+05  9.58143e+44 -5.16146e-04
 9.18515e+00  4.30814e+05  7.68870e+44  4.30814e+05  7.78159e+44  4.30814e+05  9.73155e+44  4.16479e+05  1.02786e+45 -5.16146e-04
 9.48535e+00  4.30814e+05  8.20057e+44  4.30814e+05  8.44055e+44  4.30814e+05  1.06840e+45  4.16479e+05  1.10283e+45 -5.16146e-04
 9.79535e+00  4.30814e+05  8.82219e+44  4.30814e+05  9.20010e+44  4.30814e+05  1.17187e+45  4.16479e+05  1.18338e+45 -5.16146e-04
 1.01155e+01  4.30814e+05  9.55612e+44  4.30814e+05  1.00634e+45  4.30814e+05  1.28400e+45  4.16479e+05  1.26983e+45 -5.16146e-04
 1.04461e+01  4.30814e+05  1.04054e+45  4.30814e+05  1.10339e+45  4.30814e+05  1.40526e+45  4.16479e+05  1.36253e+45 -5.16146e-04
 1.07875e+01  4.30814e+05  1.13736e+45  4.30814e+05  1.21158e+45  4.16479e+05  1.46839e+45  4.16479e+05  1.46189e+45 -5.16146e-04
 1.11401e+01  4.30814e+05  1.24646e+45  4.30814e+05  1.33135e+45  4.16479e+05  1.53221e+45  4.16479e+05  1.56830e+45 -5.16146e-04
 1.15041e+01  4.30814e+05  1.36830e+45  4.30814e+05  1.46319e+45  4.16479e+05  1.60618e+45  4.16479e+05  1.68220e+45 -5.16146e-04
 1.18801e+01  4.30814e+05  1.50339e+45  4.30814e+05  1.60765e+45  4.16479e+05  1.69060e+45  4.16479e+05  1.80408e+45 -5.16146e-04
 1.22684e+01  4.30814e+05  1.65228e+45  4.30814e+05  1.76533e+45  4.16479e+05  1.78584e+45  4.16479e+05  1.93442e+45 -5.16146e-04
 1.26694e+01  4.30814e+05  1.81558e+45  4.30814e+05  1.93689e+45  4.16479e+05  1.89226e+45  4.16479e+05  2.07378e+45 -5.16146e-04
 1.30834e+01  4.30814e+05  1.99398e+45  4.30814e+05  2.12302e+45  4.16479e+05  2.01033e+45  4.16479e+05  2.22273e+45 -5.16146e-04
 1.35110e+01  4.30814e+05  2.18822e+45  4.30814e+05  2.32450e+45  4.16479e+05  2.14053e+45  4.16479e+05  2.38188e+45 -5.16146e-04
 1.39526e+01  4.30814e+05  2.39909e+45  4.16479e+05  2.49625e+45  4.16479e+05  2.28340e+45  4.16479e+05  2.55189e+45 -5.16146e-04
 1.44086e+01  4.30814e+05  2.62747e+45  4.16479e+05  2.59761e+45  4.16479e+05  2.43952e+45  4.02620e+05  2.70340e+45 -5.16146e-04
 1.48795e+01  4.16479e+05  2.85762e+45  4.16479e+05  2.71630e+45  4.16479e+05  2.60954e+45  4.02620e+05  2.79162e+45 -5.16146e-04
 1.53658e+01  4.16479e+05  2.97002e+45  4.16479e+05  2.85279e+45  4.16479e+05  2.79418e+45  4.02620e+05  2.89240e+45 -5.16146e-04
 1.58680e+01  4.16479e+05  3.10229e+45  4.16479e+05  3.00765e+45  4.16479e+05  2.99419e+45  4.02620e+05  3.00615e+45 -5.16146e-04
 1.63866e+01  4.16479e+05  3.25498e+45  4.16479e+05  3.18152e+45  4.16479e+05  3.21039e+45  4.02620e+05  3.13335e+45 -5.16146e-04
 1.69222e+01  4.16479e+05  3.42872e+45  4.16479e+05  3.37513e+45  4.16479e+05  3.44369e+45  4.02620e+05  3.27453e+45 -5.16146e-04
 1.74753e+01  4.16479e+05  3.62423e+45  4.16479e+05  3.58926e+45  4.16479e+05  3.69505e+45  4.02620e+05  3.43026e+45 -5.16146e-04
 1.80464e+01  4.16479e+05  3.84232e+45  4.16479e+05  3.82482e+45  4.16479e+05  3.96551e+45  4.02620e+05  3.60120e+45 -5.16146e-04
 1.86362e+01  4.16479e+05  4.08389e+45  4.16479e+05  4.08277e+45  4.16479e+05  4.25619e+45  4.02620e+05  3.78804e+45 -5.16146e-04
 1.92453e+01  4.16479e+05  4.34995e+45  4.16479e+05  4.36418e+45  4.16479e+05  4.56830e+45  4.02620e+05  3.99157e+45 -5.16146e-04
 1.98743e+01  4.16479e+05  4.64159e+45  4.16479e+05  4.67022e+45  4.16479e+05  4.90311e+45  4.02620e+05  4.21262e+45 -5.16146e-04
 2.05238e+01  4.16479e+05  4.96001e+45  4.16479e+05  5.00215e+45  4.16479e+05  5.26203e+45  4.02620e+05  4.45211e+45 -5.16146e-04
 2.11946e+01  4.16479e+05  5.30655e+45  4.16479e+05  5.36135e+45  4.16479e+05  5.64653e+45  4.02620e+05  4.71104e+45 -5.16146e-04
 2.18873e+01  4.16479e+05  5.68262e+45  4.16479e+05  5.74930e+45  4.16479e+05  6.05821e+45  4.02620e+05  4.99046e+45 -5.16146e-04
 2.26026e+01  4.16479e+05  6.08980e+45  4.16479e+05  6.16761e+45  4.16479e+05  6.49877e+45  4.02620e+05  5.29154e+45 -5.16146e-04
 2.33413e+01  4.16479e+05  6.52975e+45  4.16479e+05  6.61800e+45  4.16479e+05  6.97003e+45  4.02620e+05  5.61553e+45 -5.16146e-04
 2.41042e+01  4.16479e+05  7.00431e+45  4.16479e+05  7.10235e+45  4.16479e+05  7.47395e+45  4.02620e+05  5.96377e+45 -5.16146e-04
 2.48920e+01  4.16479e+05  7.51544e+45  4.16479e+05  7.62266e+45  4.16479e+05  8.01260e+45  4.02620e+05  6.33769e+45 -5.16146e-04
 2.57055e+01  4.16479e+05  8.06525e+45  4.16479e+05  8.18108e+45  4.16479e+05  8.58822e+45  4.02620e+05  6.73884e+45 -5.16146e-04
 2.65456e+01  4.16479e+05  8.65602e+45  4.16479e+05  8.77992e+45  4.16479e+05  9.20320e+45  4.02620e+05  7.16889e+45 -5.16146e-04
 2.74132e+01  4.16479e+05  9.29019e+45  4.16479e+05  9.42167e+45  4.02620e+05  9.49803e+45  4.02620e+05  7.62962e+45 -5.16146e-04
 2.83091e+01  4.16479e+05  9.97040e+45  4.16479e+05  1.01090e+46  4.02620e+05  9.83275e+45  4.02620e+05  8.12292e+45 -5.16146e-04
 2.92343e+01  4.16479e+05  1.06994e+46  4.16479e+05  1.08447e+46  4.02620e+05  1.02120e+46  4.02620e+05  8.65085e+45 -5.16146e-04
 3.01898e+01  4.16479e+05  1.14803e+46  4.16479e+05  1.16318e+46  4.02620e+05  1.06373e+46  4.02620e+05  9.21558e+45 -5.16146e-04
 3.11765e+01  4.16479e+05  1.23163e+46  4.16479e+05  1.24737e+46  4.02620e+05  1.11104e+46  4.02620e+05  9.81946e+45 -5.16146e-04
 3.21954e+01  4.16479e+05  1.32109e+46  4.16479e+05  1.33737e+46  4.02620e+05  1.16333e+46  4.02620e+05  1.04650e+46 -5.16146e-04
 3.32476e+01  4.16479e+05  1.41677e+46  4.16479e+05  1.43356e+46  4.02620e+05  1.22082e+46  4.02620e+05  1.11548e+46 -5.16146e-04
 3.43343e+01  4.16479e+05  1.51907e+46  4.16479e+05  1.53635e+46  4.02620e+05  1.28374e+46  4.02620e+05  1.18918e+46 -5.16146e-04
 3.54564e+01  4.16479e+05  1.62842e+46  4.02620e+05  1.61762e+46  4.02620e+05  1.35235e+46  4.02620e+05  1.26791e+46 -5.16146e-04
 3.66152e+01  4.16479e+05  1.74526e+46  4.02620e+05  1.67153e+46  4.02620e+05  1.42695e+46  4.02620e+05  1.35198e+46 -5.16146e-04
 3.78119e+01  4.02620e+05  1.85440e+46  4.02620e+05  1.73303e+46  4.02620e+05  1.50782e+46  4.02620e+05  1.44174e+46 -5.16146e-04
 3.90477e+01  4.02620e+05  1.91463e+46  4.02620e+05  1.80235e+46  4.02620e+05  1.59532e+46  4.02620e+05  1.53758e+46 -5.16146e-04
 4.03238e+01  4.02620e+05  1.98354e+46  4.02620e+05  1.87978e+46  4.02620e+05  1.68980e+46  4.02620e+05  1.63987e+46 -5.16146e-04
 4.16417e+01  4.02620e+05  2.06142e+46  4.02620e+05  1.96565e+46  4.02620e+05  1.79166e+46  3.89223e+05  1.73564e+46 -5.16146e-04
 4.30027e+01  4.02620e+05  2.14859e+46  4.02620e+05  2.06032e+46  4.02620e+05  1.90131e+46  3.89223e+05  1.78710e+46 -5.16146e-04
 4.44081e+01  4.02620e+05  2.24541e+46  4.02620e+05  2.16416e+46  4.02620e+05  2.01921e+46  3.89223e+05  1.84606e+46 -5.16146e-04
 4.58595e+01  4.02620e+05  2.35227e+46  4.02620e+05  2.27762e+46  4.02620e+05  2.14585e+46  3.89223e+05  1.91276e+46 -5.16146e-04
 4.73583e+01  4.02620e+05  2.46964e+46  4.02620e+05  2.40116e+46  4.02620e+05  2.28175e+46  3.89223e+05  1.98747e+46 -5.16146e-04
 4.89061e+01  4.02620e+05  2.59798e+46  4.02620e+05  2.53529e+46  4.02620e+05  2.42747e+46  3.89223e+05  2.07051e+46 -5.16146e-04
 5.05045e+01  4.02620e+05  2.73783e+46  4.02620e+05  2.68058e+46  4.02620e+05  2.58362e+46  3.89223e+05  2.16222e+46 -5.16146e-04
 5.21551e+01  4.02620e+05  2.88976e+46  4.02620e+05  2.83761e+46  4.02620e+05  2.75084e+46  3.89223e+05  2.26298e+46 -5.16146e-04
 5.38597e+01  4.02620e+05  3.05442e+46  4.02620e+05  3.00704e+46  4.02620e+05  2.92983e+46  3.89223e+05  2.37320e+46 -5.16146e-04
 5.56199e+01  4.02620e+05  3.23247e+46  4.02620e+05  3.18958e+46  4.02620e+05  3.12132e+46  3.89223e+05  2.49335e+46 -5.16146e-04
 5.74378e+01  4.02620e+05  3.42466e+46  4.02620e+05  3.38597e+46  4.02620e+05  3.32611e+46  3.89223e+05  2.62392e+46 -5.16146e-04
 5.93150e+01  4.02620e+05  3.63178e+46  4.02620e+05  3.59703e+46  4.02620e+05  3.54505e+46  3.89223e+05  2.76544e+46 -5.16146e-04
 6.12535e+01  4.02620e+05  3.85469e+46  4.02620e+05  3.82363e+46  4.02620e+05  3.77904e+46  3.89223e+05  2.91851e+46 -5.16146e-04
 6.32555e+01  4.02620e+05  4.09431e+46  4.02620e+05  4.06671e+46  4.02620e+05  4.02905e+46  3.89223e+05  3.08376e+46 -5.16146e-04
 6.53228e+01  4.02620e+05  4.35163e+46  4.02620e+05  4.32728e+46  4.02620e+05  4.29612e+46  3.89223e+05  3.26187e+46 -5.16146e-04
 6.74577e+01  4.02620e+05  4.62772e+46  4.02620e+05  4.60642e+46  4.02620e+05  4.58134e+46  3.89223e+05  3.45358e+46 -5.16146e-04
 6.96624e+01  4.02620e+05  4.92372e+46  4.02620e+05  4.90527e+46  4.02620e+05  4.88591e+46  3.89223e+05  3.65969e+46 -5.16146e-04
 7.19392e+01  4.02620e+05  5.24085e+46  4.02620e+05  5.22508e+46  4.02620e+05  5.21107e+46  3.89223e+05  3.88104e+46 -5.16146e-04
 7.42903e+01  4.02620e+05  5.58043e+46  4.02620e+05  5.56717e+46  4.02620e+05  5.55819e+46  3.89223e+05  4.11855e+46 -5.16146e-04
 7.67183e+01  4.02620e+05  5.94386e+46  4.02620e+05  5.93296e+46  3.89223e+05  5.87785e+46  3.89223e+05  4.37321e+46 -5.16146e-04
 7.92257e+01  4.02620e+05  6.33265e+46  4.02620e+05  6.32395e+46  3.89223e+05  6.05276e+46  3.89223e+05  4.64607e+46 -5.16146e-04
 8.18150e+01  4.02620e+05  6.74840e+46  4.02620e+05  6.74178e+46  3.89223e+05  6.25310e+46  3.89223e+05  4.93825e+46 -5.16146e-04
 8.44889e+01  4.02620e+05  7.19284e+46  4.02620e+05  7.18816e+46  3.89223e+05  6.47969e+46  3.89223e+05  5.25097e+46 -5.16146e-04
 8.72502e+01  4.02620e+05  7.66781e+46  4.02620e+05  7.66495e+46  3.89223e+05  6.73348e+46  3.89223e+05  5.58553e+46 -5.16146e-04
 9.01018e+01  4.02620e+05  8.17527e+46  4.02620e+05  8.17411e+46  3.89223e+05  7.01552e+46  3.89223e+05  5.94330e+46 -5.16146e-04
 9.30466e+01  4.02620e+05  8.71731e+46  4.02620e+05  8.71776e+46  3.89223e+05  7.32698e+46  3.89223e+05  6.32576e+46 -5.16146e-04
 9.60876e+01  4.02620e+05  9.29620e+46  4.02620e+05  9.29814e+46  3.89223e+05  7.66913e+46  3.89223e+05  6.73451e+46 -5.16146e-04
 9.92280e+01  4.02620e+05  9.91431e+46  4.02620e+05  9.91766e+46  3.89223e+05  8.04341e+46  3.89223e+05  7.17123e+46 -5.16146e-04
 1.02471e+02  4.02620e+05  1.05742e+47  3.89223e+05  1.03154e+47  3.89223e+05  8.45135e+46  3.89223e+05  7.63772e+46 -5.16146e-04
 1.05820e+02  4.02620e+05  1.12786e+47  3.89223e+05  1.06384e+47  3.89223e+05  8.89466e+46  3.89223e+05  8.13593e+46 -5.16146e-04
 1.09278e+02  3.89223e+05  1.18304e+47  3.89223e+05  1.10061e+47  3.89223e+05  9.37515e+46  3.89223e+05  8.66790e+46 -5.16146e-04
 1.12850e+02  3.89223e+05  1.21914e+47  3.89223e+05  1.14200e+47  3.89223e+05  9.89482e+46  3.89223e+05  9.23585e+46 -5.16146e-04
 1.16538e+02  3.89223e+05  1.26037e+47  3.89223e+05  1.18819e+47  3.89223e+05  1.04558e+47  3.89223e+05  9.84212e+46 -5.16146e-04
 1.20347e+02  3.89223e+05  1.30689e+47  3.89223e+05  1.23936e+47  3.89223e+05  1.10605e+47  3.89223e+05  1.04892e+47 -5.16146e-04
 1.24280e+02  3.89223e+05  1.35889e+47  3.89223e+05  1.29572e+47  3.89223e+05  1.17113e+47  3.89223e+05  1.11798e+47 -5.16146e-04
 1.28342e+02  3.89223e+05  1.41659e+47  3.89223e+05  1.35751e+47  3.89223e+05  1.24109e+47  3.76271e+05  1.18426e+47 -5.16146e-04
 1.32537e+02  3.89223e+05  1.48023e+47  3.89223e+05  1.42498e+47  3.89223e+05  1.31623e+47  3.76271e+05  1.21787e+47 -5.16146e-04
 1.36868e+02  3.89223e+05  1.55007e+47  3.89223e+05  1.49841e+47  3.89223e+05  1.39686e+47  3.76271e+05  1.25654e+47 -5.16146e-04
 1.41341e+02  3.89223e+05  1.62640e+47  3.89223e+05  1.57812e+47  3.89223e+05  1.48330e+47  3.76271e+05  1.30041e+47 -5.16146e-04
 1.45961e+02  3.89223e+05  1.70954e+47  3.89223e+05  1.66442e+47  3.89223e+05  1.57592e+47  3.76271e+05  1.34967e+47 -5.16146e-04
 1.50731e+02  3.89223e+05  1.79983e+47  3.89223e+05  1.75767e+47  3.89223e+05  1.67510e+47  3.76271e+05  1.40453e+47 -5.16146e-04
 1.55658e+02  3.89223e+05  1.89764e+47  3.89223e+05  1.85826e+47  3.89223e+05  1.78125e+47  3.76271e+05  1.46522e+47 -5.16146e-04
 1.60745e+02  3.89223e+05  2.00339e+47  3.89223e+05  1.96661e+47  3.89223e+05  1.89482e+47  3.76271e+05  1.53197e+47 -5.16146e-04
 1.65998e+02  3.89223e+05  2.11749e+47  3.89223e+05  2.08316e+47  3.89223e+05  2.01626e+47  3.76271e+05  1.60508e+47 -5.16146e-04
 1.71424e+02  3.89223e+05  2.24044e+47  3.89223e+05  2.20840e+47  3.89223e+05  2.14608e+47  3.76271e+05  1.68484e+47 -5.16146e-04
 1.77026e+02  3.89223e+05  2.37274e+47  3.89223e+05  2.34285e+47  3.89223e+05  2.28482e+47  3.76271e+05  1.77158e+47 -5.16146e-04
 1.82812e+02  3.89223e+05  2.51493e+47  3.89223e+05  2.48706e+47  3.89223e+05  2.43306e+47  3.76271e+05  1.86566e+47 -5.16146e-04
 1.88787e+02  3.89223e+05  2.66761e+47  3.89223e+05  2.64162e+47  3.89223e+05  2.59140e+47  3.76271e+05  1.96748e+47 -5.16146e-04
 1.94957e+02  3.89223e+05  2.83140e+47  3.89223e+05  2.80718e+47  3.89223e+05  2.76051e+47  3.76271e+05  2.07744e+47 -5.16146e-04
 2.01328e+02  3.89223e+05  3.00698e+47  3.89223e+05  2.98443e+47  3.89223e+05  2.94107e+47  3.76271e+05  2.19602e+47 -5.16146e-04
 2.07908e+02  3.89223e+05  3.19508e+47  3.89223e+05  3.17409e+47  3.89223e+05  3.13385e+47  3.76271e+05  2.32369e+47 -5.16146e-04
 2.14703e+02  3.89223e+05  3.39649e+47  3.89223e+05  3.37695e+47  3.89223e+05  3.33964e+47  3.76271e+05  2.46099e+47 -5.16146e-04
 2.21720e+02  3.89223e+05  3.61202e+47  3.89223e+05  3.59386e+47  3.89223e+05  3.55928e+47  3.76271e+05  2.60849e+47 -5.16146e-04
 2.28967e+02  3.89223e+05  3.84258e+47  3.89223e+05  3.82570e+47  3.89223e+05  3.79369e+47  3.76271e+05  2.76678e+47 -5.16146e-04
 2.36450e+02  3.89223e+05  4.08912e+47  3.89223e+05  4.07344e+47  3.76271e+05  3.98536e+47  3.76271e+05  2.93654e+47 -5.16146e-04
 2.44178e+02  3.89223e+05  4.35265e+47  3.89223e+05  4.33811e+47  3.76271e+05  4.10152e+47  3.76271e+05  3.11847e+47 -5.16146e-04
 2.52158e+02  3.89223e+05  4.63428e+47  3.89223e+05  4.62079e+47  3.76271e+05  4.23470e+47  3.76271e+05  3.31330e+47 -5.16146e-04
 2.60399e+02  3.89223e+05  4.93516e+47  3.89223e+05  4.92266e+47  3.76271e+05  4.38544e+47  3.76271e+05  3.52186e+47 -5.16146e-04
 2.68910e+02  3.89223e+05  5.25654e+47  3.89223e+05  5.24497e+47  3.76271e+05  4.55437e+47  3.76271e+05  3.74501e+47 -5.16146e-04
 2.77699e+02  3.89223e+05  5.59974e+47  3.89223e+05  5.58905e+47  3.76271e+05  4.74218e+47  3.76271e+05  3.98366e+47 -5.16146e-04
 2.86774e+02  3.89223e+05  5.96620e+47  3.89223e+05  5.95633e+47  3.76271e+05  4.94966e+47  3.76271e+05  4.23881e+47 -5.16146e-04
 2.96147e+02  3.89223e+05  6.35743e+47  3.89223e+05  6.34833e+47  3.76271e+05  5.17765e+47  3.76271e+05  4.51152e+47 -5.16146e-04
 3.05826e+02  3.89223e+05  6.77504e+47  3.89223e+05  6.76666e+47  3.76271e+05  5.42712e+47  3.76271e+05  4.80290e+47 -5.16146e-04
 3.15821e+02  3.89223e+05  7.22077e+47  3.76271e+05  6.99182e+47  3.76271e+05  5.69908e+47  3.76271e+05  5.11417e+47 -5.16146e-04
 3.26143e+02  3.89223e+05  7.69645e+47  3.76271e+05  7.20646e+47  3.76271e+05  5.99467e+47  3.76271e+05  5.44661e+47 -5.16146e-04
 3.36802e+02  3.76271e+05  8.01981e+47  3.76271e+05  7.45099e+47  3.76271e+05  6.31510e+47  3.76271e+05  5.80161e+47 -5.16146e-04
 3.47810e+02  3.76271e+05  8.25965e+47  3.76271e+05  7.72642e+47  3.76271e+05  6.66170e+47  3.76271e+05  6.18062e+47 -5.16146e-04
 3.59177e+02  3.76271e+05  8.53376e+47  3.76271e+05  8.03389e+47  3.76271e+05  7.03592e+47  3.76271e+05  6.58523e+47 -5.16146e-04
 3.70916e+02  3.76271e+05  8.84325e+47  3.76271e+05  8.37467e+47  3.76271e+05  7.43929e+47  3.76271e+05  7.01709e+47 -5.16146e-04
 3.83038e+02  3.76271e+05  9.18941e+47  3.76271e+05  8.75018e+47  3.76271e+05  7.87348e+47  3.76271e+05  7.47801e+47 -5.16146e-04
 3.95557e+02  3.76271e+05  9.57369e+47  3.76271e+05  9.16197e+47  3.76271e+05  8.34029e+47  3.76271e+05  7.96988e+47 -5.16146e-04
 4.08485e+02  3.76271e+05  9.99765e+47  3.76271e+05  9.61174e+47  3.76271e+05  8.84166e+47  3.76271e+05  8.49475e+47 -5.16146e-04
 4.21835e+02  3.76271e+05  1.04631e+48  3.76271e+05  1.01013e+48  3.76271e+05  9.37966e+47  3.63750e+05  8.90290e+47 -5.16146e-04
 4.35622e+02  3.76271e+05  1.09719e+48  3.76271e+05  1.06328e+48  3.76271e+05  9.95652e+47  3.63750e+05  9.15622e+47 -5.16146e-04
 4.49859e+02  3.76271e+05  1.15261e+48  3.76271e+05  1.12084e+48  3.76271e+05  1.05746e+48  3.63750e+05  9.44745e+47 -5.16146e-04
 4.64562e+02  3.76271e+05  1.21282e+48  3.76271e+05  1.18304e+48  3.76271e+05  1.12365e+48  3.63750e+05  9.77778e+47 -5.16146e-04
 4.79745e+02  3.76271e+05  1.27805e+48  3.76271e+05  1.25014e+48  3.76271e+05  1.19449e+48  3.63750e+05  1.01486e+48 -5.16146e-04
 4.95424e+02  3.76271e+05  1.34858e+48  3.76271e+05  1.32242e+48  3.76271e+05  1.27029e+48  3.63750e+05  1.05614e+48 -5.16146e-04
 5.11616e+02  3.76271e+05  1.42470e+48  3.76271e+05  1.40019e+48  3.76271e+05  1.35134e+48  3.63750e+05  1.10179e+48 -5.16146e-04
 5.28337e+02  3.76271e+05  1.50672e+48  3.76271e+05  1.48375e+48  3.76271e+05  1.43799e+48  3.63750e+05  1.15201e+48 -5.16146e-04
 5.45604e+02  3.76271e+05  1.59498e+48  3.76271e+05  1.57346e+48  3.76271e+05  1.53059e+48  3.63750e+05  1.20699e+48 -5.16146e-04
 5.63436e+02  3.76271e+05  1.68986e+48  3.76271e+05  1.66969e+48  3.76271e+05  1.62953e+48  3.63750e+05  1.26697e+48 -5.16146e-04
 5.81850e+02  3.76271e+05  1.79173e+48  3.76271e+05  1.77283e+48  3.76271e+05  1.73522e+48  3.63750e+05  1.33219e+48 -5.16146e-04
 6.00867e+02  3.76271e+05  1.90103e+48  3.76271e+05  1.88332e+48  3.76271e+05  1.84809e+48  3.63750e+05  1.40293e+48 -5.16146e-04
 6.20505e+02  3.76271e+05  2.01820e+48  3.76271e+05  2.00161e+48  3.76271e+05  1.96862e+48  3.63750e+05  1.47947e+48 -5.16146e-04
 6.40784e+02  3.76271e+05  2.14373e+48  3.76271e+05  2.12819e+48  3.76271e+05  2.09729e+48  3.63750e+05  1.56214e+48 -5.16146e-04
 6.61727e+02  3.76271e+05  2.27814e+48  3.76271e+05  2.26359e+48  3.76271e+05  2.23465e+48  3.63750e+05  1.65128e+48 -5.16146e-04
 6.83354e+02  3.76271e+05  2.42199e+48  3.76271e+05  2.40835e+48  3.76271e+05  2.38126e+48  3.63750e+05  1.74725e+48 -5.16146e-04
 7.05688e+02  3.76271e+05  2.57586e+48  3.76271e+05  2.56309e+48  3.76271e+05  2.53773e+48  3.63750e+05  1.85045e+48 -5.16146e-04
 7.28751e+02  3.76271e+05  2.74041e+48  3.76271e+05  2.72845e+48  3.76271e+05  2.70471e+48  3.63750e+05  1.96131e+48 -5.16146e-04
 7.52569e+02  3.76271e+05  2.91630e+48  3.76271e+05  2.90510e+48  3.76271e+05  2.88288e+48  3.63750e+05  2.08028e+48 -5.16146e-04
 7.77165e+02  3.76271e+05  3.10427e+48  3.76271e+05  3.09378e+48  3.63750e+05  2.98158e+48  3.63750e+05  2.20787e+48 -5.16146e-04
 8.02565e+02  3.76271e+05  3.30509e+48  3.76271e+05  3.29528e+48  3.63750e+05  3.07007e+48  3.63750e+05  2.34460e+48 -5.16146e-04
 8.28794e+02  3.76271e+05  3.51960e+48  3.76271e+05  3.51041e+48  3.63750e+05  3.17126e+48  3.63750e+05  2.49103e+48 -5.16146e-04
 8.55882e+02  3.76271e+05  3.74869e+48  3.76271e+05  3.74008e+48  3.63750e+05  3.28559e+48  3.63750e+05  2.64777e+48 -5.16146e-04
 8.83854e+02  3.76271e+05  3.99329e+48  3.76271e+05  3.98524e+48  3.63750e+05  3.41351e+48  3.63750e+05  2.81547e+48 -5.16146e-04
 9.12741e+02  3.76271e+05  4.25443e+48  3.76271e+05  4.24689e+48  3.63750e+05  3.55556e+48  3.63750e+05  2.99482e+48 -5.16146e-04
 9.42571e+02  3.76271e+05  4.53318e+48  3.76271e+05  4.52613e+48  3.63750e+05  3.71234e+48  3.63750e+05  3.18656e+48 -5.16146e-04
 9.73377e+02  3.76271e+05  4.83070e+48  3.76271e+05  4.82411e+48  3.63750e+05  3.88447e+48  3.63750e+05  3.39150e+48 -5.16146e-04
 1.00519e+03  3.76271e+05  5.14822e+48  3.63750e+05  5.09039e+48  3.63750e+05  4.07269e+48  3.63750e+05  3.61047e+48 -5.16146e-04
 1.03804e+03  3.76271e+05  5.48705e+48  3.63750e+05  5.23203e+48  3.63750e+05  4.27777e+48  3.63750e+05  3.84438e+48 -5.16146e-04
 1.07197e+03  3.63750e+05  5.84281e+48  3.63750e+05  5.39533e+48  3.63750e+05  4.50056e+48  3.63750e+05  4.09421e+48 -5.16146e-04
 1.10700e+03  3.63750e+05  6.00055e+48  3.63750e+05  5.58096e+48  3.63750e+05  4.74197e+48  3.63750e+05  4.36098e+48 -5.16146e-04
 1.14318e+03  3.63750e+05  6.18313e+48  3.63750e+05  5.78970e+48  3.63750e+05  5.00301e+48  3.63750e+05  4.64580e+48 -5.16146e-04
 1.18054e+03  3.63750e+05  6.39131e+48  3.63750e+05  6.02240e+48  3.63750e+05  5.28476e+48  3.63750e+05  4.94984e+48 -5.16146e-04
 1.21913e+03  3.63750e+05  6.62595e+48  3.63750e+05  6.28003e+48  3.63750e+05  5.58839e+48  3.63750e+05  5.27437e+48 -5.16146e-04
 1.25897e+03  3.63750e+05  6.88801e+48  3.63750e+05  6.56366e+48  3.63750e+05  5.91514e+48  3.63750e+05  5.62073e+48 -5.16146e-04
 1.30012e+03  3.63750e+05  7.17859e+48  3.63750e+05  6.87446e+48  3.63750e+05  6.26638e+48  3.63750e+05  5.99036e+48 -5.16146e-04
 1.34261e+03  3.63750e+05  7.49888e+48  3.63750e+05  7.21372e+48  3.63750e+05  6.64356e+48  3.63750e+05  6.38477e+48 -5.16146e-04
 1.38649e+03  3.63750e+05  7.85022e+48  3.63750e+05  7.58283e+48  3.63750e+05  7.04824e+48  3.63750e+05  6.80561e+48 -5.16146e-04
 1.43180e+03  3.63750e+05  8.23405e+48  3.63750e+05  7.98333e+48  3.63750e+05  7.48208e+48  3.51646e+05  7.20988e+48 -5.16146e-04
 1.47860e+03  3.63750e+05  8.65197e+48  3.63750e+05  8.41688e+48  3.63750e+05  7.94690e+48  3.51646e+05  7.40145e+48 -5.16146e-04
 1.52692e+03  3.63750e+05  9.10569e+48  3.63750e+05  8.88527e+48  3.63750e+05  8.44461e+48  3.51646e+05  7.62366e+48 -5.16146e-04
 1.57683e+03  3.63750e+05  9.59711e+48  3.63750e+05  9.39044e+48  3.63750e+05  8.97727e+48  3.51646e+05  7.87741e+48 -5.16146e-04
 1.62836e+03  3.63750e+05  1.01283e+49  3.63750e+05  9.93447e+48  3.63750e+05  9.54708e+48  3.51646e+05  8.16376e+48 -5.16146e-04
 1.68158e+03  3.63750e+05  1.07013e+49  3.63750e+05  1.05196e+49  3.63750e+05  1.01564e+49  3.51646e+05  8.48390e+48 -5.16146e-04
 1.73654e+03  3.63750e+05  1.13187e+49  3.63750e+05  1.11483e+49  3.63750e+05  1.08078e+49  3.51646e+05  8.83915e+48 -5.16146e-04
 1.79329e+03  3.63750e+05  1.19829e+49  3.63750e+05  1.18232e+49  3.63750e+05  1.15039e+49  3.51646e+05  9.23098e+48 -5.16146e-04
 1.85190e+03  3.63750e+05  1.26967e+49  3.63750e+05  1.25469e+49  3.63750e+05  1.22476e+49  3.51646e+05  9.66102e+48 -5.16146e-04
 1.91243e+03  3.63750e+05  1.34631e+49  3.63750e+05  1.33226e+49  3.63750e+05  1.30420e+49  3.51646e+05  1.01310e+49 -5.16146e-04
 1.97493e+03  3.63750e+05  1.42852e+49  3.63750e+05  1.41535e+49  3.63750e+05  1.38903e+49  3.51646e+05  1.06430e+49 -5.16146e-04
 2.03948e+03  3.63750e+05  1.51664e+49  3.63750e+05  1.50429e+49  3.63750e+05  1.47962e+49  3.51646e+05  1.11990e+49 -5.16146e-04
 2.10613e+03  3.63750e+05  1.61104e+49  3.63750e+05  1.59946e+49  3.63750e+05  1.57633e+49  3.51646e+05  1.18013e+49 -5.16146e-04
 2.17497e+03  3.63750e+05  1.71210e+49  3.63750e+05  1.70125e+49  3.63750e+05  1.67957e+49  3.51646e+05  1.24525e+49 -5.16146e-04
 2.24605e+03  3.63750e+05  1.82025e+49  3.63750e+05  1.81008e+49  3.63750e+05  1.78975e+49  3.51646e+05  1.31552e+49 -5.16146e-04
 2.31946e+03  3.63750e+05  1.93594e+49  3.63750e+05  1.92640e+49  3.63750e+05  1.90734e+49  3.51646e+05  1.39124e+49 -5.16146e-04
 2.39526e+03  3.63750e+05  2.05964e+49  3.63750e+05  2.05070e+49  3.63750e+05  2.03283e+49  3.51646e+05  1.47271e+49 -5.16146e-04
 2.47355e+03  3.63750e+05  2.19186e+49  3.63750e+05  2.18348e+49  3.63750e+05  2.16673e+49  3.51646e+05  1.56028e+49 -5.16146e-04
 2.55439e+03  3.63750e+05  2.33316e+49  3.63750e+05  2.32530e+49  3.63750e+05  2.30960e+49  3.51646e+05  1.65431e+49 -5.16146e-04
 2.63787e+03  3.63750e+05  2.48411e+49  3.63750e+05  2.47674e+49  3.51646e+05  2.40448e+49  3.51646e+05  1.75518e+49 -5.16146e-04
 2.72409e+03  3.63750e+05  2.64534e+49  3.63750e+05  2.63843e+49  3.51646e+05  2.47216e+49  3.51646e+05  1.86331e+49 -5.16146e-04
 2.81312e+03  3.63750e+05  2.81752e+49  3.63750e+05  2.81105e+49  3.51646e+05  2.55008e+49  3.51646e+05  1.97916e+49 -5.16146e-04
 2.90506e+03  3.63750e+05  3.00137e+49  3.63750e+05  2.99530e+49  3.51646e+05  2.63855e+49  3.51646e+05  2.10320e+49 -5.16146e-04
 3.00000e+03  3.63750e+05  3.19763e+49  3.63750e+05  3.19194e+49  3.51646e+05  2.73794e+49  3.51646e+05  2.23594e+49 -5.16146e-04
