radius_rg T_0deg chi2_0deg T_15deg chi2_15deg T_30deg chi2_30deg T_45deg chi2_45deg nuLnusavg_last
 2.00000e-01  4.76850e+05  5.54972e+41  4.60983e+05  4.77010e+41  4.45643e+05  2.24825e+41  3.51646e+05  7.74167e+39 -2.05701e-75
 2.06537e-01  4.76850e+05  5.55361e+41  4.60983e+05  4.45984e+41  4.30814e+05  2.12968e+41  3.51646e+05  7.87684e+39 -2.05701e-75
 2.13287e-01  4.60983e+05  5.61734e+41  4.60983e+05  4.29405e+41  4.30814e+05  1.97982e+41  3.51646e+05  8.83411e+39 -2.05701e-75
 2.20257e-01  4.60983e+05  5.21945e+41  4.60983e+05  4.27204e+41  4.30814e+05  1.91091e+41  3.39945e+05  1.01277e+40 -2.05701e-75
 2.27456e-01  4.60983e+05  4.98866e+41  4.60983e+05  4.39372e+41  4.30814e+05  1.92266e+41  3.39945e+05  7.93353e+39 -2.05701e-75
 2.34890e-01  4.60983e+05  4.92403e+41  4.45643e+05  4.11138e+41  4.30814e+05  2.01512e+41  3.39945e+05  6.56169e+39 -2.05701e-75
 2.42567e-01  4.60983e+05  5.02528e+41  4.45643e+05  3.86981e+41  4.16479e+05  1.84521e+41  3.39945e+05  6.00651e+39 -2.05701e-75
 2.50494e-01  4.45643e+05  4.83750e+41  4.45643e+05  3.77028e+41  4.16479e+05  1.71018e+41  3.39945e+05  6.26569e+39 -2.05701e-75
 2.58681e-01  4.45643e+05  4.51965e+41  4.45643e+05  3.81236e+41  4.16479e+05  1.65498e+41  3.39945e+05  7.34030e+39 -2.05701e-75
 2.67136e-01  4.45643e+05  4.36601e+41  4.30814e+05  3.88753e+41  4.16479e+05  1.67938e+41  3.28633e+05  8.68475e+39 -2.05701e-75
 2.75866e-01  4.45643e+05  4.37595e+41  4.30814e+05  3.55183e+41  4.16479e+05  1.78348e+41  3.28633e+05  6.47614e+39 -2.05701e-75
 2.84882e-01  4.45643e+05  4.54950e+41  4.30814e+05  3.35684e+41  4.02620e+05  1.60595e+41  3.28633e+05  5.08383e+39 -2.05701e-75
 2.94193e-01  4.30814e+05  4.17829e+41  4.30814e+05  3.30176e+41  4.02620e+05  1.47318e+41  3.28633e+05  4.50206e+39 -2.05701e-75
 3.03808e-01  4.30814e+05  3.91483e+41  4.30814e+05  3.38635e+41  4.02620e+05  1.41926e+41  3.28633e+05  4.72842e+39 -2.05701e-75
 3.13737e-01  4.30814e+05  3.81308e+41  4.16479e+05  3.38010e+41  4.02620e+05  1.44397e+41  3.28633e+05  5.76385e+39 -2.05701e-75
 3.23991e-01  4.30814e+05  3.87261e+41  4.16479e+05  3.07117e+41  4.02620e+05  1.54740e+41  3.28633e+05  7.61264e+39 -2.05701e-75
 3.34580e-01  4.16479e+05  4.01096e+41  4.16479e+05  2.90096e+41  3.89223e+05  1.41161e+41  3.17698e+05  5.59833e+39 -2.05701e-75
 3.45515e-01  4.16479e+05  3.61617e+41  4.16479e+05  2.86877e+41  3.89223e+05  1.26853e+41  3.17698e+05  4.02342e+39 -2.05701e-75
 3.56807e-01  4.16479e+05  3.38186e+41  4.16479e+05  2.97447e+41  3.89223e+05  1.20346e+41  3.17698e+05  3.25466e+39 -2.05701e-75
 3.68468e-01  4.16479e+05  3.30705e+41  4.02620e+05  2.96286e+41  3.89223e+05  1.21612e+41  3.17698e+05  3.28886e+39 -2.05701e-75
 3.80511e-01  4.16479e+05  3.39143e+41  4.02620e+05  2.65877e+41  3.89223e+05  1.30657e+41  3.17698e+05  4.12619e+39 -2.05701e-75
 3.92947e-01  4.02620e+05  3.52755e+41  4.02620e+05  2.49170e+41  3.76271e+05  1.26820e+41  3.17698e+05  5.77008e+39 -2.05701e-75
 4.05790e-01  4.02620e+05  3.13883e+41  4.02620e+05  2.46095e+41  3.76271e+05  1.10213e+41  3.07126e+05  5.43607e+39 -2.05701e-75
 4.19052e-01  4.02620e+05  2.90860e+41  4.02620e+05  2.56640e+41  3.76271e+05  1.01338e+41  3.07126e+05  3.51168e+39 -2.05701e-75
 4.32748e-01  4.02620e+05  2.83592e+41  3.89223e+05  2.63532e+41  3.76271e+05  1.00157e+41  3.07126e+05  2.39133e+39 -2.05701e-75
 4.46891e-01  4.02620e+05  2.92047e+41  3.89223e+05  2.31414e+41  3.76271e+05  1.06667e+41  3.07126e+05  2.07038e+39 -2.05701e-75
 4.61496e-01  3.89223e+05  3.15377e+41  3.89223e+05  2.12855e+41  3.63750e+05  1.18855e+41  3.07126e+05  2.54750e+39 -2.05701e-75
 4.76579e-01  3.89223e+05  2.74569e+41  3.89223e+05  2.07779e+41  3.63750e+05  9.86558e+40  3.07126e+05  3.82466e+39 -2.05701e-75
 4.92155e-01  3.89223e+05  2.49448e+41  3.89223e+05  2.16163e+41  3.63750e+05  8.61397e+40  3.07126e+05  5.90715e+39 -2.05701e-75
 5.08240e-01  3.89223e+05  2.39909e+41  3.89223e+05  2.38043e+41  3.63750e+05  8.12554e+40  2.96907e+05  3.79483e+39 -2.05701e-75
 5.24851e-01  3.89223e+05  2.45915e+41  3.76271e+05  2.04758e+41  3.63750e+05  8.39828e+40  2.96907e+05  2.15180e+39 -2.05701e-75
 5.42004e-01  3.89223e+05  2.67488e+41  3.76271e+05  1.82164e+41  3.63750e+05  9.43330e+40  2.96907e+05  1.30717e+39 -2.05701e-75
 5.59718e-01  3.76271e+05  2.44870e+41  3.76271e+05  1.72925e+41  3.51646e+05  9.41798e+40  2.96907e+05  1.25745e+39 -2.05701e-75
 5.78011e-01  3.76271e+05  2.15122e+41  3.76271e+05  1.77003e+41  3.51646e+05  7.67134e+40  2.96907e+05  2.00244e+39 -2.05701e-75
 5.96902e-01  3.76271e+05  2.00814e+41  3.76271e+05  1.94415e+41  3.51646e+05  6.68398e+40  2.96907e+05  3.54522e+39 -2.05701e-75
 6.16411e-01  3.76271e+05  2.01888e+41  3.63750e+05  1.88110e+41  3.51646e+05  6.45182e+40  2.87027e+05  5.25187e+39 -2.05701e-75
 6.36557e-01  3.76271e+05  2.18348e+41  3.63750e+05  1.59258e+41  3.51646e+05  6.97388e+40  2.87027e+05  2.90489e+39 -2.05701e-75
 6.57361e-01  3.63750e+05  2.27343e+41  3.63750e+05  1.43667e+41  3.51646e+05  8.25234e+40  2.87027e+05  1.35944e+39 -2.05701e-75
 6.78845e-01  3.63750e+05  1.90389e+41  3.63750e+05  1.41271e+41  3.39945e+05  7.58351e+40  2.87027e+05  6.09112e+38 -2.05701e-75
 7.01032e-01  3.63750e+05  1.68775e+41  3.63750e+05  1.52061e+41  3.39945e+05  5.96361e+40  2.87027e+05  6.50807e+38 -2.05701e-75
 7.23943e-01  3.63750e+05  1.62409e+41  3.63750e+05  1.76081e+41  3.39945e+05  5.09593e+40  2.87027e+05  1.48470e+39 -2.05701e-75
 7.47603e-01  3.63750e+05  1.71266e+41  3.51646e+05  1.47569e+41  3.39945e+05  4.97686e+40  2.87027e+05  3.11423e+39 -2.05701e-75
 7.72037e-01  3.63750e+05  1.95383e+41  3.51646e+05  1.23376e+41  3.39945e+05  5.60593e+40  2.77476e+05  5.17256e+39 -2.05701e-75
 7.97269e-01  3.51646e+05  1.79230e+41  3.51646e+05  1.12296e+41  3.39945e+05  6.98572e+40  2.77476e+05  2.73529e+39 -2.05701e-75
 8.23326e-01  3.51646e+05  1.47701e+41  3.51646e+05  1.14281e+41  3.28633e+05  6.32790e+40  2.77476e+05  1.09883e+39 -2.05701e-75
 8.50234e-01  3.51646e+05  1.31333e+41  3.51646e+05  1.29340e+41  3.28633e+05  4.68711e+40  2.77476e+05  2.56426e+38 -2.05701e-75
 8.78022e-01  3.51646e+05  1.30060e+41  3.39945e+05  1.51960e+41  3.28633e+05  3.79326e+40  2.77476e+05  2.04581e+38 -2.05701e-75
 9.06718e-01  3.51646e+05  1.43876e+41  3.39945e+05  1.16821e+41  3.28633e+05  3.64264e+40  2.77476e+05  9.43085e+38 -2.05701e-75
 9.36352e-01  3.51646e+05  1.72837e+41  3.39945e+05  9.47660e+40  3.28633e+05  4.23462e+40  2.77476e+05  2.47499e+39 -2.05701e-75
 9.66955e-01  3.39945e+05  1.43120e+41  3.39945e+05  8.57048e+40  3.28633e+05  5.57166e+40  2.77476e+05  4.80664e+39 -2.05701e-75
 9.98557e-01  3.39945e+05  1.14093e+41  3.39945e+05  8.95994e+40  3.17698e+05  5.68546e+40  2.68243e+05  3.39642e+39 -2.05701e-75
 1.03119e+00  3.39945e+05  1.00089e+41  3.39945e+05  1.06466e+41  3.17698e+05  3.87334e+40  2.68243e+05  1.47252e+39 -2.05701e-75
 1.06489e+00  3.39945e+05  1.01049e+41  3.28633e+05  1.30370e+41  3.17698e+05  2.80478e+40  2.68243e+05  3.44206e+38 -2.05701e-75
 1.09970e+00  3.39945e+05  1.16979e+41  3.28633e+05  9.49180e+40  3.17698e+05  2.47536e+40  2.68243e+05  6.82099e+36 -2.05701e-75
 1.13564e+00  3.39945e+05  1.47943e+41  3.28633e+05  7.24599e+40  3.17698e+05  2.88372e+40  2.68243e+05  4.58965e+38 -2.05701e-75
 1.17276e+00  3.28633e+05  1.17923e+41  3.28633e+05  6.29027e+40  3.17698e+05  4.03154e+40  2.68243e+05  1.70251e+39 -2.05701e-75
 1.21108e+00  3.28633e+05  8.84552e+40  3.28633e+05  6.62070e+40  3.07126e+05  5.78836e+40  2.68243e+05  3.74260e+39 -2.05701e-75
 1.25067e+00  3.28633e+05  7.39039e+40  3.28633e+05  8.23864e+40  3.07126e+05  3.64954e+40  2.59317e+05  5.16224e+39 -2.05701e-75
 1.29154e+00  3.28633e+05  7.42090e+40  3.28633e+05  1.11508e+41  3.07126e+05  2.25336e+40  2.59317e+05  2.74256e+39 -2.05701e-75
 1.33375e+00  3.28633e+05  8.93718e+40  3.17698e+05  8.24328e+40  3.07126e+05  1.59403e+40  2.59317e+05  1.12373e+39 -2.05701e-75
 1.37734e+00  3.28633e+05  1.19455e+41  3.17698e+05  5.69817e+40  3.07126e+05  1.66883e+40  2.59317e+05  2.99056e+38 -2.05701e-75
 1.42236e+00  3.17698e+05  1.04314e+41  3.17698e+05  4.43675e+40  3.07126e+05  2.47808e+40  2.59317e+05  2.65117e+38 -2.05701e-75
 1.46884e+00  3.17698e+05  7.14053e+40  3.17698e+05  4.45381e+40  3.07126e+05  4.02510e+40  2.59317e+05  1.02178e+39 -2.05701e-75
 1.51685e+00  3.17698e+05  5.33429e+40  3.17698e+05  5.74942e+40  2.96907e+05  4.25127e+40  2.59317e+05  2.57217e+39 -2.05701e-75
 1.56642e+00  3.17698e+05  5.00518e+40  3.17698e+05  8.32893e+40  2.96907e+05  2.36774e+40  2.59317e+05  4.92270e+39 -2.05701e-75
 1.61762e+00  3.17698e+05  6.15185e+40  3.07126e+05  8.16135e+40  2.96907e+05  1.22155e+40  2.50688e+05  5.36121e+39 -2.05701e-75
 1.67049e+00  3.17698e+05  8.77903e+40  3.07126e+05  5.04994e+40  2.96907e+05  8.07938e+39  2.50688e+05  3.03120e+39 -2.05701e-75
 1.72508e+00  3.07126e+05  1.04912e+41  3.07126e+05  3.21954e+40  2.96907e+05  1.12520e+40  2.50688e+05  1.50323e+39 -2.05701e-75
 1.78146e+00  3.07126e+05  6.54677e+40  3.07126e+05  2.66258e+40  2.96907e+05  2.17466e+40  2.50688e+05  7.70983e+38 -2.05701e-75
 1.83968e+00  3.07126e+05  4.08450e+40  3.07126e+05  3.37675e+40  2.96907e+05  3.96064e+40  2.50688e+05  8.31427e+38 -2.05701e-75
 1.89981e+00  3.07126e+05  3.09419e+40  3.07126e+05  5.36501e+40  2.87027e+05  3.49908e+40  2.50688e+05  1.68481e+39 -2.05701e-75
 1.96190e+00  3.07126e+05  3.57174e+40  3.07126e+05  8.63559e+40  2.87027e+05  1.69995e+40  2.50688e+05  3.33467e+39 -2.05701e-75
 2.02602e+00  3.07126e+05  5.51914e+40  2.96907e+05  5.70369e+40  2.87027e+05  6.35383e+39  2.50688e+05  5.78784e+39 -2.05701e-75
 2.09224e+00  3.07126e+05  8.94444e+40  2.96907e+05  3.03000e+40  2.87027e+05  3.00979e+39  2.42346e+05  6.73031e+39 -2.05701e-75
 2.16062e+00  2.96907e+05  7.53214e+40  2.96907e+05  1.62896e+40  2.87027e+05  6.95352e+39  2.42346e+05  4.26113e+39 -2.05701e-75
 2.23123e+00  2.96907e+05  4.09574e+40  2.96907e+05  1.49478e+40  2.87027e+05  1.82013e+40  2.42346e+05  2.59909e+39 -2.05701e-75
 2.30415e+00  2.96907e+05  2.13135e+40  2.96907e+05  2.62690e+40  2.87027e+05  3.67998e+40  2.42346e+05  1.73731e+39 -2.05701e-75
 2.37946e+00  2.96907e+05  1.63085e+40  2.96907e+05  5.03000e+40  2.77476e+05  3.51249e+40  2.42346e+05  1.67221e+39 -2.05701e-75
 2.45723e+00  2.96907e+05  2.59215e+40  2.87027e+05  8.27715e+40  2.77476e+05  1.62206e+40  2.42346e+05  2.40354e+39 -2.05701e-75
 2.53753e+00  2.96907e+05  5.01924e+40  2.87027e+05  4.46875e+40  2.77476e+05  4.65864e+39  2.42346e+05  3.93431e+39 -2.05701e-75
 2.62047e+00  2.96907e+05  8.92216e+40  2.87027e+05  1.93896e+40  2.77476e+05  3.91306e+38  2.42346e+05  6.27087e+39 -2.05701e-75
 2.70611e+00  2.87027e+05  6.06600e+40  2.87027e+05  6.77306e+39  2.77476e+05  3.40091e+39  2.42346e+05  9.42288e+39 -2.05701e-75
 2.79455e+00  2.87027e+05  2.79709e+40  2.87027e+05  6.78568e+39  2.77476e+05  1.36999e+40  2.34282e+05  6.64160e+39 -2.05701e-75
 2.88589e+00  2.87027e+05  9.94820e+39  2.87027e+05  1.94275e+40  2.77476e+05  3.13309e+40  2.34282e+05  4.60430e+39 -2.05701e-75
 2.98021e+00  2.87027e+05  6.51728e+39  2.87027e+05  4.47509e+40  2.68243e+05  4.40600e+40  2.34282e+05  3.37556e+39 -2.05701e-75
 3.07761e+00  2.87027e+05  1.76639e+40  2.87027e+05  8.28606e+40  2.68243e+05  2.24055e+40  2.34282e+05  2.95028e+39 -2.05701e-75
 3.17819e+00  2.87027e+05  4.34343e+40  2.77476e+05  4.41932e+40  2.68243e+05  8.11898e+39  2.34282e+05  3.32672e+39 -2.05701e-75
 3.28206e+00  2.87027e+05  8.39350e+40  2.77476e+05  1.73121e+40  2.68243e+05  1.14140e+39  2.34282e+05  4.50643e+39 -2.05701e-75
 3.38933e+00  2.77476e+05  6.05203e+40  2.77476e+05  3.10371e+39  2.68243e+05  1.44386e+39  2.34282e+05  6.49428e+39 -2.05701e-75
 3.50010e+00  2.77476e+05  2.60044e+40  2.77476e+05  1.50934e+39  2.68243e+05  9.02761e+39  2.34282e+05  9.29852e+39 -2.05701e-75
 3.61449e+00  2.77476e+05  6.14666e+39  2.77476e+05  1.25223e+40  2.68243e+05  2.39240e+40  2.26486e+05  1.06415e+40 -2.05701e-75
 3.73262e+00  2.77476e+05  8.64992e+38  2.77476e+05  3.61883e+40  2.68243e+05  4.61948e+40  2.26486e+05  7.96365e+39 -2.05701e-75
 3.85462e+00  2.77476e+05  1.01375e+40  2.77476e+05  7.26052e+40  2.59317e+05  3.81368e+40  2.26486e+05  6.10824e+39 -2.05701e-75
 3.98060e+00  2.77476e+05  3.40026e+40  2.68243e+05  5.74722e+40  2.59317e+05  1.92058e+40  2.26486e+05  5.06761e+39 -2.05701e-75
 4.11069e+00  2.77476e+05  7.25590e+40  2.68243e+05  2.58504e+40  2.59317e+05  7.62965e+39  2.26486e+05  4.83745e+39 -2.05701e-75
 4.24504e+00  2.68243e+05  7.71558e+40  2.68243e+05  6.93683e+39  2.59317e+05  3.36039e+39  2.26486e+05  5.41682e+39 -2.05701e-75
 4.38378e+00  2.68243e+05  3.71529e+40  2.68243e+05  6.53068e+38  2.59317e+05  6.38035e+39  2.26486e+05  6.80810e+39 -2.05701e-75
 4.52705e+00  2.68243e+05  1.18544e+40  2.68243e+05  6.97314e+39  2.59317e+05  1.67020e+40  2.26486e+05  9.01706e+39 -2.05701e-75
 4.67501e+00  2.68243e+05  1.15559e+39  2.68243e+05  2.59232e+40  2.59317e+05  3.43681e+40  2.26486e+05  1.20528e+40 -2.05701e-75
 4.82780e+00  2.68243e+05  5.01215e+39  2.68243e+05  5.75817e+40  2.59317e+05  5.94518e+40  2.18950e+05  1.34464e+40 -2.05701e-75
 4.98558e+00  2.68243e+05  2.34401e+40  2.59317e+05  8.91096e+40  2.50688e+05  4.21629e+40  2.18950e+05  1.06710e+40 -2.05701e-75
 5.14853e+00  2.68243e+05  5.65156e+40  2.59317e+05  4.93867e+40  2.50688e+05  2.39506e+40  2.18950e+05  8.72936e+39 -2.05701e-75
 5.31679e+00  2.68243e+05  1.04376e+41  2.59317e+05  2.24694e+40  2.50688e+05  1.31128e+40  2.18950e+05  7.61331e+39 -2.05701e-75
 5.49056e+00  2.59317e+05  6.65299e+40  2.59317e+05  8.24612e+39  2.50688e+05  9.60449e+39  2.18950e+05  7.31826e+39 -2.05701e-75
 5.67001e+00  2.59317e+05  3.19663e+40  2.59317e+05  6.65814e+39  2.50688e+05  1.34113e+40  2.18950e+05  7.84301e+39 -2.05701e-75
 5.85532e+00  2.59317e+05  1.20856e+40  2.59317e+05  1.76988e+40  2.50688e+05  2.45489e+40  2.18950e+05  9.18971e+39 -2.05701e-75
 6.04668e+00  2.59317e+05  6.80559e+39  2.59317e+05  4.14139e+40  2.50688e+05  4.30634e+40  2.18950e+05  1.13639e+40 -2.05701e-75
 6.24430e+00  2.59317e+05  1.61043e+40  2.59317e+05  7.79015e+40  2.50688e+05  6.90315e+40  2.18950e+05  1.43747e+40 -2.05701e-75
 6.44838e+00  2.59317e+05  4.00203e+40  2.50688e+05  9.54234e+40  2.42346e+05  5.63287e+40  2.11664e+05  1.82233e+40 -2.05701e-75
 6.65913e+00  2.59317e+05  7.86525e+40  2.50688e+05  5.69291e+40  2.42346e+05  3.67222e+40  2.11664e+05  1.50468e+40 -2.05701e-75
 6.87677e+00  2.50688e+05  1.22879e+41  2.50688e+05  3.12715e+40  2.42346e+05  2.45429e+40  2.11664e+05  1.27220e+40 -2.05701e-75
 7.10152e+00  2.50688e+05  7.49001e+40  2.50688e+05  1.83444e+40  2.42346e+05  1.97406e+40  2.11664e+05  1.12394e+40 -2.05701e-75
 7.33362e+00  2.50688e+05  4.17822e+40  2.50688e+05  1.80943e+40  2.42346e+05  2.22953e+40  2.11664e+05  1.05928e+40 -2.05701e-75
 7.57330e+00  2.50688e+05  2.33877e+40  2.50688e+05  3.05203e+40  2.42346e+05  3.22176e+40  2.11664e+05  1.07795e+40 -2.05701e-75
 7.82082e+00  2.50688e+05  1.96407e+40  2.50688e+05  5.56738e+40  2.42346e+05  4.95485e+40  2.11664e+05  1.18003e+40 -2.05701e-75
 8.07642e+00  2.50688e+05  3.05255e+40  2.50688e+05  9.36587e+40  2.42346e+05  7.43597e+40  2.11664e+05  1.36595e+40 -2.05701e-75
 8.34038e+00  2.50688e+05  5.60873e+40  2.42346e+05  1.21306e+41  2.34282e+05  8.28550e+40  2.11664e+05  1.63647e+40 -2.05701e-75
 8.61296e+00  2.50688e+05  9.64318e+40  2.42346e+05  8.03428e+40  2.34282e+05  5.95743e+40  2.11664e+05  1.99272e+40 -2.05701e-75
 8.89446e+00  2.50688e+05  1.51726e+41  2.42346e+05  5.23136e+40  2.34282e+05  4.38156e+40  2.04621e+05  2.17852e+40 -2.05701e-75
 9.18515e+00  2.42346e+05  1.02599e+41  2.42346e+05  3.71020e+40  2.34282e+05  3.55135e+40  2.04621e+05  1.87365e+40 -2.05701e-75
 9.48535e+00  2.42346e+05  6.67170e+40  2.42346e+05  3.46451e+40  2.34282e+05  3.46336e+40  2.04621e+05  1.65549e+40 -2.05701e-75
 9.79535e+00  2.42346e+05  4.56619e+40  2.42346e+05  4.49327e+40  2.34282e+05  4.11725e+40  2.04621e+05  1.52312e+40 -2.05701e-75
 1.01155e+01  2.42346e+05  3.93464e+40  2.42346e+05  6.80075e+40  2.34282e+05  5.51570e+40  2.04621e+05  1.47601e+40 -2.05701e-75
 1.04461e+01  2.42346e+05  4.77443e+40  2.42346e+05  1.03965e+41  2.34282e+05  7.66451e+40  2.04621e+05  1.51396e+40 -2.05701e-75
 1.07875e+01  2.42346e+05  7.08904e+40  2.42346e+05  1.52953e+41  2.34282e+05  1.05726e+41  2.04621e+05  1.63712e+40 -2.05701e-75
 1.11401e+01  2.42346e+05  1.08881e+41  2.34282e+05  1.23339e+41  2.26486e+05  9.70154e+40  2.04621e+05  1.84601e+40 -2.05701e-75
 1.15041e+01  2.42346e+05  1.61872e+41  2.34282e+05  8.90251e+40  2.26486e+05  7.52064e+40  2.04621e+05  2.14149e+40 -2.05701e-75
 1.18801e+01  2.34282e+05  1.53991e+41  2.34282e+05  6.76803e+40  2.26486e+05  6.09839e+40  2.04621e+05  2.52478e+40 -2.05701e-75
 1.22684e+01  2.34282e+05  1.10806e+41  2.34282e+05  5.92167e+40  2.26486e+05  5.42892e+40  1.97812e+05  2.79872e+40 -2.05701e-75
 1.26694e+01  2.34282e+05  8.26302e+40  2.34282e+05  6.35993e+40  2.26486e+05  5.50944e+40  1.97812e+05  2.47093e+40 -2.05701e-75
 1.30834e+01  2.34282e+05  6.93468e+40  2.34282e+05  8.08462e+40  2.26486e+05  6.34030e+40  1.97812e+05  2.23231e+40 -2.05701e-75
 1.35110e+01  2.34282e+05  7.09010e+40  2.34282e+05  1.11029e+41  2.26486e+05  7.92493e+40  1.97812e+05  2.08189e+40 -2.05701e-75
 1.39526e+01  2.34282e+05  8.72992e+40  2.34282e+05  1.54272e+41  2.26486e+05  1.02699e+41  1.97812e+05  2.01903e+40 -2.05701e-75
 1.44086e+01  2.34282e+05  1.18609e+41  2.26486e+05  1.93959e+41  2.26486e+05  1.33849e+41  1.97812e+05  2.04347e+40 -2.05701e-75
 1.48795e+01  2.34282e+05  1.64961e+41  2.26486e+05  1.49025e+41  2.18950e+05  1.26086e+41  1.97812e+05  2.15533e+40 -2.05701e-75
 1.53658e+01  2.34282e+05  2.26546e+41  2.26486e+05  1.17310e+41  2.18950e+05  1.03199e+41  1.97812e+05  2.35505e+40 -2.05701e-75
 1.58680e+01  2.26486e+05  1.82959e+41  2.26486e+05  9.86814e+40  2.18950e+05  8.80157e+40  1.97812e+05  2.64347e+40 -2.05701e-75
 1.63866e+01  2.26486e+05  1.42745e+41  2.26486e+05  9.30622e+40  2.18950e+05  8.04716e+40  1.97812e+05  3.02178e+40 -2.05701e-75
 1.69222e+01  2.26486e+05  1.17672e+41  2.26486e+05  1.00429e+41  2.18950e+05  8.05358e+40  1.97812e+05  3.49154e+40 -2.05701e-75
 1.74753e+01  2.26486e+05  1.07637e+41  2.26486e+05  1.20813e+41  2.18950e+05  8.82086e+40  1.91230e+05  3.37454e+40 -2.05701e-75
 1.80464e+01  2.26486e+05  1.12598e+41  2.26486e+05  1.54298e+41  2.18950e+05  1.03522e+41  1.91230e+05  3.07411e+40 -2.05701e-75
 1.86362e+01  2.26486e+05  1.32576e+41  2.26486e+05  2.01023e+41  2.18950e+05  1.26539e+41  1.91230e+05  2.86534e+40 -2.05701e-75
 1.92453e+01  2.26486e+05  1.67652e+41  2.18950e+05  2.45404e+41  2.18950e+05  1.57355e+41  1.91230e+05  2.74739e+40 -2.05701e-75
 1.98743e+01  2.26486e+05  2.17974e+41  2.18950e+05  1.98493e+41  2.11664e+05  1.73286e+41  1.91230e+05  2.71975e+40 -2.05701e-75
 2.05238e+01  2.26486e+05  2.83748e+41  2.18950e+05  1.65006e+41  2.11664e+05  1.46476e+41  1.91230e+05  2.78232e+40 -2.05701e-75
 2.11946e+01  2.18950e+05  2.40597e+41  2.18950e+05  1.44802e+41  2.11664e+05  1.27546e+41  1.91230e+05  2.93535e+40 -2.05701e-75
 2.18873e+01  2.18950e+05  1.98282e+41  2.18950e+05  1.37799e+41  2.11664e+05  1.16420e+41  1.91230e+05  3.17949e+40 -2.05701e-75
 2.26026e+01  2.18950e+05  1.71337e+41  2.18950e+05  1.43967e+41  2.11664e+05  1.13051e+41  1.91230e+05  3.51573e+40 -2.05701e-75
 2.33413e+01  2.18950e+05  1.59652e+41  2.18950e+05  1.63332e+41  2.11664e+05  1.17425e+41  1.91230e+05  3.94547e+40 -2.05701e-75
 2.41042e+01  2.18950e+05  1.63179e+41  2.18950e+05  1.95974e+41  2.11664e+05  1.29561e+41  1.91230e+05  4.47049e+40 -2.05701e-75
 2.48920e+01  2.18950e+05  1.81931e+41  2.18950e+05  2.42028e+41  2.11664e+05  1.49508e+41  1.84866e+05  4.34066e+40 -2.05701e-75
 2.57055e+01  2.18950e+05  2.15987e+41  2.18950e+05  3.01685e+41  2.11664e+05  1.77349e+41  1.84866e+05  4.02285e+40 -2.05701e-75
 2.65456e+01  2.18950e+05  2.65487e+41  2.11664e+05  2.77082e+41  2.11664e+05  2.13199e+41  1.84866e+05  3.80063e+40 -2.05701e-75
 2.74132e+01  2.18950e+05  3.30637e+41  2.11664e+05  2.36942e+41  2.04621e+05  2.11952e+41  1.84866e+05  3.67309e+40 -2.05701e-75
 2.83091e+01  2.11664e+05  3.33212e+41  2.11664e+05  2.10385e+41  2.04621e+05  1.86055e+41  1.84866e+05  3.63971e+40 -2.05701e-75
 2.92343e+01  2.11664e+05  2.83130e+41  2.11664e+05  1.97299e+41  2.04621e+05  1.68203e+41  1.84866e+05  3.70033e+40 -2.05701e-75
 3.01898e+01  2.11664e+05  2.48770e+41  2.11664e+05  1.97630e+41  2.04621e+05  1.58323e+41  1.84866e+05  3.85522e+40 -2.05701e-75
 3.11765e+01  2.11664e+05  2.29990e+41  2.11664e+05  2.11381e+41  2.04621e+05  1.56373e+41  1.84866e+05  4.10502e+40 -2.05701e-75
 3.21954e+01  2.11664e+05  2.26713e+41  2.11664e+05  2.38608e+41  2.04621e+05  1.62345e+41  1.84866e+05  4.45075e+40 -2.05701e-75
 3.32476e+01  2.11664e+05  2.38924e+41  2.11664e+05  2.79423e+41  2.04621e+05  1.76265e+41  1.84866e+05  4.89385e+40 -2.05701e-75
 3.43343e+01  2.11664e+05  2.66675e+41  2.11664e+05  3.33996e+41  2.04621e+05  1.98189e+41  1.84866e+05  5.43616e+40 -2.05701e-75
 3.54564e+01  2.11664e+05  3.10080e+41  2.04621e+05  3.97202e+41  2.04621e+05  2.28209e+41  1.78715e+05  5.85084e+40 -2.05701e-75
 3.66152e+01  2.11664e+05  3.69319e+41  2.04621e+05  3.44747e+41  2.04621e+05  2.66448e+41  1.78715e+05  5.45784e+40 -2.05701e-75
 3.78119e+01  2.11664e+05  4.44637e+41  2.04621e+05  3.06319e+41  1.97812e+05  2.75587e+41  1.78715e+05  5.16638e+40 -2.05701e-75
 3.90477e+01  2.04621e+05  4.10925e+41  2.04621e+05  2.81760e+41  1.97812e+05  2.47218e+41  1.78715e+05  4.97524e+40 -2.05701e-75
 4.03238e+01  2.04621e+05  3.62742e+41  2.04621e+05  2.70968e+41  1.97812e+05  2.27148e+41  1.78715e+05  4.88365e+40 -2.05701e-75
 4.16417e+01  2.04621e+05  3.30611e+41  2.04621e+05  2.73899e+41  1.97812e+05  2.15293e+41  1.78715e+05  4.89122e+40 -2.05701e-75
 4.30027e+01  2.04621e+05  3.14399e+41  2.04621e+05  2.90565e+41  1.97812e+05  2.11604e+41  1.78715e+05  4.99798e+40 -2.05701e-75
 4.44081e+01  2.04621e+05  3.14038e+41  2.04621e+05  3.21034e+41  1.97812e+05  2.16067e+41  1.78715e+05  5.20437e+40 -2.05701e-75
 4.58595e+01  2.04621e+05  3.29528e+41  2.04621e+05  3.65432e+41  1.97812e+05  2.28699e+41  1.78715e+05  5.51126e+40 -2.05701e-75
 4.73583e+01  2.04621e+05  3.60932e+41  2.04621e+05  4.23945e+41  1.97812e+05  2.49552e+41  1.78715e+05  5.91990e+40 -2.05701e-75
 4.89061e+01  2.04621e+05  4.08380e+41  2.04621e+05  4.96813e+41  1.97812e+05  2.78714e+41  1.78715e+05  6.43199e+40 -2.05701e-75
 5.05045e+01  2.04621e+05  4.72069e+41  1.97812e+05  4.52941e+41  1.97812e+05  3.16305e+41  1.78715e+05  7.04964e+40 -2.05701e-75
 5.21551e+01  2.04621e+05  5.52263e+41  1.97812e+05  4.10437e+41  1.97812e+05  3.62480e+41  1.72768e+05  7.72251e+40 -2.05701e-75
 5.38597e+01  1.97812e+05  5.37044e+41  1.97812e+05  3.82232e+41  1.91230e+05  3.38230e+41  1.72768e+05  7.28234e+40 -2.05701e-75
 5.56199e+01  1.97812e+05  4.84033e+41  1.97812e+05  3.68210e+41  1.91230e+05  3.11964e+41  1.72768e+05  6.95127e+40 -2.05701e-75
 5.74378e+01  1.97812e+05  4.47576e+41  1.97812e+05  3.68313e+41  1.91230e+05  2.94265e+41  1.72768e+05  6.72791e+40 -2.05701e-75
 5.93150e+01  1.97812e+05  4.27522e+41  1.97812e+05  3.82541e+41  1.91230e+05  2.85060e+41  1.72768e+05  6.61135e+40 -2.05701e-75
 6.12535e+01  1.97812e+05  4.23788e+41  1.97812e+05  4.10954e+41  1.91230e+05  2.84309e+41  1.72768e+05  6.60109e+40 -2.05701e-75
 6.32555e+01  1.97812e+05  4.36358e+41  1.97812e+05  4.53668e+41  1.91230e+05  2.92010e+41  1.72768e+05  6.69711e+40 -2.05701e-75
 6.53228e+01  1.97812e+05  4.65284e+41  1.97812e+05  5.10861e+41  1.91230e+05  3.08195e+41  1.72768e+05  6.89979e+40 -2.05701e-75
 6.74577e+01  1.97812e+05  5.10687e+41  1.97812e+05  5.82770e+41  1.91230e+05  3.32931e+41  1.72768e+05  7.20997e+40 -2.05701e-75
 6.96624e+01  1.97812e+05  5.72754e+41  1.91230e+05  6.16643e+41  1.91230e+05  3.66320e+41  1.72768e+05  7.62895e+40 -2.05701e-75
 7.19392e+01  1.97812e+05  6.51742e+41  1.91230e+05  5.63061e+41  1.91230e+05  4.08500e+41  1.72768e+05  8.15844e+40 -2.05701e-75
 7.42903e+01  1.91230e+05  7.29205e+41  1.91230e+05  5.24411e+41  1.91230e+05  4.59646e+41  1.72768e+05  8.80065e+40 -2.05701e-75
 7.67183e+01  1.91230e+05  6.63224e+41  1.91230e+05  5.00532e+41  1.84866e+05  4.39301e+41  1.72768e+05  9.55823e+40 -2.05701e-75
 7.92257e+01  1.91230e+05  6.14538e+41  1.91230e+05  4.91326e+41  1.84866e+05  4.10806e+41  1.67019e+05  1.03607e+41 -2.05701e-75
 8.18150e+01  1.91230e+05  5.82946e+41  1.91230e+05  4.96754e+41  1.84866e+05  3.91286e+41  1.67019e+05  9.88414e+40 -2.05701e-75
 8.44889e+01  1.91230e+05  5.68317e+41  1.91230e+05  5.16840e+41  1.84866e+05  3.80660e+41  1.67019e+05  9.52748e+40 -2.05701e-75
 8.72502e+01  1.91230e+05  5.70591e+41  1.91230e+05  5.51665e+41  1.84866e+05  3.78886e+41  1.67019e+05  9.28919e+40 -2.05701e-75
 9.01018e+01  1.91230e+05  5.89777e+41  1.91230e+05  6.01374e+41  1.84866e+05  3.85954e+41  1.67019e+05  9.16830e+40 -2.05701e-75
 9.30466e+01  1.91230e+05  6.25954e+41  1.91230e+05  6.66174e+41  1.84866e+05  4.01895e+41  1.67019e+05  9.16431e+40 -2.05701e-75
 9.60876e+01  1.91230e+05  6.79272e+41  1.91230e+05  7.46331e+41  1.84866e+05  4.26775e+41  1.67019e+05  9.27719e+40 -2.05701e-75
 9.92280e+01  1.91230e+05  7.49952e+41  1.84866e+05  7.94091e+41  1.84866e+05  4.60696e+41  1.67019e+05  9.50741e+40 -2.05701e-75
 1.02471e+02  1.91230e+05  8.38286e+41  1.84866e+05  7.36257e+41  1.84866e+05  5.03800e+41  1.67019e+05  9.85593e+40 -2.05701e-75
 1.05820e+02  1.84866e+05  9.35387e+41  1.84866e+05  6.94072e+41  1.84866e+05  5.56263e+41  1.67019e+05  1.03242e+41 -2.05701e-75
 1.09278e+02  1.84866e+05  8.64298e+41  1.84866e+05  6.67360e+41  1.78715e+05  5.95977e+41  1.67019e+05  1.09141e+41 -2.05701e-75
 1.12850e+02  1.84866e+05  8.11336e+41  1.84866e+05  6.56011e+41  1.78715e+05  5.59516e+41  1.67019e+05  1.16282e+41 -2.05701e-75
 1.16538e+02  1.84866e+05  7.76283e+41  1.84866e+05  6.59979e+41  1.78715e+05  5.32646e+41  1.67019e+05  1.24693e+41 -2.05701e-75
 1.20347e+02  1.84866e+05  7.58992e+41  1.84866e+05  6.79278e+41  1.78715e+05  5.15255e+41  1.67019e+05  1.34410e+41 -2.05701e-75
 1.24280e+02  1.84866e+05  7.59394e+41  1.84866e+05  7.13990e+41  1.78715e+05  5.07272e+41  1.67019e+05  1.45472e+41 -2.05701e-75
 1.28342e+02  1.84866e+05  7.77488e+41  1.84866e+05  7.64258e+41  1.78715e+05  5.08664e+41  1.67019e+05  1.57926e+41 -2.05701e-75
 1.32537e+02  1.84866e+05  8.13351e+41  1.84866e+05  8.30290e+41  1.78715e+05  5.19436e+41  1.67019e+05  1.71823e+41 -2.05701e-75
 1.36868e+02  1.84866e+05  8.67131e+41  1.84866e+05  9.12359e+41  1.78715e+05  5.39633e+41  1.67019e+05  1.87221e+41 -2.05701e-75
 1.41341e+02  1.84866e+05  9.39049e+41  1.84866e+05  1.01081e+42  1.78715e+05  5.69339e+41  1.67019e+05  2.04183e+41 -2.05701e-75
 1.45961e+02  1.84866e+05  1.02940e+42  1.78715e+05  1.00115e+42  1.78715e+05  6.08676e+41  1.67019e+05  2.22780e+41 -2.05701e-75
 1.50731e+02  1.84866e+05  1.13857e+42  1.78715e+05  9.45664e+41  1.78715e+05  6.57808e+41  1.67019e+05  2.43088e+41 -2.05701e-75
 1.55658e+02  1.78715e+05  1.17398e+42  1.78715e+05  9.06693e+41  1.78715e+05  7.16937e+41  1.67019e+05  2.65191e+41 -2.05701e-75
 1.60745e+02  1.78715e+05  1.10537e+42  1.78715e+05  8.84076e+41  1.78715e+05  7.86308e+41  1.67019e+05  2.89182e+41 -2.05701e-75
 1.65998e+02  1.78715e+05  1.05588e+42  1.78715e+05  8.77718e+41  1.72768e+05  7.53696e+41  1.67019e+05  3.15158e+41 -2.05701e-75
 1.71424e+02  1.78715e+05  1.02531e+42  1.78715e+05  8.87595e+41  1.72768e+05  7.21763e+41  1.67019e+05  3.43229e+41 -2.05701e-75
 1.77026e+02  1.78715e+05  1.01354e+42  1.78715e+05  9.13745e+41  1.72768e+05  7.00092e+41  1.67019e+05  3.73509e+41 -2.05701e-75
 1.82812e+02  1.78715e+05  1.02051e+42  1.78715e+05  9.56279e+41  1.72768e+05  6.88594e+41  1.67019e+05  4.06125e+41 -2.05701e-75
 1.88787e+02  1.78715e+05  1.04626e+42  1.78715e+05  1.01537e+42  1.72768e+05  6.87221e+41  1.67019e+05  4.41211e+41 -2.05701e-75
 1.94957e+02  1.78715e+05  1.09088e+42  1.78715e+05  1.09127e+42  1.72768e+05  6.95967e+41  1.67019e+05  4.78913e+41 -2.05701e-75
 2.01328e+02  1.78715e+05  1.15457e+42  1.78715e+05  1.18428e+42  1.72768e+05  7.14869e+41  1.67019e+05  5.19385e+41 -2.05701e-75
 2.07908e+02  1.78715e+05  1.23760e+42  1.78715e+05  1.29479e+42  1.72768e+05  7.44005e+41  1.67019e+05  5.62797e+41 -2.05701e-75
 2.14703e+02  1.78715e+05  1.34029e+42  1.72768e+05  1.34279e+42  1.72768e+05  7.83495e+41  1.67019e+05  6.09328e+41 -2.05701e-75
 2.21720e+02  1.78715e+05  1.46308e+42  1.72768e+05  1.27779e+42  1.72768e+05  8.33502e+41  1.67019e+05  6.59169e+41 -2.05701e-75
 2.28967e+02  1.72768e+05  1.57131e+42  1.72768e+05  1.23068e+42  1.72768e+05  8.94235e+41  1.67019e+05  7.12528e+41 -2.05701e-75
 2.36450e+02  1.72768e+05  1.49133e+42  1.72768e+05  1.20126e+42  1.72768e+05  9.65943e+41  1.67019e+05  7.69626e+41 -2.05701e-75
 2.44178e+02  1.72768e+05  1.43207e+42  1.72768e+05  1.18942e+42  1.72768e+05  1.04892e+42  1.67019e+05  8.30697e+41 -2.05701e-75
 2.52158e+02  1.72768e+05  1.39328e+42  1.72768e+05  1.19509e+42  1.67019e+05  1.03279e+42  1.67019e+05  8.95997e+41 -2.05701e-75
 2.60399e+02  1.72768e+05  1.37482e+42  1.72768e+05  1.21832e+42  1.67019e+05  9.96437e+41  1.67019e+05  9.65793e+41 -2.05701e-75
 2.68910e+02  1.72768e+05  1.37659e+42  1.72768e+05  1.25919e+42  1.67019e+05  9.71482e+41  1.67019e+05  1.04038e+42 -2.05701e-75
 2.77699e+02  1.72768e+05  1.39861e+42  1.72768e+05  1.31787e+42  1.67019e+05  9.57823e+41  1.67019e+05  1.12005e+42 -2.05701e-75
 2.86774e+02  1.72768e+05  1.44097e+42  1.72768e+05  1.39460e+42  1.67019e+05  9.55403e+41  1.67019e+05  1.20516e+42 -2.05701e-75
 2.96147e+02  1.72768e+05  1.50385e+42  1.72768e+05  1.48971e+42  1.67019e+05  9.64213e+41  1.67019e+05  1.29604e+42 -2.05701e-75
 3.05826e+02  1.72768e+05  1.58750e+42  1.72768e+05  1.60358e+42  1.67019e+05  9.84288e+41  1.67019e+05  1.39307e+42 -2.05701e-75
 3.15821e+02  1.72768e+05  1.69227e+42  1.72768e+05  1.73670e+42  1.67019e+05  1.01571e+42  1.67019e+05  1.49666e+42 -2.05701e-75
 3.26143e+02  1.72768e+05  1.81859e+42  1.67019e+05  1.83117e+42  1.67019e+05  1.05861e+42  1.67019e+05  1.60723e+42 -2.05701e-75
 3.36802e+02  1.72768e+05  1.96699e+42  1.67019e+05  1.75743e+42  1.67019e+05  1.11317e+42  1.67019e+05  1.72524e+42 -2.05701e-75
 3.47810e+02  1.67019e+05  2.13796e+42  1.67019e+05  1.70357e+42  1.67019e+05  1.17961e+42  1.67019e+05  1.85118e+42 -2.05701e-75
 3.59177e+02  1.67019e+05  2.04734e+42  1.67019e+05  1.66936e+42  1.67019e+05  1.25821e+42  1.67019e+05  1.98558e+42 -2.05701e-75
 3.70916e+02  1.67019e+05  1.97975e+42  1.67019e+05  1.65466e+42  1.67019e+05  1.34929e+42  1.67019e+05  2.12897e+42 -2.05701e-75
 3.83038e+02  1.67019e+05  1.93491e+42  1.67019e+05  1.65941e+42  1.67019e+05  1.45323e+42  1.67019e+05  2.28197e+42 -2.05701e-75
 3.95557e+02  1.67019e+05  1.91262e+42  1.67019e+05  1.68363e+42  1.67019e+05  1.57046e+42  1.67019e+05  2.44520e+42 -2.05701e-75
 4.08485e+02  1.67019e+05  1.91279e+42  1.67019e+05  1.72742e+42  1.67019e+05  1.70147e+42  1.67019e+05  2.61935e+42 -2.05701e-75
 4.21835e+02  1.67019e+05  1.93544e+42  1.67019e+05  1.79095e+42  1.67019e+05  1.84679e+42  1.67019e+05  2.80512e+42 -2.05701e-75
 4.35622e+02  1.67019e+05  1.98064e+42  1.67019e+05  1.87450e+42  1.67019e+05  2.00703e+42  1.67019e+05  3.00329e+42 -2.05701e-75
 4.49859e+02  1.67019e+05  2.04859e+42  1.67019e+05  1.97841e+42  1.67019e+05  2.18285e+42  1.67019e+05  3.21467e+42 -2.05701e-75
 4.64562e+02  1.67019e+05  2.13957e+42  1.67019e+05  2.10311e+42  1.67019e+05  2.37498e+42  1.67019e+05  3.44015e+42 -2.05701e-75
 4.79745e+02  1.67019e+05  2.25396e+42  1.67019e+05  2.24911e+42  1.67019e+05  2.58421e+42  1.67019e+05  3.68066e+42 -2.05701e-75
 4.95424e+02  1.67019e+05  2.39222e+42  1.67019e+05  2.41702e+42  1.67019e+05  2.81141e+42  1.67019e+05  3.93719e+42 -2.05701e-75
 5.11616e+02  1.67019e+05  2.55494e+42  1.67019e+05  2.60753e+42  1.67019e+05  3.05753e+42  1.67019e+05  4.21080e+42 -2.05701e-75
 5.28337e+02  1.67019e+05  2.74278e+42  1.67019e+05  2.82144e+42  1.67019e+05  3.32357e+42  1.67019e+05  4.50263e+42 -2.05701e-75
 5.45604e+02  1.67019e+05  2.95652e+42  1.67019e+05  3.05963e+42  1.67019e+05  3.61064e+42  1.67019e+05  4.81388e+42 -2.05701e-75
 5.63436e+02  1.67019e+05  3.19704e+42  1.67019e+05  3.32307e+42  1.67019e+05  3.91993e+42  1.61461e+05  5.08232e+42 -2.05701e-75
 5.81850e+02  1.67019e+05  3.46535e+42  1.67019e+05  3.61287e+42  1.67019e+05  4.25272e+42  1.61461e+05  5.07445e+42 -2.05701e-75
 6.00867e+02  1.67019e+05  3.76255e+42  1.67019e+05  3.93023e+42  1.67019e+05  4.61038e+42  1.61461e+05  5.08836e+42 -2.05701e-75
 6.20505e+02  1.67019e+05  4.08987e+42  1.67019e+05  4.27645e+42  1.67019e+05  4.99440e+42  1.61461e+05  5.12412e+42 -2.05701e-75
 6.40784e+02  1.67019e+05  4.44867e+42  1.67019e+05  4.65297e+42  1.67019e+05  5.40636e+42  1.61461e+05  5.18188e+42 -2.05701e-75
 6.61727e+02  1.67019e+05  4.84043e+42  1.67019e+05  5.06134e+42  1.67019e+05  5.84797e+42  1.61461e+05  5.26187e+42 -2.05701e-75
 6.83354e+02  1.67019e+05  5.26677e+42  1.67019e+05  5.50327e+42  1.67019e+05  6.32106e+42  1.61461e+05  5.36442e+42 -2.05701e-75
 7.05688e+02  1.67019e+05  5.72945e+42  1.67019e+05  5.98057e+42  1.67019e+05  6.82759e+42  1.61461e+05  5.48997e+42 -2.05701e-75
 7.28751e+02  1.67019e+05  6.23040e+42  1.67019e+05  6.49522e+42  1.67019e+05  7.36964e+42  1.61461e+05  5.63902e+42 -2.05701e-75
 7.52569e+02  1.67019e+05  6.77169e+42  1.67019e+05  7.04935e+42  1.67019e+05  7.94947e+42  1.61461e+05  5.81220e+42 -2.05701e-75
 7.77165e+02  1.67019e+05  7.35555e+42  1.67019e+05  7.64526e+42  1.67019e+05  8.56947e+42  1.61461e+05  6.01023e+42 -2.05701e-75
 8.02565e+02  1.67019e+05  7.98440e+42  1.67019e+05  8.28541e+42  1.67019e+05  9.23221e+42  1.61461e+05  6.23391e+42 -2.05701e-75
 8.28794e+02  1.67019e+05  8.66084e+42  1.67019e+05  8.97245e+42  1.67019e+05  9.94044e+42  1.61461e+05  6.48419e+42 -2.05701e-75
 8.55882e+02  1.67019e+05  9.38768e+42  1.67019e+05  9.70922e+42  1.67019e+05  1.06971e+43  1.61461e+05  6.76209e+42 -2.05701e-75
 8.83854e+02  1.67019e+05  1.01679e+43  1.67019e+05  1.04988e+43  1.67019e+05  1.15053e+43  1.61461e+05  7.06876e+42 -2.05701e-75
 9.12741e+02  1.67019e+05  1.10048e+43  1.67019e+05  1.13444e+43  1.67019e+05  1.23683e+43  1.61461e+05  7.40548e+42 -2.05701e-75
 9.42571e+02  1.67019e+05  1.19018e+43  1.67019e+05  1.22495e+43  1.61461e+05  1.28061e+43  1.61461e+05  7.77363e+42 -2.05701e-75
 9.73377e+02  1.67019e+05  1.28625e+43  1.67019e+05  1.32180e+43  1.61461e+05  1.27961e+43  1.61461e+05  8.17475e+42 -2.05701e-75
 1.00519e+03  1.67019e+05  1.38911e+43  1.67019e+05  1.42537e+43  1.61461e+05  1.28463e+43  1.61461e+05  8.61048e+42 -2.05701e-75
 1.03804e+03  1.67019e+05  1.49917e+43  1.67019e+05  1.53611e+43  1.61461e+05  1.29569e+43  1.61461e+05  9.08264e+42 -2.05701e-75
 1.07197e+03  1.67019e+05  1.61688e+43  1.67019e+05  1.65446e+43  1.61461e+05  1.31285e+43  1.61461e+05  9.59318e+42 -2.05701e-75
 1.10700e+03  1.67019e+05  1.74275e+43  1.67019e+05  1.78092e+43  1.61461e+05  1.33617e+43  1.61461e+05  1.01442e+43 -2.05701e-75
 1.14318e+03  1.67019e+05  1.87728e+43  1.67019e+05  1.91601e+43  1.61461e+05  1.36574e+43  1.61461e+05  1.07380e+43 -2.05701e-75
 1.18054e+03  1.67019e+05  2.02104e+43  1.67019e+05  2.06028e+43  1.61461e+05  1.40169e+43  1.61461e+05  1.13770e+43 -2.05701e-75
 1.21913e+03  1.67019e+05  2.17461e+43  1.67019e+05  2.21435e+43  1.61461e+05  1.44418e+43  1.61461e+05  1.20639e+43 -2.05701e-75
 1.25897e+03  1.67019e+05  2.33864e+43  1.61461e+05  2.21598e+43  1.61461e+05  1.49336e+43  1.61461e+05  1.28015e+43 -2.05701e-75
 1.30012e+03  1.67019e+05  2.51380e+43  1.61461e+05  2.21904e+43  1.61461e+05  1.54945e+43  1.61461e+05  1.35929e+43 -2.05701e-75
 1.34261e+03  1.61461e+05  2.55971e+43  1.61461e+05  2.23255e+43  1.61461e+05  1.61269e+43  1.61461e+05  1.44413e+43 -2.05701e-75
 1.38649e+03  1.61461e+05  2.56040e+43  1.61461e+05  2.25655e+43  1.61461e+05  1.68332e+43  1.61461e+05  1.53503e+43 -2.05701e-75
 1.43180e+03  1.61461e+05  2.57314e+43  1.61461e+05  2.29116e+43  1.61461e+05  1.76165e+43  1.61461e+05  1.63236e+43 -2.05701e-75
 1.47860e+03  1.61461e+05  2.59799e+43  1.61461e+05  2.33650e+43  1.61461e+05  1.84800e+43  1.61461e+05  1.73653e+43 -2.05701e-75
 1.52692e+03  1.61461e+05  2.63504e+43  1.61461e+05  2.39278e+43  1.61461e+05  1.94272e+43  1.61461e+05  1.84796e+43 -2.05701e-75
 1.57683e+03  1.61461e+05  2.68445e+43  1.61461e+05  2.46021e+43  1.61461e+05  2.04621e+43  1.61461e+05  1.96711e+43 -2.05701e-75
 1.62836e+03  1.61461e+05  2.74642e+43  1.61461e+05  2.53909e+43  1.61461e+05  2.15890e+43  1.61461e+05  2.09449e+43 -2.05701e-75
 1.68158e+03  1.61461e+05  2.82122e+43  1.61461e+05  2.62974e+43  1.61461e+05  2.28124e+43  1.61461e+05  2.23061e+43 -2.05701e-75
 1.73654e+03  1.61461e+05  2.90915e+43  1.61461e+05  2.73253e+43  1.61461e+05  2.41376e+43  1.61461e+05  2.37604e+43 -2.05701e-75
 1.79329e+03  1.61461e+05  3.01057e+43  1.61461e+05  2.84789e+43  1.61461e+05  2.55699e+43  1.61461e+05  2.53139e+43 -2.05701e-75
 1.85190e+03  1.61461e+05  3.12590e+43  1.61461e+05  2.97629e+43  1.61461e+05  2.71153e+43  1.61461e+05  2.69729e+43 -2.05701e-75
 1.91243e+03  1.61461e+05  3.25563e+43  1.61461e+05  3.11827e+43  1.61461e+05  2.87803e+43  1.61461e+05  2.87443e+43 -2.05701e-75
 1.97493e+03  1.61461e+05  3.40029e+43  1.61461e+05  3.27442e+43  1.61461e+05  3.05716e+43  1.61461e+05  3.06355e+43 -2.05701e-75
 2.03948e+03  1.61461e+05  3.56047e+43  1.61461e+05  3.44538e+43  1.61461e+05  3.24966e+43  1.61461e+05  3.26542e+43 -2.05701e-75
 2.10613e+03  1.61461e+05  3.73684e+43  1.61461e+05  3.63185e+43  1.61461e+05  3.45635e+43  1.61461e+05  3.48089e+43 -2.05701e-75
 2.17497e+03  1.61461e+05  3.93013e+43  1.61461e+05  3.83462e+43  1.61461e+05  3.67807e+43  1.61461e+05  3.71084e+43 -2.05701e-75
 2.24605e+03  1.61461e+05  4.14114e+43  1.61461e+05  4.05451e+43  1.61461e+05  3.91573e+43  1.61461e+05  3.95622e+43 -2.05701e-75
 2.31946e+03  1.61461e+05  4.37075e+43  1.61461e+05  4.29245e+43  1.61461e+05  4.17033e+43  1.61461e+05  4.21806e+43 -2.05701e-75
 2.39526e+03  1.61461e+05  4.61990e+43  1.61461e+05  4.54941e+43  1.61461e+05  4.44291e+43  1.61461e+05  4.49744e+43 -2.05701e-75
 2.47355e+03  1.61461e+05  4.88962e+43  1.61461e+05  4.82646e+43  1.61461e+05  4.73461e+43  1.61461e+05  4.79550e+43 -2.05701e-75
 2.55439e+03  1.61461e+05  5.18103e+43  1.61461e+05  5.12474e+43  1.61461e+05  5.04663e+43  1.61461e+05  5.11349e+43 -2.05701e-75
 2.63787e+03  1.61461e+05  5.49534e+43  1.61461e+05  5.44549e+43  1.61461e+05  5.38027e+43  1.61461e+05  5.45272e+43 -2.05701e-75
 2.72409e+03  1.61461e+05  5.83385e+43  1.61461e+05  5.79004e+43  1.61461e+05  5.73689e+43  1.61461e+05  5.81460e+43 -2.05701e-75
 2.81312e+03  1.61461e+05  6.19795e+43  1.61461e+05  6.15981e+43  1.61461e+05  6.11799e+43  1.61461e+05  6.20062e+43 -2.05701e-75
 2.90506e+03  1.61461e+05  6.58916e+43  1.61461e+05  6.55633e+43  1.61461e+05  6.52513e+43  1.61461e+05  6.61237e+43 -2.05701e-75
 3.00000e+03  1.61461e+05  7.00910e+43  1.61461e+05  6.98124e+43  1.61461e+05  6.96001e+43  1.61461e+05  7.05158e+43 -2.05701e-75
