radius_rg T_0deg chi2_0deg T_15deg chi2_15deg T_30deg chi2_30deg T_45deg chi2_45deg nuLnusavg_last
 2.00000e-01  3.63750e+05  2.48311e+40  3.63750e+05  1.68556e+40  3.51646e+05  9.74133e+39  2.77476e+05  2.39469e+38  1.14918e-83
 2.06537e-01  3.63750e+05  2.15596e+40  3.63750e+05  1.67458e+40  3.39945e+05  8.55271e+39  2.77476e+05  1.38968e+38  1.14918e-83
 2.13287e-01  3.63750e+05  1.96985e+40  3.63750e+05  1.78495e+40  3.39945e+05  7.15325e+39  2.77476e+05  8.82820e+37  1.14918e-83
 2.20257e-01  3.63750e+05  1.92404e+40  3.51646e+05  2.00235e+40  3.39945e+05  6.44384e+39  2.77476e+05  8.71998e+37  1.14918e-83
 2.27456e-01  3.63750e+05  2.01831e+40  3.51646e+05  1.67140e+40  3.39945e+05  6.42157e+39  2.77476e+05  1.35718e+38  1.14918e-83
 2.34890e-01  3.63750e+05  2.25307e+40  3.51646e+05  1.46179e+40  3.39945e+05  7.08633e+39  2.77476e+05  2.34036e+38  1.14918e-83
 2.42567e-01  3.51646e+05  2.00772e+40  3.51646e+05  1.37265e+40  3.39945e+05  8.44087e+39  2.77476e+05  3.82562e+38  1.14918e-83
 2.50494e-01  3.51646e+05  1.73264e+40  3.51646e+05  1.40363e+40  3.28633e+05  7.17843e+39  2.68243e+05  2.38945e+38  1.14918e-83
 2.58681e-01  3.51646e+05  1.59687e+40  3.51646e+05  1.55484e+40  3.28633e+05  5.77284e+39  2.68243e+05  1.22980e+38  1.14918e-83
 2.67136e-01  3.51646e+05  1.59983e+40  3.39945e+05  1.66486e+40  3.28633e+05  5.05160e+39  2.68243e+05  5.67629e+37  1.14918e-83
 2.75866e-01  3.51646e+05  1.74155e+40  3.39945e+05  1.35685e+40  3.28633e+05  5.01172e+39  2.68243e+05  4.00196e+37  1.14918e-83
 2.84882e-01  3.51646e+05  2.02261e+40  3.39945e+05  1.16890e+40  3.28633e+05  5.65305e+39  2.68243e+05  7.26809e+37  1.14918e-83
 2.94193e-01  3.39945e+05  1.63838e+40  3.39945e+05  1.10020e+40  3.28633e+05  6.97823e+39  2.68243e+05  1.54882e+38  1.14918e-83
 3.03808e-01  3.39945e+05  1.38865e+40  3.39945e+05  1.15049e+40  3.17698e+05  6.32456e+39  2.68243e+05  2.86963e+38  1.14918e-83
 3.13737e-01  3.39945e+05  1.27680e+40  3.39945e+05  1.31997e+40  3.17698e+05  4.77651e+39  2.59317e+05  2.98593e+38  1.14918e-83
 3.23991e-01  3.39945e+05  1.30236e+40  3.28633e+05  1.42689e+40  3.17698e+05  3.90869e+39  2.59317e+05  1.54635e+38  1.14918e-83
 3.34580e-01  3.39945e+05  1.46545e+40  3.28633e+05  1.11836e+40  3.17698e+05  3.71751e+39  2.59317e+05  6.05572e+37  1.14918e-83
 3.45515e-01  3.28633e+05  1.75221e+40  3.28633e+05  9.28896e+39  3.17698e+05  4.20217e+39  2.59317e+05  1.59686e+37  1.14918e-83
 3.56807e-01  3.28633e+05  1.36323e+40  3.28633e+05  8.57701e+39  3.17698e+05  5.36468e+39  2.59317e+05  2.06852e+37  1.14918e-83
 3.68468e-01  3.28633e+05  1.11203e+40  3.28633e+05  9.04484e+39  3.07126e+05  6.09779e+39  2.59317e+05  7.47263e+37  1.14918e-83
 3.80511e-01  3.28633e+05  9.97562e+39  3.28633e+05  1.06944e+40  3.07126e+05  4.26739e+39  2.59317e+05  1.78316e+38  1.14918e-83
 3.92947e-01  3.28633e+05  1.01935e+40  3.17698e+05  1.29210e+40  3.07126e+05  3.11512e+39  2.59317e+05  3.31882e+38  1.14918e-83
 4.05790e-01  3.28633e+05  1.17750e+40  3.17698e+05  9.59242e+39  3.07126e+05  2.63619e+39  2.50688e+05  2.57908e+38  1.14918e-83
 4.19052e-01  3.28633e+05  1.47265e+40  3.17698e+05  7.44783e+39  3.07126e+05  2.82863e+39  2.50688e+05  1.22908e+38  1.14918e-83
 4.32748e-01  3.17698e+05  1.18620e+40  3.17698e+05  6.47835e+39  3.07126e+05  3.69324e+39  2.50688e+05  3.76556e+37  1.14918e-83
 4.46891e-01  3.17698e+05  9.06331e+39  3.17698e+05  6.67996e+39  3.07126e+05  5.23360e+39  2.50688e+05  1.79796e+36  1.14918e-83
 4.61496e-01  3.17698e+05  7.62345e+39  3.17698e+05  8.05349e+39  2.96907e+05  4.44353e+39  2.50688e+05  1.51867e+37  1.14918e-83
 4.76579e-01  3.17698e+05  7.53646e+39  3.17698e+05  1.06046e+40  2.96907e+05  2.86386e+39  2.50688e+05  7.78773e+37  1.14918e-83
 4.92155e-01  3.17698e+05  8.80197e+39  3.07126e+05  8.97685e+39  2.96907e+05  1.95651e+39  2.50688e+05  1.90129e+38  1.14918e-83
 5.08240e-01  3.17698e+05  1.14252e+40  3.07126e+05  6.34168e+39  2.96907e+05  1.71771e+39  2.50688e+05  3.52407e+38  1.14918e-83
 5.24851e-01  3.07126e+05  1.12847e+40  3.07126e+05  4.87704e+39  2.96907e+05  2.14648e+39  2.42346e+05  2.79383e+38  1.14918e-83
 5.42004e-01  3.07126e+05  7.92040e+39  3.07126e+05  4.57686e+39  2.96907e+05  3.24459e+39  2.42346e+05  1.39654e+38  1.14918e-83
 5.59718e-01  3.07126e+05  5.91024e+39  3.07126e+05  5.43990e+39  2.96907e+05  5.01659e+39  2.42346e+05  4.97431e+37  1.14918e-83
 5.78011e-01  3.07126e+05  5.24585e+39  3.07126e+05  7.46974e+39  2.87027e+05  3.45390e+39  2.42346e+05  9.27668e+36  1.14918e-83
 5.96902e-01  3.07126e+05  5.92449e+39  2.96907e+05  9.68539e+39  2.87027e+05  1.97063e+39  2.42346e+05  1.80876e+37  1.14918e-83
 6.16411e-01  3.07126e+05  7.94897e+39  2.96907e+05  6.30946e+39  2.87027e+05  1.15597e+39  2.42346e+05  7.62124e+37  1.14918e-83
 6.36557e-01  3.07126e+05  1.13277e+40  2.96907e+05  4.10392e+39  2.87027e+05  1.00656e+39  2.42346e+05  1.83892e+38  1.14918e-83
 6.57361e-01  2.96907e+05  8.08541e+39  2.96907e+05  3.05964e+39  2.87027e+05  1.52177e+39  2.42346e+05  3.41571e+38  1.14918e-83
 6.78845e-01  2.96907e+05  5.22008e+39  2.96907e+05  3.17231e+39  2.87027e+05  2.70374e+39  2.34282e+05  3.71203e+38  1.14918e-83
 7.01032e-01  2.96907e+05  3.69766e+39  2.96907e+05  4.44239e+39  2.87027e+05  4.55736e+39  2.34282e+05  2.12362e+38  1.14918e-83
 7.23943e-01  2.96907e+05  3.51187e+39  2.96907e+05  6.87513e+39  2.77476e+05  3.09127e+39  2.34282e+05  1.03639e+38  1.14918e-83
 7.47603e-01  2.96907e+05  4.66194e+39  2.87027e+05  7.87643e+39  2.77476e+05  1.54684e+39  2.34282e+05  4.45834e+37  1.14918e-83
 7.72037e-01  2.96907e+05  7.15262e+39  2.87027e+05  4.67132e+39  2.77476e+05  6.69276e+38  2.34282e+05  3.49515e+37  1.14918e-83
 7.97269e-01  2.87027e+05  1.01688e+40  2.87027e+05  2.62982e+39  2.77476e+05  4.54940e+38  2.34282e+05  7.47032e+37  1.14918e-83
 8.23326e-01  2.87027e+05  6.14787e+39  2.87027e+05  1.74348e+39  2.77476e+05  9.02948e+38  2.34282e+05  1.64003e+38  1.14918e-83
 8.50234e-01  2.87027e+05  3.47373e+39  2.87027e+05  2.00864e+39  2.77476e+05  2.01515e+39  2.34282e+05  3.03221e+38  1.14918e-83
 8.78022e-01  2.87027e+05  2.13529e+39  2.87027e+05  3.42639e+39  2.77476e+05  3.79616e+39  2.34282e+05  4.92932e+38  1.14918e-83
 9.06718e-01  2.87027e+05  2.12701e+39  2.87027e+05  6.00260e+39  2.68243e+05  3.43414e+39  2.26486e+05  3.62146e+38  1.14918e-83
 9.36352e-01  2.87027e+05  3.44884e+39  2.77476e+05  7.30427e+39  2.68243e+05  1.66530e+39  2.26486e+05  2.19462e+38  1.14918e-83
 9.66955e-01  2.87027e+05  6.10627e+39  2.77476e+05  3.99470e+39  2.68243e+05  5.63817e+38  2.26486e+05  1.26925e+38  1.14918e-83
 9.98557e-01  2.77476e+05  9.53617e+39  2.77476e+05  1.84595e+39  2.68243e+05  1.25128e+38  2.26486e+05  8.41528e+37  1.14918e-83
 1.03119e+00  2.77476e+05  5.39535e+39  2.77476e+05  8.49115e+38  2.68243e+05  3.47416e+38  2.26486e+05  9.09676e+37  1.14918e-83
 1.06489e+00  2.77476e+05  2.59818e+39  2.77476e+05  1.00008e+39  2.68243e+05  1.23160e+39  2.26486e+05  1.47398e+38  1.14918e-83
 1.09970e+00  2.77476e+05  1.13308e+39  2.77476e+05  2.29945e+39  2.68243e+05  2.78135e+39  2.26486e+05  2.53677e+38  1.14918e-83
 1.13564e+00  2.77476e+05  9.93990e+38  2.77476e+05  4.75263e+39  2.59317e+05  4.69392e+39  2.26486e+05  4.10245e+38  1.14918e-83
 1.17276e+00  2.77476e+05  2.18033e+39  2.68243e+05  8.11049e+39  2.59317e+05  2.52853e+39  2.26486e+05  6.17750e+38  1.14918e-83
 1.21108e+00  2.77476e+05  4.69702e+39  2.68243e+05  4.41102e+39  2.59317e+05  1.03407e+39  2.18950e+05  4.33504e+38  1.14918e-83
 1.25067e+00  2.77476e+05  8.55447e+39  2.68243e+05  1.87409e+39  2.59317e+05  2.04340e+38  2.18950e+05  2.91237e+38  1.14918e-83
 1.29154e+00  2.68243e+05  5.98231e+39  2.68243e+05  4.89189e+38  2.59317e+05  3.59209e+37  2.18950e+05  1.99413e+38  1.14918e-83
 1.33375e+00  2.68243e+05  2.73660e+39  2.68243e+05  2.50595e+38  2.59317e+05  5.28111e+38  2.18950e+05  1.57654e+38  1.14918e-83
 1.37734e+00  2.68243e+05  8.23533e+38  2.68243e+05  1.15732e+39  2.59317e+05  1.68295e+39  2.18950e+05  1.65786e+38  1.14918e-83
 1.42236e+00  2.68243e+05  2.35194e+38  2.68243e+05  3.21311e+39  2.59317e+05  3.50521e+39  2.18950e+05  2.23843e+38  1.14918e-83
 1.46884e+00  2.68243e+05  9.69147e+38  2.68243e+05  6.42648e+39  2.50688e+05  4.49202e+39  2.18950e+05  3.32065e+38  1.14918e-83
 1.51685e+00  2.68243e+05  3.02843e+39  2.59317e+05  6.27933e+39  2.50688e+05  2.42336e+39  2.18950e+05  4.90901e+38  1.14918e-83
 1.56642e+00  2.68243e+05  6.42157e+39  2.59317e+05  3.05855e+39  2.50688e+05  1.02519e+39  2.18950e+05  7.01007e+38  1.14918e-83
 1.61762e+00  2.59317e+05  8.32763e+39  2.59317e+05  9.94710e+38  2.50688e+05  2.91716e+38  2.11664e+05  5.92321e+38  1.14918e-83
 1.67049e+00  2.59317e+05  4.29046e+39  2.59317e+05  7.92640e+37  2.50688e+05  2.19914e+38  2.11664e+05  4.33639e+38  1.14918e-83
 1.72508e+00  2.59317e+05  1.59236e+39  2.59317e+05  3.08427e+38  2.50688e+05  8.09483e+38  2.11664e+05  3.25990e+38  1.14918e-83
 1.78146e+00  2.59317e+05  2.22173e+38  2.59317e+05  1.68315e+39  2.50688e+05  2.06286e+39  2.11664e+05  2.68930e+38  1.14918e-83
 1.83968e+00  2.59317e+05  1.74224e+38  2.59317e+05  4.20911e+39  2.50688e+05  3.98524e+39  2.11664e+05  2.62221e+38  1.14918e-83
 1.89981e+00  2.59317e+05  1.44832e+39  2.59317e+05  7.89678e+39  2.42346e+05  5.25620e+39  2.11664e+05  3.05837e+38  1.14918e-83
 1.96190e+00  2.59317e+05  4.04972e+39  2.50688e+05  6.00530e+39  2.42346e+05  3.09551e+39  2.11664e+05  3.99957e+38  1.14918e-83
 2.02602e+00  2.59317e+05  7.98921e+39  2.50688e+05  2.95172e+39  2.42346e+05  1.60809e+39  2.11664e+05  5.44972e+38  1.14918e-83
 2.09224e+00  2.50688e+05  7.96532e+39  2.50688e+05  1.05463e+39  2.42346e+05  7.87791e+38  2.11664e+05  7.41481e+38  1.14918e-83
 2.16062e+00  2.50688e+05  4.12145e+39  2.50688e+05  3.06188e+38  2.42346e+05  6.31211e+38  2.04621e+05  8.65240e+38  1.14918e-83
 2.23123e+00  2.50688e+05  1.61596e+39  2.50688e+05  7.03294e+38  2.42346e+05  1.13770e+39  2.04621e+05  6.71609e+38  1.14918e-83
 2.30415e+00  2.50688e+05  4.38481e+38  2.50688e+05  2.24759e+39  2.42346e+05  2.30936e+39  2.04621e+05  5.29997e+38  1.14918e-83
 2.37946e+00  2.50688e+05  5.84133e+38  2.50688e+05  4.94547e+39  2.42346e+05  4.15104e+39  2.04621e+05  4.39816e+38  1.14918e-83
 2.45723e+00  2.50688e+05  2.05352e+39  2.50688e+05  8.80809e+39  2.42346e+05  6.67036e+39  2.04621e+05  4.00695e+38  1.14918e-83
 2.53753e+00  2.50688e+05  4.85273e+39  2.42346e+05  7.25526e+39  2.34282e+05  4.69113e+39  2.04621e+05  4.12471e+38  1.14918e-83
 2.62047e+00  2.50688e+05  8.99334e+39  2.42346e+05  4.04457e+39  2.34282e+05  2.91717e+39  2.04621e+05  4.75193e+38  1.14918e-83
 2.70611e+00  2.42346e+05  9.45239e+39  2.42346e+05  1.99489e+39  2.34282e+05  1.81575e+39  2.04621e+05  5.89121e+38  1.14918e-83
 2.79455e+00  2.42346e+05  5.42576e+39  2.42346e+05  1.09774e+39  2.34282e+05  1.38231e+39  2.04621e+05  7.54725e+38  1.14918e-83
 2.88589e+00  2.42346e+05  2.74290e+39  2.42346e+05  1.34942e+39  2.34282e+05  1.61505e+39  2.04621e+05  9.72692e+38  1.14918e-83
 2.98021e+00  2.42346e+05  1.39271e+39  2.42346e+05  2.75097e+39  2.34282e+05  2.51493e+39  1.97812e+05  1.05530e+39  1.14918e-83
 3.07761e+00  2.42346e+05  1.36961e+39  2.42346e+05  5.30818e+39  2.34282e+05  4.08567e+39  1.97812e+05  8.59098e+38  1.14918e-83
 3.17819e+00  2.42346e+05  2.67350e+39  2.42346e+05  9.03163e+39  2.34282e+05  6.33379e+39  1.97812e+05  7.15695e+38  1.14918e-83
 3.28206e+00  2.42346e+05  5.30977e+39  2.34282e+05  1.02939e+40  2.26486e+05  7.56287e+39  1.97812e+05  6.24492e+38  1.14918e-83
 3.38933e+00  2.42346e+05  9.28933e+39  2.34282e+05  6.58084e+39  2.26486e+05  5.28731e+39  1.97812e+05  5.85113e+38  1.14918e-83
 3.50010e+00  2.34282e+05  1.31003e+40  2.34282e+05  4.03930e+39  2.26486e+05  3.69409e+39  1.97812e+05  5.97395e+38  1.14918e-83
 3.61449e+00  2.34282e+05  8.49043e+39  2.34282e+05  2.65876e+39  2.26486e+05  2.77663e+39  1.97812e+05  6.61387e+38  1.14918e-83
 3.73262e+00  2.34282e+05  5.23696e+39  2.34282e+05  2.43351e+39  2.26486e+05  2.53111e+39  1.97812e+05  7.77356e+38  1.14918e-83
 3.85462e+00  2.34282e+05  3.32649e+39  2.34282e+05  3.36260e+39  2.26486e+05  2.95653e+39  1.97812e+05  9.45781e+38  1.14918e-83
 3.98060e+00  2.34282e+05  2.75111e+39  2.34282e+05  5.44990e+39  2.26486e+05  4.05465e+39  1.97812e+05  1.16736e+39  1.14918e-83
 4.11069e+00  2.34282e+05  3.50843e+39  2.34282e+05  8.70402e+39  2.26486e+05  5.83000e+39  1.91230e+05  1.40289e+39  1.14918e-83
 4.24504e+00  2.34282e+05  5.60159e+39  2.34282e+05  1.31384e+40  2.26486e+05  8.28995e+39  1.91230e+05  1.18198e+39  1.14918e-83
 4.38378e+00  2.34282e+05  9.03926e+39  2.26486e+05  1.11571e+40  2.18950e+05  9.31050e+39  1.91230e+05  1.01520e+39  1.14918e-83
 4.52705e+00  2.34282e+05  1.38356e+40  2.26486e+05  7.75476e+39  2.18950e+05  6.98977e+39  1.91230e+05  9.01854e+38  1.14918e-83
 4.67501e+00  2.26486e+05  1.40128e+40  2.26486e+05  5.52879e+39  2.18950e+05  5.35843e+39  1.91230e+05  8.41485e+38  1.14918e-83
 4.82780e+00  2.26486e+05  9.76058e+39  2.26486e+05  4.46999e+39  2.18950e+05  4.40972e+39  1.91230e+05  8.33836e+38  1.14918e-83
 4.98558e+00  2.26486e+05  6.87006e+39  2.26486e+05  4.57396e+39  2.18950e+05  4.13972e+39  1.91230e+05  8.78878e+38  1.14918e-83
 5.14853e+00  2.26486e+05  5.32928e+39  2.26486e+05  5.84115e+39  2.18950e+05  4.54732e+39  1.91230e+05  9.76795e+38  1.14918e-83
 5.31679e+00  2.26486e+05  5.13188e+39  2.26486e+05  8.27679e+39  2.18950e+05  5.63420e+39  1.91230e+05  1.12799e+39  1.14918e-83
 5.49056e+00  2.26486e+05  6.27704e+39  2.26486e+05  1.18910e+40  2.18950e+05  7.40485e+39  1.91230e+05  1.33310e+39  1.14918e-83
 5.67001e+00  2.26486e+05  8.76949e+39  2.26486e+05  1.66986e+40  2.18950e+05  9.86660e+39  1.91230e+05  1.59296e+39  1.14918e-83
 5.85532e+00  2.26486e+05  1.26196e+40  2.18950e+05  1.41465e+40  2.11664e+05  1.26104e+40  1.91230e+05  1.90866e+39  1.14918e-83
 6.04668e+00  2.26486e+05  1.78432e+40  2.18950e+05  1.06716e+40  2.11664e+05  9.99868e+39  1.91230e+05  2.28149e+39  1.14918e-83
 6.24430e+00  2.18950e+05  1.74866e+40  2.18950e+05  8.38510e+39  2.11664e+05  8.08878e+39  1.91230e+05  2.71300e+39  1.14918e-83
 6.44838e+00  2.18950e+05  1.31472e+40  2.18950e+05  7.27760e+39  2.11664e+05  6.87282e+39  1.91230e+05  3.20498e+39  1.14918e-83
 6.65913e+00  2.18950e+05  1.01835e+40  2.18950e+05  7.34449e+39  2.11664e+05  6.34576e+39  1.91230e+05  3.75946e+39  1.14918e-83
 6.87677e+00  2.18950e+05  8.58329e+39  2.18950e+05  8.58606e+39  2.11664e+05  6.50543e+39  1.91230e+05  4.37874e+39  1.14918e-83
 7.10152e+00  2.18950e+05  8.33992e+39  2.18950e+05  1.10074e+40  2.11664e+05  7.35248e+39  1.91230e+05  5.06538e+39  1.14918e-83
 7.33362e+00  2.18950e+05  9.45239e+39  2.18950e+05  1.46187e+40  2.11664e+05  8.89041e+39  1.91230e+05  5.82222e+39  1.14918e-83
 7.57330e+00  2.18950e+05  1.19253e+40  2.18950e+05  1.94347e+40  2.11664e+05  1.11256e+40  1.91230e+05  6.65240e+39  1.14918e-83
 7.82082e+00  2.18950e+05  1.57689e+40  2.11664e+05  1.96297e+40  2.11664e+05  1.40673e+40  1.91230e+05  7.55934e+39  1.14918e-83
 8.07642e+00  2.18950e+05  2.09990e+40  2.11664e+05  1.56608e+40  2.04621e+05  1.48851e+40  1.91230e+05  8.54681e+39  1.14918e-83
 8.34038e+00  2.11664e+05  2.39567e+40  2.11664e+05  1.29009e+40  2.04621e+05  1.24200e+40  1.91230e+05  9.61889e+39  1.14918e-83
 8.61296e+00  2.11664e+05  1.90409e+40  2.11664e+05  1.13388e+40  2.04621e+05  1.06668e+40  1.91230e+05  1.07800e+40  1.14918e-83
 8.89446e+00  2.11664e+05  1.55252e+40  2.11664e+05  1.09678e+40  2.04621e+05  9.61822e+39  1.91230e+05  1.20350e+40  1.14918e-83
 9.18515e+00  2.11664e+05  1.33951e+40  2.11664e+05  1.17865e+40  2.04621e+05  9.26987e+39  1.91230e+05  1.33890e+40  1.14918e-83
 9.48535e+00  2.11664e+05  1.26417e+40  2.11664e+05  1.37983e+40  2.04621e+05  9.62036e+39  1.91230e+05  1.48477e+40  1.14918e-83
 9.79535e+00  2.11664e+05  1.32620e+40  2.11664e+05  1.70114e+40  2.04621e+05  1.06711e+40  1.91230e+05  1.64170e+40  1.14918e-83
 1.01155e+01  2.11664e+05  1.52585e+40  2.11664e+05  2.14393e+40  2.04621e+05  1.24265e+40  1.91230e+05  1.81036e+40  1.14918e-83
 1.04461e+01  2.11664e+05  1.86394e+40  2.11664e+05  2.71001e+40  2.04621e+05  1.48938e+40  1.91230e+05  1.99143e+40  1.14918e-83
 1.07875e+01  2.11664e+05  2.34188e+40  2.04621e+05  2.36824e+40  2.04621e+05  1.80831e+40  1.91230e+05  2.18566e+40  1.14918e-83
 1.11401e+01  2.11664e+05  2.96165e+40  2.04621e+05  1.99755e+40  1.97812e+05  1.96129e+40  1.91230e+05  2.39387e+40  1.14918e-83
 1.15041e+01  2.04621e+05  2.85676e+40  2.04621e+05  1.74955e+40  1.97812e+05  1.69828e+40  1.91230e+05  2.61690e+40  1.14918e-83
 1.18801e+01  2.04621e+05  2.39496e+40  2.04621e+05  1.62322e+40  1.97812e+05  1.50836e+40  1.84866e+05  2.64304e+40  1.14918e-83
 1.22684e+01  2.04621e+05  2.07521e+40  2.04621e+05  1.61803e+40  1.97812e+05  1.39072e+40  1.84866e+05  2.66418e+40  1.14918e-83
 1.26694e+01  2.04621e+05  1.89618e+40  2.04621e+05  1.73397e+40  1.97812e+05  1.34488e+40  1.84866e+05  2.70126e+40  1.14918e-83
 1.30834e+01  2.04621e+05  1.85712e+40  2.04621e+05  1.97152e+40  1.97812e+05  1.37065e+40  1.84866e+05  2.75445e+40  1.14918e-83
 1.35110e+01  2.04621e+05  1.95789e+40  2.04621e+05  2.33165e+40  1.97812e+05  1.46815e+40  1.84866e+05  2.82396e+40  1.14918e-83
 1.39526e+01  2.04621e+05  2.19889e+40  2.04621e+05  2.81585e+40  1.97812e+05  1.63776e+40  1.84866e+05  2.91008e+40  1.14918e-83
 1.44086e+01  2.04621e+05  2.58112e+40  2.04621e+05  3.42614e+40  1.97812e+05  1.88020e+40  1.84866e+05  3.01317e+40  1.14918e-83
 1.48795e+01  2.04621e+05  3.10616e+40  1.97812e+05  3.17362e+40  1.97812e+05  2.19646e+40  1.84866e+05  3.13365e+40  1.14918e-83
 1.53658e+01  2.04621e+05  3.77619e+40  1.97812e+05  2.77587e+40  1.97812e+05  2.58786e+40  1.84866e+05  3.27203e+40  1.14918e-83
 1.58680e+01  1.97812e+05  3.79467e+40  1.97812e+05  2.50403e+40  1.91230e+05  2.82456e+40  1.84866e+05  3.42887e+40  1.14918e-83
 1.63866e+01  1.97812e+05  3.30074e+40  1.97812e+05  2.35699e+40  1.91230e+05  2.55991e+40  1.84866e+05  3.60482e+40  1.14918e-83
 1.69222e+01  1.97812e+05  2.95259e+40  1.97812e+05  2.33413e+40  1.91230e+05  2.37190e+40  1.84866e+05  3.80062e+40  1.14918e-83
 1.74753e+01  1.97812e+05  2.74880e+40  1.97812e+05  2.43536e+40  1.91230e+05  2.25975e+40  1.84866e+05  4.01707e+40  1.14918e-83
 1.80464e+01  1.97812e+05  2.68852e+40  1.97812e+05  2.66109e+40  1.91230e+05  2.22300e+40  1.84866e+05  4.25507e+40  1.14918e-83
 1.86362e+01  1.97812e+05  2.77149e+40  1.97812e+05  3.01227e+40  1.91230e+05  2.26150e+40  1.84866e+05  4.51560e+40  1.14918e-83
 1.92453e+01  1.97812e+05  2.99807e+40  1.97812e+05  3.49034e+40  1.91230e+05  2.37540e+40  1.84866e+05  4.79974e+40  1.14918e-83
 1.98743e+01  1.97812e+05  3.36918e+40  1.97812e+05  4.09728e+40  1.91230e+05  2.56518e+40  1.84866e+05  5.10867e+40  1.14918e-83
 2.05238e+01  1.97812e+05  3.88637e+40  1.97812e+05  4.83561e+40  1.91230e+05  2.83162e+40  1.84866e+05  5.44367e+40  1.14918e-83
 2.11946e+01  1.97812e+05  4.55178e+40  1.91230e+05  4.66647e+40  1.91230e+05  3.17582e+40  1.84866e+05  5.80611e+40  1.14918e-83
 2.18873e+01  1.97812e+05  5.36816e+40  1.91230e+05  4.26872e+40  1.91230e+05  3.59922e+40  1.84866e+05  6.19752e+40  1.14918e-83
 2.26026e+01  1.91230e+05  5.51949e+40  1.91230e+05  4.00307e+40  1.91230e+05  4.10355e+40  1.84866e+05  6.61949e+40  1.14918e-83
 2.33413e+01  1.91230e+05  5.02388e+40  1.91230e+05  3.86842e+40  1.91230e+05  4.69091e+40  1.84866e+05  7.07378e+40  1.14918e-83
 2.41042e+01  1.91230e+05  4.68119e+40  1.91230e+05  3.86420e+40  1.91230e+05  5.36374e+40  1.84866e+05  7.56227e+40  1.14918e-83
 2.48920e+01  1.91230e+05  4.49000e+40  1.91230e+05  3.99040e+40  1.91230e+05  6.12480e+40  1.84866e+05  8.08698e+40  1.14918e-83
 2.57055e+01  1.91230e+05  4.44953e+40  1.91230e+05  4.24754e+40  1.91230e+05  6.97726e+40  1.84866e+05  8.65008e+40  1.14918e-83
 2.65456e+01  1.91230e+05  4.55960e+40  1.91230e+05  4.63669e+40  1.91230e+05  7.92464e+40  1.84866e+05  9.25390e+40  1.14918e-83
 2.74132e+01  1.91230e+05  4.82068e+40  1.91230e+05  5.15946e+40  1.91230e+05  8.97086e+40  1.84866e+05  9.90095e+40  1.14918e-83
 2.83091e+01  1.91230e+05  5.23383e+40  1.91230e+05  5.81800e+40  1.91230e+05  1.01203e+41  1.84866e+05  1.05939e+41  1.14918e-83
 2.92343e+01  1.91230e+05  5.80078e+40  1.91230e+05  6.61505e+40  1.91230e+05  1.13776e+41  1.84866e+05  1.13356e+41  1.14918e-83
 3.01898e+01  1.91230e+05  6.52387e+40  1.91230e+05  7.55391e+40  1.91230e+05  1.27480e+41  1.84866e+05  1.21291e+41  1.14918e-83
 3.11765e+01  1.91230e+05  7.40609e+40  1.91230e+05  8.63845e+40  1.91230e+05  1.42373e+41  1.84866e+05  1.29778e+41  1.14918e-83
 3.21954e+01  1.91230e+05  8.45109e+40  1.91230e+05  9.87318e+40  1.91230e+05  1.58515e+41  1.84866e+05  1.38851e+41  1.14918e-83
 3.32476e+01  1.91230e+05  9.66320e+40  1.91230e+05  1.12632e+41  1.91230e+05  1.75974e+41  1.84866e+05  1.48548e+41  1.14918e-83
 3.43343e+01  1.91230e+05  1.10474e+41  1.91230e+05  1.28142e+41  1.91230e+05  1.94821e+41  1.84866e+05  1.58909e+41  1.14918e-83
 3.54564e+01  1.91230e+05  1.26095e+41  1.91230e+05  1.45327e+41  1.91230e+05  2.15135e+41  1.84866e+05  1.69976e+41  1.14918e-83
 3.66152e+01  1.91230e+05  1.43559e+41  1.91230e+05  1.64258e+41  1.91230e+05  2.37000e+41  1.84866e+05  1.81797e+41  1.14918e-83
 3.78119e+01  1.91230e+05  1.62938e+41  1.91230e+05  1.85013e+41  1.91230e+05  2.60506e+41  1.84866e+05  1.94419e+41  1.14918e-83
 3.90477e+01  1.91230e+05  1.84314e+41  1.91230e+05  2.07678e+41  1.91230e+05  2.85751e+41  1.84866e+05  2.07895e+41  1.14918e-83
 4.03238e+01  1.91230e+05  2.07773e+41  1.91230e+05  2.32347e+41  1.91230e+05  3.12839e+41  1.84866e+05  2.22280e+41  1.14918e-83
 4.16417e+01  1.91230e+05  2.33413e+41  1.91230e+05  2.59121e+41  1.91230e+05  3.41882e+41  1.84866e+05  2.37635e+41  1.14918e-83
 4.30027e+01  1.91230e+05  2.61341e+41  1.91230e+05  2.88112e+41  1.91230e+05  3.73000e+41  1.84866e+05  2.54022e+41  1.14918e-83
 4.44081e+01  1.91230e+05  2.91671e+41  1.91230e+05  3.19440e+41  1.91230e+05  4.06323e+41  1.84866e+05  2.71509e+41  1.14918e-83
 4.58595e+01  1.91230e+05  3.24530e+41  1.91230e+05  3.53234e+41  1.91230e+05  4.41987e+41  1.84866e+05  2.90170e+41  1.14918e-83
 4.73583e+01  1.91230e+05  3.60053e+41  1.91230e+05  3.89634e+41  1.91230e+05  4.80141e+41  1.84866e+05  3.10081e+41  1.14918e-83
 4.89061e+01  1.91230e+05  3.98388e+41  1.91230e+05  4.28791e+41  1.91230e+05  5.20942e+41  1.84866e+05  3.31324e+41  1.14918e-83
 5.05045e+01  1.91230e+05  4.39692e+41  1.91230e+05  4.70866e+41  1.91230e+05  5.64560e+41  1.84866e+05  3.53988e+41  1.14918e-83
 5.21551e+01  1.91230e+05  4.84138e+41  1.91230e+05  5.16035e+41  1.91230e+05  6.11175e+41  1.84866e+05  3.78165e+41  1.14918e-83
 5.38597e+01  1.91230e+05  5.31909e+41  1.91230e+05  5.64483e+41  1.91230e+05  6.60979e+41  1.84866e+05  4.03957e+41  1.14918e-83
 5.56199e+01  1.91230e+05  5.83202e+41  1.91230e+05  6.16412e+41  1.91230e+05  7.14180e+41  1.84866e+05  4.31470e+41  1.14918e-83
 5.74378e+01  1.91230e+05  6.38230e+41  1.91230e+05  6.72036e+41  1.91230e+05  7.70996e+41  1.84866e+05  4.60818e+41  1.14918e-83
 5.93150e+01  1.91230e+05  6.97220e+41  1.91230e+05  7.31586e+41  1.91230e+05  8.31664e+41  1.84866e+05  4.92123e+41  1.14918e-83
 6.12535e+01  1.91230e+05  7.60418e+41  1.91230e+05  7.95307e+41  1.91230e+05  8.96434e+41  1.84866e+05  5.25513e+41  1.14918e-83
 6.32555e+01  1.91230e+05  8.28083e+41  1.91230e+05  8.63464e+41  1.91230e+05  9.65574e+41  1.84866e+05  5.61127e+41  1.14918e-83
 6.53228e+01  1.91230e+05  9.00497e+41  1.91230e+05  9.36339e+41  1.91230e+05  1.03937e+42  1.84866e+05  5.99112e+41  1.14918e-83
 6.74577e+01  1.91230e+05  9.77959e+41  1.91230e+05  1.01423e+42  1.91230e+05  1.11813e+42  1.84866e+05  6.39627e+41  1.14918e-83
 6.96624e+01  1.91230e+05  1.06079e+42  1.91230e+05  1.09747e+42  1.91230e+05  1.20218e+42  1.84866e+05  6.82837e+41  1.14918e-83
 7.19392e+01  1.91230e+05  1.14933e+42  1.91230e+05  1.18639e+42  1.91230e+05  1.29186e+42  1.84866e+05  7.28923e+41  1.14918e-83
 7.42903e+01  1.91230e+05  1.24395e+42  1.91230e+05  1.28137e+42  1.91230e+05  1.38755e+42  1.84866e+05  7.78075e+41  1.14918e-83
 7.67183e+01  1.91230e+05  1.34504e+42  1.91230e+05  1.38279e+42  1.91230e+05  1.48964e+42  1.84866e+05  8.30495e+41  1.14918e-83
 7.92257e+01  1.91230e+05  1.45302e+42  1.91230e+05  1.49108e+42  1.91230e+05  1.59855e+42  1.84866e+05  8.86402e+41  1.14918e-83
 8.18150e+01  1.91230e+05  1.56833e+42  1.91230e+05  1.60668e+42  1.91230e+05  1.71475e+42  1.84866e+05  9.46027e+41  1.14918e-83
 8.44889e+01  1.91230e+05  1.69145e+42  1.91230e+05  1.73008e+42  1.91230e+05  1.83870e+42  1.84866e+05  1.00962e+42  1.14918e-83
 8.72502e+01  1.91230e+05  1.82290e+42  1.91230e+05  1.86179e+42  1.91230e+05  1.97092e+42  1.84866e+05  1.07743e+42  1.14918e-83
 9.01018e+01  1.91230e+05  1.96321e+42  1.91230e+05  2.00234e+42  1.91230e+05  2.11195e+42  1.84866e+05  1.14976e+42  1.14918e-83
 9.30466e+01  1.91230e+05  2.11296e+42  1.91230e+05  2.15232e+42  1.91230e+05  2.26239e+42  1.84866e+05  1.22689e+42  1.14918e-83
 9.60876e+01  1.91230e+05  2.27278e+42  1.91230e+05  2.31236e+42  1.91230e+05  2.42285e+42  1.84866e+05  1.30915e+42  1.14918e-83
 9.92280e+01  1.91230e+05  2.44333e+42  1.91230e+05  2.48310e+42  1.91230e+05  2.59400e+42  1.84866e+05  1.39687e+42  1.14918e-83
 1.02471e+02  1.91230e+05  2.62531e+42  1.91230e+05  2.66527e+42  1.91230e+05  2.77654e+42  1.84866e+05  1.49043e+42  1.14918e-83
 1.05820e+02  1.91230e+05  2.81948e+42  1.91230e+05  2.85962e+42  1.84866e+05  2.88408e+42  1.84866e+05  1.59020e+42  1.14918e-83
 1.09278e+02  1.91230e+05  3.02664e+42  1.91230e+05  3.06694e+42  1.84866e+05  2.90068e+42  1.84866e+05  1.69661e+42  1.14918e-83
 1.12850e+02  1.91230e+05  3.24764e+42  1.91230e+05  3.28810e+42  1.84866e+05  2.92995e+42  1.84866e+05  1.81008e+42  1.14918e-83
 1.16538e+02  1.91230e+05  3.48341e+42  1.91230e+05  3.52401e+42  1.84866e+05  2.97200e+42  1.84866e+05  1.93109e+42  1.14918e-83
 1.20347e+02  1.91230e+05  3.73491e+42  1.91230e+05  3.77564e+42  1.84866e+05  3.02701e+42  1.84866e+05  2.06015e+42  1.14918e-83
 1.24280e+02  1.91230e+05  4.00319e+42  1.91230e+05  4.04405e+42  1.84866e+05  3.09521e+42  1.84866e+05  2.19778e+42  1.14918e-83
 1.28342e+02  1.91230e+05  4.28936e+42  1.91230e+05  4.33034e+42  1.84866e+05  3.17688e+42  1.84866e+05  2.34455e+42  1.14918e-83
 1.32537e+02  1.91230e+05  4.59460e+42  1.91230e+05  4.63570e+42  1.84866e+05  3.27235e+42  1.84866e+05  2.50108e+42  1.14918e-83
 1.36868e+02  1.91230e+05  4.92018e+42  1.91230e+05  4.96138e+42  1.84866e+05  3.38203e+42  1.84866e+05  2.66801e+42  1.14918e-83
 1.41341e+02  1.91230e+05  5.26744e+42  1.84866e+05  5.00580e+42  1.84866e+05  3.50637e+42  1.84866e+05  2.84603e+42  1.14918e-83
 1.45961e+02  1.91230e+05  5.63782e+42  1.84866e+05  5.04462e+42  1.84866e+05  3.64588e+42  1.84866e+05  3.03587e+42  1.14918e-83
 1.50731e+02  1.84866e+05  5.77329e+42  1.84866e+05  5.10546e+42  1.84866e+05  3.80114e+42  1.84866e+05  3.23833e+42  1.14918e-83
 1.55658e+02  1.84866e+05  5.81214e+42  1.84866e+05  5.18857e+42  1.84866e+05  3.97279e+42  1.84866e+05  3.45424e+42  1.14918e-83
 1.60745e+02  1.84866e+05  5.87636e+42  1.84866e+05  5.29430e+42  1.84866e+05  4.16154e+42  1.84866e+05  3.68449e+42  1.14918e-83
 1.65998e+02  1.84866e+05  5.96622e+42  1.84866e+05  5.42309e+42  1.84866e+05  4.36817e+42  1.84866e+05  3.93004e+42  1.14918e-83
 1.71424e+02  1.84866e+05  6.08209e+42  1.84866e+05  5.57546e+42  1.84866e+05  4.59354e+42  1.84866e+05  4.19191e+42  1.14918e-83
 1.77026e+02  1.84866e+05  6.22445e+42  1.84866e+05  5.75205e+42  1.84866e+05  4.83858e+42  1.84866e+05  4.47117e+42  1.14918e-83
 1.82812e+02  1.84866e+05  6.39390e+42  1.84866e+05  5.95359e+42  1.84866e+05  5.10431e+42  1.84866e+05  4.76898e+42  1.14918e-83
 1.88787e+02  1.84866e+05  6.59113e+42  1.84866e+05  6.18091e+42  1.84866e+05  5.39182e+42  1.84866e+05  5.08658e+42  1.14918e-83
 1.94957e+02  1.84866e+05  6.81695e+42  1.84866e+05  6.43496e+42  1.84866e+05  5.70230e+42  1.84866e+05  5.42528e+42  1.14918e-83
 2.01328e+02  1.84866e+05  7.07231e+42  1.84866e+05  6.71678e+42  1.84866e+05  6.03705e+42  1.84866e+05  5.78649e+42  1.14918e-83
 2.07908e+02  1.84866e+05  7.35826e+42  1.84866e+05  7.02754e+42  1.84866e+05  6.39744e+42  1.84866e+05  6.17168e+42  1.14918e-83
 2.14703e+02  1.84866e+05  7.67599e+42  1.84866e+05  7.36853e+42  1.84866e+05  6.78496e+42  1.84866e+05  6.58247e+42  1.14918e-83
 2.21720e+02  1.84866e+05  8.02680e+42  1.84866e+05  7.74116e+42  1.84866e+05  7.20123e+42  1.84866e+05  7.02055e+42  1.14918e-83
 2.28967e+02  1.84866e+05  8.41215e+42  1.84866e+05  8.14697e+42  1.84866e+05  7.64795e+42  1.84866e+05  7.48773e+42  1.14918e-83
 2.36450e+02  1.84866e+05  8.83363e+42  1.84866e+05  8.58763e+42  1.84866e+05  8.12699e+42  1.84866e+05  7.98595e+42  1.14918e-83
 2.44178e+02  1.84866e+05  9.29300e+42  1.84866e+05  9.06499e+42  1.84866e+05  8.64032e+42  1.84866e+05  8.51727e+42  1.14918e-83
 2.52158e+02  1.84866e+05  9.79214e+42  1.84866e+05  9.58100e+42  1.84866e+05  9.19007e+42  1.84866e+05  9.08389e+42  1.14918e-83
 2.60399e+02  1.84866e+05  1.03331e+43  1.84866e+05  1.01378e+43  1.84866e+05  9.77851e+42  1.84866e+05  9.68814e+42  1.14918e-83
 2.68910e+02  1.84866e+05  1.09182e+43  1.84866e+05  1.07377e+43  1.84866e+05  1.04081e+43  1.84866e+05  1.03325e+43  1.14918e-83
 2.77699e+02  1.84866e+05  1.15498e+43  1.84866e+05  1.13832e+43  1.84866e+05  1.10814e+43  1.84866e+05  1.10198e+43  1.14918e-83
 2.86774e+02  1.84866e+05  1.22305e+43  1.84866e+05  1.20769e+43  1.84866e+05  1.18012e+43  1.84866e+05  1.17526e+43  1.14918e-83
 2.96147e+02  1.84866e+05  1.29631e+43  1.84866e+05  1.28218e+43  1.84866e+05  1.25705e+43  1.84866e+05  1.25342e+43  1.14918e-83
 3.05826e+02  1.84866e+05  1.37507e+43  1.84866e+05  1.36209e+43  1.84866e+05  1.33926e+43  1.84866e+05  1.33677e+43  1.14918e-83
 3.15821e+02  1.84866e+05  1.45966e+43  1.84866e+05  1.44775e+43  1.84866e+05  1.42706e+43  1.84866e+05  1.42565e+43  1.14918e-83
 3.26143e+02  1.84866e+05  1.55041e+43  1.84866e+05  1.53951e+43  1.84866e+05  1.52085e+43  1.84866e+05  1.52044e+43  1.14918e-83
 3.36802e+02  1.84866e+05  1.64772e+43  1.84866e+05  1.63776e+43  1.84866e+05  1.62099e+43  1.84866e+05  1.62153e+43  1.14918e-83
 3.47810e+02  1.84866e+05  1.75197e+43  1.84866e+05  1.74290e+43  1.84866e+05  1.72790e+43  1.84866e+05  1.72933e+43  1.14918e-83
 3.59177e+02  1.84866e+05  1.86361e+43  1.84866e+05  1.85537e+43  1.84866e+05  1.84203e+43  1.84866e+05  1.84429e+43  1.14918e-83
 3.70916e+02  1.84866e+05  1.98309e+43  1.84866e+05  1.97564e+43  1.84866e+05  1.96386e+43  1.84866e+05  1.96689e+43  1.14918e-83
 3.83038e+02  1.84866e+05  2.11092e+43  1.84866e+05  2.10419e+43  1.84866e+05  2.09387e+43  1.84866e+05  2.09764e+43  1.14918e-83
 3.95557e+02  1.84866e+05  2.24761e+43  1.84866e+05  2.24156e+43  1.84866e+05  2.23262e+43  1.84866e+05  2.23707e+43  1.14918e-83
 4.08485e+02  1.84866e+05  2.39373e+43  1.84866e+05  2.38833e+43  1.84866e+05  2.38067e+43  1.84866e+05  2.38577e+43  1.14918e-83
 4.21835e+02  1.84866e+05  2.54989e+43  1.84866e+05  2.54510e+43  1.84866e+05  2.53864e+43  1.84866e+05  2.54434e+43  1.14918e-83
 4.35622e+02  1.84866e+05  2.71674e+43  1.84866e+05  2.71251e+43  1.84866e+05  2.70718e+43  1.84866e+05  2.71345e+43  1.14918e-83
 4.49859e+02  1.84866e+05  2.89496e+43  1.84866e+05  2.89126e+43  1.84866e+05  2.88700e+43  1.84866e+05  2.89379e+43  1.14918e-83
 4.64562e+02  1.84866e+05  3.08530e+43  1.84866e+05  3.08209e+43  1.84866e+05  3.07882e+43  1.84866e+05  3.08611e+43  1.14918e-83
 4.79745e+02  1.84866e+05  3.28853e+43  1.84866e+05  3.28580e+43  1.84866e+05  3.28346e+43  1.84866e+05  3.29121e+43  1.14918e-83
 4.95424e+02  1.84866e+05  3.50551e+43  1.84866e+05  3.50321e+43  1.84866e+05  3.50174e+43  1.84866e+05  3.50994e+43  1.14918e-83
 5.11616e+02  1.84866e+05  3.73713e+43  1.84866e+05  3.73524e+43  1.84866e+05  3.73459e+43  1.84866e+05  3.74319e+43  1.14918e-83
 5.28337e+02  1.84866e+05  3.98434e+43  1.84866e+05  3.98284e+43  1.84866e+05  3.98296e+43  1.84866e+05  3.99194e+43  1.14918e-83
 5.45604e+02  1.84866e+05  4.24818e+43  1.84866e+05  4.24703e+43  1.84866e+05  4.24788e+43  1.84866e+05  4.25722e+43  1.14918e-83
 5.63436e+02  1.84866e+05  4.52973e+43  1.84866e+05  4.52892e+43  1.84866e+05  4.53044e+43  1.84866e+05  4.54012e+43  1.14918e-83
 5.81850e+02  1.84866e+05  4.83015e+43  1.84866e+05  4.82966e+43  1.84866e+05  4.83182e+43  1.84866e+05  4.84182e+43  1.14918e-83
 6.00867e+02  1.84866e+05  5.15070e+43  1.84866e+05  5.15051e+43  1.84866e+05  5.15326e+43  1.84866e+05  5.16355e+43  1.14918e-83
 6.20505e+02  1.84866e+05  5.49270e+43  1.84866e+05  5.49278e+43  1.84866e+05  5.49609e+43  1.84866e+05  5.50666e+43  1.14918e-83
 6.40784e+02  1.84866e+05  5.85756e+43  1.84866e+05  5.85791e+43  1.84866e+05  5.86173e+43  1.84866e+05  5.87257e+43  1.14918e-83
 6.61727e+02  1.84866e+05  6.24679e+43  1.84866e+05  6.24738e+43  1.84866e+05  6.25170e+43  1.84866e+05  6.26278e+43  1.14918e-83
 6.83354e+02  1.84866e+05  6.66201e+43  1.84866e+05  6.66283e+43  1.84866e+05  6.66761e+43  1.84866e+05  6.67892e+43  1.14918e-83
 7.05688e+02  1.84866e+05  7.10493e+43  1.84866e+05  7.10597e+43  1.84866e+05  7.11117e+43  1.84866e+05  7.12270e+43  1.14918e-83
 7.28751e+02  1.84866e+05  7.57739e+43  1.84866e+05  7.57863e+43  1.84866e+05  7.58424e+43  1.84866e+05  7.59597e+43  1.14918e-83
 7.52569e+02  1.84866e+05  8.08134e+43  1.84866e+05  8.08276e+43  1.84866e+05  8.08875e+43  1.84866e+05  8.10067e+43  1.14918e-83
 7.77165e+02  1.84866e+05  8.61886e+43  1.84866e+05  8.62046e+43  1.84866e+05  8.62681e+43  1.84866e+05  8.63890e+43  1.14918e-83
 8.02565e+02  1.84866e+05  9.19218e+43  1.84866e+05  9.19395e+43  1.84866e+05  9.20063e+43  1.84866e+05  9.21290e+43  1.14918e-83
 8.28794e+02  1.84866e+05  9.80368e+43  1.84866e+05  9.80561e+43  1.84866e+05  9.81260e+43  1.84866e+05  9.82502e+43  1.14918e-83
 8.55882e+02  1.84866e+05  1.04559e+44  1.84866e+05  1.04580e+44  1.84866e+05  1.04652e+44  1.84866e+05  1.04778e+44  1.14918e-83
 8.83854e+02  1.84866e+05  1.11515e+44  1.84866e+05  1.11537e+44  1.84866e+05  1.11613e+44  1.84866e+05  1.11740e+44  1.14918e-83
 9.12741e+02  1.84866e+05  1.18934e+44  1.84866e+05  1.18957e+44  1.84866e+05  1.19035e+44  1.84866e+05  1.19164e+44  1.14918e-83
 9.42571e+02  1.84866e+05  1.26846e+44  1.84866e+05  1.26871e+44  1.84866e+05  1.26951e+44  1.84866e+05  1.27081e+44  1.14918e-83
 9.73377e+02  1.84866e+05  1.35285e+44  1.84866e+05  1.35311e+44  1.84866e+05  1.35393e+44  1.84866e+05  1.35524e+44  1.14918e-83
 1.00519e+03  1.84866e+05  1.44285e+44  1.84866e+05  1.44311e+44  1.84866e+05  1.44396e+44  1.84866e+05  1.44528e+44  1.14918e-83
 1.03804e+03  1.84866e+05  1.53883e+44  1.84866e+05  1.53911e+44  1.84866e+05  1.53998e+44  1.84866e+05  1.54130e+44  1.14918e-83
 1.07197e+03  1.84866e+05  1.64119e+44  1.84866e+05  1.64148e+44  1.84866e+05  1.64237e+44  1.84866e+05  1.64371e+44  1.14918e-83
 1.10700e+03  1.84866e+05  1.75036e+44  1.84866e+05  1.75066e+44  1.84866e+05  1.75157e+44  1.84866e+05  1.75291e+44  1.14918e-83
 1.14318e+03  1.84866e+05  1.86679e+44  1.84866e+05  1.86710e+44  1.84866e+05  1.86802e+44  1.84866e+05  1.86937e+44  1.14918e-83
 1.18054e+03  1.84866e+05  1.99096e+44  1.84866e+05  1.99127e+44  1.84866e+05  1.99221e+44  1.84866e+05  1.99357e+44  1.14918e-83
 1.21913e+03  1.84866e+05  2.12338e+44  1.84866e+05  2.12369e+44  1.84866e+05  2.12465e+44  1.84866e+05  2.12601e+44  1.14918e-83
 1.25897e+03  1.84866e+05  2.26459e+44  1.84866e+05  2.26492e+44  1.84866e+05  2.26589e+44  1.84866e+05  2.26726e+44  1.14918e-83
 1.30012e+03  1.84866e+05  2.41520e+44  1.84866e+05  2.41553e+44  1.84866e+05  2.41651e+44  1.84866e+05  2.41789e+44  1.14918e-83
 1.34261e+03  1.84866e+05  2.57581e+44  1.84866e+05  2.57615e+44  1.84866e+05  2.57714e+44  1.84866e+05  2.57853e+44  1.14918e-83
 1.38649e+03  1.84866e+05  2.74710e+44  1.84866e+05  2.74744e+44  1.84866e+05  2.74844e+44  1.84866e+05  2.74984e+44  1.14918e-83
 1.43180e+03  1.84866e+05  2.92977e+44  1.84866e+05  2.93011e+44  1.84866e+05  2.93113e+44  1.84866e+05  2.93252e+44  1.14918e-83
 1.47860e+03  1.84866e+05  3.12457e+44  1.84866e+05  3.12492e+44  1.84866e+05  3.12595e+44  1.84866e+05  3.12735e+44  1.14918e-83
 1.52692e+03  1.84866e+05  3.33232e+44  1.84866e+05  3.33268e+44  1.84866e+05  3.33371e+44  1.84866e+05  3.33512e+44  1.14918e-83
 1.57683e+03  1.84866e+05  3.55387e+44  1.84866e+05  3.55424e+44  1.84866e+05  3.55528e+44  1.84866e+05  3.55669e+44  1.14918e-83
 1.62836e+03  1.84866e+05  3.79015e+44  1.84866e+05  3.79052e+44  1.84866e+05  3.79156e+44  1.84866e+05  3.79298e+44  1.14918e-83
 1.68158e+03  1.84866e+05  4.04212e+44  1.84866e+05  4.04249e+44  1.84866e+05  4.04355e+44  1.84866e+05  4.04497e+44  1.14918e-83
 1.73654e+03  1.84866e+05  4.31084e+44  1.84866e+05  4.31121e+44  1.84866e+05  4.31227e+44  1.84866e+05  4.31370e+44  1.14918e-83
 1.79329e+03  1.84866e+05  4.59740e+44  1.84866e+05  4.59778e+44  1.84866e+05  4.59885e+44  1.84866e+05  4.60028e+44  1.14918e-83
 1.85190e+03  1.84866e+05  4.90301e+44  1.84866e+05  4.90339e+44  1.84866e+05  4.90447e+44  1.84866e+05  4.90590e+44  1.14918e-83
 1.91243e+03  1.84866e+05  5.22892e+44  1.84866e+05  5.22931e+44  1.84866e+05  5.23039e+44  1.84866e+05  5.23182e+44  1.14918e-83
 1.97493e+03  1.84866e+05  5.57649e+44  1.84866e+05  5.57687e+44  1.84866e+05  5.57796e+44  1.84866e+05  5.57940e+44  1.14918e-83
 2.03948e+03  1.84866e+05  5.94714e+44  1.84866e+05  5.94753e+44  1.84866e+05  5.94862e+44  1.84866e+05  5.95006e+44  1.14918e-83
 2.10613e+03  1.84866e+05  6.34242e+44  1.84866e+05  6.34281e+44  1.84866e+05  6.34391e+44  1.84866e+05  6.34535e+44  1.14918e-83
 2.17497e+03  1.84866e+05  6.76396e+44  1.84866e+05  6.76436e+44  1.84866e+05  6.76546e+44  1.78715e+05  6.45879e+44  1.14918e-83
 2.24605e+03  1.84866e+05  7.21351e+44  1.84866e+05  7.21391e+44  1.84866e+05  7.21501e+44  1.78715e+05  6.49288e+44  1.14918e-83
 2.31946e+03  1.84866e+05  7.69293e+44  1.84866e+05  7.69332e+44  1.84866e+05  7.69443e+44  1.78715e+05  6.55384e+44  1.14918e-83
 2.39526e+03  1.84866e+05  8.20419e+44  1.84866e+05  8.20459e+44  1.84866e+05  8.20570e+44  1.78715e+05  6.64193e+44  1.14918e-83
 2.47355e+03  1.84866e+05  8.74942e+44  1.84866e+05  8.74982e+44  1.84866e+05  8.75094e+44  1.78715e+05  6.75750e+44  1.14918e-83
 2.55439e+03  1.84866e+05  9.33087e+44  1.84866e+05  9.33127e+44  1.84866e+05  9.33239e+44  1.78715e+05  6.90104e+44  1.14918e-83
 2.63787e+03  1.84866e+05  9.95095e+44  1.84866e+05  9.95136e+44  1.84866e+05  9.95248e+44  1.78715e+05  7.07314e+44  1.14918e-83
 2.72409e+03  1.84866e+05  1.06122e+45  1.84866e+05  1.06126e+45  1.84866e+05  1.06138e+45  1.78715e+05  7.27451e+44  1.14918e-83
 2.81312e+03  1.84866e+05  1.13174e+45  1.84866e+05  1.13178e+45  1.84866e+05  1.13190e+45  1.78715e+05  7.50598e+44  1.14918e-83
 2.90506e+03  1.84866e+05  1.20695e+45  1.84866e+05  1.20699e+45  1.84866e+05  1.20710e+45  1.78715e+05  7.76853e+44  1.14918e-83
 3.00000e+03  1.84866e+05  1.28715e+45  1.84866e+05  1.28719e+45  1.84866e+05  1.28731e+45  1.78715e+05  8.06322e+44  1.14918e-83
