radius_rg T_0deg chi2_0deg T_15deg chi2_15deg T_30deg chi2_30deg T_45deg chi2_45deg nuLnusavg_last
 2.00000e-01  1.07428e+06  3.53765e+44  1.03853e+06  2.86238e+44  9.38269e+05  1.24346e+44  7.15730e+05  1.18208e+43 -2.36677e-21
 2.06537e-01  1.07428e+06  3.41501e+44  1.03853e+06  2.75508e+44  9.38269e+05  1.20941e+44  7.15730e+05  1.13707e+43 -2.36677e-21
 2.13287e-01  1.07428e+06  3.33670e+44  1.03853e+06  2.68533e+44  9.07048e+05  1.16723e+44  6.91914e+05  1.12995e+43 -2.36677e-21
 2.20257e-01  1.03853e+06  3.20663e+44  1.00397e+06  2.58786e+44  9.07048e+05  1.12246e+44  6.91914e+05  1.03972e+43 -2.36677e-21
 2.27456e-01  1.03853e+06  3.11587e+44  1.00397e+06  2.50546e+44  9.07048e+05  1.09745e+44  6.91914e+05  9.87711e+42 -2.36677e-21
 2.34890e-01  1.00397e+06  3.01687e+44  9.70565e+05  2.43872e+44  8.76865e+05  1.04881e+44  6.91914e+05  9.73699e+42 -2.36677e-21
 2.42567e-01  1.00397e+06  2.91170e+44  9.70565e+05  2.34197e+44  8.76865e+05  1.01183e+44  6.68890e+05  9.16692e+42 -2.36677e-21
 2.50494e-01  9.70565e+05  2.84846e+44  9.70565e+05  2.28107e+44  8.47687e+05  9.90666e+43  6.68890e+05  8.54420e+42 -2.36677e-21
 2.58681e-01  9.70565e+05  2.72691e+44  9.38269e+05  2.19756e+44  8.47687e+05  9.40801e+43  6.68890e+05  8.29596e+42 -2.36677e-21
 2.67136e-01  9.70565e+05  2.64684e+44  9.38269e+05  2.12002e+44  8.47687e+05  9.09933e+43  6.46632e+05  8.16012e+42 -2.36677e-21
 2.75866e-01  9.38269e+05  2.56459e+44  9.07048e+05  2.07525e+44  8.19480e+05  8.86809e+43  6.46632e+05  7.40168e+42 -2.36677e-21
 2.84882e-01  9.38269e+05  2.46548e+44  9.07048e+05  1.97946e+44  8.19480e+05  8.41852e+43  6.46632e+05  7.01299e+42 -2.36677e-21
 2.94193e-01  9.38269e+05  2.40678e+44  9.07048e+05  1.91801e+44  8.19480e+05  8.15483e+43  6.46632e+05  6.99243e+42 -2.36677e-21
 3.03808e-01  9.07048e+05  2.30821e+44  8.76865e+05  1.86278e+44  7.92211e+05  7.92615e+43  6.25115e+05  6.49085e+42 -2.36677e-21
 3.13737e-01  9.07048e+05  2.22792e+44  8.76865e+05  1.78090e+44  7.92211e+05  7.50971e+43  6.25115e+05  5.92864e+42 -2.36677e-21
 3.23991e-01  8.76865e+05  2.17897e+44  8.76865e+05  1.73255e+44  7.92211e+05  7.27539e+43  6.25115e+05  5.73008e+42 -2.36677e-21
 3.34580e-01  8.76865e+05  2.07523e+44  8.47687e+05  1.66988e+44  7.65850e+05  7.07407e+43  6.04314e+05  5.86611e+42 -2.36677e-21
 3.45515e-01  8.76865e+05  2.01028e+44  8.47687e+05  1.59899e+44  7.65850e+05  6.67521e+43  6.04314e+05  5.09609e+42 -2.36677e-21
 3.56807e-01  8.47687e+05  1.95311e+44  8.47687e+05  1.56087e+44  7.65850e+05  6.45501e+43  6.04314e+05  4.68628e+42 -2.36677e-21
 3.68468e-01  8.47687e+05  1.86227e+44  8.19480e+05  1.49419e+44  7.40366e+05  6.30880e+43  6.04314e+05  4.63497e+42 -2.36677e-21
 3.80511e-01  8.47687e+05  1.80933e+44  8.19480e+05  1.43146e+44  7.40366e+05  5.91227e+43  5.84205e+05  4.58314e+42 -2.36677e-21
 3.92947e-01  8.19480e+05  1.74788e+44  8.19480e+05  1.40080e+44  7.40366e+05  5.69125e+43  5.84205e+05  3.92724e+42 -2.36677e-21
 4.05790e-01  8.19480e+05  1.66666e+44  7.92211e+05  1.33392e+44  7.15730e+05  5.63117e+43  5.84205e+05  3.62669e+42 -2.36677e-21
 4.19052e-01  8.19480e+05  1.62253e+44  7.92211e+05  1.27661e+44  7.15730e+05  5.22192e+43  5.84205e+05  3.68027e+42 -2.36677e-21
 4.32748e-01  7.92211e+05  1.56123e+44  7.92211e+05  1.25074e+44  7.15730e+05  4.98531e+43  5.64766e+05  3.53567e+42 -2.36677e-21
 4.46891e-01  7.92211e+05  1.48645e+44  7.65850e+05  1.18794e+44  7.15730e+05  4.92037e+43  5.64766e+05  2.95017e+42 -2.36677e-21
 4.61496e-01  7.92211e+05  1.44801e+44  7.65850e+05  1.13339e+44  6.91914e+05  4.60916e+43  5.64766e+05  2.71599e+42 -2.36677e-21
 4.76579e-01  7.65850e+05  1.39181e+44  7.65850e+05  1.10969e+44  6.91914e+05  4.34228e+43  5.64766e+05  2.83216e+42 -2.36677e-21
 4.92155e-01  7.65850e+05  1.32038e+44  7.40366e+05  1.05574e+44  6.91914e+05  4.24440e+43  5.45973e+05  2.70499e+42 -2.36677e-21
 5.08240e-01  7.65850e+05  1.28461e+44  7.40366e+05  1.00134e+44  6.68890e+05  4.08330e+43  5.45973e+05  2.14604e+42 -2.36677e-21
 5.24851e-01  7.40366e+05  1.23903e+44  7.40366e+05  9.77239e+43  6.68890e+05  3.77140e+43  5.45973e+05  1.93509e+42 -2.36677e-21
 5.42004e-01  7.40366e+05  1.16792e+44  7.15730e+05  9.37491e+43  6.68890e+05  3.62615e+43  5.45973e+05  2.07125e+42 -2.36677e-21
 5.59718e-01  7.40366e+05  1.13184e+44  7.15730e+05  8.80659e+43  6.68890e+05  3.64693e+43  5.27805e+05  2.08950e+42 -2.36677e-21
 5.78011e-01  7.15730e+05  1.10307e+44  7.15730e+05  8.53619e+43  6.46632e+05  3.28653e+43  5.27805e+05  1.51259e+42 -2.36677e-21
 5.96902e-01  7.15730e+05  1.02928e+44  6.91914e+05  8.34050e+43  6.46632e+05  3.07931e+43  5.27805e+05  1.28105e+42 -2.36677e-21
 6.16411e-01  7.15730e+05  9.89949e+43  6.91914e+05  7.72211e+43  6.46632e+05  3.03587e+43  5.27805e+05  1.39393e+42 -2.36677e-21
 6.36557e-01  7.15730e+05  9.84904e+43  6.91914e+05  7.39716e+43  6.25115e+05  2.90662e+43  5.10242e+05  1.70655e+42 -2.36677e-21
 6.57361e-01  6.91914e+05  9.05472e+43  6.91914e+05  7.36430e+43  6.25115e+05  2.62252e+43  5.10242e+05  1.06595e+42 -2.36677e-21
 6.78845e-01  6.91914e+05  8.59963e+43  6.68890e+05  6.77609e+43  6.25115e+05  2.50030e+43  5.10242e+05  7.68867e+41 -2.36677e-21
 7.01032e-01  6.91914e+05  8.48205e+43  6.68890e+05  6.37133e+43  6.25115e+05  2.53947e+43  5.10242e+05  8.14082e+41 -2.36677e-21
 7.23943e-01  6.68890e+05  7.98346e+43  6.68890e+05  6.25440e+43  6.04314e+05  2.28001e+43  5.10242e+05  1.20178e+42 -2.36677e-21
 7.47603e-01  6.68890e+05  7.43730e+43  6.46632e+05  5.99266e+43  6.04314e+05  2.06404e+43  4.93264e+05  8.43280e+41 -2.36677e-21
 7.72037e-01  6.68890e+05  7.22386e+43  6.46632e+05  5.48251e+43  6.04314e+05  2.00764e+43  4.93264e+05  4.33948e+41 -2.36677e-21
 7.97269e-01  6.46632e+05  7.10703e+43  6.46632e+05  5.25652e+43  5.84205e+05  2.08255e+43  4.93264e+05  3.65523e+41 -2.36677e-21
 8.23326e-01  6.46632e+05  6.44011e+43  6.46632e+05  5.31376e+43  5.84205e+05  1.75710e+43  4.93264e+05  6.37723e+41 -2.36677e-21
 8.50234e-01  6.46632e+05  6.10177e+43  6.25115e+05  4.76325e+43  5.84205e+05  1.58996e+43  4.76850e+05  9.06411e+41 -2.36677e-21
 8.78022e-01  6.46632e+05  6.09061e+43  6.25115e+05  4.40269e+43  5.84205e+05  1.58044e+43  4.76850e+05  3.35565e+41 -2.36677e-21
 9.06718e-01  6.25115e+05  5.64578e+43  6.25115e+05  4.32183e+43  5.64766e+05  1.61691e+43  4.76850e+05  1.05219e+41 -2.36677e-21
 9.36352e-01  6.25115e+05  5.15292e+43  6.04314e+05  4.25601e+43  5.64766e+05  1.32291e+43  4.76850e+05  2.14420e+41 -2.36677e-21
 9.66955e-01  6.25115e+05  4.98332e+43  6.04314e+05  3.73451e+43  5.64766e+05  1.18542e+43  4.76850e+05  6.63619e+41 -2.36677e-21
 9.98557e-01  6.04314e+05  5.10362e+43  6.04314e+05  3.48994e+43  5.64766e+05  1.20387e+43  4.60983e+05  5.61637e+41 -2.36677e-21
 1.03119e+00  6.04314e+05  4.42556e+43  6.04314e+05  3.52129e+43  5.45973e+05  1.25142e+43  4.60983e+05  1.17790e+41 -2.36677e-21
 1.06489e+00  6.04314e+05  4.06774e+43  5.84205e+05  3.30463e+43  5.45973e+05  9.69262e+42  4.60983e+05  1.35405e+40 -2.36677e-21
 1.09970e+00  6.04314e+05  4.02869e+43  5.84205e+05  2.86959e+43  5.45973e+05  8.42145e+42  4.60983e+05  2.48459e+41 -2.36677e-21
 1.13564e+00  5.84205e+05  3.98082e+43  5.84205e+05  2.70790e+43  5.45973e+05  8.69546e+42  4.60983e+05  8.23516e+41 -2.36677e-21
 1.17276e+00  5.84205e+05  3.40364e+43  5.84205e+05  2.81891e+43  5.27805e+05  9.85594e+42  4.45643e+05  5.21904e+41 -2.36677e-21
 1.21108e+00  5.84205e+05  3.14247e+43  5.64766e+05  2.52476e+43  5.27805e+05  6.95367e+42  4.45643e+05  1.49496e+41 -2.36677e-21
 1.25067e+00  5.84205e+05  3.19624e+43  5.64766e+05  2.14266e+43  5.27805e+05  5.59051e+42  4.45643e+05  1.16818e+41 -2.36677e-21
 1.29154e+00  5.64766e+05  3.06534e+43  5.64766e+05  2.03090e+43  5.27805e+05  5.76083e+42  4.45643e+05  4.23734e+41 -2.36677e-21
 1.33375e+00  5.64766e+05  2.55013e+43  5.64766e+05  2.18903e+43  5.27805e+05  7.46533e+42  4.45643e+05  1.07152e+42 -2.36677e-21
 1.37734e+00  5.64766e+05  2.34742e+43  5.45973e+05  1.90234e+43  5.10242e+05  5.08641e+42  4.30814e+05  7.78139e+41 -2.36677e-21
 1.42236e+00  5.64766e+05  2.45634e+43  5.45973e+05  1.53951e+43  5.10242e+05  3.43038e+42  4.30814e+05  4.18975e+41 -2.36677e-21
 1.46884e+00  5.45973e+05  2.34095e+43  5.45973e+05  1.44453e+43  5.10242e+05  3.29889e+42  4.30814e+05  4.00657e+41 -2.36677e-21
 1.51685e+00  5.45973e+05  1.84869e+43  5.45973e+05  1.61700e+43  5.10242e+05  4.69138e+42  4.30814e+05  7.23108e+41 -2.36677e-21
 1.56642e+00  5.45973e+05  1.66602e+43  5.27805e+05  1.43629e+43  4.93264e+05  4.25852e+42  4.30814e+05  1.38766e+42 -2.36677e-21
 1.61762e+00  5.45973e+05  1.79217e+43  5.27805e+05  1.05856e+43  4.93264e+05  2.10084e+42  4.16479e+05  1.35702e+42 -2.36677e-21
 1.67049e+00  5.27805e+05  1.80654e+43  5.27805e+05  9.46691e+42  4.93264e+05  1.46219e+42  4.16479e+05  9.48923e+41 -2.36677e-21
 1.72508e+00  5.27805e+05  1.29762e+43  5.27805e+05  1.10022e+43  4.93264e+05  2.33992e+42  4.16479e+05  8.83866e+41 -2.36677e-21
 1.78146e+00  5.27805e+05  1.09599e+43  5.10242e+05  1.13996e+43  4.93264e+05  4.73768e+42  4.16479e+05  1.16158e+42 -2.36677e-21
 1.83968e+00  5.27805e+05  1.20083e+43  5.10242e+05  7.12232e+42  4.76850e+05  1.86764e+42  4.16479e+05  1.78321e+42 -2.36677e-21
 1.89981e+00  5.10242e+05  1.47780e+43  5.10242e+05  5.48934e+42  4.76850e+05  5.06091e+41  4.02620e+05  2.32992e+42 -2.36677e-21
 1.96190e+00  5.10242e+05  9.11499e+42  5.10242e+05  6.49387e+42  4.76850e+05  6.56972e+41  4.02620e+05  1.80500e+42 -2.36677e-21
 2.02602e+00  5.10242e+05  6.50903e+42  5.10242e+05  1.01401e+43  4.76850e+05  2.32091e+42  4.02620e+05  1.62665e+42 -2.36677e-21
 2.09224e+00  5.10242e+05  6.94930e+42  4.93264e+05  5.28918e+42  4.60983e+05  3.12351e+42  4.02620e+05  1.79415e+42 -2.36677e-21
 2.16062e+00  5.10242e+05  1.04376e+43  4.93264e+05  2.78342e+42  4.60983e+05  8.08468e+41  4.02620e+05  2.30819e+42 -2.36677e-21
 2.23123e+00  4.93264e+05  7.23506e+42  4.93264e+05  2.90396e+42  4.60983e+05  7.11224e+39  4.02620e+05  3.17089e+42 -2.36677e-21
 2.30415e+00  4.93264e+05  3.62374e+42  4.93264e+05  5.65131e+42  4.60983e+05  7.16125e+41  3.89223e+05  3.10883e+42 -2.36677e-21
 2.37946e+00  4.93264e+05  3.04670e+42  4.76850e+05  5.55687e+42  4.60983e+05  2.93844e+42  3.89223e+05  2.74297e+42 -2.36677e-21
 2.45723e+00  4.93264e+05  5.50157e+42  4.76850e+05  1.80078e+42  4.45643e+05  2.89755e+42  3.89223e+05  2.72757e+42 -2.36677e-21
 2.53753e+00  4.76850e+05  7.88537e+42  4.76850e+05  6.66945e+41  4.45643e+05  8.99470e+41  3.89223e+05  3.06257e+42 -2.36677e-21
 2.62047e+00  4.76850e+05  2.83054e+42  4.76850e+05  2.15065e+42  4.45643e+05  4.15452e+41  3.89223e+05  3.74936e+42 -2.36677e-21
 2.70611e+00  4.76850e+05  8.06711e+41  4.76850e+05  6.25805e+42  4.45643e+05  1.44349e+42  3.89223e+05  4.79077e+42 -2.36677e-21
 2.79455e+00  4.76850e+05  1.80552e+42  4.60983e+05  3.20924e+42  4.45643e+05  3.98785e+42  3.76271e+05  4.41960e+42 -2.36677e-21
 2.88589e+00  4.76850e+05  5.83109e+42  4.60983e+05  4.26181e+41  4.30814e+05  4.02524e+42  3.76271e+05  4.13829e+42 -2.36677e-21
 2.98021e+00  4.60983e+05  4.90768e+42  4.60983e+05  2.59671e+41  4.30814e+05  2.08522e+42  3.76271e+05  4.21321e+42 -2.36677e-21
 3.07761e+00  4.60983e+05  9.78612e+41  4.60983e+05  2.70902e+42  4.30814e+05  1.66416e+42  3.76271e+05  4.64469e+42 -2.36677e-21
 3.17819e+00  4.60983e+05  7.28904e+40  4.60983e+05  7.78438e+42  4.30814e+05  2.76033e+42  3.76271e+05  5.43449e+42 -2.36677e-21
 3.28206e+00  4.60983e+05  2.18676e+42  4.45643e+05  3.08059e+42  4.30814e+05  5.37826e+42  3.76271e+05  6.58590e+42 -2.36677e-21
 3.38933e+00  4.60983e+05  7.32898e+42  4.45643e+05  8.45898e+41  4.16479e+05  6.61771e+42  3.63750e+05  6.30129e+42 -2.36677e-21
 3.50010e+00  4.45643e+05  4.60957e+42  4.45643e+05  1.22950e+42  4.16479e+05  4.45973e+42  3.63750e+05  6.02092e+42 -2.36677e-21
 3.61449e+00  4.45643e+05  1.31362e+42  4.45643e+05  4.23297e+42  4.16479e+05  3.83056e+42  3.63750e+05  6.10457e+42 -2.36677e-21
 3.73262e+00  4.45643e+05  1.04239e+42  4.30814e+05  9.85223e+42  4.16479e+05  4.72757e+42  3.63750e+05  6.55260e+42 -2.36677e-21
 3.85462e+00  4.45643e+05  3.79477e+42  4.30814e+05  5.08569e+42  4.16479e+05  7.15449e+42  3.63750e+05  7.36686e+42 -2.36677e-21
 3.98060e+00  4.45643e+05  9.58215e+42  4.30814e+05  2.95499e+42  4.02620e+05  1.09777e+43  3.63750e+05  8.55071e+42 -2.36677e-21
 4.11069e+00  4.30814e+05  6.89799e+42  4.30814e+05  3.45130e+42  4.02620e+05  8.30135e+42  3.51646e+05  8.88553e+42 -2.36677e-21
 4.24504e+00  4.30814e+05  3.71980e+42  4.30814e+05  6.57669e+42  4.02620e+05  7.16968e+42  3.51646e+05  8.50869e+42 -2.36677e-21
 4.38378e+00  4.30814e+05  3.57629e+42  4.30814e+05  1.23441e+43  4.02620e+05  7.57802e+42  3.51646e+05  8.50616e+42 -2.36677e-21
 4.52705e+00  4.30814e+05  6.46688e+42  4.16479e+05  9.40336e+42  4.02620e+05  9.52806e+42  3.51646e+05  8.87796e+42 -2.36677e-21
 4.67501e+00  4.30814e+05  1.24035e+43  4.16479e+05  6.90298e+42  4.02620e+05  1.30279e+43  3.51646e+05  9.62560e+42 -2.36677e-21
 4.82780e+00  4.16479e+05  1.19875e+43  4.16479e+05  7.04596e+42  3.89223e+05  1.41246e+43  3.51646e+05  1.07522e+43 -2.36677e-21
 4.98558e+00  4.16479e+05  8.37775e+42  4.16479e+05  9.83289e+42  3.89223e+05  1.21635e+43  3.51646e+05  1.22624e+43 -2.36677e-21
 5.14853e+00  4.16479e+05  7.82193e+42  4.16479e+05  1.52753e+43  3.89223e+05  1.17632e+43  3.39945e+05  1.18506e+43 -2.36677e-21
 5.31679e+00  4.16479e+05  1.03178e+43  4.02620e+05  1.65383e+43  3.89223e+05  1.29218e+43  3.39945e+05  1.16471e+43 -2.36677e-21
 5.49056e+00  4.16479e+05  1.58756e+43  4.02620e+05  1.31531e+43  3.89223e+05  1.56442e+43  3.39945e+05  1.18309e+43 -2.36677e-21
 5.67001e+00  4.02620e+05  2.04726e+43  4.02620e+05  1.24372e+43  3.89223e+05  1.99418e+43  3.39945e+05  1.24027e+43 -2.36677e-21
 5.85532e+00  4.02620e+05  1.58335e+43  4.02620e+05  1.43876e+43  3.76271e+05  1.95952e+43  3.39945e+05  1.33650e+43 -2.36677e-21
 6.04668e+00  4.02620e+05  1.42792e+43  4.02620e+05  1.90123e+43  3.76271e+05  1.80230e+43  3.39945e+05  1.47217e+43 -2.36677e-21
 6.24430e+00  4.02620e+05  1.58034e+43  4.02620e+05  2.63305e+43  3.76271e+05  1.80358e+43  3.39945e+05  1.64784e+43 -2.36677e-21
 6.44838e+00  4.02620e+05  2.04122e+43  3.89223e+05  2.25701e+43  3.76271e+05  1.96335e+43  3.28633e+05  1.59534e+43 -2.36677e-21
 6.65913e+00  4.02620e+05  2.81248e+43  3.89223e+05  2.04351e+43  3.76271e+05  2.28228e+43  3.28633e+05  1.58081e+43 -2.36677e-21
 6.87677e+00  3.89223e+05  2.71010e+43  3.89223e+05  2.09995e+43  3.76271e+05  2.76169e+43  3.28633e+05  1.60674e+43 -2.36677e-21
 7.10152e+00  3.89223e+05  2.38980e+43  3.89223e+05  2.42655e+43  3.63750e+05  2.74943e+43  3.28633e+05  1.67322e+43 -2.36677e-21
 7.33362e+00  3.89223e+05  2.38133e+43  3.89223e+05  3.02467e+43  3.63750e+05  2.59488e+43  3.28633e+05  1.78055e+43 -2.36677e-21
 7.57330e+00  3.89223e+05  2.68464e+43  3.76271e+05  3.65526e+43  3.63750e+05  2.60210e+43  3.28633e+05  1.92915e+43 -2.36677e-21
 7.82082e+00  3.89223e+05  3.30099e+43  3.76271e+05  3.23607e+43  3.63750e+05  2.77112e+43  3.28633e+05  2.11964e+43 -2.36677e-21
 8.07642e+00  3.89223e+05  4.23293e+43  3.76271e+05  3.09175e+43  3.63750e+05  3.10264e+43  3.17698e+05  2.15192e+43 -2.36677e-21
 8.34038e+00  3.76271e+05  3.82244e+43  3.76271e+05  3.22171e+43  3.63750e+05  3.59804e+43  3.17698e+05  2.12844e+43 -2.36677e-21
 8.61296e+00  3.76271e+05  3.58090e+43  3.76271e+05  3.62648e+43  3.51646e+05  3.82799e+43  3.17698e+05  2.14768e+43 -2.36677e-21
 8.89446e+00  3.76271e+05  3.65611e+43  3.76271e+05  4.30774e+43  3.51646e+05  3.63457e+43  3.17698e+05  2.20973e+43 -2.36677e-21
 9.18515e+00  3.76271e+05  4.04838e+43  3.63750e+05  5.02397e+43  3.51646e+05  3.60723e+43  3.17698e+05  2.31482e+43 -2.36677e-21
 9.48535e+00  3.76271e+05  4.75933e+43  3.63750e+05  4.60629e+43  3.51646e+05  3.74585e+43  3.17698e+05  2.46341e+43 -2.36677e-21
 9.79535e+00  3.76271e+05  5.79191e+43  3.63750e+05  4.46916e+43  3.51646e+05  4.05100e+43  3.17698e+05  2.65610e+43 -2.36677e-21
 1.01155e+01  3.63750e+05  5.40365e+43  3.63750e+05  4.61200e+43  3.51646e+05  4.52396e+43  3.17698e+05  2.89370e+43 -2.36677e-21
 1.04461e+01  3.63750e+05  5.16885e+43  3.63750e+05  5.03541e+43  3.51646e+05  5.16666e+43  3.07126e+05  2.87174e+43 -2.36677e-21
 1.07875e+01  3.63750e+05  5.25738e+43  3.63750e+05  5.74114e+43  3.39945e+05  5.00955e+43  3.07126e+05  2.86485e+43 -2.36677e-21
 1.11401e+01  3.63750e+05  5.66959e+43  3.63750e+05  6.73210e+43  3.39945e+05  4.89970e+43  3.07126e+05  2.90372e+43 -2.36677e-21
 1.15041e+01  3.63750e+05  6.40720e+43  3.51646e+05  6.44277e+43  3.39945e+05  4.96116e+43  3.07126e+05  2.98853e+43 -2.36677e-21
 1.18801e+01  3.63750e+05  7.47325e+43  3.51646e+05  6.24177e+43  3.39945e+05  5.19419e+43  3.07126e+05  3.11961e+43 -2.36677e-21
 1.22684e+01  3.51646e+05  7.54295e+43  3.51646e+05  6.32807e+43  3.39945e+05  5.59974e+43  3.07126e+05  3.29751e+43 -2.36677e-21
 1.26694e+01  3.51646e+05  7.23235e+43  3.51646e+05  6.70204e+43  3.39945e+05  6.17951e+43  3.07126e+05  3.52297e+43 -2.36677e-21
 1.30834e+01  3.51646e+05  7.25362e+43  3.51646e+05  7.36523e+43  3.28633e+05  6.87885e+43  3.07126e+05  3.79692e+43 -2.36677e-21
 1.35110e+01  3.51646e+05  7.60683e+43  3.51646e+05  8.32038e+43  3.28633e+05  6.62752e+43  2.96907e+05  3.87801e+43 -2.36677e-21
 1.39526e+01  3.51646e+05  8.29345e+43  3.39945e+05  8.90541e+43  3.28633e+05  6.55466e+43  2.96907e+05  3.86642e+43 -2.36677e-21
 1.44086e+01  3.51646e+05  9.31632e+43  3.39945e+05  8.55626e+43  3.28633e+05  6.65996e+43  2.96907e+05  3.90475e+43 -2.36677e-21
 1.48795e+01  3.39945e+05  1.04287e+44  3.39945e+05  8.50399e+43  3.28633e+05  6.94385e+43  2.96907e+05  3.99315e+43 -2.36677e-21
 1.53658e+01  3.39945e+05  9.94431e+43  3.39945e+05  8.74841e+43  3.28633e+05  7.40752e+43  2.96907e+05  4.13199e+43 -2.36677e-21
 1.58680e+01  3.39945e+05  9.80302e+43  3.39945e+05  9.29050e+43  3.28633e+05  8.05287e+43  2.96907e+05  4.32184e+43 -2.36677e-21
 1.63866e+01  3.39945e+05  1.00042e+44  3.39945e+05  1.01325e+44  3.28633e+05  8.88259e+43  2.96907e+05  4.56348e+43 -2.36677e-21
 1.69222e+01  3.39945e+05  1.05488e+44  3.39945e+05  1.12780e+44  3.17698e+05  8.76307e+43  2.96907e+05  4.85792e+43 -2.36677e-21
 1.74753e+01  3.39945e+05  1.14389e+44  3.28633e+05  1.16791e+44  3.17698e+05  8.67009e+43  2.96907e+05  5.20638e+43 -2.36677e-21
 1.80464e+01  3.39945e+05  1.26783e+44  3.28633e+05  1.13877e+44  3.17698e+05  8.76403e+43  2.87027e+05  5.27284e+43 -2.36677e-21
 1.86362e+01  3.28633e+05  1.36177e+44  3.28633e+05  1.14049e+44  3.17698e+05  9.04528e+43  2.87027e+05  5.27940e+43 -2.36677e-21
 1.92453e+01  3.28633e+05  1.31968e+44  3.28633e+05  1.17307e+44  3.17698e+05  9.51499e+43  2.87027e+05  5.34173e+43 -2.36677e-21
 1.98743e+01  3.28633e+05  1.31325e+44  3.28633e+05  1.23665e+44  3.17698e+05  1.01751e+44  2.87027e+05  5.46007e+43 -2.36677e-21
 2.05238e+01  3.28633e+05  1.34244e+44  3.28633e+05  1.33151e+44  3.17698e+05  1.10284e+44  2.87027e+05  5.63491e+43 -2.36677e-21
 2.11946e+01  3.28633e+05  1.40738e+44  3.28633e+05  1.45802e+44  3.07126e+05  1.15986e+44  2.87027e+05  5.86699e+43 -2.36677e-21
 2.18873e+01  3.28633e+05  1.50834e+44  3.17698e+05  1.54038e+44  3.07126e+05  1.14120e+44  2.87027e+05  6.15726e+43 -2.36677e-21
 2.26026e+01  3.28633e+05  1.64573e+44  3.17698e+05  1.50692e+44  3.07126e+05  1.14237e+44  2.87027e+05  6.50692e+43 -2.36677e-21
 2.33413e+01  3.17698e+05  1.79330e+44  3.17698e+05  1.50585e+44  3.07126e+05  1.16337e+44  2.87027e+05  6.91742e+43 -2.36677e-21
 2.41042e+01  3.17698e+05  1.74581e+44  3.17698e+05  1.53716e+44  3.07126e+05  1.20429e+44  2.77476e+05  7.30629e+43 -2.36677e-21
 2.48920e+01  3.17698e+05  1.73574e+44  3.17698e+05  1.60097e+44  3.07126e+05  1.26529e+44  2.77476e+05  7.29296e+43 -2.36677e-21
 2.57055e+01  3.17698e+05  1.76305e+44  3.17698e+05  1.69756e+44  3.07126e+05  1.34663e+44  2.77476e+05  7.34373e+43 -2.36677e-21
 2.65456e+01  3.17698e+05  1.82784e+44  3.17698e+05  1.82733e+44  3.07126e+05  1.44865e+44  2.77476e+05  7.45880e+43 -2.36677e-21
 2.74132e+01  3.17698e+05  1.93039e+44  3.17698e+05  1.99080e+44  2.96907e+05  1.51043e+44  2.77476e+05  7.63865e+43 -2.36677e-21
 2.83091e+01  3.17698e+05  2.07113e+44  3.07126e+05  1.99036e+44  2.96907e+05  1.49380e+44  2.77476e+05  7.88402e+43 -2.36677e-21
 2.92343e+01  3.17698e+05  2.25063e+44  3.07126e+05  1.97399e+44  2.96907e+05  1.49847e+44  2.77476e+05  8.19593e+43 -2.36677e-21
 3.01898e+01  3.07126e+05  2.30855e+44  3.07126e+05  1.99193e+44  2.96907e+05  1.52443e+44  2.77476e+05  8.57567e+43 -2.36677e-21
 3.11765e+01  3.07126e+05  2.28027e+44  3.07126e+05  2.04426e+44  2.96907e+05  1.57182e+44  2.77476e+05  9.02481e+43 -2.36677e-21
 3.21954e+01  3.07126e+05  2.29162e+44  3.07126e+05  2.13120e+44  2.96907e+05  1.64080e+44  2.77476e+05  9.54521e+43 -2.36677e-21
 3.32476e+01  3.07126e+05  2.34265e+44  3.07126e+05  2.25311e+44  2.96907e+05  1.73169e+44  2.77476e+05  1.01390e+44 -2.36677e-21
 3.43343e+01  3.07126e+05  2.43356e+44  3.07126e+05  2.41049e+44  2.96907e+05  1.84484e+44  2.68243e+05  1.02866e+44 -2.36677e-21
 3.54564e+01  3.07126e+05  2.56474e+44  3.07126e+05  2.60400e+44  2.96907e+05  1.98073e+44  2.68243e+05  1.03379e+44 -2.36677e-21
 3.66152e+01  3.07126e+05  2.73673e+44  2.96907e+05  2.59898e+44  2.87027e+05  1.96166e+44  2.68243e+05  1.04659e+44 -2.36677e-21
 3.78119e+01  3.07126e+05  2.95023e+44  2.96907e+05  2.58728e+44  2.87027e+05  1.96017e+44  2.68243e+05  1.06712e+44 -2.36677e-21
 3.90477e+01  2.96907e+05  3.01048e+44  2.96907e+05  2.61244e+44  2.87027e+05  1.98189e+44  2.68243e+05  1.09544e+44 -2.36677e-21
 4.03238e+01  2.96907e+05  2.98691e+44  2.96907e+05  2.67456e+44  2.87027e+05  2.02692e+44  2.68243e+05  1.13170e+44 -2.36677e-21
 4.16417e+01  2.96907e+05  3.00590e+44  2.96907e+05  2.77390e+44  2.87027e+05  2.09544e+44  2.68243e+05  1.17603e+44 -2.36677e-21
 4.30027e+01  2.96907e+05  3.06752e+44  2.96907e+05  2.91086e+44  2.87027e+05  2.18773e+44  2.68243e+05  1.22861e+44 -2.36677e-21
 4.44081e+01  2.96907e+05  3.17203e+44  2.96907e+05  3.08602e+44  2.87027e+05  2.30419e+44  2.68243e+05  1.28968e+44 -2.36677e-21
 4.58595e+01  2.96907e+05  3.31986e+44  2.96907e+05  3.30009e+44  2.87027e+05  2.44528e+44  2.68243e+05  1.35947e+44 -2.36677e-21
 4.73583e+01  2.96907e+05  3.51162e+44  2.87027e+05  3.41654e+44  2.77476e+05  2.60112e+44  2.68243e+05  1.43827e+44 -2.36677e-21
 4.89061e+01  2.96907e+05  3.74810e+44  2.87027e+05  3.39237e+44  2.77476e+05  2.57933e+44  2.59317e+05  1.48525e+44 -2.36677e-21
 5.05045e+01  2.87027e+05  3.95849e+44  2.87027e+05  3.40839e+44  2.77476e+05  2.58332e+44  2.59317e+05  1.49132e+44 -2.36677e-21
 5.21551e+01  2.87027e+05  3.91960e+44  2.87027e+05  3.46467e+44  2.77476e+05  2.61310e+44  2.59317e+05  1.50696e+44 -2.36677e-21
 5.38597e+01  2.87027e+05  3.92713e+44  2.87027e+05  3.56143e+44  2.77476e+05  2.66880e+44  2.59317e+05  1.53222e+44 -2.36677e-21
 5.56199e+01  2.87027e+05  3.98111e+44  2.87027e+05  3.69907e+44  2.77476e+05  2.75065e+44  2.59317e+05  1.56722e+44 -2.36677e-21
 5.74378e+01  2.87027e+05  4.08175e+44  2.87027e+05  3.87818e+44  2.77476e+05  2.85899e+44  2.59317e+05  1.61209e+44 -2.36677e-21
 5.93150e+01  2.87027e+05  4.22948e+44  2.87027e+05  4.09948e+44  2.77476e+05  2.99426e+44  2.59317e+05  1.66702e+44 -2.36677e-21
 6.12535e+01  2.87027e+05  4.42491e+44  2.87027e+05  4.36389e+44  2.77476e+05  3.15703e+44  2.59317e+05  1.73224e+44 -2.36677e-21
 6.32555e+01  2.87027e+05  4.66884e+44  2.77476e+05  4.48323e+44  2.77476e+05  3.34796e+44  2.59317e+05  1.80803e+44 -2.36677e-21
 6.53228e+01  2.87027e+05  4.96229e+44  2.77476e+05  4.46615e+44  2.68243e+05  3.42332e+44  2.59317e+05  1.89469e+44 -2.36677e-21
 6.74577e+01  2.77476e+05  5.18901e+44  2.77476e+05  4.49371e+44  2.68243e+05  3.41801e+44  2.59317e+05  1.99258e+44 -2.36677e-21
 6.96624e+01  2.77476e+05  5.15711e+44  2.77476e+05  4.56601e+44  2.68243e+05  3.44195e+44  2.59317e+05  2.10210e+44 -2.36677e-21
 7.19392e+01  2.77476e+05  5.17674e+44  2.77476e+05  4.68335e+44  2.68243e+05  3.49524e+44  2.50688e+05  2.20018e+44 -2.36677e-21
 7.42903e+01  2.77476e+05  5.24799e+44  2.77476e+05  4.84622e+44  2.68243e+05  3.57809e+44  2.50688e+05  2.20764e+44 -2.36677e-21
 7.67183e+01  2.77476e+05  5.37115e+44  2.77476e+05  5.05530e+44  2.68243e+05  3.69086e+44  2.50688e+05  2.22763e+44 -2.36677e-21
 7.92257e+01  2.77476e+05  5.54673e+44  2.77476e+05  5.31144e+44  2.68243e+05  3.83400e+44  2.50688e+05  2.26023e+44 -2.36677e-21
 8.18150e+01  2.77476e+05  5.77546e+44  2.77476e+05  5.61572e+44  2.68243e+05  4.00812e+44  2.50688e+05  2.30557e+44 -2.36677e-21
 8.44889e+01  2.77476e+05  6.05828e+44  2.68243e+05  5.95635e+44  2.68243e+05  4.21392e+44  2.50688e+05  2.36384e+44 -2.36677e-21
 8.72502e+01  2.77476e+05  6.39637e+44  2.68243e+05  5.91991e+44  2.68243e+05  4.45227e+44  2.50688e+05  2.43529e+44 -2.36677e-21
 9.01018e+01  2.77476e+05  6.79112e+44  2.68243e+05  5.93411e+44  2.59317e+05  4.57628e+44  2.50688e+05  2.52021e+44 -2.36677e-21
 9.30466e+01  2.68243e+05  6.84042e+44  2.68243e+05  5.99901e+44  2.59317e+05  4.57177e+44  2.50688e+05  2.61895e+44 -2.36677e-21
 9.60876e+01  2.68243e+05  6.84300e+44  2.68243e+05  6.11490e+44  2.59317e+05  4.60128e+44  2.50688e+05  2.73191e+44 -2.36677e-21
 9.92280e+01  2.68243e+05  6.90408e+44  2.68243e+05  6.28223e+44  2.59317e+05  4.66494e+44  2.50688e+05  2.85958e+44 -2.36677e-21
 1.02471e+02  2.68243e+05  7.02394e+44  2.68243e+05  6.50171e+44  2.59317e+05  4.76301e+44  2.50688e+05  3.00247e+44 -2.36677e-21
 1.05820e+02  2.68243e+05  7.20306e+44  2.68243e+05  6.77425e+44  2.59317e+05  4.89589e+44  2.50688e+05  3.16117e+44 -2.36677e-21
 1.09278e+02  2.68243e+05  7.44217e+44  2.68243e+05  7.10097e+44  2.59317e+05  5.06413e+44  2.50688e+05  3.33636e+44 -2.36677e-21
 1.12850e+02  2.68243e+05  7.74228e+44  2.68243e+05  7.48322e+44  2.59317e+05  5.26844e+44  2.42346e+05  3.35673e+44 -2.36677e-21
 1.16538e+02  2.68243e+05  8.10463e+44  2.68243e+05  7.92259e+44  2.59317e+05  5.50966e+44  2.42346e+05  3.38268e+44 -2.36677e-21
 1.20347e+02  2.68243e+05  8.53071e+44  2.59317e+05  7.91662e+44  2.59317e+05  5.78878e+44  2.42346e+05  3.42602e+44 -2.36677e-21
 1.24280e+02  2.68243e+05  9.02228e+44  2.59317e+05  7.93600e+44  2.59317e+05  6.10696e+44  2.42346e+05  3.48693e+44 -2.36677e-21
 1.28342e+02  2.59317e+05  9.14601e+44  2.59317e+05  8.01436e+44  2.50688e+05  6.18122e+44  2.42346e+05  3.56566e+44 -2.36677e-21
 1.32537e+02  2.59317e+05  9.15231e+44  2.59317e+05  8.15205e+44  2.50688e+05  6.19125e+44  2.42346e+05  3.66254e+44 -2.36677e-21
 1.36868e+02  2.59317e+05  9.22668e+44  2.59317e+05  8.34961e+44  2.50688e+05  6.24201e+44  2.42346e+05  3.77796e+44 -2.36677e-21
 1.41341e+02  2.59317e+05  9.36942e+44  2.59317e+05  8.60788e+44  2.50688e+05  6.33371e+44  2.42346e+05  3.91241e+44 -2.36677e-21
 1.45961e+02  2.59317e+05  9.58113e+44  2.59317e+05  8.92792e+44  2.50688e+05  6.46672e+44  2.42346e+05  4.06645e+44 -2.36677e-21
 1.50731e+02  2.59317e+05  9.86269e+44  2.59317e+05  9.31106e+44  2.50688e+05  6.64160e+44  2.42346e+05  4.24070e+44 -2.36677e-21
 1.55658e+02  2.59317e+05  1.02153e+45  2.59317e+05  9.75888e+44  2.50688e+05  6.85907e+44  2.42346e+05  4.43590e+44 -2.36677e-21
 1.60745e+02  2.59317e+05  1.06403e+45  2.59317e+05  1.02732e+45  2.50688e+05  7.12002e+44  2.42346e+05  4.65284e+44 -2.36677e-21
 1.65998e+02  2.59317e+05  1.11395e+45  2.50688e+05  1.07273e+45  2.50688e+05  7.42555e+44  2.42346e+05  4.89244e+44 -2.36677e-21
 1.71424e+02  2.59317e+05  1.17151e+45  2.50688e+05  1.07068e+45  2.50688e+05  7.77691e+44  2.42346e+05  5.15566e+44 -2.36677e-21
 1.77026e+02  2.59317e+05  1.23693e+45  2.50688e+05  1.07566e+45  2.50688e+05  8.17555e+44  2.34282e+05  5.24565e+44 -2.36677e-21
 1.82812e+02  2.50688e+05  1.23614e+45  2.50688e+05  1.08772e+45  2.42346e+05  8.47450e+44  2.34282e+05  5.27957e+44 -2.36677e-21
 1.88787e+02  2.50688e+05  1.23998e+45  2.50688e+05  1.10689e+45  2.42346e+05  8.47004e+44  2.34282e+05  5.33872e+44 -2.36677e-21
 1.94957e+02  2.50688e+05  1.25197e+45  2.50688e+05  1.13326e+45  2.42346e+05  8.51574e+44  2.34282e+05  5.42336e+44 -2.36677e-21
 2.01328e+02  2.50688e+05  1.27215e+45  2.50688e+05  1.16693e+45  2.42346e+05  8.61178e+44  2.34282e+05  5.53384e+44 -2.36677e-21
 2.07908e+02  2.50688e+05  1.30062e+45  2.50688e+05  1.20804e+45  2.42346e+05  8.75856e+44  2.34282e+05  5.67061e+44 -2.36677e-21
 2.14703e+02  2.50688e+05  1.33750e+45  2.50688e+05  1.25677e+45  2.42346e+05  8.95669e+44  2.34282e+05  5.83423e+44 -2.36677e-21
 2.21720e+02  2.50688e+05  1.38293e+45  2.50688e+05  1.31332e+45  2.42346e+05  9.20699e+44  2.34282e+05  6.02540e+44 -2.36677e-21
 2.28967e+02  2.50688e+05  1.43710e+45  2.50688e+05  1.37791e+45  2.42346e+05  9.51050e+44  2.34282e+05  6.24489e+44 -2.36677e-21
 2.36450e+02  2.50688e+05  1.50023e+45  2.50688e+05  1.45083e+45  2.42346e+05  9.86848e+44  2.34282e+05  6.49361e+44 -2.36677e-21
 2.44178e+02  2.50688e+05  1.57260e+45  2.42346e+05  1.46653e+45  2.42346e+05  1.02824e+45  2.34282e+05  6.77260e+44 -2.36677e-21
 2.52158e+02  2.50688e+05  1.65449e+45  2.42346e+05  1.46976e+45  2.42346e+05  1.07540e+45  2.34282e+05  7.08301e+44 -2.36677e-21
 2.60399e+02  2.42346e+05  1.69400e+45  2.42346e+05  1.48169e+45  2.42346e+05  1.12851e+45  2.34282e+05  7.42612e+44 -2.36677e-21
 2.68910e+02  2.42346e+05  1.69536e+45  2.42346e+05  1.50236e+45  2.34282e+05  1.17777e+45  2.34282e+05  7.80336e+44 -2.36677e-21
 2.77699e+02  2.42346e+05  1.70675e+45  2.42346e+05  1.53187e+45  2.34282e+05  1.17667e+45  2.34282e+05  8.21628e+44 -2.36677e-21
 2.86774e+02  2.42346e+05  1.72823e+45  2.42346e+05  1.57033e+45  2.34282e+05  1.18195e+45  2.26486e+05  8.42966e+44 -2.36677e-21
 2.96147e+02  2.42346e+05  1.75987e+45  2.42346e+05  1.61790e+45  2.34282e+05  1.19364e+45  2.26486e+05  8.47474e+44 -2.36677e-21
 3.05826e+02  2.42346e+05  1.80182e+45  2.42346e+05  1.67478e+45  2.34282e+05  1.21178e+45  2.26486e+05  8.55828e+44 -2.36677e-21
 3.15821e+02  2.42346e+05  1.85425e+45  2.42346e+05  1.74121e+45  2.34282e+05  1.23644e+45  2.26486e+05  8.68064e+44 -2.36677e-21
 3.26143e+02  2.42346e+05  1.91737e+45  2.42346e+05  1.81746e+45  2.34282e+05  1.26773e+45  2.26486e+05  8.84230e+44 -2.36677e-21
 3.36802e+02  2.42346e+05  1.99144e+45  2.42346e+05  1.90385e+45  2.34282e+05  1.30577e+45  2.26486e+05  9.04395e+44 -2.36677e-21
 3.47810e+02  2.42346e+05  2.07678e+45  2.42346e+05  2.00073e+45  2.34282e+05  1.35073e+45  2.26486e+05  9.28642e+44 -2.36677e-21
 3.59177e+02  2.42346e+05  2.17372e+45  2.34282e+05  2.03785e+45  2.34282e+05  1.40279e+45  2.26486e+05  9.57072e+44 -2.36677e-21
 3.70916e+02  2.42346e+05  2.28269e+45  2.34282e+05  2.04104e+45  2.34282e+05  1.46217e+45  2.26486e+05  9.89801e+44 -2.36677e-21
 3.83038e+02  2.34282e+05  2.35411e+45  2.34282e+05  2.05530e+45  2.34282e+05  1.52910e+45  2.26486e+05  1.02697e+45 -2.36677e-21
 3.95557e+02  2.34282e+05  2.35478e+45  2.34282e+05  2.08067e+45  2.34282e+05  1.60388e+45  2.26486e+05  1.06872e+45 -2.36677e-21
 4.08485e+02  2.34282e+05  2.36821e+45  2.34282e+05  2.11726e+45  2.26486e+05  1.66100e+45  2.26486e+05  1.11524e+45 -2.36677e-21
 4.21835e+02  2.34282e+05  2.39447e+45  2.34282e+05  2.16524e+45  2.26486e+05  1.66085e+45  2.26486e+05  1.16671e+45 -2.36677e-21
 4.35622e+02  2.34282e+05  2.43365e+45  2.34282e+05  2.22479e+45  2.26486e+05  1.66907e+45  2.26486e+05  1.22334e+45 -2.36677e-21
 4.49859e+02  2.34282e+05  2.48592e+45  2.34282e+05  2.29616e+45  2.26486e+05  1.68571e+45  2.26486e+05  1.28538e+45 -2.36677e-21
 4.64562e+02  2.34282e+05  2.55150e+45  2.34282e+05  2.37965e+45  2.26486e+05  1.71084e+45  2.26486e+05  1.35308e+45 -2.36677e-21
 4.79745e+02  2.34282e+05  2.63066e+45  2.34282e+05  2.47560e+45  2.26486e+05  1.74456e+45  2.18950e+05  1.39383e+45 -2.36677e-21
 4.95424e+02  2.34282e+05  2.72372e+45  2.34282e+05  2.58441e+45  2.26486e+05  1.78701e+45  2.18950e+05  1.40012e+45 -2.36677e-21
 5.11616e+02  2.34282e+05  2.83107e+45  2.34282e+05  2.70654e+45  2.26486e+05  1.83837e+45  2.18950e+05  1.41253e+45 -2.36677e-21
 5.28337e+02  2.34282e+05  2.95317e+45  2.34282e+05  2.84247e+45  2.26486e+05  1.89884e+45  2.18950e+05  1.43114e+45 -2.36677e-21
 5.45604e+02  2.34282e+05  3.09050e+45  2.26486e+05  2.87517e+45  2.26486e+05  1.96869e+45  2.18950e+05  1.45600e+45 -2.36677e-21
 5.63436e+02  2.34282e+05  3.24364e+45  2.26486e+05  2.88158e+45  2.26486e+05  2.04819e+45  2.18950e+05  1.48723e+45 -2.36677e-21
 5.81850e+02  2.26486e+05  3.32067e+45  2.26486e+05  2.90252e+45  2.26486e+05  2.13767e+45  2.18950e+05  1.52495e+45 -2.36677e-21
 6.00867e+02  2.26486e+05  3.32410e+45  2.26486e+05  2.93810e+45  2.26486e+05  2.23752e+45  2.18950e+05  1.56933e+45 -2.36677e-21
 6.20505e+02  2.26486e+05  3.34432e+45  2.26486e+05  2.98844e+45  2.26486e+05  2.34813e+45  2.18950e+05  1.62053e+45 -2.36677e-21
 6.40784e+02  2.26486e+05  3.38139e+45  2.26486e+05  3.05377e+45  2.18950e+05  2.38123e+45  2.18950e+05  1.67878e+45 -2.36677e-21
 6.61727e+02  2.26486e+05  3.43547e+45  2.26486e+05  3.13436e+45  2.18950e+05  2.38538e+45  2.18950e+05  1.74432e+45 -2.36677e-21
 6.83354e+02  2.26486e+05  3.50680e+45  2.26486e+05  3.23052e+45  2.18950e+05  2.40091e+45  2.18950e+05  1.81742e+45 -2.36677e-21
 7.05688e+02  2.26486e+05  3.59565e+45  2.26486e+05  3.34268e+45  2.18950e+05  2.42789e+45  2.18950e+05  1.89838e+45 -2.36677e-21
 7.28751e+02  2.26486e+05  3.70240e+45  2.26486e+05  3.47128e+45  2.18950e+05  2.46643e+45  2.18950e+05  1.98753e+45 -2.36677e-21
 7.52569e+02  2.26486e+05  3.82750e+45  2.26486e+05  3.61686e+45  2.18950e+05  2.51668e+45  2.18950e+05  2.08525e+45 -2.36677e-21
 7.77165e+02  2.26486e+05  3.97145e+45  2.26486e+05  3.78002e+45  2.18950e+05  2.57886e+45  2.18950e+05  2.19193e+45 -2.36677e-21
 8.02565e+02  2.26486e+05  4.13486e+45  2.26486e+05  3.96145e+45  2.18950e+05  2.65322e+45  2.18950e+05  2.30803e+45 -2.36677e-21
 8.28794e+02  2.26486e+05  4.31840e+45  2.18950e+05  4.12886e+45  2.18950e+05  2.74008e+45  2.11664e+05  2.37295e+45 -2.36677e-21
 8.55882e+02  2.26486e+05  4.52283e+45  2.18950e+05  4.12543e+45  2.18950e+05  2.83978e+45  2.11664e+05  2.38262e+45 -2.36677e-21
 8.83854e+02  2.26486e+05  4.74900e+45  2.18950e+05  4.14168e+45  2.18950e+05  2.95275e+45  2.11664e+05  2.40249e+45 -2.36677e-21
 9.12741e+02  2.18950e+05  4.76253e+45  2.18950e+05  4.17769e+45  2.18950e+05  3.07944e+45  2.11664e+05  2.43264e+45 -2.36677e-21
 9.42571e+02  2.18950e+05  4.77592e+45  2.18950e+05  4.23360e+45  2.18950e+05  3.22039e+45  2.11664e+05  2.47319e+45 -2.36677e-21
 9.73377e+02  2.18950e+05  4.81209e+45  2.18950e+05  4.30964e+45  2.18950e+05  3.37618e+45  2.11664e+05  2.52432e+45 -2.36677e-21
 1.00519e+03  2.18950e+05  4.87120e+45  2.18950e+05  4.40614e+45  2.11664e+05  3.47833e+45  2.11664e+05  2.58624e+45 -2.36677e-21
 1.03804e+03  2.18950e+05  4.95349e+45  2.18950e+05  4.52348e+45  2.11664e+05  3.47808e+45  2.11664e+05  2.65920e+45 -2.36677e-21
 1.07197e+03  2.18950e+05  5.05929e+45  2.18950e+05  4.66216e+45  2.11664e+05  3.49374e+45  2.11664e+05  2.74350e+45 -2.36677e-21
 1.10700e+03  2.18950e+05  5.18905e+45  2.18950e+05  4.82275e+45  2.11664e+05  3.52537e+45  2.11664e+05  2.83950e+45 -2.36677e-21
 1.14318e+03  2.18950e+05  5.34331e+45  2.18950e+05  5.00592e+45  2.11664e+05  3.57310e+45  2.11664e+05  2.94758e+45 -2.36677e-21
 1.18054e+03  2.18950e+05  5.52270e+45  2.18950e+05  5.21241e+45  2.11664e+05  3.63713e+45  2.11664e+05  3.06821e+45 -2.36677e-21
 1.21913e+03  2.18950e+05  5.72796e+45  2.18950e+05  5.44309e+45  2.11664e+05  3.71772e+45  2.11664e+05  3.20187e+45 -2.36677e-21
 1.25897e+03  2.18950e+05  5.95995e+45  2.18950e+05  5.69891e+45  2.11664e+05  3.81520e+45  2.11664e+05  3.34912e+45 -2.36677e-21
 1.30012e+03  2.18950e+05  6.21962e+45  2.18950e+05  5.98094e+45  2.11664e+05  3.92999e+45  2.11664e+05  3.51057e+45 -2.36677e-21
 1.34261e+03  2.18950e+05  6.50805e+45  2.11664e+05  6.02117e+45  2.11664e+05  4.06255e+45  2.11664e+05  3.68689e+45 -2.36677e-21
 1.38649e+03  2.18950e+05  6.82643e+45  2.11664e+05  6.03342e+45  2.11664e+05  4.21343e+45  2.11664e+05  3.87880e+45 -2.36677e-21
 1.43180e+03  2.11664e+05  6.95397e+45  2.11664e+05  6.07325e+45  2.11664e+05  4.38326e+45  2.11664e+05  4.08711e+45 -2.36677e-21
 1.47860e+03  2.11664e+05  6.96059e+45  2.11664e+05  6.14082e+45  2.11664e+05  4.57274e+45  2.04621e+05  4.16239e+45 -2.36677e-21
 1.52692e+03  2.11664e+05  6.99904e+45  2.11664e+05  6.23643e+45  2.11664e+05  4.78265e+45  2.04621e+05  4.17967e+45 -2.36677e-21
 1.57683e+03  2.11664e+05  7.06948e+45  2.11664e+05  6.36046e+45  2.11664e+05  5.01387e+45  2.04621e+05  4.21457e+45 -2.36677e-21
 1.62836e+03  2.11664e+05  7.17219e+45  2.11664e+05  6.51343e+45  2.04621e+05  5.17506e+45  2.04621e+05  4.26726e+45 -2.36677e-21
 1.68158e+03  2.11664e+05  7.30760e+45  2.11664e+05  6.69596e+45  2.04621e+05  5.17157e+45  2.04621e+05  4.33795e+45 -2.36677e-21
 1.73654e+03  2.11664e+05  7.47627e+45  2.11664e+05  6.90883e+45  2.04621e+05  5.19099e+45  2.04621e+05  4.42693e+45 -2.36677e-21
 1.79329e+03  2.11664e+05  7.67890e+45  2.11664e+05  7.15290e+45  2.04621e+05  5.23340e+45  2.04621e+05  4.53457e+45 -2.36677e-21
 1.85190e+03  2.11664e+05  7.91633e+45  2.11664e+05  7.42918e+45  2.04621e+05  5.29898e+45  2.04621e+05  4.66131e+45 -2.36677e-21
 1.91243e+03  2.11664e+05  8.18954e+45  2.11664e+05  7.73883e+45  2.04621e+05  5.38800e+45  2.04621e+05  4.80769e+45 -2.36677e-21
 1.97493e+03  2.11664e+05  8.49967e+45  2.11664e+05  8.08312e+45  2.04621e+05  5.50083e+45  2.04621e+05  4.97430e+45 -2.36677e-21
 2.03948e+03  2.11664e+05  8.84798e+45  2.11664e+05  8.46348e+45  2.04621e+05  5.63793e+45  2.04621e+05  5.16183e+45 -2.36677e-21
 2.10613e+03  2.11664e+05  9.23594e+45  2.11664e+05  8.88147e+45  2.04621e+05  5.79988e+45  2.04621e+05  5.37107e+45 -2.36677e-21
 2.17497e+03  2.11664e+05  9.66513e+45  2.04621e+05  8.95589e+45  2.04621e+05  5.98734e+45  2.04621e+05  5.60287e+45 -2.36677e-21
 2.24605e+03  2.11664e+05  1.01373e+46  2.04621e+05  8.96809e+45  2.04621e+05  6.20109e+45  2.04621e+05  5.85820e+45 -2.36677e-21
 2.31946e+03  2.04621e+05  1.03448e+46  2.04621e+05  9.02002e+45  2.04621e+05  6.44201e+45  2.04621e+05  6.13811e+45 -2.36677e-21
 2.39526e+03  2.04621e+05  1.03480e+46  2.04621e+05  9.11189e+45  2.04621e+05  6.71110e+45  2.04621e+05  6.44376e+45 -2.36677e-21
 2.47355e+03  2.04621e+05  1.03971e+46  2.04621e+05  9.24408e+45  2.04621e+05  7.00948e+45  2.04621e+05  6.77642e+45 -2.36677e-21
 2.55439e+03  2.04621e+05  1.04923e+46  2.04621e+05  9.41715e+45  2.04621e+05  7.33837e+45  2.04621e+05  7.13747e+45 -2.36677e-21
 2.63787e+03  2.04621e+05  1.06339e+46  2.04621e+05  9.63180e+45  2.04621e+05  7.69915e+45  1.97812e+05  7.52325e+45 -2.36677e-21
 2.72409e+03  2.04621e+05  1.08225e+46  2.04621e+05  9.88893e+45  1.97812e+05  7.84693e+45  1.97812e+05  7.52796e+45 -2.36677e-21
 2.81312e+03  2.04621e+05  1.10589e+46  2.04621e+05  1.01896e+46  1.97812e+05  7.84564e+45  1.97812e+05  7.56416e+45 -2.36677e-21
 2.90506e+03  2.04621e+05  1.13441e+46  2.04621e+05  1.05350e+46  1.97812e+05  7.87832e+45  1.97812e+05  7.63201e+45 -2.36677e-21
 3.00000e+03  2.04621e+05  1.16793e+46  2.04621e+05  1.09267e+46  1.97812e+05  7.94511e+45  1.97812e+05  7.73178e+45 -2.36677e-21
