radius_rg T_0deg chi2_0deg T_15deg chi2_15deg T_30deg chi2_30deg T_45deg chi2_45deg nuLnusavg_last
 2.00000e-01  5.10242e+05  9.54975e+41  4.93264e+05  7.99825e+41  4.60983e+05  3.67351e+41  3.76271e+05  1.55220e+40 -1.42128e-83
 2.06537e-01  5.10242e+05  9.57638e+41  4.93264e+05  7.52900e+41  4.60983e+05  3.38335e+41  3.63750e+05  1.76275e+40 -1.42128e-83
 2.13287e-01  4.93264e+05  9.40694e+41  4.93264e+05  7.31471e+41  4.60983e+05  3.23641e+41  3.63750e+05  1.37798e+40 -1.42128e-83
 2.20257e-01  4.93264e+05  8.79522e+41  4.93264e+05  7.35450e+41  4.60983e+05  3.23208e+41  3.63750e+05  1.14588e+40 -1.42128e-83
 2.27456e-01  4.93264e+05  8.47833e+41  4.76850e+05  7.28185e+41  4.60983e+05  3.37034e+41  3.63750e+05  1.06548e+40 -1.42128e-83
 2.34890e-01  4.93264e+05  8.45496e+41  4.76850e+05  6.74445e+41  4.45643e+05  3.07534e+41  3.63750e+05  1.13644e+40 -1.42128e-83
 2.42567e-01  4.76850e+05  8.59780e+41  4.76850e+05  6.45877e+41  4.45643e+05  2.85011e+41  3.63750e+05  1.35907e+40 -1.42128e-83
 2.50494e-01  4.76850e+05  7.90823e+41  4.76850e+05  6.42361e+41  4.45643e+05  2.76590e+41  3.51646e+05  1.33997e+40 -1.42128e-83
 2.58681e-01  4.76850e+05  7.50981e+41  4.76850e+05  6.63885e+41  4.45643e+05  2.82234e+41  3.51646e+05  1.00550e+40 -1.42128e-83
 2.67136e-01  4.76850e+05  7.40090e+41  4.60983e+05  6.10061e+41  4.30814e+05  2.89575e+41  3.51646e+05  8.22149e+39 -1.42128e-83
 2.75866e-01  4.76850e+05  7.58105e+41  4.60983e+05  5.71231e+41  4.30814e+05  2.57363e+41  3.51646e+05  7.89159e+39 -1.42128e-83
 2.84882e-01  4.60983e+05  7.19232e+41  4.60983e+05  5.57146e+41  4.30814e+05  2.39138e+41  3.51646e+05  9.06391e+39 -1.42128e-83
 2.94193e-01  4.60983e+05  6.67619e+41  4.60983e+05  5.67747e+41  4.30814e+05  2.34823e+41  3.51646e+05  1.17433e+40 -1.42128e-83
 3.03808e-01  4.60983e+05  6.44611e+41  4.45643e+05  5.63941e+41  4.30814e+05  2.44402e+41  3.39945e+05  1.04413e+40 -1.42128e-83
 3.13737e-01  4.60983e+05  6.50114e+41  4.45643e+05  5.11678e+41  4.16479e+05  2.44911e+41  3.39945e+05  7.30589e+39 -1.42128e-83
 3.23991e-01  4.45643e+05  6.69610e+41  4.45643e+05  4.83912e+41  4.16479e+05  2.14997e+41  3.39945e+05  5.67027e+39 -1.42128e-83
 3.34580e-01  4.45643e+05  6.02542e+41  4.45643e+05  4.80530e+41  4.16479e+05  1.98894e+41  3.39945e+05  5.52769e+39 -1.42128e-83
 3.45515e-01  4.45643e+05  5.63811e+41  4.45643e+05  5.01517e+41  4.16479e+05  1.96536e+41  3.39945e+05  6.87755e+39 -1.42128e-83
 3.56807e-01  4.45643e+05  5.53257e+41  4.30814e+05  4.72876e+41  4.16479e+05  2.07912e+41  3.39945e+05  9.72544e+39 -1.42128e-83
 3.68468e-01  4.45643e+05  5.70834e+41  4.30814e+05  4.28245e+41  4.02620e+05  2.09390e+41  3.28633e+05  8.67796e+39 -1.42128e-83
 3.80511e-01  4.30814e+05  5.62311e+41  4.30814e+05  4.07768e+41  4.02620e+05  1.79574e+41  3.28633e+05  5.45390e+39 -1.42128e-83
 3.92947e-01  4.30814e+05  5.04157e+41  4.30814e+05  4.11358e+41  4.02620e+05  1.63422e+41  3.28633e+05  3.72197e+39 -1.42128e-83
 4.05790e-01  4.30814e+05  4.73932e+41  4.30814e+05  4.39031e+41  4.02620e+05  1.60869e+41  3.28633e+05  3.47501e+39 -1.42128e-83
 4.19052e-01  4.30814e+05  4.71511e+41  4.16479e+05  3.97384e+41  4.02620e+05  1.71902e+41  3.28633e+05  4.71200e+39 -1.42128e-83
 4.32748e-01  4.30814e+05  4.96884e+41  4.16479e+05  3.56593e+41  3.89223e+05  1.83207e+41  3.28633e+05  7.43807e+39 -1.42128e-83
 4.46891e-01  4.16479e+05  4.74040e+41  4.16479e+05  3.39658e+41  3.89223e+05  1.51273e+41  3.17698e+05  8.21954e+39 -1.42128e-83
 4.61496e-01  4.16479e+05  4.20403e+41  4.16479e+05  3.46508e+41  3.89223e+05  1.32886e+41  3.17698e+05  4.60070e+39 -1.42128e-83
 4.76579e-01  4.16479e+05  3.94348e+41  4.16479e+05  3.77174e+41  3.89223e+05  1.27970e+41  3.17698e+05  2.47047e+39 -1.42128e-83
 4.92155e-01  4.16479e+05  3.95768e+41  4.02620e+05  3.35971e+41  3.89223e+05  1.36506e+41  3.17698e+05  1.82004e+39 -1.42128e-83
 5.08240e-01  4.16479e+05  4.24668e+41  4.02620e+05  2.95232e+41  3.89223e+05  1.58527e+41  3.17698e+05  2.64670e+39 -1.42128e-83
 5.24851e-01  4.02620e+05  4.03068e+41  4.02620e+05  2.78095e+41  3.76271e+05  1.31397e+41  3.17698e+05  4.95389e+39 -1.42128e-83
 5.42004e-01  4.02620e+05  3.49561e+41  4.02620e+05  2.84490e+41  3.76271e+05  1.08553e+41  3.17698e+05  8.75114e+39 -1.42128e-83
 5.59718e-01  4.02620e+05  3.23343e+41  4.02620e+05  3.14443e+41  3.76271e+05  9.90794e+40  3.07126e+05  5.05078e+39 -1.42128e-83
 5.78011e-01  4.02620e+05  3.24306e+41  3.89223e+05  2.88959e+41  3.76271e+05  1.02937e+41  3.07126e+05  2.20840e+39 -1.42128e-83
 5.96902e-01  4.02620e+05  3.52454e+41  3.89223e+05  2.44460e+41  3.76271e+05  1.20142e+41  3.07126e+05  8.44721e+38 -1.42128e-83
 6.16411e-01  3.89223e+05  3.49776e+41  3.89223e+05  2.23352e+41  3.63750e+05  1.22492e+41  3.07126e+05  9.54109e+38 -1.42128e-83
 6.36557e-01  3.89223e+05  2.91981e+41  3.89223e+05  2.25550e+41  3.63750e+05  9.29069e+40  3.07126e+05  2.53701e+39 -1.42128e-83
 6.57361e-01  3.89223e+05  2.61238e+41  3.89223e+05  2.51062e+41  3.63750e+05  7.66281e+40  3.07126e+05  5.59999e+39 -1.42128e-83
 6.78845e-01  3.89223e+05  2.57418e+41  3.76271e+05  2.58643e+41  3.63750e+05  7.35878e+40  2.96907e+05  7.34295e+39 -1.42128e-83
 7.01032e-01  3.89223e+05  2.80506e+41  3.76271e+05  2.06504e+41  3.63750e+05  8.37734e+40  2.96907e+05  3.45676e+39 -1.42128e-83
 7.23943e-01  3.76271e+05  3.16833e+41  3.76271e+05  1.77600e+41  3.63750e+05  1.07227e+41  2.96907e+05  1.05444e+39 -1.42128e-83
 7.47603e-01  3.76271e+05  2.50254e+41  3.76271e+05  1.71812e+41  3.51646e+05  8.97966e+40  2.96907e+05  1.26050e+38 -1.42128e-83
 7.72037e-01  3.76271e+05  2.10554e+41  3.76271e+05  1.89115e+41  3.51646e+05  6.43825e+40  2.96907e+05  6.67753e+38 -1.42128e-83
 7.97269e-01  3.76271e+05  1.97568e+41  3.76271e+05  2.29581e+41  3.51646e+05  5.21563e+40  2.96907e+05  2.68179e+39 -1.42128e-83
 8.23326e-01  3.76271e+05  2.11242e+41  3.63750e+05  1.85722e+41  3.51646e+05  5.30673e+40  2.96907e+05  6.17649e+39 -1.42128e-83
 8.50234e-01  3.76271e+05  2.51633e+41  3.63750e+05  1.45098e+41  3.51646e+05  6.71193e+40  2.87027e+05  7.00725e+39 -1.42128e-83
 8.78022e-01  3.63750e+05  2.29438e+41  3.63750e+05  1.27455e+41  3.51646e+05  9.43705e+40  2.87027e+05  3.21716e+39 -1.42128e-83
 9.06718e-01  3.63750e+05  1.76233e+41  3.63750e+05  1.32720e+41  3.39945e+05  6.76356e+40  2.87027e+05  9.09939e+38 -1.42128e-83
 9.36352e-01  3.63750e+05  1.49601e+41  3.63750e+05  1.60914e+41  3.39945e+05  4.38244e+40  2.87027e+05  7.60567e+37 -1.42128e-83
 9.66955e-01  3.63750e+05  1.49429e+41  3.51646e+05  1.88868e+41  3.39945e+05  3.31160e+40  2.87027e+05  7.12058e+38 -1.42128e-83
 9.98557e-01  3.63750e+05  1.75719e+41  3.51646e+05  1.32442e+41  3.39945e+05  3.54660e+40  2.87027e+05  2.82057e+39 -1.42128e-83
 1.03119e+00  3.63750e+05  2.28579e+41  3.51646e+05  9.89441e+40  3.39945e+05  5.08842e+40  2.87027e+05  6.41033e+39 -1.42128e-83
 1.06489e+00  3.51646e+05  1.65935e+41  3.51646e+05  8.82362e+40  3.39945e+05  7.94343e+40  2.77476e+05  8.42140e+39 -1.42128e-83
 1.09970e+00  3.51646e+05  1.21016e+41  3.51646e+05  1.00274e+41  3.28633e+05  5.55116e+40  2.77476e+05  4.36201e+39 -1.42128e-83
 1.13564e+00  3.51646e+05  1.02440e+41  3.51646e+05  1.35107e+41  3.28633e+05  3.06876e+40  2.77476e+05  1.79024e+39 -1.42128e-83
 1.17276e+00  3.51646e+05  1.10130e+41  3.39945e+05  1.48920e+41  3.28633e+05  1.89120e+40  2.77476e+05  6.95440e+38 -1.42128e-83
 1.21108e+00  3.51646e+05  1.44120e+41  3.39945e+05  9.53542e+40  3.28633e+05  2.01361e+40  2.77476e+05  1.07309e+39 -1.42128e-83
 1.25067e+00  3.39945e+05  1.90447e+41  3.39945e+05  6.45635e+40  3.28633e+05  3.43649e+40  2.77476e+05  2.92475e+39 -1.42128e-83
 1.29154e+00  3.39945e+05  1.22346e+41  3.39945e+05  5.64204e+40  3.28633e+05  6.16573e+40  2.77476e+05  6.25809e+39 -1.42128e-83
 1.33375e+00  3.39945e+05  8.05926e+40  3.39945e+05  7.08911e+40  3.17698e+05  5.45722e+40  2.77476e+05  1.10869e+40 -1.42128e-83
 1.37734e+00  3.39945e+05  6.50159e+40  3.39945e+05  1.08036e+41  3.17698e+05  2.60361e+40  2.68243e+05  7.21232e+39 -1.42128e-83
 1.42236e+00  3.39945e+05  7.55510e+40  3.28633e+05  1.28832e+41  3.17698e+05  1.05291e+40  2.68243e+05  3.99445e+39 -1.42128e-83
 1.46884e+00  3.39945e+05  1.12241e+41  3.28633e+05  7.35599e+40  3.17698e+05  7.98700e+39  2.68243e+05  2.26269e+39 -1.42128e-83
 1.51685e+00  3.28633e+05  1.67703e+41  3.28633e+05  4.09726e+40  3.17698e+05  1.83994e+40  2.68243e+05  2.00986e+39 -1.42128e-83
 1.56642e+00  3.28633e+05  9.76541e+40  3.28633e+05  3.09352e+40  3.17698e+05  4.18093e+40  2.68243e+05  3.23491e+39 -1.42128e-83
 1.61762e+00  3.28633e+05  5.38521e+40  3.28633e+05  4.34063e+40  3.07126e+05  6.78368e+40  2.68243e+05  5.94292e+39 -1.42128e-83
 1.67049e+00  3.28633e+05  3.61156e+40  3.28633e+05  7.84374e+40  3.07126e+05  3.27603e+40  2.68243e+05  1.01451e+40 -1.42128e-83
 1.72508e+00  3.28633e+05  4.43713e+40  3.17698e+05  1.30674e+41  3.07126e+05  1.07407e+40  2.59317e+05  1.24408e+40 -1.42128e-83
 1.78146e+00  3.28633e+05  7.86533e+40  3.17698e+05  6.89794e+40  3.07126e+05  1.68701e+39  2.59317e+05  8.16324e+39 -1.42128e-83
 1.83968e+00  3.28633e+05  1.39103e+41  3.17698e+05  2.99503e+40  3.07126e+05  5.56166e+39  2.59317e+05  5.38907e+39 -1.42128e-83
 1.89981e+00  3.17698e+05  9.41185e+40  3.17698e+05  1.34256e+40  3.07126e+05  2.23807e+40  2.59317e+05  4.10677e+39 -1.42128e-83
 1.96190e+00  3.17698e+05  4.28861e+40  3.17698e+05  1.93368e+40  3.07126e+05  5.22138e+40  2.59317e+05  4.31103e+39 -1.42128e-83
 2.02602e+00  3.17698e+05  1.76740e+40  3.17698e+05  4.77085e+40  2.96907e+05  5.58835e+40  2.59317e+05  6.00270e+39 -1.42128e-83
 2.09224e+00  3.17698e+05  1.83776e+40  3.17698e+05  9.86580e+40  2.96907e+05  2.43978e+40  2.59317e+05  9.18878e+39 -1.42128e-83
 2.16062e+00  3.17698e+05  4.50000e+40  3.07126e+05  8.67367e+40  2.96907e+05  5.93451e+39  2.59317e+05  1.38825e+40 -1.42128e-83
 2.23123e+00  3.17698e+05  9.76514e+40  3.07126e+05  3.64074e+40  2.96907e+05  4.17149e+38  2.50688e+05  1.53653e+40 -1.42128e-83
 2.30415e+00  3.07126e+05  1.17717e+41  3.07126e+05  8.60916e+39  2.96907e+05  7.82290e+39  2.50688e+05  1.10998e+40 -1.42128e-83
 2.37946e+00  3.07126e+05  5.34213e+40  3.07126e+05  3.22695e+39  2.96907e+05  2.81824e+40  2.50688e+05  8.34978e+39 -1.42128e-83
 2.45723e+00  3.07126e+05  1.51891e+40  3.07126e+05  2.02385e+40  2.96907e+05  6.15799e+40  2.50688e+05  7.10387e+39 -1.42128e-83
 2.53753e+00  3.07126e+05  2.86252e+39  3.07126e+05  5.97142e+40  2.87027e+05  5.88420e+40  2.50688e+05  7.35693e+39 -1.42128e-83
 2.62047e+00  3.07126e+05  1.63905e+40  3.07126e+05  1.21817e+41  2.87027e+05  2.78417e+40  2.50688e+05  9.11001e+39 -1.42128e-83
 2.70611e+00  3.07126e+05  5.58289e+40  2.96907e+05  6.89027e+40  2.87027e+05  9.87803e+39  2.50688e+05  1.23704e+40 -1.42128e-83
 2.79455e+00  3.07126e+05  1.21341e+41  2.96907e+05  2.47621e+40  2.87027e+05  4.87661e+39  2.50688e+05  1.71515e+40 -1.42128e-83
 2.88589e+00  2.96907e+05  9.54234e+40  2.96907e+05  3.10442e+39  2.87027e+05  1.28168e+40  2.42346e+05  2.09607e+40 -1.42128e-83
 2.98021e+00  2.96907e+05  3.82911e+40  2.96907e+05  3.83996e+39  2.87027e+05  3.37313e+40  2.42346e+05  1.62441e+40 -1.42128e-83
 3.07761e+00  2.96907e+05  7.16000e+39  2.96907e+05  2.69718e+40  2.87027e+05  6.77069e+40  2.42346e+05  1.30643e+40 -1.42128e-83
 3.17819e+00  2.96907e+05  1.90117e+39  2.96907e+05  7.25956e+40  2.77476e+05  7.75074e+40  2.42346e+05  1.14082e+40 -1.42128e-83
 3.28206e+00  2.96907e+05  2.24929e+40  2.87027e+05  1.40389e+41  2.77476e+05  4.37304e+40  2.42346e+05  1.12688e+40 -1.42128e-83
 3.38933e+00  2.96907e+05  6.90204e+40  2.87027e+05  7.44114e+40  2.77476e+05  2.30557e+40  2.42346e+05  1.26456e+40 -1.42128e-83
 3.50010e+00  2.96907e+05  1.41676e+41  2.87027e+05  3.11224e+40  2.77476e+05  1.53978e+40  2.42346e+05  1.55443e+40 -1.42128e-83
 3.61449e+00  2.87027e+05  1.01556e+41  2.87027e+05  1.03426e+40  2.77476e+05  2.07250e+40  2.42346e+05  1.99769e+40 -1.42128e-83
 3.73262e+00  2.87027e+05  4.54000e+40  2.87027e+05  1.19859e+40  2.77476e+05  3.90593e+40  2.42346e+05  2.59618e+40 -1.42128e-83
 3.85462e+00  2.87027e+05  1.52750e+40  2.87027e+05  3.60593e+40  2.77476e+05  7.04767e+40  2.34282e+05  2.43229e+40 -1.42128e-83
 3.98060e+00  2.87027e+05  1.10559e+40  2.87027e+05  8.26623e+40  2.77476e+05  1.15107e+41  2.34282e+05  2.02080e+40 -1.42128e-83
 4.11069e+00  2.87027e+05  3.27253e+40  2.87027e+05  1.51988e+41  2.68243e+05  7.54027e+40  2.34282e+05  1.76463e+40 -1.42128e-83
 4.24504e+00  2.87027e+05  8.03727e+40  2.77476e+05  1.04515e+41  2.68243e+05  4.85816e+40  2.34282e+05  1.66273e+40 -1.42128e-83
 4.38378e+00  2.87027e+05  1.54196e+41  2.77476e+05  5.64708e+40  2.68243e+05  3.48829e+40  2.34282e+05  1.71465e+40 -1.42128e-83
 4.52705e+00  2.77476e+05  1.37633e+41  2.77476e+05  3.10412e+40  2.68243e+05  3.42500e+40  2.34282e+05  1.92063e+40 -1.42128e-83
 4.67501e+00  2.77476e+05  7.59554e+40  2.77476e+05  2.81204e+40  2.68243e+05  4.66803e+40  2.34282e+05  2.28152e+40 -1.42128e-83
 4.82780e+00  2.77476e+05  4.04347e+40  2.77476e+05  4.76964e+40  2.68243e+05  7.22251e+40  2.34282e+05  2.79881e+40 -1.42128e-83
 4.98558e+00  2.77476e+05  3.09240e+40  2.77476e+05  8.98501e+40  2.68243e+05  1.10990e+41  2.34282e+05  3.47463e+40 -1.42128e-83
 5.14853e+00  2.77476e+05  4.73840e+40  2.77476e+05  1.54756e+41  2.59317e+05  1.29530e+41  2.26486e+05  3.11122e+40 -1.42128e-83
 5.31679e+00  2.77476e+05  8.98827e+40  2.68243e+05  1.65215e+41  2.59317e+05  9.27993e+40  2.26486e+05  2.70772e+40 -1.42128e-83
 5.49056e+00  2.77476e+05  1.58596e+41  2.68243e+05  1.06409e+41  2.59317e+05  6.93742e+40  2.26486e+05  2.46237e+40 -1.42128e-83
 5.67001e+00  2.68243e+05  2.10702e+41  2.68243e+05  7.04227e+40  2.59317e+05  5.91577e+40  2.26486e+05  2.37417e+40 -1.42128e-83
 5.85532e+00  2.68243e+05  1.36532e+41  2.68243e+05  5.71086e+40  2.59317e+05  6.21073e+40  2.26486e+05  2.44276e+40 -1.42128e-83
 6.04668e+00  2.68243e+05  8.87706e+40  2.68243e+05  6.64112e+40  2.59317e+05  7.82354e+40  2.26486e+05  2.66841e+40 -1.42128e-83
 6.24430e+00  2.68243e+05  6.72187e+40  2.68243e+05  9.83691e+40  2.59317e+05  1.07609e+41  2.26486e+05  3.05206e+40 -1.42128e-83
 6.44838e+00  2.68243e+05  7.17877e+40  2.68243e+05  1.53114e+41  2.59317e+05  1.50348e+41  2.26486e+05  3.59529e+40 -1.42128e-83
 6.65913e+00  2.68243e+05  1.02497e+41  2.68243e+05  2.30874e+41  2.50688e+05  1.66198e+41  2.26486e+05  4.30037e+40 -1.42128e-83
 6.87677e+00  2.68243e+05  1.59472e+41  2.59317e+05  1.92224e+41  2.50688e+05  1.28913e+41  2.18950e+05  4.18619e+40 -1.42128e-83
 7.10152e+00  2.68243e+05  2.42951e+41  2.59317e+05  1.39229e+41  2.50688e+05  1.05083e+41  2.18950e+05  3.73140e+40 -1.42128e-83
 7.33362e+00  2.59317e+05  2.40322e+41  2.59317e+05  1.09191e+41  2.50688e+05  9.46090e+40  2.18950e+05  3.43899e+40 -1.42128e-83
 7.57330e+00  2.59317e+05  1.72830e+41  2.59317e+05  1.01984e+41  2.50688e+05  9.74479e+40  2.18950e+05  3.30778e+40 -1.42128e-83
 7.82082e+00  2.59317e+05  1.31897e+41  2.59317e+05  1.17581e+41  2.50688e+05  1.13611e+41  2.18950e+05  3.33722e+40 -1.42128e-83
 8.07642e+00  2.59317e+05  1.17351e+41  2.59317e+05  1.56044e+41  2.50688e+05  1.43167e+41  2.18950e+05  3.52742e+40 -1.42128e-83
 8.34038e+00  2.59317e+05  1.29134e+41  2.59317e+05  2.17533e+41  2.50688e+05  1.86236e+41  2.18950e+05  3.87918e+40 -1.42128e-83
 8.61296e+00  2.59317e+05  1.67294e+41  2.59317e+05  3.02303e+41  2.42346e+05  2.28915e+41  2.18950e+05  4.39395e+40 -1.42128e-83
 8.89446e+00  2.59317e+05  2.31989e+41  2.50688e+05  2.55263e+41  2.42346e+05  1.86809e+41  2.18950e+05  5.07385e+40 -1.42128e-83
 9.18515e+00  2.59317e+05  3.23487e+41  2.50688e+05  2.01426e+41  2.42346e+05  1.58399e+41  2.11664e+05  5.80807e+40 -1.42128e-83
 9.48535e+00  2.50688e+05  3.13386e+41  2.50688e+05  1.70804e+41  2.42346e+05  1.43565e+41  2.11664e+05  5.23121e+40 -1.42128e-83
 9.79535e+00  2.50688e+05  2.44852e+41  2.50688e+05  1.63269e+41  2.42346e+05  1.42247e+41  2.11664e+05  4.82296e+40 -1.42128e-83
 1.01155e+01  2.50688e+05  2.03174e+41  2.50688e+05  1.78790e+41  2.42346e+05  1.54439e+41  2.11664e+05  4.58162e+40 -1.42128e-83
 1.04461e+01  2.50688e+05  1.88179e+41  2.50688e+05  2.17431e+41  2.42346e+05  1.80191e+41  2.11664e+05  4.50620e+40 -1.42128e-83
 1.07875e+01  2.50688e+05  1.99806e+41  2.50688e+05  2.79352e+41  2.42346e+05  2.19611e+41  2.11664e+05  4.59639e+40 -1.42128e-83
 1.11401e+01  2.50688e+05  2.38102e+41  2.50688e+05  3.64810e+41  2.42346e+05  2.72861e+41  2.11664e+05  4.85256e+40 -1.42128e-83
 1.15041e+01  2.50688e+05  3.03227e+41  2.42346e+05  3.59998e+41  2.34282e+05  2.74642e+41  2.11664e+05  5.27576e+40 -1.42128e-83
 1.18801e+01  2.50688e+05  3.95449e+41  2.42346e+05  2.98009e+41  2.34282e+05  2.36913e+41  2.11664e+05  5.86776e+40 -1.42128e-83
 1.22684e+01  2.42346e+05  4.36621e+41  2.42346e+05  2.59633e+41  2.34282e+05  2.13087e+41  2.11664e+05  6.63099e+40 -1.42128e-83
 1.26694e+01  2.42346e+05  3.58557e+41  2.42346e+05  2.44711e+41  2.34282e+05  2.03063e+41  2.04621e+05  7.49572e+40 -1.42128e-83
 1.30834e+01  2.42346e+05  3.07821e+41  2.42346e+05  2.53183e+41  2.34282e+05  2.06802e+41  2.04621e+05  6.88469e+40 -1.42128e-83
 1.35110e+01  2.42346e+05  2.84200e+41  2.42346e+05  2.85084e+41  2.34282e+05  2.24317e+41  2.04621e+05  6.44911e+40 -1.42128e-83
 1.39526e+01  2.42346e+05  2.87599e+41  2.42346e+05  3.40544e+41  2.34282e+05  2.55683e+41  2.04621e+05  6.18717e+40 -1.42128e-83
 1.44086e+01  2.42346e+05  3.18030e+41  2.42346e+05  4.19794e+41  2.34282e+05  3.01028e+41  2.04621e+05  6.09780e+40 -1.42128e-83
 1.48795e+01  2.42346e+05  3.75620e+41  2.34282e+05  5.21105e+41  2.34282e+05  3.60540e+41  2.04621e+05  6.18062e+40 -1.42128e-83
 1.53658e+01  2.42346e+05  4.60608e+41  2.34282e+05  4.42644e+41  2.26486e+05  3.55115e+41  2.04621e+05  6.43598e+40 -1.42128e-83
 1.58680e+01  2.42346e+05  5.73344e+41  2.34282e+05  3.88396e+41  2.26486e+05  3.16852e+41  2.04621e+05  6.86492e+40 -1.42128e-83
 1.63866e+01  2.34282e+05  5.29998e+41  2.34282e+05  3.58136e+41  2.26486e+05  2.92821e+41  2.04621e+05  7.46924e+40 -1.42128e-83
 1.69222e+01  2.34282e+05  4.60777e+41  2.34282e+05  3.51738e+41  2.26486e+05  2.82924e+41  2.04621e+05  8.25142e+40 -1.42128e-83
 1.74753e+01  2.34282e+05  4.19306e+41  2.34282e+05  3.69176e+41  2.26486e+05  2.87119e+41  2.04621e+05  9.21470e+40 -1.42128e-83
 1.80464e+01  2.34282e+05  4.05413e+41  2.34282e+05  4.10523e+41  2.26486e+05  3.05423e+41  1.97812e+05  9.40502e+40 -1.42128e-83
 1.86362e+01  2.34282e+05  4.19040e+41  2.34282e+05  4.75949e+41  2.26486e+05  3.37913e+41  1.97812e+05  8.84644e+40 -1.42128e-83
 1.92453e+01  2.34282e+05  4.60244e+41  2.34282e+05  5.65724e+41  2.26486e+05  3.84722e+41  1.97812e+05  8.47142e+40 -1.42128e-83
 1.98743e+01  2.34282e+05  5.29196e+41  2.26486e+05  6.61230e+41  2.26486e+05  4.46045e+41  1.97812e+05  8.27842e+40 -1.42128e-83
 2.05238e+01  2.34282e+05  6.26180e+41  2.26486e+05  5.81532e+41  2.18950e+05  4.78527e+41  1.97812e+05  8.26664e+40 -1.42128e-83
 2.11946e+01  2.34282e+05  7.51598e+41  2.26486e+05  5.26621e+41  2.18950e+05  4.33972e+41  1.97812e+05  8.43602e+40 -1.42128e-83
 2.18873e+01  2.26486e+05  6.90649e+41  2.26486e+05  4.96270e+41  2.18950e+05  4.04134e+41  1.97812e+05  8.78728e+40 -1.42128e-83
 2.26026e+01  2.26486e+05  6.20506e+41  2.26486e+05  4.90353e+41  2.18950e+05  3.88890e+41  1.97812e+05  9.32185e+40 -1.42128e-83
 2.33413e+01  2.26486e+05  5.78774e+41  2.26486e+05  5.08846e+41  2.18950e+05  3.88177e+41  1.97812e+05  1.00420e+41 -1.42128e-83
 2.41042e+01  2.26486e+05  5.65280e+41  2.26486e+05  5.51825e+41  2.18950e+05  4.01992e+41  1.97812e+05  1.09506e+41 -1.42128e-83
 2.48920e+01  2.26486e+05  5.79968e+41  2.26486e+05  6.19468e+41  2.18950e+05  4.30391e+41  1.97812e+05  1.20515e+41 -1.42128e-83
 2.57055e+01  2.26486e+05  6.22899e+41  2.26486e+05  7.12055e+41  2.18950e+05  4.73493e+41  1.91230e+05  1.26090e+41 -1.42128e-83
 2.65456e+01  2.26486e+05  6.94250e+41  2.26486e+05  8.29969e+41  2.18950e+05  5.31477e+41  1.91230e+05  1.19876e+41 -1.42128e-83
 2.74132e+01  2.26486e+05  7.94318e+41  2.18950e+05  7.90170e+41  2.18950e+05  6.04581e+41  1.91230e+05  1.15628e+41 -1.42128e-83
 2.83091e+01  2.26486e+05  9.23515e+41  2.18950e+05  7.24753e+41  2.11664e+05  6.06606e+41  1.91230e+05  1.13328e+41 -1.42128e-83
 2.92343e+01  2.18950e+05  9.34573e+41  2.18950e+05  6.84715e+41  2.11664e+05  5.64017e+41  1.91230e+05  1.12967e+41 -1.42128e-83
 3.01898e+01  2.18950e+05  8.52068e+41  2.18950e+05  6.69892e+41  2.11664e+05  5.36683e+41  1.91230e+05  1.14542e+41 -1.42128e-83
 3.11765e+01  2.18950e+05  7.98932e+41  2.18950e+05  6.80221e+41  2.11664e+05  5.24492e+41  1.91230e+05  1.18062e+41 -1.42128e-83
 3.21954e+01  2.18950e+05  7.74945e+41  2.18950e+05  7.15746e+41  2.11664e+05  5.27393e+41  1.91230e+05  1.23539e+41 -1.42128e-83
 3.32476e+01  2.18950e+05  7.80007e+41  2.18950e+05  7.76613e+41  2.11664e+05  5.45398e+41  1.91230e+05  1.30997e+41 -1.42128e-83
 3.43343e+01  2.18950e+05  8.14141e+41  2.18950e+05  8.63074e+41  2.11664e+05  5.78581e+41  1.91230e+05  1.40467e+41 -1.42128e-83
 3.54564e+01  2.18950e+05  8.77486e+41  2.18950e+05  9.75488e+41  2.11664e+05  6.27080e+41  1.91230e+05  1.51988e+41 -1.42128e-83
 3.66152e+01  2.18950e+05  9.70305e+41  2.11664e+05  1.10162e+42  2.11664e+05  6.91096e+41  1.91230e+05  1.65608e+41 -1.42128e-83
 3.78119e+01  2.18950e+05  1.09298e+42  2.11664e+05  1.01346e+42  2.11664e+05  7.70893e+41  1.84866e+05  1.74890e+41 -1.42128e-83
 3.90477e+01  2.18950e+05  1.24603e+42  2.11664e+05  9.51876e+41  2.04621e+05  8.07903e+41  1.84866e+05  1.68203e+41 -1.42128e-83
 4.03238e+01  2.11664e+05  1.19152e+42  2.11664e+05  9.16610e+41  2.04621e+05  7.59515e+41  1.84866e+05  1.63681e+41 -1.42128e-83
 4.16417e+01  2.11664e+05  1.11318e+42  2.11664e+05  9.07518e+41  2.04621e+05  7.27191e+41  1.84866e+05  1.61306e+41 -1.42128e-83
 4.30027e+01  2.11664e+05  1.06530e+42  2.11664e+05  9.24562e+41  2.04621e+05  7.10798e+41  1.84866e+05  1.61068e+41 -1.42128e-83
 4.44081e+01  2.11664e+05  1.04767e+42  2.11664e+05  9.67813e+41  2.04621e+05  7.10268e+41  1.84866e+05  1.62967e+41 -1.42128e-83
 4.58595e+01  2.11664e+05  1.06021e+42  2.11664e+05  1.03745e+42  2.04621e+05  7.25599e+41  1.84866e+05  1.67009e+41 -1.42128e-83
 4.73583e+01  2.11664e+05  1.10299e+42  2.11664e+05  1.13376e+42  2.04621e+05  7.56854e+41  1.84866e+05  1.73213e+41 -1.42128e-83
 4.89061e+01  2.11664e+05  1.17617e+42  2.11664e+05  1.25714e+42  2.04621e+05  8.04163e+41  1.84866e+05  1.81602e+41 -1.42128e-83
 5.05045e+01  2.11664e+05  1.28006e+42  2.11664e+05  1.40811e+42  2.04621e+05  8.67721e+41  1.84866e+05  1.92213e+41 -1.42128e-83
 5.21551e+01  2.11664e+05  1.41510e+42  2.04621e+05  1.35732e+42  2.04621e+05  9.47791e+41  1.84866e+05  2.05089e+41 -1.42128e-83
 5.38597e+01  2.11664e+05  1.58183e+42  2.04621e+05  1.28634e+42  2.04621e+05  1.04471e+42  1.84866e+05  2.20283e+41 -1.42128e-83
 5.56199e+01  2.04621e+05  1.59138e+42  2.04621e+05  1.24307e+42  1.97812e+05  1.06139e+42  1.84866e+05  2.37858e+41 -1.42128e-83
 5.74378e+01  2.04621e+05  1.50181e+42  2.04621e+05  1.22731e+42  1.97812e+05  1.01349e+42  1.84866e+05  2.57887e+41 -1.42128e-83
 5.93150e+01  2.04621e+05  1.44430e+42  2.04621e+05  1.23902e+42  1.97812e+05  9.82703e+41  1.84866e+05  2.80453e+41 -1.42128e-83
 6.12535e+01  2.04621e+05  1.41861e+42  2.04621e+05  1.27824e+42  1.97812e+05  9.68908e+41  1.84866e+05  3.05650e+41 -1.42128e-83
 6.32555e+01  2.04621e+05  1.42464e+42  2.04621e+05  1.34512e+42  1.97812e+05  9.72044e+41  1.84866e+05  3.33580e+41 -1.42128e-83
 6.53228e+01  2.04621e+05  1.46240e+42  2.04621e+05  1.43995e+42  1.97812e+05  9.92124e+41  1.84866e+05  3.64361e+41 -1.42128e-83
 6.74577e+01  2.04621e+05  1.53206e+42  2.04621e+05  1.56313e+42  1.97812e+05  1.02923e+42  1.84866e+05  3.98119e+41 -1.42128e-83
 6.96624e+01  2.04621e+05  1.63390e+42  2.04621e+05  1.71515e+42  1.97812e+05  1.08352e+42  1.84866e+05  4.34995e+41 -1.42128e-83
 7.19392e+01  2.04621e+05  1.76834e+42  1.97812e+05  1.89565e+42  1.97812e+05  1.15521e+42  1.84866e+05  4.75140e+41 -1.42128e-83
 7.42903e+01  2.04621e+05  1.93595e+42  1.97812e+05  1.79653e+42  1.97812e+05  1.24461e+42  1.84866e+05  5.18721e+41 -1.42128e-83
 7.67183e+01  2.04621e+05  2.13741e+42  1.97812e+05  1.72724e+42  1.97812e+05  1.35208e+42  1.84866e+05  5.65919e+41 -1.42128e-83
 7.92257e+01  1.97812e+05  2.09838e+42  1.97812e+05  1.68747e+42  1.97812e+05  1.47806e+42  1.84866e+05  6.16928e+41 -1.42128e-83
 8.18150e+01  1.97812e+05  2.01026e+42  1.97812e+05  1.67706e+42  1.91230e+05  1.43918e+42  1.84866e+05  6.71959e+41 -1.42128e-83
 8.44889e+01  1.97812e+05  1.95630e+42  1.97812e+05  1.69598e+42  1.91230e+05  1.39574e+42  1.84866e+05  7.31242e+41 -1.42128e-83
 8.72502e+01  1.97812e+05  1.93628e+42  1.97812e+05  1.74429e+42  1.91230e+05  1.37099e+42  1.84866e+05  7.95020e+41 -1.42128e-83
 9.01018e+01  1.97812e+05  1.95012e+42  1.97812e+05  1.82221e+42  1.91230e+05  1.36484e+42  1.84866e+05  8.63557e+41 -1.42128e-83
 9.30466e+01  1.97812e+05  1.99787e+42  1.97812e+05  1.93004e+42  1.91230e+05  1.37726e+42  1.84866e+05  9.37138e+41 -1.42128e-83
 9.60876e+01  1.97812e+05  2.07973e+42  1.97812e+05  2.06825e+42  1.91230e+05  1.40830e+42  1.84866e+05  1.01607e+42 -1.42128e-83
 9.92280e+01  1.97812e+05  2.19604e+42  1.97812e+05  2.23739e+42  1.91230e+05  1.45809e+42  1.84866e+05  1.10067e+42 -1.42128e-83
 1.02471e+02  1.97812e+05  2.34729e+42  1.97812e+05  2.43817e+42  1.91230e+05  1.52684e+42  1.84866e+05  1.19130e+42 -1.42128e-83
 1.05820e+02  1.97812e+05  2.53408e+42  1.91230e+05  2.54698e+42  1.91230e+05  1.61482e+42  1.84866e+05  1.28833e+42 -1.42128e-83
 1.09278e+02  1.97812e+05  2.75721e+42  1.91230e+05  2.45411e+42  1.91230e+05  1.72241e+42  1.84866e+05  1.39216e+42 -1.42128e-83
 1.12850e+02  1.91230e+05  2.97186e+42  1.91230e+05  2.39379e+42  1.91230e+05  1.85005e+42  1.84866e+05  1.50322e+42 -1.42128e-83
 1.16538e+02  1.91230e+05  2.85570e+42  1.91230e+05  2.36575e+42  1.91230e+05  1.99826e+42  1.84866e+05  1.62197e+42 -1.42128e-83
 1.20347e+02  1.91230e+05  2.77719e+42  1.91230e+05  2.36988e+42  1.91230e+05  2.16767e+42  1.84866e+05  1.74890e+42 -1.42128e-83
 1.24280e+02  1.91230e+05  2.73602e+42  1.91230e+05  2.40620e+42  1.84866e+05  2.32794e+42  1.84866e+05  1.88454e+42 -1.42128e-83
 1.28342e+02  1.91230e+05  2.73202e+42  1.91230e+05  2.47486e+42  1.84866e+05  2.27284e+42  1.84866e+05  2.02945e+42 -1.42128e-83
 1.32537e+02  1.91230e+05  2.76516e+42  1.91230e+05  2.57614e+42  1.84866e+05  2.24008e+42  1.84866e+05  2.18422e+42 -1.42128e-83
 1.36868e+02  1.91230e+05  2.83559e+42  1.91230e+05  2.71046e+42  1.84866e+05  2.22950e+42  1.84866e+05  2.34951e+42 -1.42128e-83
 1.41341e+02  1.91230e+05  2.94360e+42  1.91230e+05  2.87838e+42  1.84866e+05  2.24108e+42  1.84866e+05  2.52599e+42 -1.42128e-83
 1.45961e+02  1.91230e+05  3.08963e+42  1.91230e+05  3.08059e+42  1.84866e+05  2.27485e+42  1.84866e+05  2.71439e+42 -1.42128e-83
 1.50731e+02  1.91230e+05  3.27429e+42  1.91230e+05  3.31793e+42  1.84866e+05  2.33095e+42  1.84866e+05  2.91550e+42 -1.42128e-83
 1.55658e+02  1.91230e+05  3.49835e+42  1.91230e+05  3.59139e+42  1.84866e+05  2.40963e+42  1.84866e+05  3.13014e+42 -1.42128e-83
 1.60745e+02  1.91230e+05  3.76272e+42  1.91230e+05  3.90208e+42  1.84866e+05  2.51120e+42  1.84866e+05  3.35920e+42 -1.42128e-83
 1.65998e+02  1.91230e+05  4.06851e+42  1.84866e+05  3.98342e+42  1.84866e+05  2.63608e+42  1.84866e+05  3.60363e+42 -1.42128e-83
 1.71424e+02  1.91230e+05  4.41698e+42  1.84866e+05  3.90581e+42  1.84866e+05  2.78479e+42  1.84866e+05  3.86445e+42 -1.42128e-83
 1.77026e+02  1.84866e+05  4.62737e+42  1.84866e+05  3.86676e+42  1.84866e+05  2.95795e+42  1.84866e+05  4.14273e+42 -1.42128e-83
 1.82812e+02  1.84866e+05  4.52719e+42  1.84866e+05  3.86608e+42  1.84866e+05  3.15627e+42  1.84866e+05  4.43963e+42 -1.42128e-83
 1.88787e+02  1.84866e+05  4.47159e+42  1.84866e+05  3.90378e+42  1.84866e+05  3.38057e+42  1.84866e+05  4.75637e+42 -1.42128e-83
 1.94957e+02  1.84866e+05  4.46034e+42  1.84866e+05  3.98002e+42  1.84866e+05  3.63179e+42  1.84866e+05  5.09426e+42 -1.42128e-83
 2.01328e+02  1.84866e+05  4.49339e+42  1.84866e+05  4.09511e+42  1.84866e+05  3.91095e+42  1.84866e+05  5.45470e+42 -1.42128e-83
 2.07908e+02  1.84866e+05  4.57088e+42  1.84866e+05  4.24953e+42  1.84866e+05  4.21923e+42  1.84866e+05  5.83919e+42 -1.42128e-83
 2.14703e+02  1.84866e+05  4.69313e+42  1.84866e+05  4.44391e+42  1.84866e+05  4.55788e+42  1.84866e+05  6.24931e+42 -1.42128e-83
 2.21720e+02  1.84866e+05  4.86065e+42  1.84866e+05  4.67907e+42  1.84866e+05  4.92832e+42  1.84866e+05  6.68676e+42 -1.42128e-83
 2.28967e+02  1.84866e+05  5.07412e+42  1.84866e+05  4.95597e+42  1.84866e+05  5.33208e+42  1.84866e+05  7.15336e+42 -1.42128e-83
 2.36450e+02  1.84866e+05  5.33444e+42  1.84866e+05  5.27576e+42  1.84866e+05  5.77083e+42  1.84866e+05  7.65103e+42 -1.42128e-83
 2.44178e+02  1.84866e+05  5.64267e+42  1.84866e+05  5.63977e+42  1.84866e+05  6.24637e+42  1.84866e+05  8.18183e+42 -1.42128e-83
 2.52158e+02  1.84866e+05  6.00010e+42  1.84866e+05  6.04949e+42  1.84866e+05  6.76070e+42  1.84866e+05  8.74796e+42 -1.42128e-83
 2.60399e+02  1.84866e+05  6.40820e+42  1.84866e+05  6.50664e+42  1.84866e+05  7.31592e+42  1.84866e+05  9.35177e+42 -1.42128e-83
 2.68910e+02  1.84866e+05  6.86866e+42  1.84866e+05  7.01309e+42  1.84866e+05  7.91434e+42  1.84866e+05  9.99574e+42 -1.42128e-83
 2.77699e+02  1.84866e+05  7.38340e+42  1.84866e+05  7.57094e+42  1.84866e+05  8.55843e+42  1.84866e+05  1.06826e+43 -1.42128e-83
 2.86774e+02  1.84866e+05  7.95453e+42  1.84866e+05  8.18250e+42  1.84866e+05  9.25086e+42  1.84866e+05  1.14150e+43 -1.42128e-83
 2.96147e+02  1.84866e+05  8.58442e+42  1.84866e+05  8.85031e+42  1.84866e+05  9.99450e+42  1.78715e+05  1.21790e+43 -1.42128e-83
 3.05826e+02  1.84866e+05  9.27569e+42  1.84866e+05  9.57713e+42  1.84866e+05  1.07924e+43  1.78715e+05  1.22074e+43 -1.42128e-83
 3.15821e+02  1.84866e+05  1.00312e+43  1.84866e+05  1.03660e+43  1.84866e+05  1.16479e+43  1.78715e+05  1.22877e+43 -1.42128e-83
 3.26143e+02  1.84866e+05  1.08540e+43  1.84866e+05  1.12201e+43  1.84866e+05  1.25646e+43  1.78715e+05  1.24204e+43 -1.42128e-83
 3.36802e+02  1.84866e+05  1.17476e+43  1.84866e+05  1.21430e+43  1.84866e+05  1.35461e+43  1.78715e+05  1.26060e+43 -1.42128e-83
 3.47810e+02  1.84866e+05  1.27157e+43  1.84866e+05  1.31386e+43  1.84866e+05  1.45967e+43  1.78715e+05  1.28451e+43 -1.42128e-83
 3.59177e+02  1.84866e+05  1.37622e+43  1.84866e+05  1.42109e+43  1.84866e+05  1.57205e+43  1.78715e+05  1.31390e+43 -1.42128e-83
 3.70916e+02  1.84866e+05  1.48916e+43  1.84866e+05  1.53644e+43  1.84866e+05  1.69224e+43  1.78715e+05  1.34886e+43 -1.42128e-83
 3.83038e+02  1.84866e+05  1.61084e+43  1.84866e+05  1.66038e+43  1.84866e+05  1.82072e+43  1.78715e+05  1.38956e+43 -1.42128e-83
 3.95557e+02  1.84866e+05  1.74177e+43  1.84866e+05  1.79344e+43  1.84866e+05  1.95802e+43  1.78715e+05  1.43615e+43 -1.42128e-83
 4.08485e+02  1.84866e+05  1.88249e+43  1.84866e+05  1.93616e+43  1.84866e+05  2.10473e+43  1.78715e+05  1.48883e+43 -1.42128e-83
 4.21835e+02  1.84866e+05  2.03359e+43  1.84866e+05  2.08912e+43  1.84866e+05  2.26143e+43  1.78715e+05  1.54782e+43 -1.42128e-83
 4.35622e+02  1.84866e+05  2.19569e+43  1.84866e+05  2.25298e+43  1.84866e+05  2.42879e+43  1.78715e+05  1.61336e+43 -1.42128e-83
 4.49859e+02  1.84866e+05  2.36946e+43  1.84866e+05  2.42839e+43  1.84866e+05  2.60748e+43  1.78715e+05  1.68573e+43 -1.42128e-83
 4.64562e+02  1.84866e+05  2.55562e+43  1.84866e+05  2.61609e+43  1.84866e+05  2.79827e+43  1.78715e+05  1.76522e+43 -1.42128e-83
 4.79745e+02  1.84866e+05  2.75494e+43  1.84866e+05  2.81685e+43  1.84866e+05  3.00192e+43  1.78715e+05  1.85217e+43 -1.42128e-83
 4.95424e+02  1.84866e+05  2.96825e+43  1.84866e+05  3.03152e+43  1.84866e+05  3.21929e+43  1.78715e+05  1.94692e+43 -1.42128e-83
 5.11616e+02  1.84866e+05  3.19642e+43  1.84866e+05  3.26096e+43  1.84866e+05  3.45128e+43  1.78715e+05  2.04988e+43 -1.42128e-83
 5.28337e+02  1.84866e+05  3.44041e+43  1.84866e+05  3.50614e+43  1.84866e+05  3.69884e+43  1.78715e+05  2.16147e+43 -1.42128e-83
 5.45604e+02  1.84866e+05  3.70122e+43  1.84866e+05  3.76806e+43  1.84866e+05  3.96300e+43  1.78715e+05  2.28215e+43 -1.42128e-83
 5.63436e+02  1.84866e+05  3.97993e+43  1.84866e+05  4.04782e+43  1.84866e+05  4.24485e+43  1.78715e+05  2.41242e+43 -1.42128e-83
 5.81850e+02  1.84866e+05  4.27769e+43  1.84866e+05  4.34657e+43  1.84866e+05  4.54556e+43  1.78715e+05  2.55283e+43 -1.42128e-83
 6.00867e+02  1.84866e+05  4.59575e+43  1.84866e+05  4.66554e+43  1.84866e+05  4.86638e+43  1.78715e+05  2.70394e+43 -1.42128e-83
 6.20505e+02  1.84866e+05  4.93540e+43  1.84866e+05  5.00606e+43  1.84866e+05  5.20863e+43  1.78715e+05  2.86640e+43 -1.42128e-83
 6.40784e+02  1.84866e+05  5.29807e+43  1.84866e+05  5.36954e+43  1.84866e+05  5.57372e+43  1.78715e+05  3.04086e+43 -1.42128e-83
 6.61727e+02  1.84866e+05  5.68524e+43  1.84866e+05  5.75748e+43  1.84866e+05  5.96318e+43  1.78715e+05  3.22805e+43 -1.42128e-83
 6.83354e+02  1.84866e+05  6.09853e+43  1.84866e+05  6.17148e+43  1.84866e+05  6.37860e+43  1.78715e+05  3.42875e+43 -1.42128e-83
 7.05688e+02  1.84866e+05  6.53964e+43  1.84866e+05  6.61325e+43  1.84866e+05  6.82172e+43  1.78715e+05  3.64379e+43 -1.42128e-83
 7.28751e+02  1.84866e+05  7.01040e+43  1.84866e+05  7.08464e+43  1.84866e+05  7.29435e+43  1.78715e+05  3.87405e+43 -1.42128e-83
 7.52569e+02  1.84866e+05  7.51276e+43  1.84866e+05  7.58758e+43  1.84866e+05  7.79847e+43  1.78715e+05  4.12049e+43 -1.42128e-83
 7.77165e+02  1.84866e+05  8.04879e+43  1.84866e+05  8.12417e+43  1.84866e+05  8.33615e+43  1.78715e+05  4.38413e+43 -1.42128e-83
 8.02565e+02  1.84866e+05  8.62072e+43  1.84866e+05  8.69661e+43  1.84866e+05  8.90963e+43  1.78715e+05  4.66607e+43 -1.42128e-83
 8.28794e+02  1.84866e+05  9.23090e+43  1.84866e+05  9.30728e+43  1.84866e+05  9.52127e+43  1.78715e+05  4.96746e+43 -1.42128e-83
 8.55882e+02  1.84866e+05  9.88188e+43  1.84866e+05  9.95870e+43  1.84866e+05  1.01736e+44  1.78715e+05  5.28955e+43 -1.42128e-83
 8.83854e+02  1.84866e+05  1.05763e+44  1.84866e+05  1.06536e+44  1.84866e+05  1.08693e+44  1.78715e+05  5.63368e+43 -1.42128e-83
 9.12741e+02  1.84866e+05  1.13171e+44  1.84866e+05  1.13948e+44  1.84866e+05  1.16113e+44  1.78715e+05  6.00128e+43 -1.42128e-83
 9.42571e+02  1.84866e+05  1.21074e+44  1.84866e+05  1.21854e+44  1.84866e+05  1.24027e+44  1.78715e+05  6.39385e+43 -1.42128e-83
 9.73377e+02  1.84866e+05  1.29503e+44  1.84866e+05  1.30287e+44  1.84866e+05  1.32467e+44  1.78715e+05  6.81304e+43 -1.42128e-83
 1.00519e+03  1.84866e+05  1.38494e+44  1.84866e+05  1.39281e+44  1.84866e+05  1.41467e+44  1.78715e+05  7.26056e+43 -1.42128e-83
 1.03804e+03  1.84866e+05  1.48084e+44  1.84866e+05  1.48874e+44  1.84866e+05  1.51067e+44  1.78715e+05  7.73828e+43 -1.42128e-83
 1.07197e+03  1.84866e+05  1.58312e+44  1.84866e+05  1.59105e+44  1.84866e+05  1.61304e+44  1.78715e+05  8.24818e+43 -1.42128e-83
 1.10700e+03  1.84866e+05  1.69222e+44  1.84866e+05  1.70018e+44  1.84866e+05  1.72222e+44  1.78715e+05  8.79235e+43 -1.42128e-83
 1.14318e+03  1.84866e+05  1.80858e+44  1.84866e+05  1.81656e+44  1.84866e+05  1.83865e+44  1.78715e+05  9.37306e+43 -1.42128e-83
 1.18054e+03  1.84866e+05  1.93268e+44  1.84866e+05  1.94068e+44  1.84866e+05  1.96282e+44  1.78715e+05  9.99270e+43 -1.42128e-83
 1.21913e+03  1.84866e+05  2.06504e+44  1.84866e+05  2.07306e+44  1.84866e+05  2.09525e+44  1.78715e+05  1.06539e+44 -1.42128e-83
 1.25897e+03  1.84866e+05  2.20620e+44  1.84866e+05  2.21425e+44  1.84866e+05  2.23647e+44  1.78715e+05  1.13592e+44 -1.42128e-83
 1.30012e+03  1.84866e+05  2.35675e+44  1.84866e+05  2.36482e+44  1.84866e+05  2.38708e+44  1.78715e+05  1.21118e+44 -1.42128e-83
 1.34261e+03  1.84866e+05  2.51731e+44  1.84866e+05  2.52540e+44  1.84866e+05  2.54770e+44  1.78715e+05  1.29146e+44 -1.42128e-83
 1.38649e+03  1.84866e+05  2.68855e+44  1.84866e+05  2.69666e+44  1.84866e+05  2.71899e+44  1.78715e+05  1.37710e+44 -1.42128e-83
 1.43180e+03  1.84866e+05  2.87117e+44  1.84866e+05  2.87930e+44  1.84866e+05  2.90166e+44  1.78715e+05  1.46845e+44 -1.42128e-83
 1.47860e+03  1.84866e+05  3.06594e+44  1.84866e+05  3.07408e+44  1.84866e+05  3.09647e+44  1.78715e+05  1.56590e+44 -1.42128e-83
 1.52692e+03  1.84866e+05  3.27365e+44  1.84866e+05  3.28180e+44  1.84866e+05  3.30423e+44  1.78715e+05  1.66984e+44 -1.42128e-83
 1.57683e+03  1.84866e+05  3.49517e+44  1.84866e+05  3.50333e+44  1.84866e+05  3.52579e+44  1.78715e+05  1.78071e+44 -1.42128e-83
 1.62836e+03  1.84866e+05  3.73141e+44  1.84866e+05  3.73959e+44  1.84866e+05  3.76206e+44  1.78715e+05  1.89896e+44 -1.42128e-83
 1.68158e+03  1.84866e+05  3.98335e+44  1.84866e+05  3.99154e+44  1.78715e+05  3.95049e+44  1.78715e+05  2.02508e+44 -1.42128e-83
 1.73654e+03  1.84866e+05  4.25203e+44  1.84866e+05  4.26023e+44  1.78715e+05  3.96334e+44  1.78715e+05  2.15960e+44 -1.42128e-83
 1.79329e+03  1.84866e+05  4.53857e+44  1.84866e+05  4.54678e+44  1.78715e+05  3.99273e+44  1.78715e+05  2.30307e+44 -1.42128e-83
 1.85190e+03  1.84866e+05  4.84415e+44  1.84866e+05  4.85237e+44  1.78715e+05  4.03876e+44  1.78715e+05  2.45609e+44 -1.42128e-83
 1.91243e+03  1.84866e+05  5.17004e+44  1.84866e+05  5.17827e+44  1.78715e+05  4.10164e+44  1.78715e+05  2.61929e+44 -1.42128e-83
 1.97493e+03  1.84866e+05  5.51758e+44  1.84866e+05  5.52582e+44  1.78715e+05  4.18163e+44  1.78715e+05  2.79334e+44 -1.42128e-83
 2.03948e+03  1.84866e+05  5.88822e+44  1.84866e+05  5.89646e+44  1.78715e+05  4.27905e+44  1.78715e+05  2.97896e+44 -1.42128e-83
 2.10613e+03  1.84866e+05  6.28348e+44  1.84866e+05  6.29173e+44  1.78715e+05  4.39430e+44  1.78715e+05  3.17693e+44 -1.42128e-83
 2.17497e+03  1.84866e+05  6.70500e+44  1.84866e+05  6.71326e+44  1.78715e+05  4.52787e+44  1.78715e+05  3.38806e+44 -1.42128e-83
 2.24605e+03  1.84866e+05  7.15453e+44  1.78715e+05  6.84913e+44  1.78715e+05  4.68031e+44  1.78715e+05  3.61323e+44 -1.42128e-83
 2.31946e+03  1.84866e+05  7.63393e+44  1.78715e+05  6.88454e+44  1.78715e+05  4.85225e+44  1.78715e+05  3.85337e+44 -1.42128e-83
 2.39526e+03  1.78715e+05  7.90388e+44  1.78715e+05  6.94866e+44  1.78715e+05  5.04440e+44  1.78715e+05  4.10946e+44 -1.42128e-83
 2.47355e+03  1.78715e+05  7.93695e+44  1.78715e+05  7.04176e+44  1.78715e+05  5.25755e+44  1.78715e+05  4.38258e+44 -1.42128e-83
 2.55439e+03  1.78715e+05  8.00314e+44  1.78715e+05  7.16423e+44  1.78715e+05  5.49259e+44  1.78715e+05  4.67385e+44 -1.42128e-83
 2.63787e+03  1.78715e+05  8.10270e+44  1.78715e+05  7.31657e+44  1.78715e+05  5.75049e+44  1.78715e+05  4.98448e+44 -1.42128e-83
 2.72409e+03  1.78715e+05  8.23605e+44  1.78715e+05  7.49942e+44  1.78715e+05  6.03232e+44  1.78715e+05  5.31575e+44 -1.42128e-83
 2.81312e+03  1.78715e+05  8.40375e+44  1.78715e+05  7.71352e+44  1.78715e+05  6.33924e+44  1.78715e+05  5.66903e+44 -1.42128e-83
 2.90506e+03  1.78715e+05  8.60648e+44  1.78715e+05  7.95977e+44  1.78715e+05  6.67253e+44  1.78715e+05  6.04579e+44 -1.42128e-83
 3.00000e+03  1.78715e+05  8.84509e+44  1.78715e+05  8.23919e+44  1.78715e+05  7.03355e+44  1.78715e+05  6.44759e+44 -1.42128e-83
