radius_rg T_0deg chi2_0deg T_15deg chi2_15deg T_30deg chi2_30deg T_45deg chi2_45deg nuLnusavg_last
 2.00000e-01  8.19480e+05  5.02177e+43  7.92211e+05  4.02544e+43  7.15730e+05  1.75242e+43  5.45973e+05  9.25174e+41  7.60502e-32
 2.06537e-01  7.92211e+05  4.90485e+43  7.92211e+05  3.92892e+43  7.15730e+05  1.68055e+43  5.45973e+05  9.48101e+41  7.60502e-32
 2.13287e-01  7.92211e+05  4.68706e+43  7.65850e+05  3.80552e+43  7.15730e+05  1.64899e+43  5.27805e+05  8.69685e+41  7.60502e-32
 2.20257e-01  7.92211e+05  4.55535e+43  7.65850e+05  3.64344e+43  6.91914e+05  1.58633e+43  5.27805e+05  7.93920e+41  7.60502e-32
 2.27456e-01  7.65850e+05  4.45084e+43  7.65850e+05  3.55419e+43  6.91914e+05  1.50892e+43  5.27805e+05  7.67807e+41  7.60502e-32
 2.34890e-01  7.65850e+05  4.24372e+43  7.40366e+05  3.45084e+43  6.91914e+05  1.47110e+43  5.27805e+05  7.91237e+41  7.60502e-32
 2.42567e-01  7.65850e+05  4.12083e+43  7.40366e+05  3.29158e+43  6.68890e+05  1.44081e+43  5.10242e+05  7.35458e+41  7.60502e-32
 2.50494e-01  7.40366e+05  4.04027e+43  7.40366e+05  3.20370e+43  6.68890e+05  1.35452e+43  5.10242e+05  6.55342e+41  7.60502e-32
 2.58681e-01  7.40366e+05  3.83681e+43  7.15730e+05  3.13159e+43  6.68890e+05  1.30718e+43  5.10242e+05  6.24303e+41  7.60502e-32
 2.67136e-01  7.40366e+05  3.71590e+43  7.15730e+05  2.96924e+43  6.68890e+05  1.29858e+43  5.10242e+05  6.42215e+41  7.60502e-32
 2.75866e-01  7.15730e+05  3.67226e+43  7.15730e+05  2.87692e+43  6.46632e+05  1.21981e+43  4.93264e+05  6.29618e+41  7.60502e-32
 2.84882e-01  7.15730e+05  3.46558e+43  6.91914e+05  2.84862e+43  6.46632e+05  1.15968e+43  4.93264e+05  5.38921e+41  7.60502e-32
 2.94193e-01  7.15730e+05  3.33992e+43  6.91914e+05  2.67731e+43  6.46632e+05  1.13770e+43  4.93264e+05  4.96821e+41  7.60502e-32
 3.03808e-01  7.15730e+05  3.29476e+43  6.91914e+05  2.57482e+43  6.25115e+05  1.10833e+43  4.93264e+05  5.03143e+41  7.60502e-32
 3.13737e-01  6.91914e+05  3.13105e+43  6.91914e+05  2.54073e+43  6.25115e+05  1.03212e+43  4.76850e+05  5.57150e+41  7.60502e-32
 3.23991e-01  6.91914e+05  2.99398e+43  6.68890e+05  2.41832e+43  6.25115e+05  9.93512e+42  4.76850e+05  4.49511e+41  7.60502e-32
 3.34580e-01  6.91914e+05  2.93598e+43  6.68890e+05  2.29995e+43  6.25115e+05  9.92358e+42  4.76850e+05  3.90098e+41  7.60502e-32
 3.45515e-01  6.68890e+05  2.83615e+43  6.68890e+05  2.24885e+43  6.04314e+05  9.29144e+42  4.76850e+05  3.78666e+41  7.60502e-32
 3.56807e-01  6.68890e+05  2.68104e+43  6.46632e+05  2.19655e+43  6.04314e+05  8.70637e+42  4.76850e+05  4.15167e+41  7.60502e-32
 3.68468e-01  6.68890e+05  2.60371e+43  6.46632e+05  2.05657e+43  6.04314e+05  8.49073e+42  4.60983e+05  3.94918e+41  7.60502e-32
 3.80511e-01  6.46632e+05  2.58581e+43  6.46632e+05  1.98286e+43  5.84205e+05  8.56738e+42  4.60983e+05  3.11753e+41  7.60502e-32
 3.92947e-01  6.46632e+05  2.40601e+43  6.46632e+05  1.97509e+43  5.84205e+05  7.74933e+42  4.60983e+05  2.76244e+41  7.60502e-32
 4.05790e-01  6.46632e+05  2.30285e+43  6.25115e+05  1.85078e+43  5.84205e+05  7.29675e+42  4.60983e+05  2.88245e+41  7.60502e-32
 4.19052e-01  6.46632e+05  2.27590e+43  6.25115e+05  1.74879e+43  5.84205e+05  7.20776e+42  4.60983e+05  3.47804e+41  7.60502e-32
 4.32748e-01  6.25115e+05  2.17595e+43  6.25115e+05  1.71178e+43  5.64766e+05  7.13703e+42  4.45643e+05  2.72683e+41  7.60502e-32
 4.46891e-01  6.25115e+05  2.04039e+43  6.04314e+05  1.69073e+43  5.64766e+05  6.41322e+42  4.45643e+05  2.06523e+41  7.60502e-32
 4.61496e-01  6.25115e+05  1.97995e+43  6.04314e+05  1.55469e+43  5.64766e+05  6.04935e+42  4.45643e+05  1.87583e+41  7.60502e-32
 4.76579e-01  6.25115e+05  1.99438e+43  6.04314e+05  1.48282e+43  5.64766e+05  6.04391e+42  4.45643e+05  2.15786e+41  7.60502e-32
 4.92155e-01  6.04314e+05  1.82563e+43  6.04314e+05  1.47484e+43  5.45973e+05  5.92780e+42  4.30814e+05  2.87624e+41  7.60502e-32
 5.08240e-01  6.04314e+05  1.72517e+43  5.84205e+05  1.41079e+43  5.45973e+05  5.25411e+42  4.30814e+05  1.83848e+41  7.60502e-32
 5.24851e-01  6.04314e+05  1.69853e+43  5.84205e+05  1.29828e+43  5.45973e+05  4.93557e+42  4.30814e+05  1.27198e+41  7.60502e-32
 5.42004e-01  5.84205e+05  1.67046e+43  5.84205e+05  1.24888e+43  5.45973e+05  4.97084e+42  4.30814e+05  1.17441e+41  7.60502e-32
 5.59718e-01  5.84205e+05  1.52324e+43  5.84205e+05  1.26240e+43  5.27805e+05  4.92604e+42  4.30814e+05  1.54536e+41  7.60502e-32
 5.78011e-01  5.84205e+05  1.44901e+43  5.64766e+05  1.17069e+43  5.27805e+05  4.25845e+42  4.16479e+05  2.26997e+41  7.60502e-32
 5.96902e-01  5.84205e+05  1.44746e+43  5.64766e+05  1.07405e+43  5.27805e+05  3.94187e+42  4.16479e+05  1.25354e+41  7.60502e-32
 6.16411e-01  5.64766e+05  1.38871e+43  5.64766e+05  1.03960e+43  5.27805e+05  3.97501e+42  4.16479e+05  7.05957e+40  7.60502e-32
 6.36557e-01  5.64766e+05  1.26009e+43  5.64766e+05  1.06719e+43  5.10242e+05  4.13503e+42  4.16479e+05  6.24958e+40  7.60502e-32
 6.57361e-01  5.64766e+05  1.20336e+43  5.45973e+05  9.65346e+42  5.10242e+05  3.42916e+42  4.16479e+05  1.01021e+41  7.60502e-32
 6.78845e-01  5.64766e+05  1.21829e+43  5.45973e+05  8.77000e+42  5.10242e+05  3.07088e+42  4.16479e+05  1.86330e+41  7.60502e-32
 7.01032e-01  5.45973e+05  1.14920e+43  5.45973e+05  8.50029e+42  5.10242e+05  3.05870e+42  4.02620e+05  9.80564e+40  7.60502e-32
 7.23943e-01  5.45973e+05  1.03038e+43  5.45973e+05  8.84321e+42  5.10242e+05  3.39258e+42  4.02620e+05  3.73436e+40  7.60502e-32
 7.47603e-01  5.45973e+05  9.82510e+42  5.27805e+05  7.92416e+42  4.93264e+05  2.78720e+42  4.02620e+05  2.31514e+40  7.60502e-32
 7.72037e-01  5.45973e+05  1.00538e+43  5.27805e+05  7.04797e+42  4.93264e+05  2.34278e+42  4.02620e+05  5.54211e+40  7.60502e-32
 7.97269e-01  5.27805e+05  9.49194e+42  5.27805e+05  6.77840e+42  4.93264e+05  2.24146e+42  4.02620e+05  1.34286e+41  7.60502e-32
 8.23326e-01  5.27805e+05  8.31413e+42  5.27805e+05  7.11434e+42  4.93264e+05  2.48281e+42  3.89223e+05  1.07281e+41  7.60502e-32
 8.50234e-01  5.27805e+05  7.83753e+42  5.10242e+05  6.52436e+42  4.76850e+05  2.37363e+42  3.89223e+05  3.24219e+40  7.60502e-32
 8.78022e-01  5.27805e+05  8.06014e+42  5.10242e+05  5.57917e+42  4.76850e+05  1.79740e+42  3.89223e+05  4.06276e+39  7.60502e-32
 9.06718e-01  5.10242e+05  7.89342e+42  5.10242e+05  5.23453e+42  4.76850e+05  1.56200e+42  3.89223e+05  2.20866e+40  7.60502e-32
 9.36352e-01  5.10242e+05  6.63756e+42  5.10242e+05  5.48900e+42  4.76850e+05  1.66646e+42  3.89223e+05  8.65679e+40  7.60502e-32
 9.66955e-01  5.10242e+05  6.07595e+42  4.93264e+05  5.49111e+42  4.76850e+05  2.11121e+42  3.76271e+05  1.63624e+41  7.60502e-32
 9.98557e-01  5.10242e+05  6.20628e+42  4.93264e+05  4.39930e+42  4.60983e+05  1.49680e+42  3.76271e+05  6.59229e+40  7.60502e-32
 1.03119e+00  4.93264e+05  6.73961e+42  4.93264e+05  3.90314e+42  4.60983e+05  1.08070e+42  3.76271e+05  1.48607e+40  7.60502e-32
 1.06489e+00  4.93264e+05  5.31566e+42  4.93264e+05  4.00059e+42  4.60983e+05  1.00248e+42  3.76271e+05  1.02262e+40  7.60502e-32
 1.09970e+00  4.93264e+05  4.58049e+42  4.93264e+05  4.69205e+42  4.60983e+05  1.26180e+42  3.76271e+05  5.20001e+40  7.60502e-32
 1.13564e+00  4.93264e+05  4.53107e+42  4.76850e+05  3.57843e+42  4.45643e+05  1.52905e+42  3.76271e+05  1.40355e+41  7.60502e-32
 1.17276e+00  4.93264e+05  5.16719e+42  4.76850e+05  2.85227e+42  4.45643e+05  8.83097e+41  3.63750e+05  1.54146e+41  7.60502e-32
 1.21108e+00  4.76850e+05  4.42995e+42  4.76850e+05  2.71537e+42  4.45643e+05  5.74196e+41  3.63750e+05  7.11817e+40  7.60502e-32
 1.25067e+00  4.76850e+05  3.43023e+42  4.76850e+05  3.16717e+42  4.45643e+05  6.01069e+41  3.63750e+05  3.48781e+40  7.60502e-32
 1.29154e+00  4.76850e+05  3.11150e+42  4.60983e+05  3.22585e+42  4.45643e+05  9.63827e+41  3.63750e+05  4.50849e+40  7.60502e-32
 1.33375e+00  4.76850e+05  3.47243e+42  4.60983e+05  2.18805e+42  4.30814e+05  1.08464e+42  3.63750e+05  1.01844e+41  7.60502e-32
 1.37734e+00  4.60983e+05  4.10758e+42  4.60983e+05  1.73676e+42  4.30814e+05  4.93757e+41  3.63750e+05  2.05391e+41  7.60502e-32
 1.42236e+00  4.60983e+05  2.74854e+42  4.60983e+05  1.87011e+42  4.30814e+05  2.38316e+41  3.51646e+05  1.96181e+41  7.60502e-32
 1.46884e+00  4.60983e+05  2.06766e+42  4.60983e+05  2.58865e+42  4.30814e+05  3.17260e+41  3.51646e+05  1.18322e+41  7.60502e-32
 1.51685e+00  4.60983e+05  2.06212e+42  4.45643e+05  2.06089e+42  4.30814e+05  7.30913e+41  3.51646e+05  8.73192e+40  7.60502e-32
 1.56642e+00  4.60983e+05  2.73191e+42  4.45643e+05  1.21103e+42  4.16479e+05  9.08554e+41  3.51646e+05  1.03044e+41  7.60502e-32
 1.61762e+00  4.45643e+05  2.71033e+42  4.45643e+05  9.43640e+41  4.16479e+05  3.16573e+41  3.51646e+05  1.65561e+41  7.60502e-32
 1.67049e+00  4.45643e+05  1.56954e+42  4.45643e+05  1.25761e+42  4.16479e+05  5.93004e+40  3.51646e+05  2.75129e+41  7.60502e-32
 1.72508e+00  4.45643e+05  1.10203e+42  4.45643e+05  2.15423e+42  4.16479e+05  1.35670e+41  3.39945e+05  2.92232e+41  7.60502e-32
 1.78146e+00  4.45643e+05  1.30587e+42  4.30814e+05  1.33544e+42  4.16479e+05  5.45999e+41  3.39945e+05  2.09195e+41  7.60502e-32
 1.83968e+00  4.45643e+05  2.18190e+42  4.30814e+05  5.79635e+41  4.02620e+05  1.02134e+42  3.39945e+05  1.73389e+41  7.60502e-32
 1.89981e+00  4.30814e+05  1.84649e+42  4.30814e+05  4.03680e+41  4.02620e+05  3.69616e+41  3.39945e+05  1.84667e+41  7.60502e-32
 1.96190e+00  4.30814e+05  8.15075e+41  4.30814e+05  8.06850e+41  4.02620e+05  5.28172e+40  3.39945e+05  2.43076e+41  7.60502e-32
 2.02602e+00  4.30814e+05  4.53824e+41  4.30814e+05  1.79081e+42  4.02620e+05  6.96343e+40  3.39945e+05  3.48856e+41  7.60502e-32
 2.09224e+00  4.30814e+05  7.61238e+41  4.16479e+05  1.02978e+42  4.02620e+05  4.20137e+41  3.28633e+05  4.53370e+41  7.60502e-32
 2.16062e+00  4.30814e+05  1.73859e+42  4.16479e+05  2.71486e+41  4.02620e+05  1.10578e+42  3.28633e+05  3.53895e+41  7.60502e-32
 2.23123e+00  4.16479e+05  1.49400e+42  4.16479e+05  9.17663e+40  3.89223e+05  7.06659e+41  3.28633e+05  3.02250e+41  7.60502e-32
 2.30415e+00  4.16479e+05  4.60064e+41  4.16479e+05  4.89880e+41  3.89223e+05  2.69189e+41  3.28633e+05  2.98223e+41  7.60502e-32
 2.37946e+00  4.16479e+05  9.48148e+40  4.16479e+05  1.46748e+42  3.89223e+05  1.66231e+41  3.28633e+05  3.41795e+41  7.60502e-32
 2.45723e+00  4.16479e+05  3.96745e+41  4.02620e+05  1.17751e+42  3.89223e+05  3.97358e+41  3.28633e+05  4.33149e+41  7.60502e-32
 2.53753e+00  4.16479e+05  1.36710e+42  4.02620e+05  3.15957e+41  3.89223e+05  9.63527e+41  3.28633e+05  5.72660e+41  7.60502e-32
 2.62047e+00  4.02620e+05  1.69285e+42  4.02620e+05  3.31658e+40  3.76271e+05  1.42511e+42  3.17698e+05  5.73408e+41  7.60502e-32
 2.70611e+00  4.02620e+05  5.39554e+41  4.02620e+05  3.27965e+41  3.76271e+05  8.00909e+41  3.17698e+05  4.93534e+41  7.60502e-32
 2.79455e+00  4.02620e+05  5.52827e+40  4.02620e+05  1.20158e+42  3.76271e+05  5.13418e+41  3.17698e+05  4.62067e+41  7.60502e-32
 2.88589e+00  4.02620e+05  2.38027e+41  3.89223e+05  1.87515e+42  3.76271e+05  5.61450e+41  3.17698e+05  4.78879e+41  7.60502e-32
 2.98021e+00  4.02620e+05  1.08854e+42  3.89223e+05  8.03393e+41  3.76271e+05  9.45202e+41  3.17698e+05  5.44039e+41  7.60502e-32
 3.07761e+00  3.89223e+05  2.55623e+42  3.89223e+05  3.12413e+41  3.76271e+05  1.66626e+42  3.17698e+05  6.57817e+41  7.60502e-32
 3.17819e+00  3.89223e+05  1.15951e+42  3.89223e+05  4.00181e+41  3.63750e+05  1.79374e+42  3.17698e+05  8.20683e+41  7.60502e-32
 3.28206e+00  3.89223e+05  4.34388e+41  3.89223e+05  1.06706e+42  3.63750e+05  1.25047e+42  3.07126e+05  7.97359e+41  7.60502e-32
 3.38933e+00  3.89223e+05  3.77846e+41  3.89223e+05  2.31581e+42  3.63750e+05  1.04577e+42  3.07126e+05  7.23444e+41  7.60502e-32
 3.50010e+00  3.89223e+05  9.89655e+41  3.76271e+05  1.89851e+42  3.63750e+05  1.17879e+42  3.07126e+05  6.98888e+41  7.60502e-32
 3.61449e+00  3.89223e+05  2.27235e+42  3.76271e+05  1.08602e+42  3.63750e+05  1.65009e+42  3.07126e+05  7.23591e+41  7.60502e-32
 3.73262e+00  3.76271e+05  2.51250e+42  3.76271e+05  8.55475e+41  3.63750e+05  2.46162e+42  3.07126e+05  7.97654e+41  7.60502e-32
 3.85462e+00  3.76271e+05  1.41502e+42  3.76271e+05  1.20593e+42  3.51646e+05  2.58385e+42  3.07126e+05  9.21385e+41  7.60502e-32
 3.98060e+00  3.76271e+05  9.90193e+41  3.76271e+05  2.13882e+42  3.51646e+05  2.04808e+42  3.07126e+05  1.09529e+42  7.60502e-32
 4.11069e+00  3.76271e+05  1.23625e+42  3.76271e+05  3.65802e+42  3.51646e+05  1.85419e+42  3.07126e+05  1.32010e+42  7.60502e-32
 4.24504e+00  3.76271e+05  2.15420e+42  3.63750e+05  2.60115e+42  3.51646e+05  2.00137e+42  3.07126e+05  1.59674e+42  7.60502e-32
 4.38378e+00  3.76271e+05  3.74786e+42  3.63750e+05  1.93024e+42  3.51646e+05  2.49023e+42  3.07126e+05  1.92635e+42  7.60502e-32
 4.52705e+00  3.63750e+05  3.28571e+42  3.63750e+05  1.84477e+42  3.51646e+05  3.32279e+42  3.07126e+05  2.31030e+42  7.60502e-32
 4.67501e+00  3.63750e+05  2.35087e+42  3.63750e+05  2.34439e+42  3.39945e+05  3.85412e+42  3.07126e+05  2.75018e+42  7.60502e-32
 4.82780e+00  3.63750e+05  2.09253e+42  3.63750e+05  3.43116e+42  3.39945e+05  3.24514e+42  3.07126e+05  3.24781e+42  7.60502e-32
 4.98558e+00  3.63750e+05  2.50965e+42  3.63750e+05  5.10959e+42  3.39945e+05  2.98298e+42  3.07126e+05  3.80524e+42  7.60502e-32
 5.14853e+00  3.63750e+05  3.60394e+42  3.51646e+05  3.97498e+42  3.39945e+05  3.06656e+42  3.07126e+05  4.42479e+42  7.60502e-32
 5.31679e+00  3.63750e+05  5.37993e+42  3.51646e+05  3.31969e+42  3.39945e+05  3.49624e+42  3.07126e+05  5.10901e+42  7.60502e-32
 5.49056e+00  3.51646e+05  4.86877e+42  3.51646e+05  3.25559e+42  3.39945e+05  4.27378e+42  3.07126e+05  5.86074e+42  7.60502e-32
 5.67001e+00  3.51646e+05  3.95040e+42  3.51646e+05  3.78242e+42  3.39945e+05  5.40240e+42  3.07126e+05  6.68310e+42  7.60502e-32
 5.85532e+00  3.51646e+05  3.71517e+42  3.51646e+05  4.90236e+42  3.28633e+05  4.97177e+42  3.07126e+05  7.57948e+42  7.60502e-32
 6.04668e+00  3.51646e+05  4.16210e+42  3.51646e+05  6.62003e+42  3.28633e+05  4.55193e+42  3.07126e+05  8.55359e+42  7.60502e-32
 6.24430e+00  3.51646e+05  5.29305e+42  3.39945e+05  6.11579e+42  3.28633e+05  4.48432e+42  3.07126e+05  9.60946e+42  7.60502e-32
 6.44838e+00  3.51646e+05  7.11268e+42  3.39945e+05  5.33768e+42  3.28633e+05  4.76867e+42  3.07126e+05  1.07515e+43  7.60502e-32
 6.65913e+00  3.39945e+05  7.37574e+42  3.39945e+05  5.15912e+42  3.28633e+05  5.40615e+42  3.07126e+05  1.19843e+43  7.60502e-32
 6.87677e+00  3.39945e+05  6.31320e+42  3.39945e+05  5.57936e+42  3.28633e+05  6.39940e+42  3.07126e+05  1.33132e+43  7.60502e-32
 7.10152e+00  3.39945e+05  5.94357e+42  3.39945e+05  6.60014e+42  3.17698e+05  7.47093e+42  3.07126e+05  1.47435e+43  7.60502e-32
 7.33362e+00  3.39945e+05  6.26532e+42  3.39945e+05  8.22570e+42  3.17698e+05  6.78850e+42  3.07126e+05  1.62812e+43  7.60502e-32
 7.57330e+00  3.39945e+05  7.27979e+42  3.28633e+05  9.25903e+42  3.17698e+05  6.46757e+42  3.07126e+05  1.79326e+43  7.60502e-32
 7.82082e+00  3.39945e+05  8.99118e+42  3.28633e+05  8.20126e+42  3.17698e+05  6.50679e+42  3.07126e+05  1.97046e+43  7.60502e-32
 8.07642e+00  3.28633e+05  1.10837e+43  3.28633e+05  7.75489e+42  3.17698e+05  6.90635e+42  3.07126e+05  2.16045e+43  7.60502e-32
 8.34038e+00  3.28633e+05  9.69482e+42  3.28633e+05  7.91806e+42  3.17698e+05  7.66788e+42  3.07126e+05  2.36402e+43  7.60502e-32
 8.61296e+00  3.28633e+05  9.01283e+42  3.28633e+05  8.69146e+42  3.17698e+05  8.79454e+42  3.07126e+05  2.58201e+43  7.60502e-32
 8.89446e+00  3.28633e+05  9.03493e+42  3.28633e+05  1.00783e+43  3.17698e+05  1.02910e+43  3.07126e+05  2.81532e+43  7.60502e-32
 9.18515e+00  3.28633e+05  9.76120e+42  3.28633e+05  1.20843e+43  3.07126e+05  1.04161e+43  3.07126e+05  3.06492e+43  7.60502e-32
 9.48535e+00  3.28633e+05  1.11947e+43  3.17698e+05  1.23187e+43  3.07126e+05  1.00252e+43  3.07126e+05  3.33184e+43  7.60502e-32
 9.79535e+00  3.28633e+05  1.33412e+43  3.17698e+05  1.14251e+43  3.07126e+05  1.00091e+43  3.07126e+05  3.61718e+43  7.60502e-32
 1.01155e+01  3.17698e+05  1.45741e+43  3.17698e+05  1.11563e+43  3.07126e+05  1.03678e+43  3.07126e+05  3.92213e+43  7.60502e-32
 1.04461e+01  3.17698e+05  1.33712e+43  3.17698e+05  1.15110e+43  3.07126e+05  1.11028e+43  3.07126e+05  4.24795e+43  7.60502e-32
 1.07875e+01  3.17698e+05  1.28905e+43  3.17698e+05  1.24909e+43  3.07126e+05  1.22172e+43  3.07126e+05  4.59599e+43  7.60502e-32
 1.11401e+01  3.17698e+05  1.31299e+43  3.17698e+05  1.40999e+43  3.07126e+05  1.37155e+43  3.07126e+05  4.96768e+43  7.60502e-32
 1.15041e+01  3.17698e+05  1.40905e+43  3.17698e+05  1.63448e+43  3.07126e+05  1.56040e+43  3.07126e+05  5.36457e+43  7.60502e-32
 1.18801e+01  3.17698e+05  1.57761e+43  3.07126e+05  1.86783e+43  3.07126e+05  1.78905e+43  3.07126e+05  5.78829e+43  7.60502e-32
 1.22684e+01  3.17698e+05  1.81939e+43  3.07126e+05  1.76494e+43  3.07126e+05  2.05844e+43  3.07126e+05  6.24061e+43  7.60502e-32
 1.26694e+01  3.17698e+05  2.13537e+43  3.07126e+05  1.72711e+43  3.07126e+05  2.36969e+43  3.07126e+05  6.72339e+43  7.60502e-32
 1.30834e+01  3.07126e+05  2.05927e+43  3.07126e+05  1.75416e+43  3.07126e+05  2.72408e+43  3.07126e+05  7.23863e+43  7.60502e-32
 1.35110e+01  3.07126e+05  1.99785e+43  3.07126e+05  1.84622e+43  3.07126e+05  3.12309e+43  3.07126e+05  7.78847e+43  7.60502e-32
 1.39526e+01  3.07126e+05  2.01138e+43  3.07126e+05  2.00366e+43  3.07126e+05  3.56836e+43  3.07126e+05  8.37517e+43  7.60502e-32
 1.44086e+01  3.07126e+05  2.09991e+43  3.07126e+05  2.22715e+43  3.07126e+05  4.06174e+43  3.07126e+05  9.00117e+43  7.60502e-32
 1.48795e+01  3.07126e+05  2.26381e+43  3.07126e+05  2.51759e+43  3.07126e+05  4.60527e+43  3.07126e+05  9.66906e+43  7.60502e-32
 1.53658e+01  3.07126e+05  2.50376e+43  3.07126e+05  2.87620e+43  3.07126e+05  5.20120e+43  3.07126e+05  1.03816e+44  7.60502e-32
 1.58680e+01  3.07126e+05  2.82075e+43  3.07126e+05  3.30446e+43  3.07126e+05  5.85200e+43  3.07126e+05  1.11417e+44  7.60502e-32
 1.63866e+01  3.07126e+05  3.21609e+43  3.07126e+05  3.80414e+43  3.07126e+05  6.56035e+43  3.07126e+05  1.19526e+44  7.60502e-32
 1.69222e+01  3.07126e+05  3.69142e+43  3.07126e+05  4.37730e+43  3.07126e+05  7.32919e+43  3.07126e+05  1.28176e+44  7.60502e-32
 1.74753e+01  3.07126e+05  4.24870e+43  3.07126e+05  5.02633e+43  3.07126e+05  8.16170e+43  3.07126e+05  1.37403e+44  7.60502e-32
 1.80464e+01  3.07126e+05  4.89025e+43  3.07126e+05  5.75391e+43  3.07126e+05  9.06133e+43  3.07126e+05  1.47244e+44  7.60502e-32
 1.86362e+01  3.07126e+05  5.61871e+43  3.07126e+05  6.56304e+43  3.07126e+05  1.00318e+44  3.07126e+05  1.57742e+44  7.60502e-32
 1.92453e+01  3.07126e+05  6.43711e+43  3.07126e+05  7.45708e+43  3.07126e+05  1.10771e+44  3.07126e+05  1.68939e+44  7.60502e-32
 1.98743e+01  3.07126e+05  7.34882e+43  3.07126e+05  8.43972e+43  3.07126e+05  1.22016e+44  3.07126e+05  1.80881e+44  7.60502e-32
 2.05238e+01  3.07126e+05  8.35763e+43  3.07126e+05  9.51504e+43  3.07126e+05  1.34100e+44  3.07126e+05  1.93618e+44  7.60502e-32
 2.11946e+01  3.07126e+05  9.46770e+43  3.07126e+05  1.06875e+44  3.07126e+05  1.47071e+44  3.07126e+05  2.07202e+44  7.60502e-32
 2.18873e+01  3.07126e+05  1.06836e+44  3.07126e+05  1.19619e+44  3.07126e+05  1.60985e+44  3.07126e+05  2.21691e+44  7.60502e-32
 2.26026e+01  3.07126e+05  1.20105e+44  3.07126e+05  1.33436e+44  3.07126e+05  1.75899e+44  2.96907e+05  2.32707e+44  7.60502e-32
 2.33413e+01  3.07126e+05  1.34537e+44  3.07126e+05  1.48382e+44  3.07126e+05  1.91873e+44  2.96907e+05  2.38234e+44  7.60502e-32
 2.41042e+01  3.07126e+05  1.50192e+44  3.07126e+05  1.64520e+44  3.07126e+05  2.08976e+44  2.96907e+05  2.44795e+44  7.60502e-32
 2.48920e+01  3.07126e+05  1.67136e+44  3.07126e+05  1.81916e+44  3.07126e+05  2.27276e+44  2.96907e+05  2.52414e+44  7.60502e-32
 2.57055e+01  3.07126e+05  1.85439e+44  3.07126e+05  2.00642e+44  3.07126e+05  2.46851e+44  2.96907e+05  2.61125e+44  7.60502e-32
 2.65456e+01  3.07126e+05  2.05175e+44  3.07126e+05  2.20777e+44  3.07126e+05  2.67780e+44  2.96907e+05  2.70962e+44  7.60502e-32
 2.74132e+01  3.07126e+05  2.26428e+44  3.07126e+05  2.42402e+44  3.07126e+05  2.90151e+44  2.96907e+05  2.81967e+44  7.60502e-32
 2.83091e+01  3.07126e+05  2.49284e+44  3.07126e+05  2.65608e+44  3.07126e+05  3.14056e+44  2.96907e+05  2.94186e+44  7.60502e-32
 2.92343e+01  3.07126e+05  2.73839e+44  3.07126e+05  2.90491e+44  3.07126e+05  3.39595e+44  2.96907e+05  3.07668e+44  7.60502e-32
 3.01898e+01  3.07126e+05  3.00194e+44  3.07126e+05  3.17153e+44  3.07126e+05  3.66872e+44  2.96907e+05  3.22470e+44  7.60502e-32
 3.11765e+01  3.07126e+05  3.28458e+44  3.07126e+05  3.45705e+44  3.07126e+05  3.96001e+44  2.96907e+05  3.38653e+44  7.60502e-32
 3.21954e+01  3.07126e+05  3.58748e+44  3.07126e+05  3.76266e+44  3.07126e+05  4.27102e+44  2.96907e+05  3.56284e+44  7.60502e-32
 3.32476e+01  3.07126e+05  3.91190e+44  3.07126e+05  4.08961e+44  3.07126e+05  4.60304e+44  2.96907e+05  3.75436e+44  7.60502e-32
 3.43343e+01  3.07126e+05  4.25917e+44  3.07126e+05  4.43926e+44  3.07126e+05  4.95744e+44  2.96907e+05  3.96187e+44  7.60502e-32
 3.54564e+01  3.07126e+05  4.63074e+44  3.07126e+05  4.81306e+44  3.07126e+05  5.33569e+44  2.96907e+05  4.18625e+44  7.60502e-32
 3.66152e+01  3.07126e+05  5.02814e+44  3.07126e+05  5.21254e+44  3.07126e+05  5.73936e+44  2.96907e+05  4.42842e+44  7.60502e-32
 3.78119e+01  3.07126e+05  5.45302e+44  3.07126e+05  5.63938e+44  3.07126e+05  6.17012e+44  2.96907e+05  4.68937e+44  7.60502e-32
 3.90477e+01  3.07126e+05  5.90713e+44  3.07126e+05  6.09533e+44  3.07126e+05  6.62974e+44  2.96907e+05  4.97020e+44  7.60502e-32
 4.03238e+01  3.07126e+05  6.39235e+44  3.07126e+05  6.58228e+44  3.07126e+05  7.12013e+44  2.96907e+05  5.27206e+44  7.60502e-32
 4.16417e+01  3.07126e+05  6.91070e+44  3.07126e+05  7.10224e+44  3.07126e+05  7.64333e+44  2.96907e+05  5.59620e+44  7.60502e-32
 4.30027e+01  3.07126e+05  7.46432e+44  3.07126e+05  7.65737e+44  3.07126e+05  8.20149e+44  2.96907e+05  5.94396e+44  7.60502e-32
 4.44081e+01  3.07126e+05  8.05549e+44  3.07126e+05  8.24997e+44  3.07126e+05  8.79692e+44  2.96907e+05  6.31679e+44  7.60502e-32
 4.58595e+01  3.07126e+05  8.68667e+44  3.07126e+05  8.88248e+44  3.07126e+05  9.43210e+44  2.96907e+05  6.71622e+44  7.60502e-32
 4.73583e+01  3.07126e+05  9.36047e+44  3.07126e+05  9.55752e+44  3.07126e+05  1.01096e+45  2.96907e+05  7.14391e+44  7.60502e-32
 4.89061e+01  3.07126e+05  1.00797e+45  3.07126e+05  1.02779e+45  3.07126e+05  1.08324e+45  2.96907e+05  7.60163e+44  7.60502e-32
 5.05045e+01  3.07126e+05  1.08473e+45  3.07126e+05  1.10466e+45  3.07126e+05  1.16032e+45  2.96907e+05  8.09127e+44  7.60502e-32
 5.21551e+01  3.07126e+05  1.16664e+45  3.07126e+05  1.18668e+45  3.07126e+05  1.24255e+45  2.96907e+05  8.61486e+44  7.60502e-32
 5.38597e+01  3.07126e+05  1.25405e+45  3.07126e+05  1.27418e+45  3.07126e+05  1.33025e+45  2.96907e+05  9.17457e+44  7.60502e-32
 5.56199e+01  3.07126e+05  1.34731e+45  3.07126e+05  1.36754e+45  3.07126e+05  1.42378e+45  2.96907e+05  9.77270e+44  7.60502e-32
 5.74378e+01  3.07126e+05  1.44682e+45  3.07126e+05  1.46713e+45  3.07126e+05  1.52355e+45  2.96907e+05  1.04117e+45  7.60502e-32
 5.93150e+01  3.07126e+05  1.55299e+45  3.07126e+05  1.57337e+45  3.07126e+05  1.62995e+45  2.96907e+05  1.10943e+45  7.60502e-32
 6.12535e+01  3.07126e+05  1.66624e+45  3.07126e+05  1.68670e+45  3.07126e+05  1.74343e+45  2.96907e+05  1.18233e+45  7.60502e-32
 6.32555e+01  3.07126e+05  1.78706e+45  3.07126e+05  1.80759e+45  3.07126e+05  1.86446e+45  2.96907e+05  1.26017e+45  7.60502e-32
 6.53228e+01  3.07126e+05  1.91594e+45  3.07126e+05  1.93654e+45  3.07126e+05  1.99354e+45  2.96907e+05  1.34327e+45  7.60502e-32
 6.74577e+01  3.07126e+05  2.05342e+45  3.07126e+05  2.07408e+45  3.07126e+05  2.13120e+45  2.96907e+05  1.43197e+45  7.60502e-32
 6.96624e+01  3.07126e+05  2.20006e+45  3.07126e+05  2.22078e+45  3.07126e+05  2.27801e+45  2.96907e+05  1.52665e+45  7.60502e-32
 7.19392e+01  3.07126e+05  2.35648e+45  3.07126e+05  2.37725e+45  3.07126e+05  2.43459e+45  2.96907e+05  1.62769e+45  7.60502e-32
 7.42903e+01  3.07126e+05  2.52331e+45  3.07126e+05  2.54413e+45  3.07126e+05  2.60158e+45  2.96907e+05  1.73551e+45  7.60502e-32
 7.67183e+01  3.07126e+05  2.70125e+45  3.07126e+05  2.72212e+45  3.07126e+05  2.77966e+45  2.96907e+05  1.85056e+45  7.60502e-32
 7.92257e+01  3.07126e+05  2.89104e+45  3.07126e+05  2.91195e+45  3.07126e+05  2.96958e+45  2.96907e+05  1.97332e+45  7.60502e-32
 8.18150e+01  3.07126e+05  3.09346e+45  3.07126e+05  3.11441e+45  3.07126e+05  3.17213e+45  2.96907e+05  2.10429e+45  7.60502e-32
 8.44889e+01  3.07126e+05  3.30935e+45  3.07126e+05  3.33034e+45  3.07126e+05  3.38813e+45  2.96907e+05  2.24402e+45  7.60502e-32
 8.72502e+01  3.07126e+05  3.53960e+45  3.07126e+05  3.56063e+45  3.07126e+05  3.61849e+45  2.96907e+05  2.39307e+45  7.60502e-32
 9.01018e+01  3.07126e+05  3.78516e+45  3.07126e+05  3.80623e+45  3.07126e+05  3.86416e+45  2.96907e+05  2.55208e+45  7.60502e-32
 9.30466e+01  3.07126e+05  4.04706e+45  3.07126e+05  4.06816e+45  3.07126e+05  4.12616e+45  2.96907e+05  2.72170e+45  7.60502e-32
 9.60876e+01  3.07126e+05  4.32637e+45  3.07126e+05  4.34750e+45  3.07126e+05  4.40556e+45  2.96907e+05  2.90262e+45  7.60502e-32
 9.92280e+01  3.07126e+05  4.62426e+45  3.07126e+05  4.64541e+45  3.07126e+05  4.70353e+45  2.96907e+05  3.09561e+45  7.60502e-32
 1.02471e+02  3.07126e+05  4.94194e+45  3.07126e+05  4.96313e+45  3.07126e+05  5.02130e+45  2.96907e+05  3.30145e+45  7.60502e-32
 1.05820e+02  3.07126e+05  5.28075e+45  3.07126e+05  5.30196e+45  2.96907e+05  5.33852e+45  2.96907e+05  3.52100e+45  7.60502e-32
 1.09278e+02  3.07126e+05  5.64208e+45  3.07126e+05  5.66331e+45  2.96907e+05  5.45515e+45  2.96907e+05  3.75517e+45  7.60502e-32
 1.12850e+02  3.07126e+05  6.02742e+45  3.07126e+05  6.04868e+45  2.96907e+05  5.59468e+45  2.96907e+05  4.00492e+45  7.60502e-32
 1.16538e+02  3.07126e+05  6.43838e+45  3.07126e+05  6.45965e+45  2.96907e+05  5.75770e+45  2.96907e+05  4.27130e+45  7.60502e-32
 1.20347e+02  3.07126e+05  6.87664e+45  3.07126e+05  6.89794e+45  2.96907e+05  5.94489e+45  2.96907e+05  4.55540e+45  7.60502e-32
 1.24280e+02  3.07126e+05  7.34404e+45  3.07126e+05  7.36535e+45  2.96907e+05  6.15701e+45  2.96907e+05  4.85840e+45  7.60502e-32
 1.28342e+02  3.07126e+05  7.84249e+45  3.07126e+05  7.86382e+45  2.96907e+05  6.39494e+45  2.96907e+05  5.18155e+45  7.60502e-32
 1.32537e+02  3.07126e+05  8.37406e+45  3.07126e+05  8.39541e+45  2.96907e+05  6.65967e+45  2.96907e+05  5.52619e+45  7.60502e-32
 1.36868e+02  3.07126e+05  8.94096e+45  3.07126e+05  8.96232e+45  2.96907e+05  6.95230e+45  2.96907e+05  5.89375e+45  7.60502e-32
 1.41341e+02  3.07126e+05  9.54553e+45  2.96907e+05  9.33459e+45  2.96907e+05  7.27403e+45  2.96907e+05  6.28574e+45  7.60502e-32
 1.45961e+02  3.07126e+05  1.01903e+46  2.96907e+05  9.55472e+45  2.96907e+05  7.62620e+45  2.96907e+05  6.70380e+45  7.60502e-32
 1.50731e+02  2.96907e+05  1.07252e+46  2.96907e+05  9.81497e+45  2.96907e+05  8.01026e+45  2.96907e+05  7.14964e+45  7.60502e-32
 1.55658e+02  2.96907e+05  1.09686e+46  2.96907e+05  1.01164e+46  2.96907e+05  8.42781e+45  2.96907e+05  7.62512e+45  7.60502e-32
 1.60745e+02  2.96907e+05  1.12581e+46  2.96907e+05  1.04603e+46  2.96907e+05  8.88057e+45  2.96907e+05  8.13220e+45  7.60502e-32
 1.65998e+02  2.96907e+05  1.15948e+46  2.96907e+05  1.08481e+46  2.96907e+05  9.37041e+45  2.96907e+05  8.67298e+45  7.60502e-32
 1.71424e+02  2.96907e+05  1.19802e+46  2.96907e+05  1.12813e+46  2.96907e+05  9.89936e+45  2.96907e+05  9.24971e+45  7.60502e-32
 1.77026e+02  2.96907e+05  1.24158e+46  2.96907e+05  1.17618e+46  2.96907e+05  1.04696e+46  2.96907e+05  9.86475e+45  7.60502e-32
 1.82812e+02  2.96907e+05  1.29035e+46  2.96907e+05  1.22915e+46  2.96907e+05  1.10835e+46  2.96907e+05  1.05207e+46  7.60502e-32
 1.88787e+02  2.96907e+05  1.34452e+46  2.96907e+05  1.28727e+46  2.96907e+05  1.17437e+46  2.96907e+05  1.12202e+46  7.60502e-32
 1.94957e+02  2.96907e+05  1.40432e+46  2.96907e+05  1.35078e+46  2.96907e+05  1.24527e+46  2.96907e+05  1.19662e+46  7.60502e-32
 2.01328e+02  2.96907e+05  1.47000e+46  2.96907e+05  1.41993e+46  2.96907e+05  1.32136e+46  2.96907e+05  1.27617e+46  7.60502e-32
 2.07908e+02  2.96907e+05  1.54184e+46  2.96907e+05  1.49502e+46  2.96907e+05  1.40296e+46  2.96907e+05  1.36101e+46  7.60502e-32
 2.14703e+02  2.96907e+05  1.62012e+46  2.96907e+05  1.57635e+46  2.96907e+05  1.49039e+46  2.96907e+05  1.45149e+46  7.60502e-32
 2.21720e+02  2.96907e+05  1.70517e+46  2.96907e+05  1.66426e+46  2.96907e+05  1.58403e+46  2.96907e+05  1.54798e+46  7.60502e-32
 2.28967e+02  2.96907e+05  1.79734e+46  2.96907e+05  1.75912e+46  2.96907e+05  1.68425e+46  2.96907e+05  1.65088e+46  7.60502e-32
 2.36450e+02  2.96907e+05  1.89702e+46  2.96907e+05  1.86131e+46  2.96907e+05  1.79148e+46  2.96907e+05  1.76062e+46  7.60502e-32
 2.44178e+02  2.96907e+05  2.00462e+46  2.96907e+05  1.97127e+46  2.96907e+05  1.90615e+46  2.96907e+05  1.87765e+46  7.60502e-32
 2.52158e+02  2.96907e+05  2.12058e+46  2.96907e+05  2.08944e+46  2.96907e+05  2.02875e+46  2.96907e+05  2.00245e+46  7.60502e-32
 2.60399e+02  2.96907e+05  2.24538e+46  2.96907e+05  2.21632e+46  2.96907e+05  2.15977e+46  2.96907e+05  2.13555e+46  7.60502e-32
 2.68910e+02  2.96907e+05  2.37955e+46  2.96907e+05  2.35243e+46  2.96907e+05  2.29977e+46  2.96907e+05  2.27749e+46  7.60502e-32
 2.77699e+02  2.96907e+05  2.52362e+46  2.96907e+05  2.49833e+46  2.96907e+05  2.44932e+46  2.96907e+05  2.42885e+46  7.60502e-32
 2.86774e+02  2.96907e+05  2.67821e+46  2.96907e+05  2.65462e+46  2.96907e+05  2.60903e+46  2.96907e+05  2.59028e+46  7.60502e-32
 2.96147e+02  2.96907e+05  2.84395e+46  2.96907e+05  2.82197e+46  2.96907e+05  2.77958e+46  2.96907e+05  2.76243e+46  7.60502e-32
 3.05826e+02  2.96907e+05  3.02152e+46  2.96907e+05  3.00104e+46  2.96907e+05  2.96167e+46  2.96907e+05  2.94601e+46  7.60502e-32
 3.15821e+02  2.96907e+05  3.21166e+46  2.96907e+05  3.19260e+46  2.96907e+05  3.15604e+46  2.96907e+05  3.14179e+46  7.60502e-32
 3.26143e+02  2.96907e+05  3.41517e+46  2.96907e+05  3.39742e+46  2.96907e+05  3.36351e+46  2.96907e+05  3.35058e+46  7.60502e-32
 3.36802e+02  2.96907e+05  3.63287e+46  2.96907e+05  3.61636e+46  2.96907e+05  3.58493e+46  2.96907e+05  3.57324e+46  7.60502e-32
 3.47810e+02  2.96907e+05  3.86567e+46  2.96907e+05  3.85033e+46  2.96907e+05  3.82123e+46  2.96907e+05  3.81070e+46  7.60502e-32
 3.59177e+02  2.96907e+05  4.11454e+46  2.96907e+05  4.10029e+46  2.96907e+05  4.07336e+46  2.96907e+05  4.06392e+46  7.60502e-32
 3.70916e+02  2.96907e+05  4.38050e+46  2.96907e+05  4.36727e+46  2.96907e+05  4.34239e+46  2.96907e+05  4.33397e+46  7.60502e-32
 3.83038e+02  2.96907e+05  4.66466e+46  2.96907e+05  4.65239e+46  2.96907e+05  4.62943e+46  2.96907e+05  4.62196e+46  7.60502e-32
 3.95557e+02  2.96907e+05  4.96819e+46  2.96907e+05  4.95682e+46  2.96907e+05  4.93566e+46  2.96907e+05  4.92909e+46  7.60502e-32
 4.08485e+02  2.96907e+05  5.29235e+46  2.96907e+05  5.28182e+46  2.96907e+05  5.26234e+46  2.96907e+05  5.25661e+46  7.60502e-32
 4.21835e+02  2.96907e+05  5.63847e+46  2.96907e+05  5.62874e+46  2.96907e+05  5.61084e+46  2.96907e+05  5.60590e+46  7.60502e-32
 4.35622e+02  2.96907e+05  6.00800e+46  2.96907e+05  5.99900e+46  2.96907e+05  5.98259e+46  2.96907e+05  5.97839e+46  7.60502e-32
 4.49859e+02  2.96907e+05  6.40246e+46  2.96907e+05  6.39416e+46  2.96907e+05  6.37913e+46  2.96907e+05  6.37563e+46  7.60502e-32
 4.64562e+02  2.96907e+05  6.82348e+46  2.96907e+05  6.81583e+46  2.96907e+05  6.80211e+46  2.96907e+05  6.79925e+46  7.60502e-32
 4.79745e+02  2.96907e+05  7.27281e+46  2.96907e+05  7.26577e+46  2.96907e+05  7.25326e+46  2.96907e+05  7.25102e+46  7.60502e-32
 4.95424e+02  2.96907e+05  7.75230e+46  2.96907e+05  7.74583e+46  2.96907e+05  7.73447e+46  2.96907e+05  7.73280e+46  7.60502e-32
 5.11616e+02  2.96907e+05  8.26394e+46  2.96907e+05  8.25801e+46  2.96907e+05  8.24773e+46  2.96907e+05  8.24659e+46  7.60502e-32
 5.28337e+02  2.96907e+05  8.80984e+46  2.96907e+05  8.80442e+46  2.96907e+05  8.79514e+46  2.96907e+05  8.79451e+46  7.60502e-32
 5.45604e+02  2.96907e+05  9.39227e+46  2.96907e+05  9.38732e+46  2.96907e+05  9.37899e+46  2.96907e+05  9.37883e+46  7.60502e-32
 5.63436e+02  2.96907e+05  1.00136e+47  2.96907e+05  1.00091e+47  2.96907e+05  1.00017e+47  2.96907e+05  1.00020e+47  7.60502e-32
 5.81850e+02  2.96907e+05  1.06765e+47  2.96907e+05  1.06724e+47  2.96907e+05  1.06658e+47  2.96907e+05  1.06665e+47  7.60502e-32
 6.00867e+02  2.96907e+05  1.13836e+47  2.96907e+05  1.13799e+47  2.96907e+05  1.13741e+47  2.96907e+05  1.13752e+47  7.60502e-32
 6.20505e+02  2.96907e+05  1.21380e+47  2.96907e+05  1.21346e+47  2.96907e+05  1.21295e+47  2.96907e+05  1.21310e+47  7.60502e-32
 6.40784e+02  2.96907e+05  1.29426e+47  2.96907e+05  1.29396e+47  2.96907e+05  1.29351e+47  2.96907e+05  1.29369e+47  7.60502e-32
 6.61727e+02  2.96907e+05  1.38008e+47  2.96907e+05  1.37981e+47  2.96907e+05  1.37943e+47  2.87027e+05  1.32869e+47  7.60502e-32
 6.83354e+02  2.96907e+05  1.47162e+47  2.96907e+05  1.47138e+47  2.96907e+05  1.47107e+47  2.87027e+05  1.35959e+47  7.60502e-32
 7.05688e+02  2.96907e+05  1.56926e+47  2.96907e+05  1.56905e+47  2.96907e+05  1.56879e+47  2.87027e+05  1.39612e+47  7.60502e-32
 7.28751e+02  2.96907e+05  1.67340e+47  2.96907e+05  1.67321e+47  2.96907e+05  1.67301e+47  2.87027e+05  1.43843e+47  7.60502e-32
 7.52569e+02  2.96907e+05  1.78447e+47  2.96907e+05  1.78431e+47  2.96907e+05  1.78415e+47  2.87027e+05  1.48669e+47  7.60502e-32
 7.77165e+02  2.96907e+05  1.90293e+47  2.96907e+05  1.90280e+47  2.96907e+05  1.90269e+47  2.87027e+05  1.54110e+47  7.60502e-32
 8.02565e+02  2.96907e+05  2.02928e+47  2.96907e+05  2.02916e+47  2.96907e+05  2.02910e+47  2.87027e+05  1.60189e+47  7.60502e-32
 8.28794e+02  2.96907e+05  2.16403e+47  2.96907e+05  2.16393e+47  2.96907e+05  2.16391e+47  2.87027e+05  1.66932e+47  7.60502e-32
 8.55882e+02  2.96907e+05  2.30774e+47  2.96907e+05  2.30766e+47  2.96907e+05  2.30768e+47  2.87027e+05  1.74365e+47  7.60502e-32
 8.83854e+02  2.96907e+05  2.46101e+47  2.96907e+05  2.46095e+47  2.96907e+05  2.46100e+47  2.87027e+05  1.82520e+47  7.60502e-32
 9.12741e+02  2.96907e+05  2.62447e+47  2.96907e+05  2.62443e+47  2.96907e+05  2.62451e+47  2.87027e+05  1.91430e+47  7.60502e-32
 9.42571e+02  2.96907e+05  2.79880e+47  2.96907e+05  2.79877e+47  2.96907e+05  2.79889e+47  2.87027e+05  2.01132e+47  7.60502e-32
 9.73377e+02  2.96907e+05  2.98471e+47  2.96907e+05  2.98471e+47  2.96907e+05  2.98485e+47  2.87027e+05  2.11667e+47  7.60502e-32
 1.00519e+03  2.96907e+05  3.18299e+47  2.96907e+05  3.18300e+47  2.96907e+05  3.18317e+47  2.87027e+05  2.23078e+47  7.60502e-32
 1.03804e+03  2.96907e+05  3.39445e+47  2.96907e+05  3.39446e+47  2.96907e+05  3.39466e+47  2.87027e+05  2.35412e+47  7.60502e-32
 1.07197e+03  2.96907e+05  3.61996e+47  2.96907e+05  3.61999e+47  2.96907e+05  3.62021e+47  2.87027e+05  2.48720e+47  7.60502e-32
 1.10700e+03  2.96907e+05  3.86045e+47  2.96907e+05  3.86050e+47  2.96907e+05  3.86074e+47  2.87027e+05  2.63058e+47  7.60502e-32
 1.14318e+03  2.96907e+05  4.11693e+47  2.96907e+05  4.11699e+47  2.96907e+05  4.11725e+47  2.87027e+05  2.78485e+47  7.60502e-32
 1.18054e+03  2.96907e+05  4.39046e+47  2.96907e+05  4.39052e+47  2.96907e+05  4.39081e+47  2.87027e+05  2.95064e+47  7.60502e-32
 1.21913e+03  2.96907e+05  4.68216e+47  2.96907e+05  4.68224e+47  2.96907e+05  4.68254e+47  2.87027e+05  3.12864e+47  7.60502e-32
 1.25897e+03  2.96907e+05  4.99325e+47  2.96907e+05  4.99333e+47  2.96907e+05  4.99365e+47  2.87027e+05  3.31959e+47  7.60502e-32
 1.30012e+03  2.96907e+05  5.32500e+47  2.96907e+05  5.32509e+47  2.96907e+05  5.32543e+47  2.87027e+05  3.52428e+47  7.60502e-32
 1.34261e+03  2.96907e+05  5.67880e+47  2.96907e+05  5.67890e+47  2.96907e+05  5.67926e+47  2.87027e+05  3.74355e+47  7.60502e-32
 1.38649e+03  2.96907e+05  6.05611e+47  2.96907e+05  6.05622e+47  2.96907e+05  6.05659e+47  2.87027e+05  3.97832e+47  7.60502e-32
 1.43180e+03  2.96907e+05  6.45849e+47  2.96907e+05  6.45860e+47  2.96907e+05  6.45899e+47  2.87027e+05  4.22955e+47  7.60502e-32
 1.47860e+03  2.96907e+05  6.88760e+47  2.96907e+05  6.88772e+47  2.96907e+05  6.88812e+47  2.87027e+05  4.49828e+47  7.60502e-32
 1.52692e+03  2.96907e+05  7.34523e+47  2.96907e+05  7.34535e+47  2.96907e+05  7.34576e+47  2.87027e+05  4.78564e+47  7.60502e-32
 1.57683e+03  2.96907e+05  7.83326e+47  2.96907e+05  7.83339e+47  2.96907e+05  7.83381e+47  2.87027e+05  5.09279e+47  7.60502e-32
 1.62836e+03  2.96907e+05  8.35371e+47  2.96907e+05  8.35385e+47  2.96907e+05  8.35428e+47  2.87027e+05  5.42103e+47  7.60502e-32
 1.68158e+03  2.96907e+05  8.90874e+47  2.96907e+05  8.90888e+47  2.96907e+05  8.90932e+47  2.87027e+05  5.77170e+47  7.60502e-32
 1.73654e+03  2.96907e+05  9.50065e+47  2.96907e+05  9.50079e+47  2.96907e+05  9.50124e+47  2.87027e+05  6.14625e+47  7.60502e-32
 1.79329e+03  2.96907e+05  1.01319e+48  2.96907e+05  1.01320e+48  2.96907e+05  1.01325e+48  2.87027e+05  6.54625e+47  7.60502e-32
 1.85190e+03  2.96907e+05  1.08050e+48  2.96907e+05  1.08052e+48  2.96907e+05  1.08057e+48  2.87027e+05  6.97333e+47  7.60502e-32
 1.91243e+03  2.96907e+05  1.15229e+48  2.96907e+05  1.15231e+48  2.96907e+05  1.15236e+48  2.87027e+05  7.42927e+47  7.60502e-32
 1.97493e+03  2.96907e+05  1.22885e+48  2.96907e+05  1.22887e+48  2.96907e+05  1.22892e+48  2.87027e+05  7.91596e+47  7.60502e-32
 2.03948e+03  2.96907e+05  1.31050e+48  2.96907e+05  1.31051e+48  2.96907e+05  1.31056e+48  2.87027e+05  8.43541e+47  7.60502e-32
 2.10613e+03  2.96907e+05  1.39757e+48  2.96907e+05  1.39758e+48  2.96907e+05  1.39763e+48  2.87027e+05  8.98977e+47  7.60502e-32
 2.17497e+03  2.96907e+05  1.49042e+48  2.96907e+05  1.49044e+48  2.96907e+05  1.49049e+48  2.87027e+05  9.58134e+47  7.60502e-32
 2.24605e+03  2.96907e+05  1.58944e+48  2.96907e+05  1.58946e+48  2.96907e+05  1.58951e+48  2.87027e+05  1.02126e+48  7.60502e-32
 2.31946e+03  2.96907e+05  1.69504e+48  2.96907e+05  1.69506e+48  2.96907e+05  1.69511e+48  2.87027e+05  1.08860e+48  7.60502e-32
 2.39526e+03  2.96907e+05  1.80766e+48  2.96907e+05  1.80767e+48  2.96907e+05  1.80773e+48  2.87027e+05  1.16046e+48  7.60502e-32
 2.47355e+03  2.96907e+05  1.92775e+48  2.96907e+05  1.92777e+48  2.96907e+05  1.92782e+48  2.87027e+05  1.23711e+48  7.60502e-32
 2.55439e+03  2.96907e+05  2.05583e+48  2.96907e+05  2.05585e+48  2.96907e+05  2.05590e+48  2.87027e+05  1.31889e+48  7.60502e-32
 2.63787e+03  2.96907e+05  2.19242e+48  2.96907e+05  2.19243e+48  2.96907e+05  2.19249e+48  2.87027e+05  1.40612e+48  7.60502e-32
 2.72409e+03  2.96907e+05  2.33807e+48  2.96907e+05  2.33809e+48  2.96907e+05  2.33815e+48  2.87027e+05  1.49918e+48  7.60502e-32
 2.81312e+03  2.96907e+05  2.49341e+48  2.96907e+05  2.49343e+48  2.96907e+05  2.49348e+48  2.87027e+05  1.59843e+48  7.60502e-32
 2.90506e+03  2.96907e+05  2.65906e+48  2.96907e+05  2.65908e+48  2.96907e+05  2.65914e+48  2.87027e+05  1.70431e+48  7.60502e-32
 3.00000e+03  2.96907e+05  2.83572e+48  2.96907e+05  2.83574e+48  2.96907e+05  2.83580e+48  2.87027e+05  1.81723e+48  7.60502e-32
