radius_rg T_0deg chi2_0deg T_15deg chi2_15deg T_30deg chi2_30deg T_45deg chi2_45deg nuLnusavg_last
 2.00000e-01  9.07048e+05  9.78984e+43  8.76865e+05  7.81315e+43  7.92211e+05  3.31153e+43  5.84205e+05  1.78150e+42  5.15375e-29
 2.06537e-01  8.76865e+05  9.49562e+43  8.76865e+05  7.63375e+43  7.92211e+05  3.22548e+43  5.84205e+05  1.73268e+42  5.15375e-29
 2.13287e-01  8.76865e+05  9.09375e+43  8.47687e+05  7.30382e+43  7.65850e+05  3.10690e+43  5.84205e+05  1.77379e+42  5.15375e-29
 2.20257e-01  8.76865e+05  8.84951e+43  8.47687e+05  7.03185e+43  7.65850e+05  2.95434e+43  5.64766e+05  1.58494e+42  5.15375e-29
 2.27456e-01  8.47687e+05  8.53051e+43  8.47687e+05  6.89289e+43  7.65850e+05  2.87402e+43  5.64766e+05  1.46822e+42  5.15375e-29
 2.34890e-01  8.47687e+05  8.17999e+43  8.19480e+05  6.55269e+43  7.40366e+05  2.77843e+43  5.64766e+05  1.44033e+42  5.15375e-29
 2.42567e-01  8.47687e+05  7.98333e+43  8.19480e+05  6.31328e+43  7.40366e+05  2.62707e+43  5.45973e+05  1.49026e+42  5.15375e-29
 2.50494e-01  8.19480e+05  7.65377e+43  8.19480e+05  6.20392e+43  7.40366e+05  2.54658e+43  5.45973e+05  1.29683e+42  5.15375e-29
 2.58681e-01  8.19480e+05  7.34169e+43  7.92211e+05  5.86739e+43  7.15730e+05  2.48570e+43  5.45973e+05  1.19153e+42  5.15375e-29
 2.67136e-01  8.19480e+05  7.17999e+43  7.92211e+05  5.64978e+43  7.15730e+05  2.32959e+43  5.45973e+05  1.17391e+42  5.15375e-29
 2.75866e-01  7.92211e+05  6.85604e+43  7.92211e+05  5.55947e+43  7.15730e+05  2.24312e+43  5.45973e+05  1.24392e+42  5.15375e-29
 2.84882e-01  7.92211e+05  6.56989e+43  7.65850e+05  5.24244e+43  7.15730e+05  2.22594e+43  5.27805e+05  1.05291e+42  5.15375e-29
 2.94193e-01  7.92211e+05  6.43093e+43  7.65850e+05  5.03611e+43  6.91914e+05  2.06336e+43  5.27805e+05  9.48215e+41  5.15375e-29
 3.03808e-01  7.65850e+05  6.13089e+43  7.65850e+05  4.95455e+43  6.91914e+05  1.96512e+43  5.27805e+05  9.30202e+41  5.15375e-29
 3.13737e-01  7.65850e+05  5.85848e+43  7.40366e+05  4.67486e+43  6.91914e+05  1.93502e+43  5.27805e+05  9.98797e+41  5.15375e-29
 3.23991e-01  7.65850e+05  5.73030e+43  7.40366e+05  4.46952e+43  6.68890e+05  1.83158e+43  5.10242e+05  8.54115e+41  5.15375e-29
 3.34580e-01  7.40366e+05  5.47485e+43  7.40366e+05  4.38658e+43  6.68890e+05  1.71577e+43  5.10242e+05  7.39123e+41  5.15375e-29
 3.45515e-01  7.40366e+05  5.20421e+43  7.15730e+05  4.16439e+43  6.68890e+05  1.66706e+43  5.10242e+05  7.09948e+41  5.15375e-29
 3.56807e-01  7.40366e+05  5.07509e+43  7.15730e+05  3.94983e+43  6.46632e+05  1.63931e+43  5.10242e+05  7.66469e+41  5.15375e-29
 3.68468e-01  7.15730e+05  4.88756e+43  7.15730e+05  3.85554e+43  6.46632e+05  1.50006e+43  4.93264e+05  7.05954e+41  5.15375e-29
 3.80511e-01  7.15730e+05  4.60686e+43  6.91914e+05  3.71354e+43  6.46632e+05  1.42701e+43  4.93264e+05  5.69553e+41  5.15375e-29
 3.92947e-01  7.15730e+05  4.46522e+43  6.91914e+05  3.47963e+43  6.46632e+05  1.41987e+43  4.93264e+05  5.18267e+41  5.15375e-29
 4.05790e-01  6.91914e+05  4.37192e+43  6.91914e+05  3.36405e+43  6.25115e+05  1.32499e+43  4.93264e+05  5.51885e+41  5.15375e-29
 4.19052e-01  6.91914e+05  4.06940e+43  6.68890e+05  3.32785e+43  6.25115e+05  1.22175e+43  4.76850e+05  6.19059e+41  5.15375e-29
 4.32748e-01  6.91914e+05  3.90371e+43  6.68890e+05  3.06442e+43  6.25115e+05  1.18358e+43  4.76850e+05  4.49792e+41  5.15375e-29
 4.46891e-01  6.91914e+05  3.87418e+43  6.68890e+05  2.91759e+43  6.04314e+05  1.19985e+43  4.76850e+05  3.65144e+41  5.15375e-29
 4.61496e-01  6.68890e+05  3.59819e+43  6.68890e+05  2.88675e+43  6.04314e+05  1.06039e+43  4.76850e+05  3.64765e+41  5.15375e-29
 4.76579e-01  6.68890e+05  3.39691e+43  6.46632e+05  2.71291e+43  6.04314e+05  9.85315e+42  4.76850e+05  4.48654e+41  5.15375e-29
 4.92155e-01  6.68890e+05  3.32968e+43  6.46632e+05  2.52478e+43  6.04314e+05  9.74325e+42  4.60983e+05  3.95843e+41  5.15375e-29
 5.08240e-01  6.46632e+05  3.20332e+43  6.46632e+05  2.45101e+43  5.84205e+05  9.54538e+42  4.60983e+05  2.66114e+41  5.15375e-29
 5.24851e-01  6.46632e+05  2.95476e+43  6.25115e+05  2.43736e+43  5.84205e+05  8.36448e+42  4.60983e+05  2.20244e+41  5.15375e-29
 5.42004e-01  6.46632e+05  2.83842e+43  6.25115e+05  2.19765e+43  5.84205e+05  7.81825e+42  4.60983e+05  2.58043e+41  5.15375e-29
 5.59718e-01  6.46632e+05  2.85383e+43  6.25115e+05  2.07095e+43  5.84205e+05  7.90440e+42  4.60983e+05  3.79668e+41  5.15375e-29
 5.78011e-01  6.25115e+05  2.59123e+43  6.25115e+05  2.05674e+43  5.64766e+05  7.51179e+42  4.45643e+05  2.43211e+41  5.15375e-29
 5.96902e-01  6.25115e+05  2.41417e+43  6.04314e+05  1.95213e+43  5.64766e+05  6.46674e+42  4.45643e+05  1.39742e+41  5.15375e-29
 6.16411e-01  6.25115e+05  2.36709e+43  6.04314e+05  1.76218e+43  5.64766e+05  6.04849e+42  4.45643e+05  1.19610e+41  5.15375e-29
 6.36557e-01  6.04314e+05  2.32481e+43  6.04314e+05  1.68345e+43  5.64766e+05  6.25530e+42  4.45643e+05  1.82730e+41  5.15375e-29
 6.57361e-01  6.04314e+05  2.07502e+43  6.04314e+05  1.71560e+43  5.45973e+05  5.85981e+42  4.30814e+05  3.26316e+41  5.15375e-29
 6.78845e-01  6.04314e+05  1.95380e+43  5.84205e+05  1.54462e+43  5.45973e+05  4.87269e+42  4.30814e+05  1.52222e+41  5.15375e-29
 7.01032e-01  6.04314e+05  1.96067e+43  5.84205e+05  1.39093e+43  5.45973e+05  4.50578e+42  4.30814e+05  6.15164e+40  5.15375e-29
 7.23943e-01  5.84205e+05  1.84409e+43  5.84205e+05  1.34692e+43  5.45973e+05  4.75756e+42  4.30814e+05  5.38232e+40  5.15375e-29
 7.47603e-01  5.84205e+05  1.63660e+43  5.84205e+05  1.41239e+43  5.27805e+05  4.58138e+42  4.30814e+05  1.29111e+41  5.15375e-29
 7.72037e-01  5.84205e+05  1.55589e+43  5.64766e+05  1.20351e+43  5.27805e+05  3.57345e+42  4.30814e+05  2.87691e+41  5.15375e-29
 7.97269e-01  5.84205e+05  1.60160e+43  5.64766e+05  1.07271e+43  5.27805e+05  3.18034e+42  4.16479e+05  1.20869e+41  5.15375e-29
 8.23326e-01  5.64766e+05  1.44373e+43  5.64766e+05  1.05026e+43  5.27805e+05  3.40044e+42  4.16479e+05  2.89896e+40  5.15375e-29
 8.50234e-01  5.64766e+05  1.26304e+43  5.64766e+05  1.13607e+43  5.10242e+05  3.70154e+42  4.16479e+05  1.99885e+40  5.15375e-29
 8.78022e-01  5.64766e+05  1.20758e+43  5.45973e+05  9.22233e+42  5.10242e+05  2.59222e+42  4.16479e+05  9.38282e+40  5.15375e-29
 9.06718e-01  5.64766e+05  1.27711e+43  5.45973e+05  8.00926e+42  5.10242e+05  2.09367e+42  4.16479e+05  2.50814e+41  5.15375e-29
 9.36352e-01  5.45973e+05  1.11615e+43  5.45973e+05  7.86851e+42  5.10242e+05  2.20382e+42  4.02620e+05  1.55173e+41  5.15375e-29
 9.66955e-01  5.45973e+05  9.46745e+42  5.45973e+05  8.79952e+42  5.10242e+05  2.92314e+42  4.02620e+05  4.74995e+40  5.15375e-29
 9.98557e-01  5.45973e+05  9.01254e+42  5.27805e+05  6.99324e+42  4.93264e+05  1.98869e+42  4.02620e+05  2.27809e+40  5.15375e-29
 1.03119e+00  5.45973e+05  9.79487e+42  5.27805e+05  5.73981e+42  4.93264e+05  1.30272e+42  4.02620e+05  8.09146e+40  5.15375e-29
 1.06489e+00  5.27805e+05  8.59702e+42  5.27805e+05  5.54931e+42  4.93264e+05  1.22218e+42  4.02620e+05  2.22141e+41  5.15375e-29
 1.09970e+00  5.27805e+05  6.85891e+42  5.27805e+05  6.42097e+42  4.93264e+05  1.74674e+42  3.89223e+05  2.70862e+41  5.15375e-29
 1.13564e+00  5.27805e+05  6.34913e+42  5.10242e+05  5.38976e+42  4.76850e+05  1.86505e+42  3.89223e+05  1.31769e+41  5.15375e-29
 1.17276e+00  5.27805e+05  7.06557e+42  5.10242e+05  3.95755e+42  4.76850e+05  9.05646e+41  3.89223e+05  7.59796e+40  5.15375e-29
 1.21108e+00  5.10242e+05  6.79312e+42  5.10242e+05  3.58091e+42  4.76850e+05  5.50032e+41  3.89223e+05  1.03263e+41  5.15375e-29
 1.25067e+00  5.10242e+05  4.85046e+42  5.10242e+05  4.25827e+42  4.76850e+05  7.96736e+41  3.89223e+05  2.13731e+41  5.15375e-29
 1.29154e+00  5.10242e+05  4.12783e+42  4.93264e+05  4.51794e+42  4.76850e+05  1.64678e+42  3.89223e+05  4.07842e+41  5.15375e-29
 1.33375e+00  5.10242e+05  4.62223e+42  4.93264e+05  2.76362e+42  4.60983e+05  1.04995e+42  3.76271e+05  3.08334e+41  5.15375e-29
 1.37734e+00  4.93264e+05  5.87368e+42  4.93264e+05  2.05992e+42  4.60983e+05  3.29572e+41  3.76271e+05  2.04766e+41  5.15375e-29
 1.42236e+00  4.93264e+05  3.56019e+42  4.93264e+05  2.40393e+42  4.60983e+05  2.10602e+41  3.76271e+05  1.84803e+41  5.15375e-29
 1.46884e+00  4.93264e+05  2.46140e+42  4.93264e+05  3.79707e+42  4.60983e+05  6.92544e+41  3.76271e+05  2.48363e+41  5.15375e-29
 1.51685e+00  4.93264e+05  2.57273e+42  4.76850e+05  2.33170e+42  4.60983e+05  1.77739e+42  3.76271e+05  3.95708e+41  5.15375e-29
 1.56642e+00  4.93264e+05  3.89467e+42  4.76850e+05  1.15335e+42  4.45643e+05  7.61685e+41  3.63750e+05  6.19395e+41  5.15375e-29
 1.61762e+00  4.76850e+05  3.19061e+42  4.76850e+05  1.01896e+42  4.45643e+05  1.82302e+41  3.63750e+05  4.49339e+41  5.15375e-29
 1.67049e+00  4.76850e+05  1.54443e+42  4.76850e+05  1.92798e+42  4.45643e+05  2.03715e+41  3.63750e+05  3.63901e+41  5.15375e-29
 1.72508e+00  4.76850e+05  1.10459e+42  4.60983e+05  2.92265e+42  4.45643e+05  8.26011e+41  3.63750e+05  3.62727e+41  5.15375e-29
 1.78146e+00  4.76850e+05  1.86927e+42  4.60983e+05  1.11232e+42  4.45643e+05  2.05177e+42  3.63750e+05  4.45812e+41  5.15375e-29
 1.83968e+00  4.76850e+05  3.84164e+42  4.60983e+05  3.45785e+41  4.30814e+05  9.77573e+41  3.63750e+05  6.13500e+41  5.15375e-29
 1.89981e+00  4.60983e+05  1.66944e+42  4.60983e+05  6.19863e+41  4.30814e+05  4.36847e+41  3.63750e+05  8.66485e+41  5.15375e-29
 1.96190e+00  4.60983e+05  4.99974e+41  4.60983e+05  1.93569e+42  4.30814e+05  4.97970e+41  3.51646e+05  6.99103e+41  5.15375e-29
 2.02602e+00  4.60983e+05  5.32525e+41  4.45643e+05  2.29182e+42  4.30814e+05  1.16119e+42  3.51646e+05  6.12802e+41  5.15375e-29
 2.09224e+00  4.60983e+05  1.76723e+42  4.45643e+05  7.26614e+41  4.30814e+05  2.42926e+42  3.51646e+05  6.11794e+41  5.15375e-29
 2.16062e+00  4.45643e+05  3.25006e+42  4.45643e+05  2.03600e+41  4.16479e+05  1.73919e+42  3.51646e+05  6.96077e+41  5.15375e-29
 2.23123e+00  4.45643e+05  1.15738e+42  4.45643e+05  7.20615e+41  4.16479e+05  1.12805e+42  3.51646e+05  8.65998e+41  5.15375e-29
 2.30415e+00  4.45643e+05  2.69443e+41  4.45643e+05  2.27980e+42  4.16479e+05  1.12163e+42  3.51646e+05  1.12226e+42  5.15375e-29
 2.37946e+00  4.45643e+05  5.82568e+41  4.30814e+05  2.63106e+42  4.16479e+05  1.71989e+42  3.39945e+05  1.08409e+42  5.15375e-29
 2.45723e+00  4.45643e+05  2.09806e+42  4.30814e+05  1.13189e+42  4.16479e+05  2.92531e+42  3.39945e+05  9.75341e+41  5.15375e-29
 2.53753e+00  4.30814e+05  3.62401e+42  4.30814e+05  6.76583e+41  4.02620e+05  3.17022e+42  3.39945e+05  9.53383e+41  5.15375e-29
 2.62047e+00  4.30814e+05  1.60717e+42  4.30814e+05  1.26327e+42  4.02620e+05  2.36964e+42  3.39945e+05  1.01813e+42  5.15375e-29
 2.70611e+00  4.30814e+05  7.96931e+41  4.30814e+05  2.89437e+42  4.02620e+05  2.17891e+42  3.39945e+05  1.16984e+42  5.15375e-29
 2.79455e+00  4.30814e+05  1.18994e+42  4.16479e+05  4.01881e+42  4.02620e+05  2.59724e+42  3.39945e+05  1.40916e+42  5.15375e-29
 2.88589e+00  4.30814e+05  2.78782e+42  4.16479e+05  2.39477e+42  4.02620e+05  3.62635e+42  3.28633e+05  1.67081e+42  5.15375e-29
 2.98021e+00  4.16479e+05  5.26147e+42  4.16479e+05  1.81983e+42  4.02620e+05  5.27052e+42  3.28633e+05  1.51333e+42  5.15375e-29
 3.07761e+00  4.16479e+05  3.09894e+42  4.16479e+05  2.29161e+42  3.89223e+05  4.38215e+42  3.28633e+05  1.44487e+42  5.15375e-29
 3.17819e+00  4.16479e+05  2.14918e+42  4.16479e+05  3.81207e+42  3.89223e+05  3.87642e+42  3.28633e+05  1.46515e+42  5.15375e-29
 3.28206e+00  4.16479e+05  2.40827e+42  4.16479e+05  6.38748e+42  3.89223e+05  3.98676e+42  3.28633e+05  1.57425e+42  5.15375e-29
 3.38933e+00  4.16479e+05  3.87728e+42  4.02620e+05  4.72147e+42  3.89223e+05  4.71365e+42  3.28633e+05  1.77263e+42  5.15375e-29
 3.50010e+00  4.16479e+05  6.56228e+42  4.02620e+05  3.82265e+42  3.89223e+05  6.06008e+42  3.28633e+05  2.06110e+42  5.15375e-29
 3.61449e+00  4.02620e+05  5.87555e+42  4.02620e+05  3.97884e+42  3.76271e+05  7.54161e+42  3.28633e+05  2.44085e+42  5.15375e-29
 3.73262e+00  4.02620e+05  4.54932e+42  4.02620e+05  5.19068e+42  3.76271e+05  6.56894e+42  3.17698e+05  2.42669e+42  5.15375e-29
 3.85462e+00  4.02620e+05  4.44187e+42  4.02620e+05  7.46319e+42  3.76271e+05  6.22349e+42  3.17698e+05  2.35628e+42  5.15375e-29
 3.98060e+00  4.02620e+05  5.55274e+42  3.89223e+05  8.50765e+42  3.76271e+05  6.50383e+42  3.17698e+05  2.37837e+42  5.15375e-29
 4.11069e+00  4.02620e+05  7.88655e+42  3.89223e+05  7.05573e+42  3.76271e+05  7.41114e+42  3.17698e+05  2.49307e+42  5.15375e-29
 4.24504e+00  3.89223e+05  1.04010e+43  3.89223e+05  6.67219e+42  3.76271e+05  8.94915e+42  3.17698e+05  2.70084e+42  5.15375e-29
 4.38378e+00  3.89223e+05  8.43202e+42  3.89223e+05  7.35546e+42  3.63750e+05  1.08465e+43  3.17698e+05  3.00254e+42  5.15375e-29
 4.52705e+00  3.89223e+05  7.69793e+42  3.89223e+05  9.10835e+42  3.63750e+05  9.86558e+42  3.17698e+05  3.39943e+42  5.15375e-29
 4.67501e+00  3.89223e+05  8.19565e+42  3.89223e+05  1.19381e+43  3.63750e+05  9.52556e+42  3.17698e+05  3.89315e+42  5.15375e-29
 4.82780e+00  3.89223e+05  9.92724e+42  3.76271e+05  1.21531e+43  3.63750e+05  9.82500e+42  3.17698e+05  4.48574e+42  5.15375e-29
 4.98558e+00  3.89223e+05  1.28999e+43  3.76271e+05  1.09701e+43  3.63750e+05  1.07651e+43  3.17698e+05  5.17964e+42  5.15375e-29
 5.14853e+00  3.76271e+05  1.45396e+43  3.76271e+05  1.08717e+43  3.63750e+05  1.23499e+43  3.17698e+05  5.97774e+42  5.15375e-29
 5.31679e+00  3.76271e+05  1.28769e+43  3.76271e+05  1.18575e+43  3.63750e+05  1.45858e+43  3.17698e+05  6.88334e+42  5.15375e-29
 5.49056e+00  3.76271e+05  1.24676e+43  3.76271e+05  1.39316e+43  3.51646e+05  1.46855e+43  3.17698e+05  7.90018e+42  5.15375e-29
 5.67001e+00  3.76271e+05  1.33097e+43  3.76271e+05  1.71025e+43  3.51646e+05  1.41603e+43  3.17698e+05  9.03248e+42  5.15375e-29
 5.85532e+00  3.76271e+05  1.54069e+43  3.63750e+05  1.78686e+43  3.51646e+05  1.42938e+43  3.17698e+05  1.02849e+43  5.15375e-29
 6.04668e+00  3.76271e+05  1.87679e+43  3.63750e+05  1.66822e+43  3.51646e+05  1.50864e+43  3.17698e+05  1.16627e+43  5.15375e-29
 6.24430e+00  3.63750e+05  2.11442e+43  3.63750e+05  1.66041e+43  3.51646e+05  1.65416e+43  3.17698e+05  1.31714e+43  5.15375e-29
 6.44838e+00  3.63750e+05  1.94712e+43  3.63750e+05  1.76338e+43  3.51646e+05  1.86652e+43  3.17698e+05  1.48175e+43  5.15375e-29
 6.65913e+00  3.63750e+05  1.90787e+43  3.63750e+05  1.97757e+43  3.51646e+05  2.14661e+43  3.17698e+05  1.66076e+43  5.15375e-29
 6.87677e+00  3.63750e+05  1.99652e+43  3.63750e+05  2.30387e+43  3.39945e+05  2.10803e+43  3.17698e+05  1.85492e+43  5.15375e-29
 7.10152e+00  3.63750e+05  2.21342e+43  3.51646e+05  2.64050e+43  3.39945e+05  2.07955e+43  3.17698e+05  2.06504e+43  5.15375e-29
 7.33362e+00  3.63750e+05  2.55947e+43  3.51646e+05  2.48794e+43  3.39945e+05  2.11968e+43  3.17698e+05  2.29197e+43  5.15375e-29
 7.57330e+00  3.63750e+05  3.03612e+43  3.51646e+05  2.44959e+43  3.39945e+05  2.22858e+43  3.17698e+05  2.53667e+43  5.15375e-29
 7.82082e+00  3.51646e+05  2.90254e+43  3.51646e+05  2.52530e+43  3.39945e+05  2.40671e+43  3.17698e+05  2.80014e+43  5.15375e-29
 8.07642e+00  3.51646e+05  2.82713e+43  3.51646e+05  2.71538e+43  3.39945e+05  2.65481e+43  3.17698e+05  3.08347e+43  5.15375e-29
 8.34038e+00  3.51646e+05  2.88341e+43  3.51646e+05  3.02062e+43  3.39945e+05  2.97389e+43  3.17698e+05  3.38784e+43  5.15375e-29
 8.61296e+00  3.51646e+05  3.07162e+43  3.51646e+05  3.44227e+43  3.28633e+05  3.20122e+43  3.17698e+05  3.71451e+43  5.15375e-29
 8.89446e+00  3.51646e+05  3.39254e+43  3.39945e+05  3.72771e+43  3.28633e+05  3.16063e+43  3.17698e+05  4.06483e+43  5.15375e-29
 9.18515e+00  3.51646e+05  3.84749e+43  3.39945e+05  3.61428e+43  3.28633e+05  3.19312e+43  3.17698e+05  4.44024e+43  5.15375e-29
 9.48535e+00  3.39945e+05  4.35546e+43  3.39945e+05  3.61971e+43  3.28633e+05  3.29883e+43  3.17698e+05  4.84231e+43  5.15375e-29
 9.79535e+00  3.39945e+05  4.19197e+43  3.39945e+05  3.74405e+43  3.28633e+05  3.47820e+43  3.17698e+05  5.27269e+43  5.15375e-29
 1.01155e+01  3.39945e+05  4.16583e+43  3.39945e+05  3.98780e+43  3.28633e+05  3.73196e+43  3.17698e+05  5.73316e+43  5.15375e-29
 1.04461e+01  3.39945e+05  4.27692e+43  3.39945e+05  4.35197e+43  3.28633e+05  4.06118e+43  3.17698e+05  6.22564e+43  5.15375e-29
 1.07875e+01  3.39945e+05  4.52570e+43  3.39945e+05  4.83807e+43  3.28633e+05  4.46720e+43  3.17698e+05  6.75216e+43  5.15375e-29
 1.11401e+01  3.39945e+05  4.91321e+43  3.39945e+05  5.44812e+43  3.28633e+05  4.95172e+43  3.17698e+05  7.31490e+43  5.15375e-29
 1.15041e+01  3.39945e+05  5.44105e+43  3.28633e+05  5.49723e+43  3.28633e+05  5.51673e+43  3.17698e+05  7.91619e+43  5.15375e-29
 1.18801e+01  3.39945e+05  6.11140e+43  3.28633e+05  5.48526e+43  3.28633e+05  6.16458e+43  3.17698e+05  8.55851e+43  5.15375e-29
 1.22684e+01  3.28633e+05  6.37229e+43  3.28633e+05  5.59991e+43  3.17698e+05  6.80500e+43  3.17698e+05  9.24453e+43  5.15375e-29
 1.26694e+01  3.28633e+05  6.32392e+43  3.28633e+05  5.84165e+43  3.17698e+05  6.91088e+43  3.17698e+05  9.97708e+43  5.15375e-29
 1.30834e+01  3.28633e+05  6.42172e+43  3.28633e+05  6.21148e+43  3.17698e+05  7.10536e+43  3.17698e+05  1.07592e+44  5.15375e-29
 1.35110e+01  3.28633e+05  6.66609e+43  3.28633e+05  6.71094e+43  3.17698e+05  7.38924e+43  3.17698e+05  1.15941e+44  5.15375e-29
 1.39526e+01  3.28633e+05  7.05805e+43  3.28633e+05  7.34210e+43  3.17698e+05  7.76372e+43  3.17698e+05  1.24853e+44  5.15375e-29
 1.44086e+01  3.28633e+05  7.59921e+43  3.28633e+05  8.10755e+43  3.17698e+05  8.23032e+43  3.17698e+05  1.34364e+44  5.15375e-29
 1.48795e+01  3.28633e+05  8.29181e+43  3.28633e+05  9.01048e+43  3.17698e+05  8.79099e+43  3.17698e+05  1.44514e+44  5.15375e-29
 1.53658e+01  3.28633e+05  9.13872e+43  3.28633e+05  1.00546e+44  3.17698e+05  9.44805e+43  3.17698e+05  1.55345e+44  5.15375e-29
 1.58680e+01  3.28633e+05  1.01434e+44  3.28633e+05  1.12443e+44  3.17698e+05  1.02042e+44  3.17698e+05  1.66902e+44  5.15375e-29
 1.63866e+01  3.28633e+05  1.13101e+44  3.17698e+05  1.18531e+44  3.17698e+05  1.10626e+44  3.17698e+05  1.79232e+44  5.15375e-29
 1.69222e+01  3.28633e+05  1.26437e+44  3.17698e+05  1.21070e+44  3.17698e+05  1.20268e+44  3.17698e+05  1.92386e+44  5.15375e-29
 1.74753e+01  3.17698e+05  1.36433e+44  3.17698e+05  1.25149e+44  3.17698e+05  1.31007e+44  3.17698e+05  2.06420e+44  5.15375e-29
 1.80464e+01  3.17698e+05  1.38947e+44  3.17698e+05  1.30785e+44  3.17698e+05  1.42889e+44  3.17698e+05  2.21390e+44  5.15375e-29
 1.86362e+01  3.17698e+05  1.43235e+44  3.17698e+05  1.38002e+44  3.17698e+05  1.55962e+44  3.17698e+05  2.37360e+44  5.15375e-29
 1.92453e+01  3.17698e+05  1.49316e+44  3.17698e+05  1.46829e+44  3.17698e+05  1.70281e+44  3.17698e+05  2.54394e+44  5.15375e-29
 1.98743e+01  3.17698e+05  1.57215e+44  3.17698e+05  1.57303e+44  3.17698e+05  1.85904e+44  3.17698e+05  2.72564e+44  5.15375e-29
 2.05238e+01  3.17698e+05  1.66965e+44  3.17698e+05  1.69467e+44  3.17698e+05  2.02897e+44  3.17698e+05  2.91945e+44  5.15375e-29
 2.11946e+01  3.17698e+05  1.78606e+44  3.17698e+05  1.83372e+44  3.17698e+05  2.21330e+44  3.17698e+05  3.12617e+44  5.15375e-29
 2.18873e+01  3.17698e+05  1.92185e+44  3.17698e+05  1.99075e+44  3.17698e+05  2.41278e+44  3.17698e+05  3.34665e+44  5.15375e-29
 2.26026e+01  3.17698e+05  2.07761e+44  3.17698e+05  2.16641e+44  3.17698e+05  2.62825e+44  3.07126e+05  3.48493e+44  5.15375e-29
 2.33413e+01  3.17698e+05  2.25395e+44  3.17698e+05  2.36142e+44  3.17698e+05  2.86060e+44  3.07126e+05  3.57489e+44  5.15375e-29
 2.41042e+01  3.17698e+05  2.45163e+44  3.17698e+05  2.57660e+44  3.17698e+05  3.11079e+44  3.07126e+05  3.68047e+44  5.15375e-29
 2.48920e+01  3.17698e+05  2.67145e+44  3.17698e+05  2.81284e+44  3.17698e+05  3.37985e+44  3.07126e+05  3.80211e+44  5.15375e-29
 2.57055e+01  3.17698e+05  2.91433e+44  3.17698e+05  3.07110e+44  3.17698e+05  3.66890e+44  3.07126e+05  3.94031e+44  5.15375e-29
 2.65456e+01  3.17698e+05  3.18126e+44  3.17698e+05  3.35247e+44  3.17698e+05  3.97913e+44  3.07126e+05  4.09565e+44  5.15375e-29
 2.74132e+01  3.17698e+05  3.47336e+44  3.17698e+05  3.65811e+44  3.17698e+05  4.31183e+44  3.07126e+05  4.26876e+44  5.15375e-29
 2.83091e+01  3.17698e+05  3.79184e+44  3.17698e+05  3.98927e+44  3.17698e+05  4.66838e+44  3.07126e+05  4.46037e+44  5.15375e-29
 2.92343e+01  3.17698e+05  4.13800e+44  3.17698e+05  4.34734e+44  3.17698e+05  5.05024e+44  3.07126e+05  4.67126e+44  5.15375e-29
 3.01898e+01  3.17698e+05  4.51330e+44  3.17698e+05  4.73379e+44  3.17698e+05  5.45901e+44  3.07126e+05  4.90232e+44  5.15375e-29
 3.11765e+01  3.17698e+05  4.91927e+44  3.17698e+05  5.15022e+44  3.17698e+05  5.89637e+44  3.07126e+05  5.15449e+44  5.15375e-29
 3.21954e+01  3.17698e+05  5.35759e+44  3.17698e+05  5.59836e+44  3.17698e+05  6.36413e+44  3.07126e+05  5.42881e+44  5.15375e-29
 3.32476e+01  3.17698e+05  5.83009e+44  3.17698e+05  6.08006e+44  3.17698e+05  6.86423e+44  3.07126e+05  5.72644e+44  5.15375e-29
 3.43343e+01  3.17698e+05  6.33872e+44  3.17698e+05  6.59731e+44  3.17698e+05  7.39873e+44  3.07126e+05  6.04859e+44  5.15375e-29
 3.54564e+01  3.17698e+05  6.88557e+44  3.17698e+05  7.15226e+44  3.17698e+05  7.96986e+44  3.07126e+05  6.39659e+44  5.15375e-29
 3.66152e+01  3.17698e+05  7.47293e+44  3.17698e+05  7.74720e+44  3.17698e+05  8.57997e+44  3.07126e+05  6.77190e+44  5.15375e-29
 3.78119e+01  3.17698e+05  8.10321e+44  3.17698e+05  8.38459e+44  3.17698e+05  9.23159e+44  3.07126e+05  7.17606e+44  5.15375e-29
 3.90477e+01  3.17698e+05  8.77902e+44  3.17698e+05  9.06707e+44  3.17698e+05  9.92741e+44  3.07126e+05  7.61075e+44  5.15375e-29
 4.03238e+01  3.17698e+05  9.50316e+44  3.17698e+05  9.79747e+44  3.17698e+05  1.06703e+45  3.07126e+05  8.07776e+44  5.15375e-29
 4.16417e+01  3.17698e+05  1.02786e+45  3.17698e+05  1.05788e+45  3.17698e+05  1.14634e+45  3.07126e+05  8.57903e+44  5.15375e-29
 4.30027e+01  3.17698e+05  1.11086e+45  3.17698e+05  1.14143e+45  3.17698e+05  1.23099e+45  3.07126e+05  9.11663e+44  5.15375e-29
 4.44081e+01  3.17698e+05  1.19966e+45  3.17698e+05  1.23075e+45  3.17698e+05  1.32133e+45  3.07126e+05  9.69278e+44  5.15375e-29
 4.58595e+01  3.17698e+05  1.29463e+45  3.17698e+05  1.32619e+45  3.17698e+05  1.41775e+45  3.07126e+05  1.03099e+45  5.15375e-29
 4.73583e+01  3.17698e+05  1.39615e+45  3.17698e+05  1.42817e+45  3.17698e+05  1.52063e+45  3.07126e+05  1.09705e+45  5.15375e-29
 4.89061e+01  3.17698e+05  1.50464e+45  3.17698e+05  1.53709e+45  3.17698e+05  1.63040e+45  3.07126e+05  1.16773e+45  5.15375e-29
 5.05045e+01  3.17698e+05  1.62057e+45  3.17698e+05  1.65341e+45  3.17698e+05  1.74752e+45  3.07126e+05  1.24333e+45  5.15375e-29
 5.21551e+01  3.17698e+05  1.74440e+45  3.17698e+05  1.77762e+45  3.17698e+05  1.87248e+45  3.07126e+05  1.32415e+45  5.15375e-29
 5.38597e+01  3.17698e+05  1.87665e+45  3.17698e+05  1.91022e+45  3.17698e+05  2.00578e+45  3.07126e+05  1.41054e+45  5.15375e-29
 5.56199e+01  3.17698e+05  2.01787e+45  3.17698e+05  2.05177e+45  3.17698e+05  2.14798e+45  3.07126e+05  1.50285e+45  5.15375e-29
 5.74378e+01  3.17698e+05  2.16864e+45  3.17698e+05  2.20284e+45  3.17698e+05  2.29968e+45  3.07126e+05  1.60146e+45  5.15375e-29
 5.93150e+01  3.17698e+05  2.32958e+45  3.17698e+05  2.36408e+45  3.17698e+05  2.46149e+45  3.07126e+05  1.70678e+45  5.15375e-29
 6.12535e+01  3.17698e+05  2.50136e+45  3.17698e+05  2.53613e+45  3.17698e+05  2.63408e+45  3.07126e+05  1.81925e+45  5.15375e-29
 6.32555e+01  3.17698e+05  2.68470e+45  3.17698e+05  2.71972e+45  3.17698e+05  2.81818e+45  3.07126e+05  1.93933e+45  5.15375e-29
 6.53228e+01  3.17698e+05  2.88035e+45  3.17698e+05  2.91560e+45  3.17698e+05  3.01454e+45  3.07126e+05  2.06751e+45  5.15375e-29
 6.74577e+01  3.17698e+05  3.08911e+45  3.17698e+05  3.12459e+45  3.17698e+05  3.22398e+45  3.07126e+05  2.20434e+45  5.15375e-29
 6.96624e+01  3.17698e+05  3.31186e+45  3.17698e+05  3.34755e+45  3.17698e+05  3.44736e+45  3.07126e+05  2.35037e+45  5.15375e-29
 7.19392e+01  3.17698e+05  3.54952e+45  3.17698e+05  3.58541e+45  3.17698e+05  3.68560e+45  3.07126e+05  2.50621e+45  5.15375e-29
 7.42903e+01  3.17698e+05  3.80306e+45  3.17698e+05  3.83914e+45  3.17698e+05  3.93970e+45  3.07126e+05  2.67251e+45  5.15375e-29
 7.67183e+01  3.17698e+05  4.07355e+45  3.17698e+05  4.10979e+45  3.17698e+05  4.21071e+45  3.07126e+05  2.84995e+45  5.15375e-29
 7.92257e+01  3.17698e+05  4.36209e+45  3.17698e+05  4.39850e+45  3.17698e+05  4.49973e+45  3.07126e+05  3.03926e+45  5.15375e-29
 8.18150e+01  3.17698e+05  4.66989e+45  3.17698e+05  4.70645e+45  3.17698e+05  4.80799e+45  3.07126e+05  3.24124e+45  5.15375e-29
 8.44889e+01  3.17698e+05  4.99821e+45  3.17698e+05  5.03491e+45  3.17698e+05  5.13673e+45  3.07126e+05  3.45671e+45  5.15375e-29
 8.72502e+01  3.17698e+05  5.34841e+45  3.17698e+05  5.38525e+45  3.17698e+05  5.48734e+45  3.07126e+05  3.68658e+45  5.15375e-29
 9.01018e+01  3.17698e+05  5.72195e+45  3.17698e+05  5.75891e+45  3.17698e+05  5.86126e+45  3.07126e+05  3.93178e+45  5.15375e-29
 9.30466e+01  3.17698e+05  6.12037e+45  3.17698e+05  6.15745e+45  3.17698e+05  6.26003e+45  3.07126e+05  4.19333e+45  5.15375e-29
 9.60876e+01  3.17698e+05  6.54532e+45  3.17698e+05  6.58251e+45  3.17698e+05  6.68531e+45  3.07126e+05  4.47232e+45  5.15375e-29
 9.92280e+01  3.17698e+05  6.99856e+45  3.17698e+05  7.03585e+45  3.17698e+05  7.13885e+45  3.07126e+05  4.76991e+45  5.15375e-29
 1.02471e+02  3.17698e+05  7.48196e+45  3.17698e+05  7.51935e+45  3.17698e+05  7.62254e+45  3.07126e+05  5.08731e+45  5.15375e-29
 1.05820e+02  3.17698e+05  7.99752e+45  3.17698e+05  8.03500e+45  3.17698e+05  8.13838e+45  3.07126e+05  5.42585e+45  5.15375e-29
 1.09278e+02  3.17698e+05  8.54738e+45  3.17698e+05  8.58495e+45  3.17698e+05  8.68850e+45  3.07126e+05  5.78693e+45  5.15375e-29
 1.12850e+02  3.17698e+05  9.13382e+45  3.17698e+05  9.17146e+45  3.17698e+05  9.27517e+45  3.07126e+05  6.17205e+45  5.15375e-29
 1.16538e+02  3.17698e+05  9.75925e+45  3.17698e+05  9.79697e+45  3.07126e+05  9.51178e+45  3.07126e+05  6.58278e+45  5.15375e-29
 1.20347e+02  3.17698e+05  1.04263e+46  3.17698e+05  1.04641e+46  3.07126e+05  9.75960e+45  3.07126e+05  7.02085e+45  5.15375e-29
 1.24280e+02  3.17698e+05  1.11376e+46  3.17698e+05  1.11755e+46  3.07126e+05  1.00484e+46  3.07126e+05  7.48805e+45  5.15375e-29
 1.28342e+02  3.17698e+05  1.18963e+46  3.17698e+05  1.19342e+46  3.07126e+05  1.03794e+46  3.07126e+05  7.98632e+45  5.15375e-29
 1.32537e+02  3.17698e+05  1.27054e+46  3.17698e+05  1.27434e+46  3.07126e+05  1.07539e+46  3.07126e+05  8.51772e+45  5.15375e-29
 1.36868e+02  3.17698e+05  1.35683e+46  3.17698e+05  1.36063e+46  3.07126e+05  1.11736e+46  3.07126e+05  9.08446e+45  5.15375e-29
 1.41341e+02  3.17698e+05  1.44885e+46  3.17698e+05  1.45266e+46  3.07126e+05  1.16401e+46  3.07126e+05  9.68888e+45  5.15375e-29
 1.45961e+02  3.17698e+05  1.54699e+46  3.17698e+05  1.55080e+46  3.07126e+05  1.21553e+46  3.07126e+05  1.03335e+46  5.15375e-29
 1.50731e+02  3.17698e+05  1.65165e+46  3.07126e+05  1.62719e+46  3.07126e+05  1.27215e+46  3.07126e+05  1.10209e+46  5.15375e-29
 1.55658e+02  3.17698e+05  1.76327e+46  3.07126e+05  1.66636e+46  3.07126e+05  1.33409e+46  3.07126e+05  1.17541e+46  5.15375e-29
 1.60745e+02  3.07126e+05  1.86939e+46  3.07126e+05  1.71252e+46  3.07126e+05  1.40161e+46  3.07126e+05  1.25359e+46  5.15375e-29
 1.65998e+02  3.07126e+05  1.91273e+46  3.07126e+05  1.76587e+46  3.07126e+05  1.47500e+46  3.07126e+05  1.33698e+46  5.15375e-29
 1.71424e+02  3.07126e+05  1.96411e+46  3.07126e+05  1.82664e+46  3.07126e+05  1.55454e+46  3.07126e+05  1.42590e+46  5.15375e-29
 1.77026e+02  3.07126e+05  2.02373e+46  3.07126e+05  1.89507e+46  3.07126e+05  1.64058e+46  3.07126e+05  1.52073e+46  5.15375e-29
 1.82812e+02  3.07126e+05  2.09185e+46  3.07126e+05  1.97145e+46  3.07126e+05  1.73347e+46  3.07126e+05  1.62187e+46  5.15375e-29
 1.88787e+02  3.07126e+05  2.16875e+46  3.07126e+05  2.05608e+46  3.07126e+05  1.83360e+46  3.07126e+05  1.72972e+46  5.15375e-29
 1.94957e+02  3.07126e+05  2.25474e+46  3.07126e+05  2.14934e+46  3.07126e+05  1.94137e+46  3.07126e+05  1.84474e+46  5.15375e-29
 2.01328e+02  3.07126e+05  2.35018e+46  3.07126e+05  2.25159e+46  3.07126e+05  2.05724e+46  3.07126e+05  1.96741e+46  5.15375e-29
 2.07908e+02  3.07126e+05  2.45547e+46  3.07126e+05  2.36326e+46  3.07126e+05  2.18168e+46  3.07126e+05  2.09822e+46  5.15375e-29
 2.14703e+02  3.07126e+05  2.57104e+46  3.07126e+05  2.48482e+46  3.07126e+05  2.31521e+46  3.07126e+05  2.23773e+46  5.15375e-29
 2.21720e+02  3.07126e+05  2.69737e+46  3.07126e+05  2.61676e+46  3.07126e+05  2.45838e+46  3.07126e+05  2.38651e+46  5.15375e-29
 2.28967e+02  3.07126e+05  2.83498e+46  3.07126e+05  2.75964e+46  3.07126e+05  2.61178e+46  3.07126e+05  2.54517e+46  5.15375e-29
 2.36450e+02  3.07126e+05  2.98445e+46  3.07126e+05  2.91404e+46  3.07126e+05  2.77606e+46  3.07126e+05  2.71437e+46  5.15375e-29
 2.44178e+02  3.07126e+05  3.14639e+46  3.07126e+05  3.08060e+46  3.07126e+05  2.95188e+46  3.07126e+05  2.89481e+46  5.15375e-29
 2.52158e+02  3.07126e+05  3.32146e+46  3.07126e+05  3.26002e+46  3.07126e+05  3.13998e+46  3.07126e+05  3.08724e+46  5.15375e-29
 2.60399e+02  3.07126e+05  3.51041e+46  3.07126e+05  3.45303e+46  3.07126e+05  3.34113e+46  3.07126e+05  3.29246e+46  5.15375e-29
 2.68910e+02  3.07126e+05  3.71400e+46  3.07126e+05  3.66044e+46  3.07126e+05  3.55617e+46  3.07126e+05  3.51131e+46  5.15375e-29
 2.77699e+02  3.07126e+05  3.93308e+46  3.07126e+05  3.88310e+46  3.07126e+05  3.78598e+46  3.07126e+05  3.74470e+46  5.15375e-29
 2.86774e+02  3.07126e+05  4.16856e+46  3.07126e+05  4.12194e+46  3.07126e+05  4.03153e+46  3.07126e+05  3.99359e+46  5.15375e-29
 2.96147e+02  3.07126e+05  4.42141e+46  3.07126e+05  4.37793e+46  3.07126e+05  4.29382e+46  3.07126e+05  4.25903e+46  5.15375e-29
 3.05826e+02  3.07126e+05  4.69268e+46  3.07126e+05  4.65215e+46  3.07126e+05  4.57394e+46  3.07126e+05  4.54209e+46  5.15375e-29
 3.15821e+02  3.07126e+05  4.98349e+46  3.07126e+05  4.94573e+46  3.07126e+05  4.87305e+46  3.07126e+05  4.84396e+46  5.15375e-29
 3.26143e+02  3.07126e+05  5.29504e+46  3.07126e+05  5.25987e+46  3.07126e+05  5.19238e+46  3.07126e+05  5.16589e+46  5.15375e-29
 3.36802e+02  3.07126e+05  5.62862e+46  3.07126e+05  5.59589e+46  3.07126e+05  5.53327e+46  3.07126e+05  5.50920e+46  5.15375e-29
 3.47810e+02  3.07126e+05  5.98562e+46  3.07126e+05  5.95517e+46  3.07126e+05  5.89711e+46  3.07126e+05  5.87532e+46  5.15375e-29
 3.59177e+02  3.07126e+05  6.36751e+46  3.07126e+05  6.33920e+46  3.07126e+05  6.28542e+46  3.07126e+05  6.26576e+46  5.15375e-29
 3.70916e+02  3.07126e+05  6.77588e+46  3.07126e+05  6.74957e+46  3.07126e+05  6.69980e+46  3.07126e+05  6.68215e+46  5.15375e-29
 3.83038e+02  3.07126e+05  7.21240e+46  3.07126e+05  7.18797e+46  3.07126e+05  7.14196e+46  3.07126e+05  7.12619e+46  5.15375e-29
 3.95557e+02  3.07126e+05  7.67889e+46  3.07126e+05  7.65623e+46  3.07126e+05  7.61374e+46  3.07126e+05  7.59974e+46  5.15375e-29
 4.08485e+02  3.07126e+05  8.17728e+46  3.07126e+05  8.15627e+46  3.07126e+05  8.11710e+46  3.07126e+05  8.10474e+46  5.15375e-29
 4.21835e+02  3.07126e+05  8.70964e+46  3.07126e+05  8.69018e+46  3.07126e+05  8.65410e+46  3.07126e+05  8.64329e+46  5.15375e-29
 4.35622e+02  3.07126e+05  9.27815e+46  3.07126e+05  9.26015e+46  3.07126e+05  9.22698e+46  3.07126e+05  9.21762e+46  5.15375e-29
 4.49859e+02  3.07126e+05  9.88519e+46  3.07126e+05  9.86855e+46  3.07126e+05  9.83811e+46  3.07126e+05  9.83011e+46  5.15375e-29
 4.64562e+02  3.07126e+05  1.05333e+47  3.07126e+05  1.05179e+47  3.07126e+05  1.04900e+47  3.07126e+05  1.04833e+47  5.15375e-29
 4.79745e+02  3.07126e+05  1.12250e+47  3.07126e+05  1.12109e+47  3.07126e+05  1.11854e+47  3.07126e+05  1.11799e+47  5.15375e-29
 4.95424e+02  3.07126e+05  1.19634e+47  3.07126e+05  1.19503e+47  3.07126e+05  1.19271e+47  3.07126e+05  1.19227e+47  5.15375e-29
 5.11616e+02  3.07126e+05  1.27514e+47  3.07126e+05  1.27394e+47  3.07126e+05  1.27182e+47  3.07126e+05  1.27149e+47  5.15375e-29
 5.28337e+02  3.07126e+05  1.35922e+47  3.07126e+05  1.35812e+47  3.07126e+05  1.35621e+47  3.07126e+05  1.35597e+47  5.15375e-29
 5.45604e+02  3.07126e+05  1.44895e+47  3.07126e+05  1.44794e+47  3.07126e+05  1.44621e+47  2.96907e+05  1.42371e+47  5.15375e-29
 5.63436e+02  3.07126e+05  1.54468e+47  3.07126e+05  1.54376e+47  3.07126e+05  1.54220e+47  2.96907e+05  1.45575e+47  5.15375e-29
 5.81850e+02  3.07126e+05  1.64682e+47  3.07126e+05  1.64598e+47  3.07126e+05  1.64458e+47  2.96907e+05  1.49382e+47  5.15375e-29
 6.00867e+02  3.07126e+05  1.75578e+47  3.07126e+05  1.75502e+47  3.07126e+05  1.75378e+47  2.96907e+05  1.53807e+47  5.15375e-29
 6.20505e+02  3.07126e+05  1.87202e+47  3.07126e+05  1.87133e+47  3.07126e+05  1.87024e+47  2.96907e+05  1.58869e+47  5.15375e-29
 6.40784e+02  3.07126e+05  1.99602e+47  3.07126e+05  1.99540e+47  3.07126e+05  1.99444e+47  2.96907e+05  1.64589e+47  5.15375e-29
 6.61727e+02  3.07126e+05  2.12830e+47  3.07126e+05  2.12774e+47  3.07126e+05  2.12690e+47  2.96907e+05  1.70989e+47  5.15375e-29
 6.83354e+02  3.07126e+05  2.26939e+47  3.07126e+05  2.26889e+47  3.07126e+05  2.26817e+47  2.96907e+05  1.78098e+47  5.15375e-29
 7.05688e+02  3.07126e+05  2.41989e+47  3.07126e+05  2.41945e+47  3.07126e+05  2.41884e+47  2.96907e+05  1.85943e+47  5.15375e-29
 7.28751e+02  3.07126e+05  2.58042e+47  3.07126e+05  2.58002e+47  3.07126e+05  2.57952e+47  2.96907e+05  1.94558e+47  5.15375e-29
 7.52569e+02  3.07126e+05  2.75163e+47  3.07126e+05  2.75129e+47  3.07126e+05  2.75088e+47  2.96907e+05  2.03978e+47  5.15375e-29
 7.77165e+02  3.07126e+05  2.93425e+47  3.07126e+05  2.93395e+47  3.07126e+05  2.93363e+47  2.96907e+05  2.14243e+47  5.15375e-29
 8.02565e+02  3.07126e+05  3.12902e+47  3.07126e+05  3.12876e+47  3.07126e+05  3.12853e+47  2.96907e+05  2.25394e+47  5.15375e-29
 8.28794e+02  3.07126e+05  3.33675e+47  3.07126e+05  3.33653e+47  3.07126e+05  3.33638e+47  2.96907e+05  2.37479e+47  5.15375e-29
 8.55882e+02  3.07126e+05  3.55830e+47  3.07126e+05  3.55812e+47  3.07126e+05  3.55805e+47  2.96907e+05  2.50546e+47  5.15375e-29
 8.83854e+02  3.07126e+05  3.79459e+47  3.07126e+05  3.79445e+47  3.07126e+05  3.79445e+47  2.96907e+05  2.64650e+47  5.15375e-29
 9.12741e+02  3.07126e+05  4.04660e+47  3.07126e+05  4.04649e+47  3.07126e+05  4.04655e+47  2.96907e+05  2.79849e+47  5.15375e-29
 9.42571e+02  3.07126e+05  4.31536e+47  3.07126e+05  4.31528e+47  3.07126e+05  4.31541e+47  2.96907e+05  2.96206e+47  5.15375e-29
 9.73377e+02  3.07126e+05  4.60200e+47  3.07126e+05  4.60195e+47  3.07126e+05  4.60213e+47  2.96907e+05  3.13790e+47  5.15375e-29
 1.00519e+03  3.07126e+05  4.90769e+47  3.07126e+05  4.90767e+47  3.07126e+05  4.90791e+47  2.96907e+05  3.32672e+47  5.15375e-29
 1.03804e+03  3.07126e+05  5.23371e+47  3.07126e+05  5.23371e+47  3.07126e+05  5.23400e+47  2.96907e+05  3.52931e+47  5.15375e-29
 1.07197e+03  3.07126e+05  5.58140e+47  3.07126e+05  5.58142e+47  3.07126e+05  5.58176e+47  2.96907e+05  3.74651e+47  5.15375e-29
 1.10700e+03  3.07126e+05  5.95219e+47  3.07126e+05  5.95224e+47  3.07126e+05  5.95263e+47  2.96907e+05  3.97921e+47  5.15375e-29
 1.14318e+03  3.07126e+05  6.34763e+47  3.07126e+05  6.34771e+47  3.07126e+05  6.34813e+47  2.96907e+05  4.22838e+47  5.15375e-29
 1.18054e+03  3.07126e+05  6.76936e+47  3.07126e+05  6.76945e+47  3.07126e+05  6.76991e+47  2.96907e+05  4.49505e+47  5.15375e-29
 1.21913e+03  3.07126e+05  7.21911e+47  3.07126e+05  7.21922e+47  3.07126e+05  7.21972e+47  2.96907e+05  4.78033e+47  5.15375e-29
 1.25897e+03  3.07126e+05  7.69875e+47  3.07126e+05  7.69887e+47  3.07126e+05  7.69941e+47  2.96907e+05  5.08538e+47  5.15375e-29
 1.30012e+03  3.07126e+05  8.21026e+47  3.07126e+05  8.21040e+47  3.07126e+05  8.21097e+47  2.96907e+05  5.41149e+47  5.15375e-29
 1.34261e+03  3.07126e+05  8.75576e+47  3.07126e+05  8.75592e+47  3.07126e+05  8.75652e+47  2.96907e+05  5.75999e+47  5.15375e-29
 1.38649e+03  3.07126e+05  9.33751e+47  3.07126e+05  9.33768e+47  3.07126e+05  9.33831e+47  2.96907e+05  6.13233e+47  5.15375e-29
 1.43180e+03  3.07126e+05  9.95791e+47  3.07126e+05  9.95810e+47  3.07126e+05  9.95875e+47  2.96907e+05  6.53005e+47  5.15375e-29
 1.47860e+03  3.07126e+05  1.06195e+48  3.07126e+05  1.06197e+48  3.07126e+05  1.06204e+48  2.96907e+05  6.95479e+47  5.15375e-29
 1.52692e+03  3.07126e+05  1.13251e+48  3.07126e+05  1.13253e+48  3.07126e+05  1.13260e+48  2.96907e+05  7.40832e+47  5.15375e-29
 1.57683e+03  3.07126e+05  1.20776e+48  3.07126e+05  1.20778e+48  3.07126e+05  1.20785e+48  2.96907e+05  7.89250e+47  5.15375e-29
 1.62836e+03  3.07126e+05  1.28801e+48  3.07126e+05  1.28803e+48  3.07126e+05  1.28810e+48  2.96907e+05  8.40935e+47  5.15375e-29
 1.68158e+03  3.07126e+05  1.37358e+48  3.07126e+05  1.37361e+48  3.07126e+05  1.37368e+48  2.96907e+05  8.96101e+47  5.15375e-29
 1.73654e+03  3.07126e+05  1.46485e+48  3.07126e+05  1.46487e+48  3.07126e+05  1.46495e+48  2.96907e+05  9.54974e+47  5.15375e-29
 1.79329e+03  3.07126e+05  1.56217e+48  3.07126e+05  1.56220e+48  3.07126e+05  1.56228e+48  2.96907e+05  1.01780e+48  5.15375e-29
 1.85190e+03  3.07126e+05  1.66597e+48  3.07126e+05  1.66599e+48  3.07126e+05  1.66607e+48  2.96907e+05  1.08484e+48  5.15375e-29
 1.91243e+03  3.07126e+05  1.77665e+48  3.07126e+05  1.77668e+48  3.07126e+05  1.77677e+48  2.96907e+05  1.15637e+48  5.15375e-29
 1.97493e+03  3.07126e+05  1.89470e+48  3.07126e+05  1.89473e+48  3.07126e+05  1.89481e+48  2.96907e+05  1.23268e+48  5.15375e-29
 2.03948e+03  3.07126e+05  2.02058e+48  3.07126e+05  2.02061e+48  3.07126e+05  2.02070e+48  2.96907e+05  1.31409e+48  5.15375e-29
 2.10613e+03  3.07126e+05  2.15483e+48  3.07126e+05  2.15486e+48  3.07126e+05  2.15495e+48  2.96907e+05  1.40095e+48  5.15375e-29
 2.17497e+03  3.07126e+05  2.29800e+48  3.07126e+05  2.29803e+48  3.07126e+05  2.29812e+48  2.96907e+05  1.49360e+48  5.15375e-29
 2.24605e+03  3.07126e+05  2.45068e+48  3.07126e+05  2.45071e+48  3.07126e+05  2.45080e+48  2.96907e+05  1.59243e+48  5.15375e-29
 2.31946e+03  3.07126e+05  2.61350e+48  3.07126e+05  2.61353e+48  3.07126e+05  2.61362e+48  2.96907e+05  1.69786e+48  5.15375e-29
 2.39526e+03  3.07126e+05  2.78714e+48  3.07126e+05  2.78717e+48  3.07126e+05  2.78726e+48  2.96907e+05  1.81030e+48  5.15375e-29
 2.47355e+03  3.07126e+05  2.97231e+48  3.07126e+05  2.97234e+48  3.07126e+05  2.97244e+48  2.96907e+05  1.93025e+48  5.15375e-29
 2.55439e+03  3.07126e+05  3.16979e+48  3.07126e+05  3.16982e+48  3.07126e+05  3.16991e+48  2.96907e+05  2.05818e+48  5.15375e-29
 2.63787e+03  3.07126e+05  3.38038e+48  3.07126e+05  3.38042e+48  3.07126e+05  3.38051e+48  2.96907e+05  2.19462e+48  5.15375e-29
 2.72409e+03  3.07126e+05  3.60497e+48  3.07126e+05  3.60500e+48  3.07126e+05  3.60510e+48  2.96907e+05  2.34015e+48  5.15375e-29
 2.81312e+03  3.07126e+05  3.84448e+48  3.07126e+05  3.84451e+48  2.96907e+05  3.73340e+48  2.96907e+05  2.49537e+48  5.15375e-29
 2.90506e+03  3.07126e+05  4.09989e+48  3.07126e+05  4.09993e+48  2.96907e+05  3.82181e+48  2.96907e+05  2.66091e+48  5.15375e-29
 3.00000e+03  3.07126e+05  4.37228e+48  3.07126e+05  4.37231e+48  2.96907e+05  3.92604e+48  2.96907e+05  2.83746e+48  5.15375e-29
