radius_rg T_0deg chi2_0deg T_15deg chi2_15deg T_30deg chi2_30deg T_45deg chi2_45deg nuLnusavg_last
 2.00000e-01  9.70565e+05  1.47029e+44  9.38269e+05  1.16832e+44  8.47687e+05  4.94862e+43  6.25115e+05  3.52615e+42  1.65759e-28
 2.06537e-01  9.38269e+05  1.40240e+44  9.07048e+05  1.12616e+44  8.19480e+05  4.74141e+43  6.25115e+05  3.52816e+42  1.65759e-28
 2.13287e-01  9.38269e+05  1.35661e+44  9.07048e+05  1.08048e+44  8.19480e+05  4.52795e+43  6.04314e+05  3.28272e+42  1.65759e-28
 2.20257e-01  9.07048e+05  1.31606e+44  9.07048e+05  1.05373e+44  8.19480e+05  4.41680e+43  6.04314e+05  3.06607e+42  1.65759e-28
 2.27456e-01  9.07048e+05  1.25811e+44  8.76865e+05  1.00716e+44  7.92211e+05  4.21570e+43  6.04314e+05  2.98979e+42  1.65759e-28
 2.34890e-01  9.07048e+05  1.22208e+44  8.76865e+05  9.68695e+43  7.92211e+05  4.01883e+43  5.84205e+05  3.01662e+42  1.65759e-28
 2.42567e-01  8.76865e+05  1.17660e+44  8.76865e+05  9.48706e+43  7.92211e+05  3.92217e+43  5.84205e+05  2.71057e+42  1.65759e-28
 2.50494e-01  8.76865e+05  1.12712e+44  8.47687e+05  8.99214e+43  7.65850e+05  3.74000e+43  5.84205e+05  2.54344e+42  1.65759e-28
 2.58681e-01  8.76865e+05  1.09901e+44  8.47687e+05  8.66408e+43  7.65850e+05  3.55139e+43  5.84205e+05  2.51453e+42  1.65759e-28
 2.67136e-01  8.47687e+05  1.05033e+44  8.19480e+05  8.47382e+43  7.65850e+05  3.46106e+43  5.64766e+05  2.48807e+42  1.65759e-28
 2.75866e-01  8.47687e+05  1.00751e+44  8.19480e+05  8.00952e+43  7.40366e+05  3.31235e+43  5.64766e+05  2.21691e+42  1.65759e-28
 2.84882e-01  8.47687e+05  9.85556e+43  8.19480e+05  7.72305e+43  7.40366e+05  3.12380e+43  5.64766e+05  2.08261e+42  1.65759e-28
 2.94193e-01  8.19480e+05  9.35668e+43  7.92211e+05  7.54710e+43  7.40366e+05  3.03176e+43  5.64766e+05  2.08463e+42  1.65759e-28
 3.03808e-01  8.19480e+05  8.97753e+43  7.92211e+05  7.11350e+43  7.15730e+05  2.93295e+43  5.45973e+05  2.04431e+42  1.65759e-28
 3.13737e-01  8.19480e+05  8.80259e+43  7.92211e+05  6.85403e+43  7.15730e+05  2.73633e+43  5.45973e+05  1.79119e+42  1.65759e-28
 3.23991e-01  7.92211e+05  8.31407e+43  7.65850e+05  6.71478e+43  7.15730e+05  2.63461e+43  5.45973e+05  1.67317e+42  1.65759e-28
 3.34580e-01  7.92211e+05  7.96708e+43  7.65850e+05  6.29727e+43  6.91914e+05  2.60430e+43  5.45973e+05  1.68977e+42  1.65759e-28
 3.45515e-01  7.92211e+05  7.82014e+43  7.65850e+05  6.05052e+43  6.91914e+05  2.39149e+43  5.27805e+05  1.68082e+42  1.65759e-28
 3.56807e-01  7.65850e+05  7.36753e+43  7.40366e+05  5.97332e+43  6.91914e+05  2.27214e+43  5.27805e+05  1.42888e+42  1.65759e-28
 3.68468e-01  7.65850e+05  7.03614e+43  7.40366e+05  5.55754e+43  6.91914e+05  2.24577e+43  5.27805e+05  1.31055e+42  1.65759e-28
 3.80511e-01  7.65850e+05  6.90095e+43  7.40366e+05  5.30945e+43  6.68890e+05  2.09422e+43  5.27805e+05  1.32534e+42  1.65759e-28
 3.92947e-01  7.40366e+05  6.51321e+43  7.40366e+05  5.22801e+43  6.68890e+05  1.94923e+43  5.10242e+05  1.39967e+42  1.65759e-28
 4.05790e-01  7.40366e+05  6.18112e+43  7.15730e+05  4.89472e+43  6.68890e+05  1.89589e+43  5.10242e+05  1.13189e+42  1.65759e-28
 4.19052e-01  7.40366e+05  6.04167e+43  7.15730e+05  4.63135e+43  6.46632e+05  1.85214e+43  5.10242e+05  9.96480e+41  1.65759e-28
 4.32748e-01  7.15730e+05  5.75155e+43  7.15730e+05  4.53183e+43  6.46632e+05  1.67337e+43  5.10242e+05  9.92890e+41  1.65759e-28
 4.46891e-01  7.15730e+05  5.40257e+43  6.91914e+05  4.31315e+43  6.46632e+05  1.58511e+43  5.10242e+05  1.12110e+42  1.65759e-28
 4.61496e-01  7.15730e+05  5.24302e+43  6.91914e+05  4.02058e+43  6.46632e+05  1.58697e+43  4.93264e+05  9.09222e+41  1.65759e-28
 4.76579e-01  6.91914e+05  5.08757e+43  6.91914e+05  3.88934e+43  6.25115e+05  1.45495e+43  4.93264e+05  7.39623e+41  1.65759e-28
 4.92155e-01  6.91914e+05  4.70555e+43  6.68890e+05  3.82146e+43  6.25115e+05  1.32361e+43  4.93264e+05  7.00779e+41  1.65759e-28
 5.08240e-01  6.91914e+05  4.51006e+43  6.68890e+05  3.48565e+43  6.25115e+05  1.28132e+43  4.93264e+05  7.92528e+41  1.65759e-28
 5.24851e-01  6.91914e+05  4.50032e+43  6.68890e+05  3.30896e+43  6.04314e+05  1.30768e+43  4.76850e+05  7.77913e+41  1.65759e-28
 5.42004e-01  6.68890e+05  4.09989e+43  6.68890e+05  3.29066e+43  6.04314e+05  1.12478e+43  4.76850e+05  5.56445e+41  1.65759e-28
 5.59718e-01  6.68890e+05  3.85255e+43  6.46632e+05  3.03964e+43  6.04314e+05  1.03012e+43  4.76850e+05  4.64973e+41  1.65759e-28
 5.78011e-01  6.68890e+05  3.78822e+43  6.46632e+05  2.80357e+43  6.04314e+05  1.02329e+43  4.76850e+05  5.03120e+41  1.65759e-28
 5.96902e-01  6.46632e+05  3.60077e+43  6.46632e+05  2.72378e+43  5.84205e+05  1.00577e+43  4.76850e+05  6.71043e+41  1.65759e-28
 6.16411e-01  6.46632e+05  3.28538e+43  6.25115e+05  2.70076e+43  5.84205e+05  8.50085e+42  4.60983e+05  4.72408e+41  1.65759e-28
 6.36557e-01  6.46632e+05  3.15066e+43  6.25115e+05  2.39097e+43  5.84205e+05  7.81496e+42  4.60983e+05  3.10181e+41  1.65759e-28
 6.57361e-01  6.46632e+05  3.19606e+43  6.25115e+05  2.23577e+43  5.84205e+05  7.99714e+42  4.60983e+05  2.76931e+41  1.65759e-28
 6.78845e-01  6.25115e+05  2.82924e+43  6.25115e+05  2.23450e+43  5.64766e+05  7.62157e+42  4.60983e+05  3.72521e+41  1.65759e-28
 7.01032e-01  6.25115e+05  2.60794e+43  6.04314e+05  2.09467e+43  5.64766e+05  6.22915e+42  4.45643e+05  5.23651e+41  1.65759e-28
 7.23943e-01  6.25115e+05  2.56449e+43  6.04314e+05  1.84958e+43  5.64766e+05  5.69825e+42  4.45643e+05  2.71407e+41  1.65759e-28
 7.47603e-01  6.04314e+05  2.51140e+43  6.04314e+05  1.75684e+43  5.64766e+05  6.02665e+42  4.45643e+05  1.47981e+41  1.65759e-28
 7.72037e-01  6.04314e+05  2.18668e+43  6.04314e+05  1.81606e+43  5.45973e+05  5.72856e+42  4.45643e+05  1.52861e+41  1.65759e-28
 7.97269e-01  6.04314e+05  2.03809e+43  5.84205e+05  1.59452e+43  5.45973e+05  4.39204e+42  4.45643e+05  2.86067e+41  1.65759e-28
 8.23326e-01  6.04314e+05  2.06500e+43  5.84205e+05  1.39559e+43  5.45973e+05  3.90942e+42  4.30814e+05  3.96202e+41  1.65759e-28
 8.50234e-01  5.84205e+05  1.92095e+43  5.84205e+05  1.34712e+43  5.45973e+05  4.27872e+42  4.30814e+05  1.62334e+41  1.65759e-28
 8.78022e-01  5.84205e+05  1.65006e+43  5.84205e+05  1.44891e+43  5.27805e+05  4.38240e+42  4.30814e+05  5.68318e+40  1.65759e-28
 9.06718e-01  5.84205e+05  1.55308e+43  5.64766e+05  1.18654e+43  5.27805e+05  2.99117e+42  4.30814e+05  7.92587e+40  1.65759e-28
 9.36352e-01  5.84205e+05  1.62960e+43  5.64766e+05  1.01528e+43  5.27805e+05  2.44805e+42  4.30814e+05  2.29708e+41  1.65759e-28
 9.66955e-01  5.64766e+05  1.44203e+43  5.64766e+05  9.92904e+42  5.27805e+05  2.75080e+42  4.16479e+05  3.81162e+41  1.65759e-28
 9.98557e-01  5.64766e+05  1.20354e+43  5.64766e+05  1.11933e+43  5.10242e+05  3.63623e+42  4.16479e+05  1.43633e+41  1.65759e-28
 1.03119e+00  5.64766e+05  1.13711e+43  5.45973e+05  8.63776e+42  5.10242e+05  2.07604e+42  4.16479e+05  3.43910e+40  1.65759e-28
 1.06489e+00  5.64766e+05  1.24246e+43  5.45973e+05  7.01551e+42  5.10242e+05  1.36017e+42  4.16479e+05  5.29857e+40  1.65759e-28
 1.09970e+00  5.45973e+05  1.06664e+43  5.45973e+05  6.86919e+42  5.10242e+05  1.48566e+42  4.16479e+05  1.99494e+41  1.65759e-28
 1.13564e+00  5.45973e+05  8.38951e+42  5.45973e+05  8.19819e+42  5.10242e+05  2.45304e+42  4.16479e+05  4.74521e+41  1.65759e-28
 1.17276e+00  5.45973e+05  7.81811e+42  5.27805e+05  6.26707e+42  4.93264e+05  1.75169e+42  4.02620e+05  2.26728e+41  1.65759e-28
 1.21108e+00  5.45973e+05  8.94980e+42  5.27805e+05  4.54530e+42  4.93264e+05  7.45659e+41  4.02620e+05  9.08865e+40  1.65759e-28
 1.25067e+00  5.27805e+05  7.95442e+42  5.27805e+05  4.28924e+42  4.93264e+05  5.78445e+41  4.02620e+05  8.31147e+40  1.65759e-28
 1.29154e+00  5.27805e+05  5.56538e+42  5.27805e+05  5.49781e+42  4.93264e+05  1.24936e+42  4.02620e+05  2.03381e+41  1.65759e-28
 1.33375e+00  5.27805e+05  4.87009e+42  5.10242e+05  4.84249e+42  4.76850e+05  2.18977e+42  4.02620e+05  4.52182e+41  1.65759e-28
 1.37734e+00  5.27805e+05  5.86569e+42  5.10242e+05  2.82510e+42  4.76850e+05  7.68673e+41  3.89223e+05  4.39028e+41  1.65759e-28
 1.42236e+00  5.10242e+05  6.38909e+42  5.10242e+05  2.26629e+42  4.76850e+05  1.86488e+41  3.89223e+05  2.51979e+41  1.65759e-28
 1.46884e+00  5.10242e+05  3.66043e+42  5.10242e+05  3.16376e+42  4.76850e+05  4.40807e+41  3.89223e+05  1.93667e+41  1.65759e-28
 1.51685e+00  5.10242e+05  2.61764e+42  4.93264e+05  4.55109e+42  4.76850e+05  1.53268e+42  3.89223e+05  2.63849e+41  1.65759e-28
 1.56642e+00  5.10242e+05  3.25641e+42  4.93264e+05  2.03263e+42  4.60983e+05  1.67262e+42  3.89223e+05  4.62818e+41  1.65759e-28
 1.61762e+00  5.10242e+05  5.57939e+42  4.93264e+05  9.69483e+41  4.60983e+05  5.43392e+41  3.89223e+05  7.91396e+41  1.65759e-28
 1.67049e+00  4.93264e+05  2.88236e+42  4.93264e+05  1.35724e+42  4.60983e+05  2.52151e+41  3.76271e+05  5.63184e+41  1.65759e-28
 1.72508e+00  4.93264e+05  1.25832e+42  4.93264e+05  3.19750e+42  4.60983e+05  7.97687e+41  3.76271e+05  4.27789e+41  1.65759e-28
 1.78146e+00  4.93264e+05  1.31021e+42  4.76850e+05  2.45901e+42  4.60983e+05  2.18226e+42  3.76271e+05  4.21859e+41  1.65759e-28
 1.83968e+00  4.93264e+05  3.03825e+42  4.76850e+05  6.77491e+41  4.45643e+05  1.97975e+42  3.76271e+05  5.45368e+41  1.65759e-28
 1.89981e+00  4.76850e+05  3.57092e+42  4.76850e+05  3.45669e+41  4.45643e+05  1.00110e+42  3.76271e+05  7.98828e+41  1.65759e-28
 1.96190e+00  4.76850e+05  1.11720e+42  4.76850e+05  1.46217e+42  4.45643e+05  8.62328e+41  3.63750e+05  1.09703e+42  1.65759e-28
 2.02602e+00  4.76850e+05  3.38837e+41  4.76850e+05  4.03162e+42  4.45643e+05  1.56286e+42  3.63750e+05  8.54480e+41  1.65759e-28
 2.09224e+00  4.76850e+05  1.23260e+42  4.60983e+05  1.80378e+42  4.45643e+05  3.10558e+42  3.63750e+05  7.43159e+41  1.65759e-28
 2.16062e+00  4.76850e+05  3.80219e+42  4.60983e+05  5.26319e+41  4.30814e+05  3.12780e+42  3.63750e+05  7.62607e+41  1.65759e-28
 2.23123e+00  4.60983e+05  2.67641e+42  4.60983e+05  6.97934e+41  4.30814e+05  2.14950e+42  3.63750e+05  9.12905e+41  1.65759e-28
 2.30415e+00  4.60983e+05  8.05255e+41  4.60983e+05  2.31933e+42  4.30814e+05  2.01583e+42  3.63750e+05  1.19467e+42  1.65759e-28
 2.37946e+00  4.60983e+05  6.08161e+41  4.45643e+05  4.93382e+42  4.30814e+05  2.72624e+42  3.51646e+05  1.58013e+42  1.65759e-28
 2.45723e+00  4.60983e+05  2.08431e+42  4.45643e+05  2.46109e+42  4.30814e+05  4.28366e+42  3.51646e+05  1.32910e+42  1.65759e-28
 2.53753e+00  4.60983e+05  5.23981e+42  4.45643e+05  1.44545e+42  4.16479e+05  5.24217e+42  3.51646e+05  1.21127e+42  1.65759e-28
 2.62047e+00  4.45643e+05  3.36449e+42  4.45643e+05  1.88268e+42  4.16479e+05  4.10049e+42  3.51646e+05  1.22614e+42  1.65759e-28
 2.70611e+00  4.45643e+05  1.79479e+42  4.45643e+05  3.77459e+42  4.16479e+05  3.81151e+42  3.51646e+05  1.37378e+42  1.65759e-28
 2.79455e+00  4.45643e+05  1.90325e+42  4.30814e+05  6.92954e+42  4.16479e+05  4.37403e+42  3.51646e+05  1.65480e+42  1.65759e-28
 2.88589e+00  4.45643e+05  3.69031e+42  4.30814e+05  4.45273e+42  4.16479e+05  5.79040e+42  3.51646e+05  2.07036e+42  1.65759e-28
 2.98021e+00  4.45643e+05  7.16338e+42  4.30814e+05  3.44124e+42  4.16479e+05  8.06645e+42  3.39945e+05  2.04095e+42  1.65759e-28
 3.07761e+00  4.30814e+05  5.66450e+42  4.30814e+05  3.89088e+42  4.02620e+05  7.10539e+42  3.39945e+05  1.88117e+42  1.65759e-28
 3.17819e+00  4.30814e+05  4.09735e+42  4.30814e+05  5.80351e+42  4.02620e+05  6.48168e+42  3.39945e+05  1.85688e+42  1.65759e-28
 3.28206e+00  4.30814e+05  4.21788e+42  4.30814e+05  9.18706e+42  4.02620e+05  6.72053e+42  3.39945e+05  1.96796e+42  1.65759e-28
 3.38933e+00  4.30814e+05  6.02660e+42  4.16479e+05  7.98511e+42  4.02620e+05  7.82292e+42  3.39945e+05  2.21487e+42  1.65759e-28
 3.50010e+00  4.30814e+05  9.53098e+42  4.16479e+05  6.69707e+42  4.02620e+05  9.79343e+42  3.39945e+05  2.59865e+42  1.65759e-28
 3.61449e+00  4.16479e+05  9.82125e+42  4.16479e+05  6.88363e+42  3.89223e+05  1.16136e+43  3.28633e+05  3.10817e+42  1.65759e-28
 3.73262e+00  4.16479e+05  7.93089e+42  4.16479e+05  8.54558e+42  3.89223e+05  1.04475e+43  3.28633e+05  2.86281e+42  1.65759e-28
 3.85462e+00  4.16479e+05  7.74409e+42  4.16479e+05  1.16898e+43  3.89223e+05  1.01604e+43  3.28633e+05  2.75699e+42  1.65759e-28
 3.98060e+00  4.16479e+05  9.26006e+42  4.02620e+05  1.35121e+43  3.89223e+05  1.07510e+43  3.28633e+05  2.79027e+42  1.65759e-28
 4.11069e+00  4.16479e+05  1.24851e+43  4.02620e+05  1.16329e+43  3.89223e+05  1.22218e+43  3.28633e+05  2.96280e+42  1.65759e-28
 4.24504e+00  4.02620e+05  1.63683e+43  4.02620e+05  1.12488e+43  3.89223e+05  1.45790e+43  3.28633e+05  3.27528e+42  1.65759e-28
 4.38378e+00  4.02620e+05  1.37894e+43  4.02620e+05  1.23581e+43  3.76271e+05  1.64158e+43  3.28633e+05  3.72901e+42  1.65759e-28
 4.52705e+00  4.02620e+05  1.29383e+43  4.02620e+05  1.49654e+43  3.76271e+05  1.53595e+43  3.28633e+05  4.32587e+42  1.65759e-28
 4.67501e+00  4.02620e+05  1.38115e+43  4.02620e+05  1.90816e+43  3.76271e+05  1.52025e+43  3.17698e+05  4.25939e+42  1.65759e-28
 4.82780e+00  4.02620e+05  1.64125e+43  3.89223e+05  1.90042e+43  3.76271e+05  1.59442e+43  3.17698e+05  4.15276e+42  1.65759e-28
 4.98558e+00  4.02620e+05  2.07522e+43  3.89223e+05  1.76942e+43  3.76271e+05  1.75876e+43  3.17698e+05  4.19100e+42  1.65759e-28
 5.14853e+00  3.89223e+05  2.25587e+43  3.89223e+05  1.79044e+43  3.76271e+05  2.01395e+43  3.17698e+05  4.37428e+42  1.65759e-28
 5.31679e+00  3.89223e+05  2.06306e+43  3.89223e+05  1.96355e+43  3.63750e+05  2.34254e+43  3.17698e+05  4.70336e+42  1.65759e-28
 5.49056e+00  3.89223e+05  2.04586e+43  3.89223e+05  2.28948e+43  3.63750e+05  2.22232e+43  3.17698e+05  5.17960e+42  1.65759e-28
 5.67001e+00  3.89223e+05  2.20420e+43  3.89223e+05  2.76957e+43  3.63750e+05  2.19487e+43  3.17698e+05  5.80497e+42  1.65759e-28
 5.85532e+00  3.89223e+05  2.53873e+43  3.76271e+05  2.74109e+43  3.63750e+05  2.26008e+43  3.17698e+05  6.58206e+42  1.65759e-28
 6.04668e+00  3.89223e+05  3.05084e+43  3.76271e+05  2.63069e+43  3.63750e+05  2.41822e+43  3.17698e+05  7.51408e+42  1.65759e-28
 6.24430e+00  3.76271e+05  3.22156e+43  3.76271e+05  2.67586e+43  3.63750e+05  2.66993e+43  3.17698e+05  8.60489e+42  1.65759e-28
 6.44838e+00  3.76271e+05  3.05158e+43  3.76271e+05  2.87680e+43  3.63750e+05  3.01627e+43  3.17698e+05  9.85900e+42  1.65759e-28
 6.65913e+00  3.76271e+05  3.06129e+43  3.76271e+05  3.23433e+43  3.51646e+05  3.19250e+43  3.17698e+05  1.12816e+43  1.65759e-28
 6.87677e+00  3.76271e+05  3.25075e+43  3.76271e+05  3.74994e+43  3.51646e+05  3.12154e+43  3.17698e+05  1.28786e+43  1.65759e-28
 7.10152e+00  3.76271e+05  3.62073e+43  3.63750e+05  3.94335e+43  3.51646e+05  3.14708e+43  3.17698e+05  1.46566e+43  1.65759e-28
 7.33362e+00  3.76271e+05  4.17277e+43  3.63750e+05  3.80992e+43  3.51646e+05  3.26921e+43  3.17698e+05  1.66229e+43  1.65759e-28
 7.57330e+00  3.63750e+05  4.61693e+43  3.63750e+05  3.83695e+43  3.51646e+05  3.48845e+43  3.17698e+05  1.87857e+43  1.65759e-28
 7.82082e+00  3.63750e+05  4.41902e+43  3.63750e+05  4.02455e+43  3.51646e+05  3.80569e+43  3.17698e+05  2.11540e+43  1.65759e-28
 8.07642e+00  3.63750e+05  4.40646e+43  3.63750e+05  4.37350e+43  3.51646e+05  4.22226e+43  3.17698e+05  2.37375e+43  1.65759e-28
 8.34038e+00  3.63750e+05  4.57921e+43  3.63750e+05  4.88523e+43  3.39945e+05  4.47535e+43  3.17698e+05  2.65469e+43  1.65759e-28
 8.61296e+00  3.63750e+05  4.93798e+43  3.63750e+05  5.56187e+43  3.39945e+05  4.41843e+43  3.17698e+05  2.95939e+43  1.65759e-28
 8.89446e+00  3.63750e+05  5.48427e+43  3.51646e+05  5.45500e+43  3.39945e+05  4.46337e+43  3.17698e+05  3.28911e+43  1.65759e-28
 9.18515e+00  3.63750e+05  6.22032e+43  3.51646e+05  5.40976e+43  3.39945e+05  4.61036e+43  3.17698e+05  3.64520e+43  1.65759e-28
 9.48535e+00  3.51646e+05  6.33945e+43  3.51646e+05  5.53159e+43  3.39945e+05  4.86000e+43  3.17698e+05  4.02915e+43  1.65759e-28
 9.79535e+00  3.51646e+05  6.24161e+43  3.51646e+05  5.82101e+43  3.39945e+05  5.21332e+43  3.17698e+05  4.44255e+43  1.65759e-28
 1.01155e+01  3.51646e+05  6.33668e+43  3.51646e+05  6.27920e+43  3.39945e+05  5.67180e+43  3.17698e+05  4.88710e+43  1.65759e-28
 1.04461e+01  3.51646e+05  6.62503e+43  3.51646e+05  6.90807e+43  3.39945e+05  6.23732e+43  3.17698e+05  5.36464e+43  1.65759e-28
 1.07875e+01  3.51646e+05  7.10788e+43  3.51646e+05  7.71022e+43  3.28633e+05  6.34385e+43  3.17698e+05  5.87716e+43  1.65759e-28
 1.11401e+01  3.51646e+05  7.78722e+43  3.39945e+05  7.68778e+43  3.28633e+05  6.35668e+43  3.17698e+05  6.42676e+43  1.65759e-28
 1.15041e+01  3.51646e+05  8.66586e+43  3.39945e+05  7.67106e+43  3.28633e+05  6.47939e+43  3.17698e+05  7.01574e+43  1.65759e-28
 1.18801e+01  3.39945e+05  8.91143e+43  3.39945e+05  7.83078e+43  3.28633e+05  6.71249e+43  3.17698e+05  7.64651e+43  1.65759e-28
 1.22684e+01  3.39945e+05  8.84399e+43  3.39945e+05  8.16759e+43  3.28633e+05  7.05694e+43  3.17698e+05  8.32170e+43  1.65759e-28
 1.26694e+01  3.39945e+05  8.98023e+43  3.39945e+05  8.68290e+43  3.28633e+05  7.51416e+43  3.17698e+05  9.04410e+43  1.65759e-28
 1.30834e+01  3.39945e+05  9.32071e+43  3.39945e+05  9.37882e+43  3.28633e+05  8.08606e+43  3.17698e+05  9.81670e+43  1.65759e-28
 1.35110e+01  3.39945e+05  9.86683e+43  3.39945e+05  1.02583e+44  3.28633e+05  8.77500e+43  3.17698e+05  1.06427e+44  1.65759e-28
 1.39526e+01  3.39945e+05  1.06209e+44  3.28633e+05  1.10590e+44  3.28633e+05  9.58382e+43  3.17698e+05  1.15255e+44  1.65759e-28
 1.44086e+01  3.39945e+05  1.15859e+44  3.28633e+05  1.09792e+44  3.28633e+05  1.05159e+44  3.17698e+05  1.24688e+44  1.65759e-28
 1.48795e+01  3.39945e+05  1.27660e+44  3.28633e+05  1.10896e+44  3.17698e+05  1.07132e+44  3.17698e+05  1.34764e+44  1.65759e-28
 1.53658e+01  3.28633e+05  1.26797e+44  3.28633e+05  1.13905e+44  3.17698e+05  1.08958e+44  3.17698e+05  1.45526e+44  1.65759e-28
 1.58680e+01  3.28633e+05  1.27552e+44  3.28633e+05  1.18832e+44  3.17698e+05  1.12070e+44  3.17698e+05  1.57018e+44  1.65759e-28
 1.63866e+01  3.28633e+05  1.30506e+44  3.28633e+05  1.25698e+44  3.17698e+05  1.16481e+44  3.17698e+05  1.69287e+44  1.65759e-28
 1.69222e+01  3.28633e+05  1.35670e+44  3.28633e+05  1.34531e+44  3.17698e+05  1.22210e+44  3.17698e+05  1.82385e+44  1.65759e-28
 1.74753e+01  3.28633e+05  1.43067e+44  3.28633e+05  1.45368e+44  3.17698e+05  1.29281e+44  3.17698e+05  1.96365e+44  1.65759e-28
 1.80464e+01  3.28633e+05  1.52726e+44  3.28633e+05  1.58253e+44  3.17698e+05  1.37723e+44  3.17698e+05  2.11285e+44  1.65759e-28
 1.86362e+01  3.28633e+05  1.64688e+44  3.28633e+05  1.73241e+44  3.17698e+05  1.47570e+44  3.17698e+05  2.27208e+44  1.65759e-28
 1.92453e+01  3.28633e+05  1.79003e+44  3.17698e+05  1.84836e+44  3.17698e+05  1.58863e+44  3.17698e+05  2.44198e+44  1.65759e-28
 1.98743e+01  3.28633e+05  1.95729e+44  3.17698e+05  1.86806e+44  3.17698e+05  1.71650e+44  3.17698e+05  2.62327e+44  1.65759e-28
 2.05238e+01  3.17698e+05  2.13267e+44  3.17698e+05  1.90995e+44  3.17698e+05  1.85983e+44  3.17698e+05  2.81669e+44  1.65759e-28
 2.11946e+01  3.17698e+05  2.14937e+44  3.17698e+05  1.97421e+44  3.17698e+05  2.01922e+44  3.17698e+05  3.02305e+44  1.65759e-28
 2.18873e+01  3.17698e+05  2.19167e+44  3.17698e+05  2.06112e+44  3.17698e+05  2.19531e+44  3.17698e+05  3.24319e+44  1.65759e-28
 2.26026e+01  3.17698e+05  2.25975e+44  3.17698e+05  2.17102e+44  3.17698e+05  2.38885e+44  3.17698e+05  3.47803e+44  1.65759e-28
 2.33413e+01  3.17698e+05  2.35388e+44  3.17698e+05  2.30438e+44  3.17698e+05  2.60064e+44  3.17698e+05  3.72854e+44  1.65759e-28
 2.41042e+01  3.17698e+05  2.47447e+44  3.17698e+05  2.46174e+44  3.17698e+05  2.83154e+44  3.17698e+05  3.99576e+44  1.65759e-28
 2.48920e+01  3.17698e+05  2.62200e+44  3.17698e+05  2.64376e+44  3.17698e+05  3.08252e+44  3.17698e+05  4.28079e+44  1.65759e-28
 2.57055e+01  3.17698e+05  2.79709e+44  3.17698e+05  2.85119e+44  3.17698e+05  3.35461e+44  3.17698e+05  4.58482e+44  1.65759e-28
 2.65456e+01  3.17698e+05  3.00047e+44  3.17698e+05  3.08489e+44  3.17698e+05  3.64894e+44  3.17698e+05  4.90910e+44  1.65759e-28
 2.74132e+01  3.17698e+05  3.23297e+44  3.17698e+05  3.34582e+44  3.17698e+05  3.96674e+44  3.17698e+05  5.25496e+44  1.65759e-28
 2.83091e+01  3.17698e+05  3.49555e+44  3.17698e+05  3.63507e+44  3.17698e+05  4.30930e+44  3.17698e+05  5.62386e+44  1.65759e-28
 2.92343e+01  3.17698e+05  3.78931e+44  3.17698e+05  3.95383e+44  3.17698e+05  4.67806e+44  3.17698e+05  6.01730e+44  1.65759e-28
 3.01898e+01  3.17698e+05  4.11546e+44  3.17698e+05  4.30342e+44  3.17698e+05  5.07453e+44  3.17698e+05  6.43693e+44  1.65759e-28
 3.11765e+01  3.17698e+05  4.47535e+44  3.17698e+05  4.68530e+44  3.17698e+05  5.50036e+44  3.17698e+05  6.88447e+44  1.65759e-28
 3.21954e+01  3.17698e+05  4.87047e+44  3.17698e+05  5.10103e+44  3.17698e+05  5.95731e+44  3.17698e+05  7.36178e+44  1.65759e-28
 3.32476e+01  3.17698e+05  5.30245e+44  3.17698e+05  5.55234e+44  3.17698e+05  6.44728e+44  3.07126e+05  7.77044e+44  1.65759e-28
 3.43343e+01  3.17698e+05  5.77308e+44  3.17698e+05  6.04109e+44  3.17698e+05  6.97228e+44  3.07126e+05  7.95849e+44  1.65759e-28
 3.54564e+01  3.17698e+05  6.28431e+44  3.17698e+05  6.56932e+44  3.17698e+05  7.53449e+44  3.07126e+05  8.18076e+44  1.65759e-28
 3.66152e+01  3.17698e+05  6.83825e+44  3.17698e+05  7.13920e+44  3.17698e+05  8.13625e+44  3.07126e+05  8.43816e+44  1.65759e-28
 3.78119e+01  3.17698e+05  7.43720e+44  3.17698e+05  7.75310e+44  3.17698e+05  8.78003e+44  3.07126e+05  8.73176e+44  1.65759e-28
 3.90477e+01  3.17698e+05  8.08364e+44  3.17698e+05  8.41355e+44  3.17698e+05  9.46850e+44  3.07126e+05  9.06277e+44  1.65759e-28
 4.03238e+01  3.17698e+05  8.78024e+44  3.17698e+05  9.12329e+44  3.17698e+05  1.02045e+45  3.07126e+05  9.43256e+44  1.65759e-28
 4.16417e+01  3.17698e+05  9.52988e+44  3.17698e+05  9.88525e+44  3.17698e+05  1.09911e+45  3.07126e+05  9.84267e+44  1.65759e-28
 4.30027e+01  3.17698e+05  1.03357e+45  3.17698e+05  1.07026e+45  3.17698e+05  1.18316e+45  3.07126e+05  1.02948e+45  1.65759e-28
 4.44081e+01  3.17698e+05  1.12009e+45  3.17698e+05  1.15787e+45  3.17698e+05  1.27293e+45  3.07126e+05  1.07908e+45  1.65759e-28
 4.58595e+01  3.17698e+05  1.21293e+45  3.17698e+05  1.25172e+45  3.17698e+05  1.36882e+45  3.07126e+05  1.13327e+45  1.65759e-28
 4.73583e+01  3.17698e+05  1.31245e+45  3.17698e+05  1.35220e+45  3.17698e+05  1.47120e+45  3.07126e+05  1.19228e+45  1.65759e-28
 4.89061e+01  3.17698e+05  1.41908e+45  3.17698e+05  1.45971e+45  3.17698e+05  1.58050e+45  3.07126e+05  1.25636e+45  1.65759e-28
 5.05045e+01  3.17698e+05  1.53325e+45  3.17698e+05  1.57472e+45  3.17698e+05  1.69718e+45  3.07126e+05  1.32575e+45  1.65759e-28
 5.21551e+01  3.17698e+05  1.65543e+45  3.17698e+05  1.69769e+45  3.17698e+05  1.82173e+45  3.07126e+05  1.40077e+45  1.65759e-28
 5.38597e+01  3.17698e+05  1.78614e+45  3.17698e+05  1.82914e+45  3.17698e+05  1.95464e+45  3.07126e+05  1.48171e+45  1.65759e-28
 5.56199e+01  3.17698e+05  1.92591e+45  3.17698e+05  1.96960e+45  3.17698e+05  2.09648e+45  3.07126e+05  1.56891e+45  1.65759e-28
 5.74378e+01  3.17698e+05  2.07532e+45  3.17698e+05  2.11965e+45  3.17698e+05  2.24784e+45  3.07126e+05  1.66273e+45  1.65759e-28
 5.93150e+01  3.17698e+05  2.23499e+45  3.17698e+05  2.27993e+45  3.17698e+05  2.40933e+45  3.07126e+05  1.76355e+45  1.65759e-28
 6.12535e+01  3.17698e+05  2.40558e+45  3.17698e+05  2.45109e+45  3.17698e+05  2.58163e+45  3.07126e+05  1.87181e+45  1.65759e-28
 6.32555e+01  3.17698e+05  2.58779e+45  3.17698e+05  2.63384e+45  3.17698e+05  2.76545e+45  3.07126e+05  1.98794e+45  1.65759e-28
 6.53228e+01  3.17698e+05  2.78239e+45  3.17698e+05  2.82894e+45  3.17698e+05  2.96154e+45  3.07126e+05  2.11242e+45  1.65759e-28
 6.74577e+01  3.17698e+05  2.99017e+45  3.17698e+05  3.03719e+45  3.17698e+05  3.17073e+45  3.07126e+05  2.24577e+45  1.65759e-28
 6.96624e+01  3.17698e+05  3.21200e+45  3.17698e+05  3.25946e+45  3.17698e+05  3.39388e+45  3.07126e+05  2.38855e+45  1.65759e-28
 7.19392e+01  3.17698e+05  3.44879e+45  3.17698e+05  3.49666e+45  3.17698e+05  3.63191e+45  3.07126e+05  2.54133e+45  1.65759e-28
 7.42903e+01  3.17698e+05  3.70152e+45  3.17698e+05  3.74978e+45  3.17698e+05  3.88581e+45  3.07126e+05  2.70476e+45  1.65759e-28
 7.67183e+01  3.17698e+05  3.97125e+45  3.17698e+05  4.01987e+45  3.17698e+05  4.15662e+45  3.07126e+05  2.87952e+45  1.65759e-28
 7.92257e+01  3.17698e+05  4.25908e+45  3.17698e+05  4.30804e+45  3.17698e+05  4.44547e+45  3.07126e+05  3.06632e+45  1.65759e-28
 8.18150e+01  3.17698e+05  4.56620e+45  3.17698e+05  4.61548e+45  3.17698e+05  4.75355e+45  3.07126e+05  3.26593e+45  1.65759e-28
 8.44889e+01  3.17698e+05  4.89390e+45  3.17698e+05  4.94348e+45  3.17698e+05  5.08214e+45  3.07126e+05  3.47919e+45  1.65759e-28
 8.72502e+01  3.17698e+05  5.24351e+45  3.17698e+05  5.29337e+45  3.17698e+05  5.43260e+45  3.07126e+05  3.70697e+45  1.65759e-28
 9.01018e+01  3.17698e+05  5.61650e+45  3.17698e+05  5.66663e+45  3.17698e+05  5.80638e+45  3.07126e+05  3.95023e+45  1.65759e-28
 9.30466e+01  3.17698e+05  6.01440e+45  3.17698e+05  6.06478e+45  3.17698e+05  6.20502e+45  3.07126e+05  4.20996e+45  1.65759e-28
 9.60876e+01  3.17698e+05  6.43887e+45  3.17698e+05  6.48947e+45  3.17698e+05  6.63018e+45  3.07126e+05  4.48724e+45  1.65759e-28
 9.92280e+01  3.17698e+05  6.89165e+45  3.17698e+05  6.94247e+45  3.17698e+05  7.08361e+45  3.07126e+05  4.78321e+45  1.65759e-28
 1.02471e+02  3.17698e+05  7.37462e+45  3.17698e+05  7.42565e+45  3.17698e+05  7.56720e+45  3.07126e+05  5.09912e+45  1.65759e-28
 1.05820e+02  3.17698e+05  7.88979e+45  3.17698e+05  7.94100e+45  3.17698e+05  8.08293e+45  3.07126e+05  5.43625e+45  1.65759e-28
 1.09278e+02  3.17698e+05  8.43927e+45  3.17698e+05  8.49066e+45  3.17698e+05  8.63296e+45  3.07126e+05  5.79600e+45  1.65759e-28
 1.12850e+02  3.17698e+05  9.02535e+45  3.17698e+05  9.07691e+45  3.17698e+05  9.21954e+45  3.07126e+05  6.17987e+45  1.65759e-28
 1.16538e+02  3.17698e+05  9.65046e+45  3.17698e+05  9.70217e+45  3.17698e+05  9.84512e+45  3.07126e+05  6.58945e+45  1.65759e-28
 1.20347e+02  3.17698e+05  1.03172e+46  3.17698e+05  1.03690e+46  3.17698e+05  1.05123e+46  3.07126e+05  7.02642e+45  1.65759e-28
 1.24280e+02  3.17698e+05  1.10282e+46  3.17698e+05  1.10803e+46  3.17698e+05  1.12238e+46  3.07126e+05  7.49259e+45  1.65759e-28
 1.28342e+02  3.17698e+05  1.17866e+46  3.17698e+05  1.18388e+46  3.17698e+05  1.19825e+46  3.07126e+05  7.98991e+45  1.65759e-28
 1.32537e+02  3.17698e+05  1.25955e+46  3.17698e+05  1.26477e+46  3.17698e+05  1.27918e+46  3.07126e+05  8.52041e+45  1.65759e-28
 1.36868e+02  3.17698e+05  1.34581e+46  3.17698e+05  1.35105e+46  3.17698e+05  1.36547e+46  3.07126e+05  9.08631e+45  1.65759e-28
 1.41341e+02  3.17698e+05  1.43781e+46  3.17698e+05  1.44306e+46  3.17698e+05  1.45751e+46  3.07126e+05  9.68993e+45  1.65759e-28
 1.45961e+02  3.17698e+05  1.53593e+46  3.17698e+05  1.54119e+46  3.17698e+05  1.55565e+46  3.07126e+05  1.03338e+46  1.65759e-28
 1.50731e+02  3.17698e+05  1.64057e+46  3.17698e+05  1.64584e+46  3.17698e+05  1.66032e+46  3.07126e+05  1.10205e+46  1.65759e-28
 1.55658e+02  3.17698e+05  1.75217e+46  3.17698e+05  1.75744e+46  3.17698e+05  1.77195e+46  3.07126e+05  1.17530e+46  1.65759e-28
 1.60745e+02  3.17698e+05  1.87118e+46  3.17698e+05  1.87647e+46  3.17698e+05  1.89099e+46  3.07126e+05  1.25343e+46  1.65759e-28
 1.65998e+02  3.17698e+05  1.99811e+46  3.17698e+05  2.00340e+46  3.17698e+05  2.01794e+46  3.07126e+05  1.33675e+46  1.65759e-28
 1.71424e+02  3.17698e+05  2.13347e+46  3.17698e+05  2.13877e+46  3.17698e+05  2.15332e+46  3.07126e+05  1.42562e+46  1.65759e-28
 1.77026e+02  3.17698e+05  2.27783e+46  3.17698e+05  2.28314e+46  3.17698e+05  2.29770e+46  3.07126e+05  1.52041e+46  1.65759e-28
 1.82812e+02  3.17698e+05  2.43179e+46  3.17698e+05  2.43710e+46  3.17698e+05  2.45168e+46  3.07126e+05  1.62149e+46  1.65759e-28
 1.88787e+02  3.17698e+05  2.59597e+46  3.17698e+05  2.60129e+46  3.17698e+05  2.61588e+46  3.07126e+05  1.72930e+46  1.65759e-28
 1.94957e+02  3.17698e+05  2.77107e+46  3.17698e+05  2.77639e+46  3.07126e+05  2.71122e+46  3.07126e+05  1.84428e+46  1.65759e-28
 2.01328e+02  3.17698e+05  2.95780e+46  3.17698e+05  2.96313e+46  3.07126e+05  2.77877e+46  3.07126e+05  1.96691e+46  1.65759e-28
 2.07908e+02  3.17698e+05  3.15693e+46  3.17698e+05  3.16227e+46  3.07126e+05  2.85791e+46  3.07126e+05  2.09769e+46  1.65759e-28
 2.14703e+02  3.17698e+05  3.36930e+46  3.17698e+05  3.37464e+46  3.07126e+05  2.94896e+46  3.07126e+05  2.23716e+46  1.65759e-28
 2.21720e+02  3.17698e+05  3.59578e+46  3.17698e+05  3.60113e+46  3.07126e+05  3.05230e+46  3.07126e+05  2.38590e+46  1.65759e-28
 2.28967e+02  3.17698e+05  3.83731e+46  3.17698e+05  3.84266e+46  3.07126e+05  3.16835e+46  3.07126e+05  2.54453e+46  1.65759e-28
 2.36450e+02  3.17698e+05  4.09489e+46  3.17698e+05  4.10024e+46  3.07126e+05  3.29759e+46  3.07126e+05  2.71371e+46  1.65759e-28
 2.44178e+02  3.17698e+05  4.36958e+46  3.17698e+05  4.37493e+46  3.07126e+05  3.44057e+46  3.07126e+05  2.89412e+46  1.65759e-28
 2.52158e+02  3.17698e+05  4.66252e+46  3.07126e+05  4.64095e+46  3.07126e+05  3.59787e+46  3.07126e+05  3.08653e+46  1.65759e-28
 2.60399e+02  3.17698e+05  4.97492e+46  3.07126e+05  4.74732e+46  3.07126e+05  3.77015e+46  3.07126e+05  3.29172e+46  1.65759e-28
 2.68910e+02  3.17698e+05  5.30808e+46  3.07126e+05  4.87349e+46  3.07126e+05  3.95810e+46  3.07126e+05  3.51055e+46  1.65759e-28
 2.77699e+02  3.07126e+05  5.45066e+46  3.07126e+05  5.01997e+46  3.07126e+05  4.16253e+46  3.07126e+05  3.74392e+46  1.65759e-28
 2.86774e+02  3.07126e+05  5.59090e+46  3.07126e+05  5.18737e+46  3.07126e+05  4.38426e+46  3.07126e+05  3.99280e+46  1.65759e-28
 2.96147e+02  3.07126e+05  5.75443e+46  3.07126e+05  5.37638e+46  3.07126e+05  4.62422e+46  3.07126e+05  4.25821e+46  1.65759e-28
 3.05826e+02  3.07126e+05  5.94195e+46  3.07126e+05  5.58779e+46  3.07126e+05  4.88340e+46  3.07126e+05  4.54126e+46  1.65759e-28
 3.15821e+02  3.07126e+05  6.15423e+46  3.07126e+05  5.82246e+46  3.07126e+05  5.16288e+46  3.07126e+05  4.84311e+46  1.65759e-28
 3.26143e+02  3.07126e+05  6.39214e+46  3.07126e+05  6.08138e+46  3.07126e+05  5.46381e+46  3.07126e+05  5.16503e+46  1.65759e-28
 3.36802e+02  3.07126e+05  6.65667e+46  3.07126e+05  6.36561e+46  3.07126e+05  5.78743e+46  3.07126e+05  5.50832e+46  1.65759e-28
 3.47810e+02  3.07126e+05  6.94892e+46  3.07126e+05  6.67633e+46  3.07126e+05  6.13508e+46  3.07126e+05  5.87443e+46  1.65759e-28
 3.59177e+02  3.07126e+05  7.27010e+46  3.07126e+05  7.01482e+46  3.07126e+05  6.50821e+46  3.07126e+05  6.26486e+46  1.65759e-28
 3.70916e+02  3.07126e+05  7.62152e+46  3.07126e+05  7.38248e+46  3.07126e+05  6.90836e+46  3.07126e+05  6.68123e+46  1.65759e-28
 3.83038e+02  3.07126e+05  8.00466e+46  3.07126e+05  7.78085e+46  3.07126e+05  7.33717e+46  3.07126e+05  7.12527e+46  1.65759e-28
 3.95557e+02  3.07126e+05  8.42109e+46  3.07126e+05  8.21156e+46  3.07126e+05  7.79644e+46  3.07126e+05  7.59880e+46  1.65759e-28
 4.08485e+02  3.07126e+05  8.87254e+46  3.07126e+05  8.67639e+46  3.07126e+05  8.28806e+46  3.07126e+05  8.10380e+46  1.65759e-28
 4.21835e+02  3.07126e+05  9.36087e+46  3.07126e+05  9.17728e+46  3.07126e+05  8.81406e+46  3.07126e+05  8.64234e+46  1.65759e-28
 4.35622e+02  3.07126e+05  9.88811e+46  3.07126e+05  9.71630e+46  3.07126e+05  9.37662e+46  3.07126e+05  9.21666e+46  1.65759e-28
 4.49859e+02  3.07126e+05  1.04564e+47  3.07126e+05  1.02957e+47  3.07126e+05  9.97807e+46  3.07126e+05  9.82914e+46  1.65759e-28
 4.64562e+02  3.07126e+05  1.10682e+47  3.07126e+05  1.09178e+47  3.07126e+05  1.06209e+47  3.07126e+05  1.04823e+47  1.65759e-28
 4.79745e+02  3.07126e+05  1.17259e+47  3.07126e+05  1.15852e+47  3.07126e+05  1.13078e+47  3.07126e+05  1.11789e+47  1.65759e-28
 4.95424e+02  3.07126e+05  1.24324e+47  3.07126e+05  1.23008e+47  3.07126e+05  1.20415e+47  3.07126e+05  1.19217e+47  1.65759e-28
 5.11616e+02  3.07126e+05  1.31904e+47  3.07126e+05  1.30674e+47  3.07126e+05  1.28252e+47  3.07126e+05  1.27139e+47  1.65759e-28
 5.28337e+02  3.07126e+05  1.40032e+47  3.07126e+05  1.38882e+47  3.07126e+05  1.36620e+47  3.07126e+05  1.35587e+47  1.65759e-28
 5.45604e+02  3.07126e+05  1.48742e+47  3.07126e+05  1.47666e+47  3.07126e+05  1.45554e+47  3.07126e+05  1.44597e+47  1.65759e-28
 5.63436e+02  3.07126e+05  1.58068e+47  3.07126e+05  1.57063e+47  3.07126e+05  1.55092e+47  3.07126e+05  1.54205e+47  1.65759e-28
 5.81850e+02  3.07126e+05  1.68051e+47  3.07126e+05  1.67111e+47  3.07126e+05  1.65272e+47  3.07126e+05  1.64451e+47  1.65759e-28
 6.00867e+02  3.07126e+05  1.78730e+47  3.07126e+05  1.77853e+47  3.07126e+05  1.76137e+47  3.07126e+05  1.75378e+47  1.65759e-28
 6.20505e+02  3.07126e+05  1.90151e+47  3.07126e+05  1.89332e+47  3.07126e+05  1.87732e+47  3.07126e+05  1.87031e+47  1.65759e-28
 6.40784e+02  3.07126e+05  2.02360e+47  3.07126e+05  2.01595e+47  3.07126e+05  2.00105e+47  3.07126e+05  1.99458e+47  1.65759e-28
 6.61727e+02  3.07126e+05  2.15409e+47  3.07126e+05  2.14695e+47  3.07126e+05  2.13307e+47  3.07126e+05  2.12710e+47  1.65759e-28
 6.83354e+02  3.07126e+05  2.29351e+47  3.07126e+05  2.28684e+47  3.07126e+05  2.27392e+47  3.07126e+05  2.26843e+47  1.65759e-28
 7.05688e+02  3.07126e+05  2.44243e+47  3.07126e+05  2.43622e+47  3.07126e+05  2.42419e+47  3.07126e+05  2.41915e+47  1.65759e-28
 7.28751e+02  3.07126e+05  2.60148e+47  3.07126e+05  2.59569e+47  3.07126e+05  2.58450e+47  3.07126e+05  2.57988e+47  1.65759e-28
 7.52569e+02  3.07126e+05  2.77131e+47  3.07126e+05  2.76592e+47  3.07126e+05  2.75552e+47  3.07126e+05  2.75129e+47  1.65759e-28
 7.77165e+02  3.07126e+05  2.95263e+47  3.07126e+05  2.94760e+47  3.07126e+05  2.93794e+47  3.07126e+05  2.93409e+47  1.65759e-28
 8.02565e+02  3.07126e+05  3.14619e+47  3.07126e+05  3.14150e+47  3.07126e+05  3.13254e+47  3.07126e+05  3.12903e+47  1.65759e-28
 8.28794e+02  3.07126e+05  3.35278e+47  3.07126e+05  3.34842e+47  3.07126e+05  3.34011e+47  3.07126e+05  3.33693e+47  1.65759e-28
 8.55882e+02  3.07126e+05  3.57326e+47  3.07126e+05  3.56921e+47  3.07126e+05  3.56150e+47  2.96907e+05  3.44604e+47  1.65759e-28
 8.83854e+02  3.07126e+05  3.80855e+47  3.07126e+05  3.80478e+47  3.07126e+05  3.79765e+47  2.96907e+05  3.52848e+47  1.65759e-28
 9.12741e+02  3.07126e+05  4.05961e+47  3.07126e+05  4.05612e+47  3.07126e+05  4.04952e+47  2.96907e+05  3.62552e+47  1.65759e-28
 9.42571e+02  3.07126e+05  4.32750e+47  3.07126e+05  4.32425e+47  3.07126e+05  4.31816e+47  2.96907e+05  3.73757e+47  1.65759e-28
 9.73377e+02  3.07126e+05  4.61331e+47  3.07126e+05  4.61030e+47  3.07126e+05  4.60468e+47  2.96907e+05  3.86509e+47  1.65759e-28
 1.00519e+03  3.07126e+05  4.91822e+47  3.07126e+05  4.91544e+47  3.07126e+05  4.91026e+47  2.96907e+05  4.00860e+47  1.65759e-28
 1.03804e+03  3.07126e+05  5.24351e+47  3.07126e+05  5.24093e+47  3.07126e+05  5.23617e+47  2.96907e+05  4.16871e+47  1.65759e-28
 1.07197e+03  3.07126e+05  5.59052e+47  3.07126e+05  5.58813e+47  3.07126e+05  5.58376e+47  2.96907e+05  4.34607e+47  1.65759e-28
 1.10700e+03  3.07126e+05  5.96068e+47  3.07126e+05  5.95847e+47  3.07126e+05  5.95446e+47  2.96907e+05  4.54141e+47  1.65759e-28
 1.14318e+03  3.07126e+05  6.35552e+47  3.07126e+05  6.35349e+47  3.07126e+05  6.34982e+47  2.96907e+05  4.75555e+47  1.65759e-28
 1.18054e+03  3.07126e+05  6.77668e+47  3.07126e+05  6.77481e+47  3.07126e+05  6.77146e+47  2.96907e+05  4.98938e+47  1.65759e-28
 1.21913e+03  3.07126e+05  7.22590e+47  3.07126e+05  7.22418e+47  3.07126e+05  7.22113e+47  2.96907e+05  5.24385e+47  1.65759e-28
 1.25897e+03  3.07126e+05  7.70505e+47  3.07126e+05  7.70347e+47  3.07126e+05  7.70070e+47  2.96907e+05  5.52003e+47  1.65759e-28
 1.30012e+03  3.07126e+05  8.21610e+47  3.07126e+05  8.21465e+47  3.07126e+05  8.21214e+47  2.96907e+05  5.81905e+47  1.65759e-28
 1.34261e+03  3.07126e+05  8.76116e+47  3.07126e+05  8.75984e+47  3.07126e+05  8.75758e+47  2.96907e+05  6.14215e+47  1.65759e-28
 1.38649e+03  3.07126e+05  9.34250e+47  3.07126e+05  9.34130e+47  3.07126e+05  9.33927e+47  2.96907e+05  6.49068e+47  1.65759e-28
 1.43180e+03  3.07126e+05  9.96252e+47  3.07126e+05  9.96143e+47  3.07126e+05  9.95962e+47  2.96907e+05  6.86607e+47  1.65759e-28
 1.47860e+03  3.07126e+05  1.06238e+48  3.07126e+05  1.06228e+48  3.07126e+05  1.06212e+48  2.96907e+05  7.26987e+47  1.65759e-28
 1.52692e+03  3.07126e+05  1.13290e+48  3.07126e+05  1.13281e+48  3.07126e+05  1.13267e+48  2.96907e+05  7.70376e+47  1.65759e-28
 1.57683e+03  3.07126e+05  1.20812e+48  3.07126e+05  1.20804e+48  3.07126e+05  1.20792e+48  2.96907e+05  8.16954e+47  1.65759e-28
 1.62836e+03  3.07126e+05  1.28834e+48  3.07126e+05  1.28826e+48  3.07126e+05  1.28816e+48  2.96907e+05  8.66912e+47  1.65759e-28
 1.68158e+03  3.07126e+05  1.37389e+48  3.07126e+05  1.37382e+48  3.07126e+05  1.37373e+48  2.96907e+05  9.20459e+47  1.65759e-28
 1.73654e+03  3.07126e+05  1.46512e+48  3.07126e+05  1.46507e+48  3.07126e+05  1.46499e+48  2.96907e+05  9.77814e+47  1.65759e-28
 1.79329e+03  3.07126e+05  1.56243e+48  3.07126e+05  1.56238e+48  3.07126e+05  1.56231e+48  2.96907e+05  1.03922e+48  1.65759e-28
 1.85190e+03  3.07126e+05  1.66620e+48  3.07126e+05  1.66615e+48  3.07126e+05  1.66610e+48  2.96907e+05  1.10492e+48  1.65759e-28
 1.91243e+03  3.07126e+05  1.77686e+48  3.07126e+05  1.77683e+48  3.07126e+05  1.77679e+48  2.96907e+05  1.17520e+48  1.65759e-28
 1.97493e+03  3.07126e+05  1.89489e+48  3.07126e+05  1.89485e+48  3.07126e+05  1.89483e+48  2.96907e+05  1.25034e+48  1.65759e-28
 2.03948e+03  3.07126e+05  2.02075e+48  3.07126e+05  2.02073e+48  3.07126e+05  2.02071e+48  2.96907e+05  1.33065e+48  1.65759e-28
 2.10613e+03  3.07126e+05  2.15498e+48  3.07126e+05  2.15496e+48  3.07126e+05  2.15496e+48  2.96907e+05  1.41647e+48  1.65759e-28
 2.17497e+03  3.07126e+05  2.29813e+48  3.07126e+05  2.29812e+48  3.07126e+05  2.29812e+48  2.96907e+05  1.50816e+48  1.65759e-28
 2.24605e+03  3.07126e+05  2.45080e+48  3.07126e+05  2.45078e+48  3.07126e+05  2.45080e+48  2.96907e+05  1.60608e+48  1.65759e-28
 2.31946e+03  3.07126e+05  2.61360e+48  3.07126e+05  2.61359e+48  3.07126e+05  2.61362e+48  2.96907e+05  1.71065e+48  1.65759e-28
 2.39526e+03  3.07126e+05  2.78723e+48  3.07126e+05  2.78722e+48  3.07126e+05  2.78725e+48  2.96907e+05  1.82230e+48  1.65759e-28
 2.47355e+03  3.07126e+05  2.97239e+48  3.07126e+05  2.97239e+48  3.07126e+05  2.97243e+48  2.96907e+05  1.94150e+48  1.65759e-28
 2.55439e+03  3.07126e+05  3.16985e+48  3.07126e+05  3.16986e+48  3.07126e+05  3.16990e+48  2.96907e+05  2.06873e+48  1.65759e-28
 2.63787e+03  3.07126e+05  3.38044e+48  3.07126e+05  3.38044e+48  3.07126e+05  3.38050e+48  2.96907e+05  2.20452e+48  1.65759e-28
 2.72409e+03  3.07126e+05  3.60501e+48  3.07126e+05  3.60502e+48  3.07126e+05  3.60508e+48  2.96907e+05  2.34943e+48  1.65759e-28
 2.81312e+03  3.07126e+05  3.84451e+48  3.07126e+05  3.84452e+48  3.07126e+05  3.84458e+48  2.96907e+05  2.50406e+48  1.65759e-28
 2.90506e+03  3.07126e+05  4.09992e+48  3.07126e+05  4.09993e+48  3.07126e+05  4.10000e+48  2.96907e+05  2.66906e+48  1.65759e-28
 3.00000e+03  3.07126e+05  4.37230e+48  3.07126e+05  4.37231e+48  3.07126e+05  4.37239e+48  2.96907e+05  2.84511e+48  1.65759e-28
