1.00000e+11 2.63120e+20 2.63120e+31 5.53588e+19 5.53588e+30 6.37517e+19 6.37517e+30 7.95475e+19 7.95475e+30 7.79183e+19 7.79183e+30 
1.10975e+11 3.24043e+20 3.59608e+31 6.81767e+19 7.56592e+30 7.85128e+19 8.71298e+30 9.79660e+19 1.08718e+31 9.59596e+19 1.06491e+31 
1.23155e+11 3.99073e+20 4.91478e+31 8.39623e+19 1.03404e+31 9.66916e+19 1.19081e+31 1.20649e+20 1.48585e+31 1.18178e+20 1.45542e+31 
1.36672e+11 4.91474e+20 6.71705e+31 1.03403e+20 1.41322e+31 1.19079e+20 1.62748e+31 1.48584e+20 2.03072e+31 1.45541e+20 1.98913e+31 
1.51672e+11 6.05268e+20 9.18021e+31 1.27344e+20 1.93145e+31 1.46651e+20 2.22428e+31 1.82987e+20 2.77539e+31 1.79239e+20 2.71855e+31 
1.68318e+11 7.45410e+20 1.25466e+32 1.56829e+20 2.63972e+31 1.80606e+20 3.03992e+31 2.25355e+20 3.79312e+31 2.20740e+20 3.71544e+31 
1.86791e+11 9.17999e+20 1.71474e+32 1.93140e+20 3.60769e+31 2.22422e+20 4.15465e+31 2.77532e+20 5.18406e+31 2.71848e+20 5.07789e+31 
2.07292e+11 1.13055e+21 2.34353e+32 2.37858e+20 4.93062e+31 2.73920e+20 5.67814e+31 3.41790e+20 7.08503e+31 3.34790e+20 6.93994e+31 
2.30043e+11 1.39230e+21 3.20290e+32 2.92930e+20 6.73864e+31 3.37340e+20 7.76028e+31 4.20924e+20 9.68307e+31 4.12305e+20 9.48478e+31 
2.55291e+11 1.71466e+21 4.37738e+32 3.60751e+20 9.20964e+31 4.15444e+20 1.06059e+32 5.18380e+20 1.32338e+32 5.07765e+20 1.29628e+32 
2.83310e+11 2.11165e+21 5.98252e+32 4.44274e+20 1.25867e+32 5.11630e+20 1.44950e+32 6.38398e+20 1.80864e+32 6.25327e+20 1.77161e+32 
3.14404e+11 2.60055e+21 8.17624e+32 5.47133e+20 1.72021e+32 6.30084e+20 1.98101e+32 7.86202e+20 2.47185e+32 7.70105e+20 2.42124e+32 
3.48910e+11 3.20264e+21 1.11743e+33 6.73805e+20 2.35097e+32 7.75960e+20 2.70740e+32 9.68224e+20 3.37823e+32 9.48401e+20 3.30907e+32 
3.87204e+11 3.94411e+21 1.52717e+33 8.29802e+20 3.21302e+32 9.55608e+20 3.70015e+32 1.19238e+21 4.61696e+32 1.16797e+21 4.52243e+32 
4.29700e+11 4.85723e+21 2.08715e+33 1.02191e+21 4.39115e+32 1.17684e+21 5.05690e+32 1.46844e+21 6.30988e+32 1.43837e+21 6.18070e+32 
4.76861e+11 5.98173e+21 2.85246e+33 1.25849e+21 6.00125e+32 1.44929e+21 6.91111e+32 1.80839e+21 8.62352e+32 1.77137e+21 8.44699e+32 
5.29198e+11 7.36655e+21 3.89836e+33 1.54984e+21 8.20170e+32 1.78481e+21 9.44516e+32 2.22704e+21 1.17855e+33 2.18146e+21 1.15442e+33 
5.87279e+11 9.07192e+21 5.32774e+33 1.90862e+21 1.12089e+33 2.19799e+21 1.29083e+33 2.74260e+21 1.61067e+33 2.68647e+21 1.57771e+33 
6.51734e+11 1.11720e+22 7.28120e+33 2.35045e+21 1.53187e+33 2.70680e+21 1.76412e+33 3.37750e+21 2.20123e+33 3.30837e+21 2.15618e+33 
7.23263e+11 1.37583e+22 9.95085e+33 2.89454e+21 2.09352e+33 3.33339e+21 2.41092e+33 4.15935e+21 3.00830e+33 4.07423e+21 2.94674e+33 
8.02643e+11 1.69431e+22 1.35993e+34 3.56457e+21 2.86108e+33 4.10500e+21 3.29485e+33 5.12215e+21 4.11126e+33 5.01734e+21 4.02714e+33 
8.90735e+11 2.08650e+22 1.85852e+34 4.38966e+21 3.91003e+33 5.05519e+21 4.50284e+33 6.30779e+21 5.61857e+33 6.17874e+21 5.50362e+33 
9.88496e+11 2.56946e+22 2.53990e+34 5.40570e+21 5.34351e+33 6.22528e+21 6.15366e+33 7.76782e+21 7.67846e+33 7.60891e+21 7.52138e+33 
1.09699e+12 3.16419e+22 3.47107e+34 6.65686e+21 7.30248e+33 7.66614e+21 8.40964e+33 9.56571e+21 1.04935e+34 9.37006e+21 1.02788e+34 
1.21738e+12 3.89654e+22 4.74358e+34 8.19753e+21 9.97953e+33 9.44040e+21 1.14926e+34 1.17796e+22 1.43403e+34 1.15387e+22 1.40471e+34 
1.35099e+12 4.79835e+22 6.48255e+34 1.00947e+22 1.36378e+34 1.16252e+22 1.57056e+34 1.45058e+22 1.95973e+34 1.42092e+22 1.91966e+34 
1.49927e+12 5.90882e+22 8.85891e+34 1.24307e+22 1.86370e+34 1.43155e+22 2.14627e+34 1.78628e+22 2.67811e+34 1.74976e+22 2.62336e+34 
1.66382e+12 7.27620e+22 1.21063e+35 1.53072e+22 2.54684e+34 1.76281e+22 2.93299e+34 2.19963e+22 3.65978e+34 2.15467e+22 3.58498e+34 
1.84642e+12 8.95990e+22 1.65438e+35 1.88491e+22 3.48034e+34 2.17070e+22 4.00803e+34 2.70860e+22 5.00123e+34 2.65325e+22 4.89903e+34 
2.04907e+12 1.10331e+23 2.26075e+35 2.32101e+22 4.75593e+34 2.67293e+22 5.47703e+34 3.33529e+22 6.83426e+34 3.26716e+22 6.69465e+34 
2.27397e+12 1.35857e+23 3.08934e+35 2.85797e+22 6.49892e+34 3.29130e+22 7.48431e+34 4.10692e+22 9.33899e+34 4.02305e+22 9.14827e+34 
2.52354e+12 1.67286e+23 4.22154e+35 3.51909e+22 8.88055e+34 4.05267e+22 1.02271e+35 5.05697e+22 1.27615e+35 4.95373e+22 1.25009e+35 
2.80050e+12 2.05983e+23 5.76856e+35 4.33304e+22 1.21347e+35 4.99005e+22 1.39747e+35 6.22668e+22 1.74378e+35 6.09960e+22 1.70820e+35 
3.10787e+12 2.53625e+23 7.88234e+35 5.33515e+22 1.65809e+35 6.14411e+22 1.90951e+35 7.66677e+22 2.38273e+35 7.51038e+22 2.33412e+35 
3.44896e+12 3.12280e+23 1.07704e+36 6.56886e+22 2.26557e+35 7.56490e+22 2.60910e+35 9.43970e+22 3.25572e+35 9.24723e+22 3.18933e+35 
3.82749e+12 3.84490e+23 1.47163e+36 8.08762e+22 3.09553e+35 9.31397e+22 3.56492e+35 1.16223e+23 4.44843e+35 1.13855e+23 4.35778e+35 
4.24757e+12 4.73384e+23 2.01073e+36 9.95722e+22 4.22940e+35 1.14671e+23 4.87073e+35 1.43091e+23 6.07791e+35 1.40177e+23 5.95412e+35 
4.71375e+12 5.82812e+23 2.74723e+36 1.22586e+23 5.77840e+35 1.41175e+23 6.65463e+35 1.76165e+23 8.30400e+35 1.72579e+23 8.13497e+35 
5.23110e+12 7.17511e+23 3.75337e+36 1.50913e+23 7.89441e+35 1.73798e+23 9.09155e+35 2.16876e+23 1.13450e+36 2.12464e+23 1.11142e+36 
5.80523e+12 8.83307e+23 5.12780e+36 1.85778e+23 1.07848e+36 2.13951e+23 1.24203e+36 2.66983e+23 1.54990e+36 2.61557e+23 1.51840e+36 
6.44236e+12 1.08737e+24 7.00521e+36 2.28688e+23 1.47329e+36 2.63369e+23 1.69672e+36 3.28653e+23 2.11730e+36 3.21979e+23 2.07430e+36 
7.14943e+12 1.33851e+24 9.56955e+36 2.81493e+23 2.01252e+36 3.24184e+23 2.31773e+36 4.04547e+23 2.89228e+36 3.96339e+23 2.83360e+36 
7.93410e+12 1.64756e+24 1.30719e+37 3.46472e+23 2.74894e+36 3.99019e+23 3.16586e+36 4.97939e+23 3.95070e+36 4.87847e+23 3.87063e+36 
8.80488e+12 2.02785e+24 1.78550e+37 4.26424e+23 3.75461e+36 4.91099e+23 4.32407e+36 6.12854e+23 5.39611e+36 6.00447e+23 5.28687e+36 
9.77124e+12 2.49577e+24 2.43867e+37 5.24787e+23 5.12782e+36 6.04384e+23 5.90559e+36 7.54236e+23 7.36982e+36 7.38987e+23 7.22082e+36 
1.08437e+13 3.07143e+24 3.33055e+37 6.45790e+23 7.00273e+36 7.43745e+23 8.06492e+36 9.28164e+23 1.00647e+37 9.09426e+23 9.86150e+36 
1.20338e+13 3.77956e+24 4.54824e+37 7.94624e+23 9.56232e+36 9.15160e+23 1.10128e+37 1.14210e+24 1.37438e+37 1.11908e+24 1.34668e+37 
1.33545e+13 4.65055e+24 6.21059e+37 9.77664e+23 1.30562e+37 1.12598e+24 1.50369e+37 1.40522e+24 1.87661e+37 1.37695e+24 1.83885e+37 
1.48202e+13 5.72169e+24 8.47967e+37 1.20274e+24 1.78248e+37 1.38521e+24 2.05290e+37 1.72878e+24 2.56209e+37 1.69406e+24 2.51064e+37 
1.64468e+13 7.03878e+24 1.15765e+38 1.47945e+24 2.43322e+37 1.70392e+24 2.80239e+37 2.12659e+24 3.49755e+37 2.08398e+24 3.42747e+37 
1.82518e+13 8.65799e+24 1.58024e+38 1.81959e+24 3.32108e+37 2.09568e+24 3.82500e+37 2.61560e+24 4.77395e+37 2.56332e+24 4.67854e+37 
2.02550e+13 1.06483e+25 2.15681e+38 2.23760e+24 4.53226e+37 2.57714e+24 5.22001e+37 3.21660e+24 6.51524e+37 3.15249e+24 6.38538e+37 
2.24781e+13 1.30941e+25 2.94329e+38 2.75118e+24 6.18413e+37 3.16871e+24 7.12264e+37 3.95508e+24 8.89024e+37 3.87648e+24 8.71358e+37 
2.49451e+13 1.60990e+25 4.01591e+38 3.38204e+24 8.43653e+37 3.89536e+24 9.71701e+37 4.86223e+24 1.21289e+38 4.76594e+24 1.18887e+38 
2.76829e+13 1.97899e+25 5.47840e+38 4.15672e+24 1.15070e+38 4.78770e+24 1.32537e+38 5.97628e+24 1.65441e+38 5.85838e+24 1.62177e+38 
3.07211e+13 2.43219e+25 7.47197e+38 5.10770e+24 1.56914e+38 5.88314e+24 1.80737e+38 7.34400e+24 2.25616e+38 7.19973e+24 2.21184e+38 
3.40929e+13 2.98851e+25 1.01887e+39 6.27470e+24 2.13922e+38 7.22746e+24 2.46405e+38 9.02256e+24 3.07605e+38 8.84615e+24 3.01590e+38 
3.78346e+13 3.67115e+25 1.38896e+39 7.70621e+24 2.91562e+38 8.87653e+24 3.35840e+38 1.10818e+25 4.19276e+38 1.08663e+25 4.11121e+38 
4.19871e+13 4.50845e+25 1.89296e+39 9.46142e+24 3.97257e+38 1.08986e+25 4.57598e+38 1.36070e+25 5.71317e+38 1.33439e+25 5.60271e+38 
4.65953e+13 5.53499e+25 2.57904e+39 1.16125e+25 5.41085e+38 1.33767e+25 6.23290e+38 1.67020e+25 7.78236e+38 1.63813e+25 7.63289e+38 
5.17092e+13 6.79293e+25 3.51257e+39 1.42472e+25 7.36709e+38 1.64121e+25 8.48659e+38 2.04936e+25 1.05971e+39 2.01029e+25 1.03950e+39 
5.73844e+13 8.33355e+25 4.78216e+39 1.74723e+25 1.00264e+39 2.01281e+25 1.15504e+39 2.51356e+25 1.44239e+39 2.46604e+25 1.41512e+39 
6.36825e+13 1.02192e+26 6.50787e+39 2.14176e+25 1.36393e+39 2.46739e+25 1.57130e+39 3.08152e+25 1.96239e+39 3.02380e+25 1.92563e+39 
7.06718e+13 1.25257e+26 8.85212e+39 2.62402e+25 1.85444e+39 3.02310e+25 2.13648e+39 3.77591e+25 2.66851e+39 3.70592e+25 2.61904e+39 
7.84282e+13 1.53446e+26 1.20345e+40 3.21303e+25 2.51992e+39 3.70184e+25 2.90329e+39 4.62420e+25 3.62668e+39 4.53949e+25 3.56024e+39 
8.70359e+13 1.87870e+26 1.63514e+40 3.93174e+25 3.42203e+39 4.53012e+25 3.94283e+39 5.65954e+25 4.92583e+39 5.55723e+25 4.83679e+39 
9.65883e+13 2.29866e+26 2.22024e+40 4.80782e+25 4.64379e+39 5.53981e+25 5.35081e+39 6.92191e+25 6.68576e+39 6.79865e+25 6.56671e+39 
1.07189e+14 2.81049e+26 3.01254e+40 5.87448e+25 6.29680e+39 6.76926e+25 7.25592e+39 8.45938e+25 9.06754e+39 8.31128e+25 8.90879e+39 
1.18953e+14 3.43353e+26 4.08430e+40 7.17152e+25 8.53076e+39 8.26439e+25 9.83077e+39 1.03295e+26 1.22873e+40 1.01522e+26 1.20763e+40 
1.32009e+14 4.19096e+26 5.53243e+40 8.74643e+25 1.15461e+40 1.00800e+26 1.33065e+40 1.26012e+26 1.66347e+40 1.23895e+26 1.63553e+40 
1.46497e+14 5.11043e+26 7.48663e+40 1.06557e+26 1.56103e+40 1.22813e+26 1.79918e+40 1.53563e+26 2.24965e+40 1.51047e+26 2.21280e+40 
1.62576e+14 6.22479e+26 1.01200e+41 1.29662e+26 2.10799e+40 1.49455e+26 2.42977e+40 1.86919e+26 3.03884e+40 1.83943e+26 2.99047e+40 
1.80419e+14 7.57292e+26 1.36630e+41 1.57567e+26 2.84280e+40 1.81636e+26 3.27705e+40 2.27224e+26 4.09955e+40 2.23725e+26 4.03642e+40 
2.00220e+14 9.20056e+26 1.84214e+41 1.91194e+26 3.82809e+40 2.20421e+26 4.41326e+40 2.75822e+26 5.52251e+40 2.71735e+26 5.44067e+40 
2.22195e+14 1.11613e+27 2.47998e+41 2.31618e+26 5.14643e+40 2.67050e+26 5.93372e+40 3.34277e+26 7.42746e+40 3.29540e+26 7.32221e+40 
2.46581e+14 1.35173e+27 3.33311e+41 2.80077e+26 6.90618e+40 3.22958e+26 7.96352e+40 4.04400e+26 9.97173e+40 3.98962e+26 9.83765e+40 
2.73644e+14 1.63404e+27 4.47146e+41 3.37992e+26 9.24894e+40 3.89782e+26 1.06662e+41 4.88265e+26 1.33611e+41 4.82095e+26 1.31922e+41 
3.03677e+14 1.97128e+27 5.98633e+41 4.06969e+26 1.23587e+41 4.69383e+26 1.42541e+41 5.88230e+26 1.78632e+41 5.81331e+26 1.76537e+41 
3.37006e+14 2.37274e+27 7.99627e+41 4.88811e+26 1.64732e+41 5.63842e+26 1.90018e+41 7.06938e+26 2.38243e+41 6.99365e+26 2.35690e+41 
3.73994e+14 2.84880e+27 1.06543e+42 5.85504e+26 2.18975e+41 6.75453e+26 2.52615e+41 8.47316e+26 3.16891e+41 8.39202e+26 3.13856e+41 
4.15040e+14 3.41092e+27 1.41567e+42 6.99205e+26 2.90199e+41 8.06708e+26 3.34817e+41 1.01255e+27 4.20247e+41 1.00414e+27 4.16759e+41 
4.60592e+14 4.07152e+27 1.87531e+42 8.32212e+26 3.83310e+41 9.60252e+26 4.42285e+41 1.20602e+27 5.55484e+41 1.19773e+27 5.51665e+41 
5.11143e+14 4.84379e+27 2.47587e+42 9.86906e+26 5.04451e+41 1.13882e+27 5.82101e+41 1.43127e+27 7.31584e+41 1.42371e+27 7.27721e+41 
5.67243e+14 5.74141e+27 3.25677e+42 1.16569e+27 6.61228e+41 1.34516e+27 7.63032e+41 1.69184e+27 9.59684e+41 1.68593e+27 9.56330e+41 
6.29499e+14 6.77811e+27 4.26681e+42 1.37088e+27 8.62968e+41 1.58190e+27 9.95802e+41 1.99116e+27 1.25344e+42 1.98817e+27 1.25155e+42 
6.98588e+14 7.96718e+27 5.56578e+42 1.60463e+27 1.12097e+42 1.85141e+27 1.29337e+42 2.33236e+27 1.62936e+42 2.33403e+27 1.63053e+42 
7.75260e+14 9.32084e+27 7.22607e+42 1.86877e+27 1.44878e+42 2.15568e+27 1.67121e+42 2.71804e+27 2.10719e+42 2.72669e+27 2.11389e+42 
8.60346e+14 1.08495e+28 9.33435e+42 2.16473e+27 1.86241e+42 2.49610e+27 2.14751e+42 3.15008e+27 2.71016e+42 3.16869e+27 2.72617e+42 
9.54772e+14 1.25612e+28 1.19931e+43 2.49344e+27 2.38067e+42 2.87338e+27 2.74342e+42 3.62940e+27 3.46525e+42 3.66172e+27 3.49610e+42 
1.05956e+15 1.44608e+28 1.53221e+43 2.85531e+27 3.02537e+42 3.28742e+27 3.48322e+42 4.15583e+27 4.40335e+42 4.20641e+27 4.45694e+42 
1.17585e+15 1.65496e+28 1.94599e+43 3.25025e+27 3.82180e+42 3.73732e+27 4.39453e+42 4.72797e+27 5.55939e+42 4.80220e+27 5.64667e+42 
1.30490e+15 1.88254e+28 2.45653e+43 3.67780e+27 4.79917e+42 4.22148e+27 5.50862e+42 5.34329e+27 6.97247e+42 5.44727e+27 7.10815e+42 
1.44812e+15 2.12821e+28 3.08190e+43 4.13739e+27 5.99143e+42 4.73775e+27 6.86082e+42 5.99818e+27 8.68608e+42 6.13851e+27 8.88929e+42 
1.60705e+15 2.39101e+28 3.84249e+43 4.62852e+27 7.43827e+42 5.28370e+27 8.49118e+42 6.68820e+27 1.07483e+43 6.87163e+27 1.10431e+43 
1.78343e+15 2.66962e+28 4.76108e+43 5.15095e+27 9.18637e+42 5.85682e+27 1.04452e+43 7.40819e+27 1.32120e+43 7.64112e+27 1.36274e+43 
1.97917e+15 2.96226e+28 5.86281e+43 5.70473e+27 1.12906e+43 6.45459e+27 1.27747e+43 8.15233e+27 1.61348e+43 8.44007e+27 1.67043e+43 
2.19639e+15 3.26656e+28 7.17463e+43 6.28980e+27 1.38148e+43 7.07420e+27 1.55377e+43 8.91377e+27 1.95781e+43 9.25975e+27 2.03380e+43 
2.43744e+15 3.57921e+28 8.72414e+43 6.90528e+27 1.68312e+43 7.71194e+27 1.87974e+43 9.68387e+27 2.36039e+43 1.00887e+28 2.45906e+43 
2.70496e+15 3.89554e+28 1.05373e+44 7.54838e+27 2.04181e+43 8.36221e+27 2.26194e+43 1.04511e+28 2.82697e+43 1.09116e+28 2.95153e+43 
3.00184e+15 4.20900e+28 1.26347e+44 8.21307e+27 2.46543e+43 9.01627e+27 2.70654e+43 1.11996e+28 3.36193e+43 1.17076e+28 3.51444e+43 
3.33129e+15 4.51077e+28 1.50267e+44 8.88893e+27 2.96117e+43 9.66117e+27 3.21842e+43 1.19080e+28 3.96692e+43 1.24498e+28 4.14738e+43 
3.69691e+15 4.78954e+28 1.77065e+44 9.56034e+27 3.53438e+43 1.02791e+28 3.80008e+43 1.25490e+28 4.63927e+43 1.31038e+28 4.84435e+43 
4.10266e+15 5.03172e+28 2.06434e+44 1.02065e+28 4.18738e+43 1.08473e+28 4.45027e+43 1.30896e+28 5.37023e+43 1.36292e+28 5.59160e+43 
4.55294e+15 5.22217e+28 2.37762e+44 1.08023e+28 4.91824e+43 1.13396e+28 5.16285e+43 1.34931e+28 6.14330e+43 1.39815e+28 6.36568e+43 
5.05263e+15 5.34558e+28 2.70092e+44 1.13205e+28 5.71983e+43 1.17285e+28 5.92600e+43 1.37224e+28 6.93341e+43 1.41159e+28 7.13227e+43 
5.60717e+15 5.38836e+28 3.02135e+44 1.17343e+28 6.57963e+43 1.19887e+28 6.72228e+43 1.37453e+28 7.70720e+43 1.39935e+28 7.84642e+43 
6.22257e+15 5.34105e+28 3.32350e+44 1.20217e+28 7.48060e+43 1.21013e+28 7.53012e+43 1.35400e+28 8.42536e+43 1.35877e+28 8.45504e+43 
6.90551e+15 5.20060e+28 3.59128e+44 1.21695e+28 8.40366e+43 1.20585e+28 8.32698e+43 1.31015e+28 9.04723e+43 1.28912e+28 8.90203e+43 
7.66341e+15 4.97233e+28 3.81050e+44 1.21773e+28 9.33197e+43 1.18672e+28 9.09436e+43 1.24458e+28 9.53771e+43 1.19215e+28 9.13597e+43 
8.50449e+15 4.67061e+28 3.97211e+44 1.20603e+28 1.02567e+44 1.15515e+28 9.82399e+43 1.16121e+28 9.87549e+43 1.07232e+28 9.11949e+43 
9.43788e+15 4.31801e+28 4.07529e+44 1.18489e+28 1.11829e+44 1.11508e+28 1.05240e+44 1.06601e+28 1.00609e+44 9.36475e+27 8.83834e+43 
1.04737e+16 3.94262e+28 4.12939e+44 1.15857e+28 1.21345e+44 1.07155e+28 1.12231e+44 9.66311e+27 1.01209e+44 7.93187e+27 8.30761e+43 
1.16232e+16 3.57394e+28 4.15406e+44 1.13177e+28 1.31548e+44 1.02982e+28 1.19698e+44 8.69701e+27 1.01087e+44 6.51536e+27 7.57295e+43 
1.28989e+16 3.23809e+28 4.17678e+44 1.10876e+28 1.43018e+44 9.94410e+27 1.28268e+44 7.82815e+27 1.00975e+44 5.19840e+27 6.70536e+43 
1.43146e+16 2.95355e+28 4.22789e+44 1.09229e+28 1.56357e+44 9.68094e+27 1.38579e+44 7.10221e+27 1.01665e+44 4.04490e+27 5.79011e+43 
1.58857e+16 2.72827e+28 4.33404e+44 1.08285e+28 1.72017e+44 9.51181e+27 1.51101e+44 6.53716e+27 1.03847e+44 3.09209e+27 4.91199e+43 
1.76291e+16 2.55895e+28 4.51120e+44 1.07823e+28 1.90082e+44 9.41326e+27 1.65948e+44 6.12188e+27 1.07923e+44 2.34862e+27 4.14041e+43 
1.95640e+16 2.43251e+28 4.75895e+44 1.07382e+28 2.10082e+44 9.33892e+27 1.82706e+44 5.82060e+27 1.13874e+44 1.79821e+27 3.51802e+43 
2.17112e+16 2.32947e+28 5.05756e+44 1.06341e+28 2.30880e+44 9.22832e+27 2.00358e+44 5.58197e+27 1.21191e+44 1.40733e+27 3.05549e+43 
2.40940e+16 2.22829e+28 5.36885e+44 1.04048e+28 2.50694e+44 9.01913e+27 2.17307e+44 5.35041e+27 1.28913e+44 1.13459e+27 2.73368e+43 
2.67384e+16 2.10974e+28 5.64112e+44 9.99570e+27 2.67269e+44 8.65984e+27 2.31550e+44 5.07716e+27 1.35755e+44 9.39552e+26 2.51221e+43 
2.96730e+16 1.96057e+28 5.81761e+44 9.37514e+27 2.78189e+44 8.12030e+27 2.40954e+44 4.72889e+27 1.40321e+44 7.89204e+26 2.34181e+43 
3.29297e+16 1.77556e+28 5.84687e+44 8.54211e+27 2.81289e+44 7.39807e+27 2.43616e+44 4.29239e+27 1.41347e+44 6.61102e+26 2.17699e+43 
3.65438e+16 1.55789e+28 5.69312e+44 7.52770e+27 2.75091e+44 6.51929e+27 2.38240e+44 3.77495e+27 1.37951e+44 5.43417e+26 1.98586e+43 
4.05546e+16 1.31782e+28 5.34436e+44 6.39033e+27 2.59157e+44 5.53422e+27 2.24438e+44 3.20102e+27 1.29816e+44 4.32711e+26 1.75484e+43 
4.50056e+16 1.07010e+28 4.81606e+44 5.20580e+27 2.34290e+44 4.50836e+27 2.02901e+44 2.60598e+27 1.17284e+44 3.30668e+26 1.48819e+43 
4.99451e+16 8.30815e+27 4.14951e+44 4.05414e+27 2.02484e+44 3.51099e+27 1.75357e+44 2.02865e+27 1.01321e+44 2.40881e+26 1.20308e+43 
5.54266e+16 6.14251e+27 3.40459e+44 3.00631e+27 1.66630e+44 2.60354e+27 1.44306e+44 1.50392e+27 8.33573e+43 1.66450e+26 9.22579e+42 
6.15099e+16 4.30618e+27 2.64872e+44 2.11359e+27 1.30007e+44 1.83043e+27 1.12589e+44 1.05714e+27 6.50244e+43 1.08680e+26 6.68490e+42 
6.82607e+16 2.84884e+27 1.94464e+44 1.40204e+27 9.57040e+43 1.21420e+27 8.28821e+43 7.01155e+26 4.78613e+43 6.68251e+25 4.56153e+42 
7.57525e+16 1.76881e+27 1.33991e+44 8.72614e+26 6.61027e+43 7.55706e+26 5.72466e+43 4.36355e+26 3.30550e+43 3.85669e+25 2.92154e+42 
8.40665e+16 1.02404e+27 8.60878e+43 5.06264e+26 4.25598e+43 4.38437e+26 3.68579e+43 2.53147e+26 2.12812e+43 2.08125e+25 1.74964e+42 
9.32930e+16 5.48640e+26 5.11843e+43 2.71714e+26 2.53491e+43 2.35312e+26 2.19529e+43 1.35861e+26 1.26749e+43 1.04503e+25 9.74941e+41 
1.03532e+17 2.69625e+26 2.79149e+43 1.33721e+26 1.38445e+43 1.15806e+26 1.19897e+43 6.68615e+25 6.92232e+42 4.84982e+24 5.02113e+41 
1.14895e+17 1.20329e+26 1.38252e+43 5.97426e+25 6.86414e+42 5.17386e+25 5.94452e+42 2.98715e+25 3.43209e+42 2.06184e+24 2.36896e+41 
1.27505e+17 4.82206e+25 6.14837e+42 2.39607e+25 3.05511e+42 2.07506e+25 2.64580e+42 1.19804e+25 1.52756e+42 7.94061e+23 1.01247e+41 
1.41499e+17 1.71388e+25 2.42512e+42 8.52121e+24 1.20574e+42 7.37958e+24 1.04420e+42 4.26061e+24 6.02872e+41 2.73373e+23 3.86821e+40 
1.57029e+17 5.33077e+24 8.37085e+41 2.65151e+24 4.16363e+41 2.29627e+24 3.60581e+41 1.32575e+24 2.08182e+41 8.28889e+22 1.30160e+40 
1.74263e+17 1.43017e+24 2.49226e+41 7.11576e+23 1.24002e+41 6.16243e+23 1.07389e+41 3.55788e+23 6.20008e+40 2.17822e+22 3.79584e+39 
1.93389e+17 3.25847e+23 6.30152e+40 1.62160e+23 3.13600e+40 1.40435e+23 2.71586e+40 8.10801e+22 1.56800e+40 4.87751e+21 9.43257e+38 
2.14614e+17 6.19925e+22 1.33045e+40 3.08565e+22 6.62224e+39 2.67225e+22 5.73502e+39 1.54282e+22 3.31112e+39 9.14132e+20 1.96186e+38 
2.38169e+17 9.66816e+21 2.30265e+39 4.81297e+21 1.14630e+39 4.16815e+21 9.92723e+38 2.40648e+21 5.73149e+38 1.40681e+20 3.35058e+37 
2.64308e+17 1.21099e+21 3.20075e+38 6.02924e+20 1.59358e+38 5.22148e+20 1.38008e+38 3.01462e+20 7.96789e+37 1.74123e+19 4.60222e+36 
2.93317e+17 1.19065e+20 3.49238e+37 5.92858e+19 1.73895e+37 5.13430e+19 1.50597e+37 2.96429e+19 8.69475e+36 1.69387e+18 4.96839e+35 
3.25509e+17 8.95476e+18 2.91485e+36 4.45921e+18 1.45151e+36 3.86179e+18 1.25705e+36 2.22960e+18 7.25755e+35 1.26204e+17 4.10805e+34 
3.61234e+17 5.00337e+17 1.80739e+35 2.49171e+17 9.00091e+34 2.15788e+17 7.79502e+34 1.24586e+17 4.50046e+34 6.99417e+15 2.52653e+33 
4.00881e+17 2.00951e+16 8.05572e+33 1.00081e+16 4.01205e+33 8.66726e+15 3.47454e+33 5.00405e+15 2.00603e+33 2.78937e+14 1.11820e+32 
4.44878e+17 5.59052e+14 2.48710e+32 2.78443e+14 1.23873e+32 2.41139e+14 1.07277e+32 1.39221e+14 6.19366e+31 7.71307e+12 3.43138e+30 
4.93705e+17 1.03371e+13 5.10347e+30 5.14874e+12 2.54196e+30 4.45894e+12 2.20140e+30 2.57437e+12 1.27098e+30 1.41859e+11 7.00365e+28 
5.47890e+17 1.21339e+11 6.64802e+28 6.04392e+10 3.31140e+28 5.23419e+10 2.86776e+28 3.02196e+10 1.65570e+28 1.65720e+09 9.07965e+26 
6.08022e+17 8.59447e+08 5.22563e+26 4.28109e+08 2.60300e+26 3.70753e+08 2.25426e+26 2.14054e+08 1.30150e+26 1.16860e+07 7.10537e+24 
6.74754e+17 3.47323e+06 2.34358e+24 1.73015e+06 1.16742e+24 1.49835e+06 1.01102e+24 8.65073e+05 5.83712e+23 4.70274e+04 3.17319e+22 
7.48810e+17 7.52825e+03 5.63723e+21 3.75022e+03 2.80820e+21 3.24778e+03 2.43197e+21 1.87511e+03 1.40410e+21 1.01518e+02 7.60178e+19 
8.30994e+17 8.17388e+00 6.79245e+18 4.07196e+00 3.38378e+18 3.52642e+00 2.93044e+18 2.03598e+00 1.69189e+18 1.09790e-01 9.12346e+16 
9.22198e+17 4.12183e-03 3.80115e+15 2.05342e-03 1.89366e+15 1.77831e-03 1.63996e+15 1.02671e-03 9.46830e+14 5.51525e-05 5.08615e+13 
1.02341e+18 8.87670e-07 9.08451e+11 4.42232e-07 4.52586e+11 3.82985e-07 3.91951e+11 2.21116e-07 2.26293e+11 1.18343e-08 1.21113e+10 
1.13573e+18 7.43780e-11 8.44736e+07 3.70557e-11 4.20854e+07 3.20912e-11 3.64470e+07 1.85278e-11 2.10427e+07 9.88208e-13 1.12234e+06 
1.26038e+18 2.18609e-15 2.75531e+03 1.08915e-15 1.37275e+03 9.43232e-16 1.18883e+03 5.44575e-16 6.86373e+02 2.89539e-17 3.64930e+01 
1.39871e+18 2.00838e-20 2.80915e-02 1.00063e-20 1.39960e-02 8.66573e-21 1.21209e-02 5.00316e-21 6.99799e-03 2.65256e-22 3.71017e-04 
1.55223e+18 5.07293e-26 7.87433e-08 2.52753e-26 3.92329e-08 2.18890e-26 3.39767e-08 1.26376e-26 1.96165e-08 6.68365e-28 1.03745e-09 
1.72259e+18 3.05443e-32 5.26152e-14 1.52186e-32 2.62153e-14 1.31797e-32 2.27031e-14 7.60928e-33 1.31076e-14 4.01588e-34 6.91769e-16 
1.91164e+18 3.74080e-39 7.15108e-21 1.86386e-39 3.56304e-21 1.61415e-39 3.08568e-21 9.31930e-40 1.78152e-21 4.90981e-41 9.38581e-23 
2.12145e+18 7.81319e-47 1.65753e-28 3.89297e-47 8.25875e-29 3.37141e-47 7.15229e-29 1.94649e-47 4.12938e-29 1.02405e-48 2.17247e-30 
2.35429e+18 2.28853e-55 5.38786e-37 1.14028e-55 2.68456e-37 9.87515e-56 2.32489e-37 5.70142e-56 1.34228e-37 2.99617e-57 7.05384e-39 
2.61268e+18 7.56625e-65 1.97682e-46 3.76999e-65 9.84975e-47 3.26491e-65 8.53014e-47 1.88499e-65 4.92488e-47 9.89727e-67 2.58584e-48 
2.89942e+18 2.21966e-75 6.43573e-57 1.10598e-75 3.20670e-57 9.57806e-76 2.77709e-57 5.52990e-76 1.60335e-57 2.90172e-77 8.41332e-59 
3.21764e+18 4.42799e-87 1.42477e-68 2.20631e-87 7.09913e-69 1.91072e-87 6.14802e-69 1.10316e-87 3.54956e-69 5.78841e-89 1.86250e-70 
3.57079e+18 4.50003e-100 1.60686e-81 2.24215e-100 8.00623e-82 1.94176e-100 6.93360e-82 1.12107e-100 4.00311e-82 5.90203e-102 2.10749e-83 
3.96269e+18 1.79260e-114 7.10352e-96 8.92938e-115 3.53843e-96 7.73307e-115 3.06437e-96 4.46469e-115 1.76922e-96 2.42308e-116 9.60190e-98 
4.39760e+18 3.19505e-130 1.40505e-111 1.58928e-130 6.98903e-112 1.37636e-130 6.05268e-112 7.94641e-131 3.49451e-112 5.02669e-132 2.21054e-113 
4.88025e+18 4.04763e-147 1.97534e-128 2.01068e-147 9.81261e-129 1.74130e-147 8.49797e-129 1.00534e-147 4.90631e-129 7.21735e-149 3.52225e-130 
5.41587e+18 1.24440e-165 6.73950e-147 6.18051e-166 3.34729e-147 5.35248e-166 2.89883e-147 3.09026e-166 1.67364e-147 2.25328e-167 1.22035e-148 
6.01028e+18 3.65203e-186 2.19497e-167 1.81383e-186 1.09016e-167 1.57082e-186 9.44108e-168 9.06915e-187 5.45081e-168 6.61738e-188 3.97723e-169 
6.66992e+18 5.80406e-209 3.87126e-190 2.88267e-209 1.92272e-190 2.49647e-209 1.66512e-190 1.44134e-209 9.61359e-191 1.05151e-210 7.01349e-192 
7.40196e+18 2.80901e-234 2.07922e-215 1.39514e-234 1.03267e-215 1.20822e-234 8.94323e-216 6.97569e-235 5.16337e-216 5.08795e-236 3.76608e-217 
8.21434e+18 2.19230e-262 1.80083e-243 1.08884e-262 8.94412e-244 9.42964e-263 7.74583e-244 5.44421e-263 4.47206e-244 3.97001e-264 3.26110e-245 
9.11589e+18 0.00000e+00 0.00000e+00 0.00000e+00 0.00000e+00 0.00000e+00 0.00000e+00 0.00000e+00 0.00000e+00 0.00000e+00 0.00000e+00 
1.01164e+19 0.00000e+00 0.00000e+00 0.00000e+00 0.00000e+00 0.00000e+00 0.00000e+00 0.00000e+00 0.00000e+00 0.00000e+00 0.00000e+00 
1.12267e+19 0.00000e+00 0.00000e+00 0.00000e+00 0.00000e+00 0.00000e+00 0.00000e+00 0.00000e+00 0.00000e+00 0.00000e+00 0.00000e+00 
1.24588e+19 0.00000e+00 0.00000e+00 0.00000e+00 0.00000e+00 0.00000e+00 0.00000e+00 0.00000e+00 0.00000e+00 0.00000e+00 0.00000e+00 
1.38262e+19 0.00000e+00 0.00000e+00 0.00000e+00 0.00000e+00 0.00000e+00 0.00000e+00 0.00000e+00 0.00000e+00 0.00000e+00 0.00000e+00 
1.53437e+19 0.00000e+00 0.00000e+00 0.00000e+00 0.00000e+00 0.00000e+00 0.00000e+00 0.00000e+00 0.00000e+00 0.00000e+00 0.00000e+00 
1.70277e+19 0.00000e+00 0.00000e+00 0.00000e+00 0.00000e+00 0.00000e+00 0.00000e+00 0.00000e+00 0.00000e+00 0.00000e+00 0.00000e+00 
1.88965e+19 0.00000e+00 0.00000e+00 0.00000e+00 0.00000e+00 0.00000e+00 0.00000e+00 0.00000e+00 0.00000e+00 0.00000e+00 0.00000e+00 
2.09705e+19 0.00000e+00 0.00000e+00 0.00000e+00 0.00000e+00 0.00000e+00 0.00000e+00 0.00000e+00 0.00000e+00 0.00000e+00 0.00000e+00 
2.32720e+19 0.00000e+00 0.00000e+00 0.00000e+00 0.00000e+00 0.00000e+00 0.00000e+00 0.00000e+00 0.00000e+00 0.00000e+00 0.00000e+00 
2.58262e+19 0.00000e+00 0.00000e+00 0.00000e+00 0.00000e+00 0.00000e+00 0.00000e+00 0.00000e+00 0.00000e+00 0.00000e+00 0.00000e+00 
2.86607e+19 0.00000e+00 0.00000e+00 0.00000e+00 0.00000e+00 0.00000e+00 0.00000e+00 0.00000e+00 0.00000e+00 0.00000e+00 0.00000e+00 
3.18063e+19 0.00000e+00 0.00000e+00 0.00000e+00 0.00000e+00 0.00000e+00 0.00000e+00 0.00000e+00 0.00000e+00 0.00000e+00 0.00000e+00 
3.52971e+19 0.00000e+00 0.00000e+00 0.00000e+00 0.00000e+00 0.00000e+00 0.00000e+00 0.00000e+00 0.00000e+00 0.00000e+00 0.00000e+00 
3.91710e+19 0.00000e+00 0.00000e+00 0.00000e+00 0.00000e+00 0.00000e+00 0.00000e+00 0.00000e+00 0.00000e+00 0.00000e+00 0.00000e+00 
4.34701e+19 0.00000e+00 0.00000e+00 0.00000e+00 0.00000e+00 0.00000e+00 0.00000e+00 0.00000e+00 0.00000e+00 0.00000e+00 0.00000e+00 
4.82411e+19 0.00000e+00 0.00000e+00 0.00000e+00 0.00000e+00 0.00000e+00 0.00000e+00 0.00000e+00 0.00000e+00 0.00000e+00 0.00000e+00 
5.35357e+19 0.00000e+00 0.00000e+00 0.00000e+00 0.00000e+00 0.00000e+00 0.00000e+00 0.00000e+00 0.00000e+00 0.00000e+00 0.00000e+00 
5.94113e+19 0.00000e+00 0.00000e+00 0.00000e+00 0.00000e+00 0.00000e+00 0.00000e+00 0.00000e+00 0.00000e+00 0.00000e+00 0.00000e+00 
6.59319e+19 0.00000e+00 0.00000e+00 0.00000e+00 0.00000e+00 0.00000e+00 0.00000e+00 0.00000e+00 0.00000e+00 0.00000e+00 0.00000e+00 
7.31681e+19 0.00000e+00 0.00000e+00 0.00000e+00 0.00000e+00 0.00000e+00 0.00000e+00 0.00000e+00 0.00000e+00 0.00000e+00 0.00000e+00 
8.11984e+19 0.00000e+00 0.00000e+00 0.00000e+00 0.00000e+00 0.00000e+00 0.00000e+00 0.00000e+00 0.00000e+00 0.00000e+00 0.00000e+00 
9.01102e+19 0.00000e+00 0.00000e+00 0.00000e+00 0.00000e+00 0.00000e+00 0.00000e+00 0.00000e+00 0.00000e+00 0.00000e+00 0.00000e+00 
1.00000e+20 0.00000e+00 0.00000e+00 0.00000e+00 0.00000e+00 0.00000e+00 0.00000e+00 0.00000e+00 0.00000e+00 0.00000e+00 0.00000e+00 
