1.00000e+11 1.16128e+21 1.16128e+32 3.40883e+20 3.40883e+31 3.16175e+20 3.16175e+31 2.87098e+20 2.87098e+31 2.77626e+20 2.77626e+31 
1.10975e+11 1.43017e+21 1.58714e+32 4.19813e+20 4.65888e+31 3.89383e+20 4.32119e+31 3.53574e+20 3.92379e+31 3.41908e+20 3.79434e+31 
1.23155e+11 1.76132e+21 2.16916e+32 5.17018e+20 6.36734e+31 4.79543e+20 5.90581e+31 4.35442e+20 5.36268e+31 4.21075e+20 5.18575e+31 
1.36672e+11 2.16914e+21 2.96461e+32 6.36730e+20 8.70229e+31 5.90578e+20 8.07152e+31 5.36265e+20 7.32922e+31 5.18572e+20 7.08741e+31 
1.51672e+11 2.67139e+21 4.05175e+32 7.84160e+20 1.18935e+32 7.27322e+20 1.10314e+32 6.60433e+20 1.00169e+32 6.38644e+20 9.68641e+31 
1.68318e+11 3.28993e+21 5.53755e+32 9.65727e+20 1.62549e+32 8.95728e+20 1.50767e+32 8.13351e+20 1.36902e+32 7.86516e+20 1.32385e+32 
1.86791e+11 4.05169e+21 7.56820e+32 1.18933e+21 2.22157e+32 1.10313e+21 2.06054e+32 1.00167e+21 1.87104e+32 9.68626e+20 1.80931e+32 
2.07292e+11 4.98981e+21 1.03435e+33 1.46471e+21 3.03623e+32 1.35854e+21 2.81615e+32 1.23360e+21 2.55716e+32 1.19290e+21 2.47279e+32 
2.30043e+11 6.14515e+21 1.41365e+33 1.80385e+21 4.14963e+32 1.67310e+21 3.84885e+32 1.51923e+21 3.49488e+32 1.46910e+21 3.37957e+32 
2.55291e+11 7.56798e+21 1.93203e+33 2.22151e+21 5.67130e+32 2.06048e+21 5.26023e+32 1.87098e+21 4.77645e+32 1.80925e+21 4.61886e+32 
2.83310e+11 9.32023e+21 2.64051e+33 2.73587e+21 7.75097e+32 2.53756e+21 7.18915e+32 2.30418e+21 6.52797e+32 2.22816e+21 6.31259e+32 
3.14404e+11 1.14782e+22 3.60878e+33 3.36931e+21 1.05932e+33 3.12509e+21 9.82541e+32 2.83768e+21 8.92176e+32 2.74405e+21 8.62739e+32 
3.48910e+11 1.41358e+22 4.93211e+33 4.14942e+21 1.44778e+33 3.84866e+21 1.34283e+33 3.49469e+21 1.21933e+33 3.37938e+21 1.17910e+33 
3.87204e+11 1.74086e+22 6.74068e+33 5.11014e+21 1.97867e+33 4.73974e+21 1.83525e+33 4.30381e+21 1.66645e+33 4.16181e+21 1.61147e+33 
4.29700e+11 2.14392e+22 9.21243e+33 6.29329e+21 2.70423e+33 5.83712e+21 2.50822e+33 5.30026e+21 2.27753e+33 5.12538e+21 2.20238e+33 
4.76861e+11 2.64029e+22 1.25905e+34 7.75035e+21 3.69584e+33 7.18857e+21 3.42795e+33 6.52741e+21 3.11267e+33 6.31203e+21 3.00996e+33 
5.29198e+11 3.25158e+22 1.72073e+34 9.54474e+21 5.05106e+33 8.85290e+21 4.68493e+33 8.03864e+21 4.25403e+33 7.77340e+21 4.11366e+33 
5.87279e+11 4.00438e+22 2.35169e+34 1.17546e+22 6.90320e+33 1.09025e+22 6.40282e+33 9.89974e+21 5.81390e+33 9.57308e+21 5.62206e+33 
6.51734e+11 4.93146e+22 3.21400e+34 1.44759e+22 9.43446e+33 1.34267e+22 8.75061e+33 1.21917e+22 7.94573e+33 1.17894e+22 7.68354e+33 
7.23263e+11 6.07315e+22 4.39249e+34 1.78273e+22 1.28939e+34 1.65351e+22 1.19592e+34 1.50142e+22 1.08592e+34 1.45187e+22 1.05009e+34 
8.02643e+11 7.47914e+22 6.00308e+34 2.19545e+22 1.76217e+34 2.03632e+22 1.63443e+34 1.84901e+22 1.48409e+34 1.78799e+22 1.43512e+34 
8.90735e+11 9.21059e+22 8.20420e+34 2.70371e+22 2.40829e+34 2.50773e+22 2.23373e+34 2.27706e+22 2.02826e+34 2.20191e+22 1.96132e+34 
9.88496e+11 1.13428e+23 1.12123e+35 3.32962e+22 3.29132e+34 3.08827e+22 3.05275e+34 2.80419e+22 2.77193e+34 2.71165e+22 2.68045e+34 
1.09699e+12 1.39686e+23 1.53234e+35 4.10042e+22 4.49810e+34 3.80319e+22 4.17205e+34 3.45333e+22 3.78826e+34 3.33937e+22 3.66324e+34 
1.21738e+12 1.72021e+23 2.09416e+35 5.04962e+22 6.14732e+34 4.68359e+22 5.70172e+34 4.25272e+22 5.17719e+34 4.11237e+22 5.00633e+34 
1.35099e+12 2.11841e+23 2.86196e+35 6.21852e+22 8.40118e+34 5.76776e+22 7.79220e+34 5.23713e+22 7.07533e+34 5.06428e+22 6.84182e+34 
1.49927e+12 2.60876e+23 3.91123e+35 7.65795e+22 1.14813e+35 7.10285e+22 1.06491e+35 6.44937e+22 9.66933e+34 6.23650e+22 9.35019e+34 
1.66382e+12 3.21259e+23 5.34516e+35 9.43051e+22 1.56906e+35 8.74692e+22 1.45533e+35 7.94214e+22 1.32143e+35 7.67999e+22 1.27781e+35 
1.84642e+12 3.95615e+23 7.30474e+35 1.16133e+23 2.14430e+35 1.07714e+23 1.98887e+35 9.78034e+22 1.80587e+35 9.45750e+22 1.74626e+35 
2.04907e+12 4.87177e+23 9.98263e+35 1.43011e+23 2.93041e+35 1.32645e+23 2.71799e+35 1.20439e+23 2.46788e+35 1.16463e+23 2.38642e+35 
2.27397e+12 5.99925e+23 1.36421e+36 1.76109e+23 4.00467e+35 1.63343e+23 3.71437e+35 1.48312e+23 3.37256e+35 1.43416e+23 3.26122e+35 
2.52354e+12 7.38758e+23 1.86429e+36 2.16865e+23 5.47268e+35 2.01145e+23 5.07596e+35 1.82633e+23 4.60882e+35 1.76603e+23 4.45666e+35 
2.80050e+12 9.09709e+23 2.54764e+36 2.67050e+23 7.47874e+35 2.47691e+23 6.93660e+35 2.24894e+23 6.29817e+35 2.17468e+23 6.09021e+35 
3.10787e+12 1.12020e+24 3.48144e+36 3.28843e+23 1.02200e+36 3.05005e+23 9.47915e+35 2.76930e+23 8.60663e+35 2.67786e+23 8.32242e+35 
3.44896e+12 1.37938e+24 4.75744e+36 4.04930e+23 1.39659e+36 3.75576e+23 1.29535e+36 3.41002e+23 1.17610e+36 3.29740e+23 1.13726e+36 
3.82749e+12 1.69850e+24 6.50100e+36 4.98614e+23 1.90844e+36 4.62468e+23 1.77009e+36 4.19890e+23 1.60713e+36 4.06022e+23 1.55405e+36 
4.24757e+12 2.09141e+24 8.88341e+36 6.13962e+23 2.60785e+36 5.69453e+23 2.41879e+36 5.17018e+23 2.19607e+36 4.99940e+23 2.12353e+36 
4.71375e+12 2.57515e+24 1.21386e+37 7.55979e+23 3.56350e+36 7.01173e+23 3.30516e+36 6.36602e+23 3.00078e+36 6.15571e+23 2.90165e+36 
5.23110e+12 3.17072e+24 1.65864e+37 9.30827e+23 4.86925e+36 8.63344e+23 4.51624e+36 7.83826e+23 4.10027e+36 7.57927e+23 3.96479e+36 
5.80523e+12 3.90393e+24 2.26632e+37 1.14609e+24 6.65330e+36 1.06300e+24 6.17094e+36 9.65074e+23 5.60247e+36 9.33181e+23 5.41732e+36 
6.44236e+12 4.80656e+24 3.09656e+37 1.41109e+24 9.09077e+36 1.30879e+24 8.43168e+36 1.18820e+24 7.65481e+36 1.14892e+24 7.40179e+36 
7.14943e+12 5.91770e+24 4.23082e+37 1.73732e+24 1.24209e+37 1.61136e+24 1.15203e+37 1.46286e+24 1.04586e+37 1.41450e+24 1.01129e+37 
7.93410e+12 7.28547e+24 5.78036e+37 2.13891e+24 1.69703e+37 1.98383e+24 1.57399e+37 1.80096e+24 1.42890e+37 1.74141e+24 1.38165e+37 
8.80488e+12 8.96904e+24 7.89713e+37 2.63322e+24 2.31852e+37 2.44229e+24 2.15041e+37 2.21711e+24 1.95214e+37 2.14378e+24 1.88757e+37 
9.77124e+12 1.10412e+25 1.07886e+38 3.24165e+24 3.16749e+37 3.00660e+24 2.93782e+37 2.72930e+24 2.66687e+37 2.63900e+24 2.57863e+37 
1.08437e+13 1.35915e+25 1.47381e+38 3.99048e+24 4.32714e+37 3.70112e+24 4.01337e+37 3.35966e+24 3.64310e+37 3.24847e+24 3.52253e+37 
1.20338e+13 1.67299e+25 2.01324e+38 4.91206e+24 5.91106e+37 4.55585e+24 5.48241e+37 4.13539e+24 4.97643e+37 3.99848e+24 4.81168e+37 
1.33545e+13 2.05919e+25 2.74995e+38 6.04614e+24 8.07433e+37 5.60767e+24 7.48877e+37 5.08993e+24 6.79736e+37 4.92135e+24 6.57223e+37 
1.48202e+13 2.53439e+25 3.75601e+38 7.44161e+24 1.10286e+38 6.90191e+24 1.02288e+38 6.26440e+24 9.28396e+37 6.05683e+24 8.97635e+37 
1.64468e+13 3.11902e+25 5.12978e+38 9.15854e+24 1.50628e+38 8.49428e+24 1.39703e+38 7.70931e+24 1.26793e+38 7.45375e+24 1.22590e+38 
1.82518e+13 3.83822e+25 7.00546e+38 1.12708e+25 2.05712e+38 1.04533e+25 1.90791e+38 9.48673e+24 1.73150e+38 9.17209e+24 1.67407e+38 
2.02550e+13 4.72285e+25 9.56614e+38 1.38690e+25 2.80917e+38 1.28630e+25 2.60539e+38 1.16729e+25 2.36435e+38 1.12855e+25 2.28589e+38 
2.24781e+13 5.81081e+25 1.30616e+39 1.70646e+25 3.83580e+38 1.58267e+25 3.55753e+38 1.43615e+25 3.22818e+38 1.38846e+25 3.12098e+38 
2.49451e+13 7.14864e+25 1.78323e+39 2.09945e+25 5.23709e+38 1.94713e+25 4.85713e+38 1.76673e+25 4.40713e+38 1.70802e+25 4.26068e+38 
2.76829e+13 8.79344e+25 2.43427e+39 2.58264e+25 7.14949e+38 2.39525e+25 6.63072e+38 2.17316e+25 6.01592e+38 2.10088e+25 5.81584e+38 
3.07211e+13 1.08153e+26 3.32257e+39 3.17665e+25 9.75902e+38 2.94612e+25 9.05082e+38 2.67271e+25 8.21086e+38 2.58374e+25 7.93755e+38 
3.40929e+13 1.33000e+26 4.53435e+39 3.90673e+25 1.33192e+39 3.62319e+25 1.23525e+39 3.28660e+25 1.12050e+39 3.17709e+25 1.08316e+39 
3.78346e+13 1.63530e+26 6.18709e+39 4.80387e+25 1.81753e+39 4.45516e+25 1.68559e+39 4.04083e+25 1.52883e+39 3.90604e+25 1.47784e+39 
4.19871e+13 2.01031e+26 8.44072e+39 5.90601e+25 2.47976e+39 5.47724e+25 2.29973e+39 4.96722e+25 2.08559e+39 4.80133e+25 2.01594e+39 
4.65953e+13 2.47084e+26 1.15129e+40 7.25964e+25 3.38265e+39 6.73250e+25 3.13702e+39 6.10474e+25 2.84452e+39 5.90059e+25 2.74939e+39 
5.17092e+13 3.03619e+26 1.56999e+40 8.92163e+25 4.61330e+39 8.27368e+25 4.27825e+39 7.50105e+25 3.87873e+39 7.24983e+25 3.74883e+39 
5.73844e+13 3.72997e+26 2.14042e+40 1.09615e+26 6.29021e+39 1.01653e+26 5.83327e+39 9.21439e+25 5.28763e+39 8.90527e+25 5.11024e+39 
6.36825e+13 4.58104e+26 2.91732e+40 1.34644e+26 8.57444e+39 1.24860e+26 7.95141e+39 1.13159e+26 7.20625e+39 1.09356e+26 6.96405e+39 
7.06718e+13 5.62459e+26 3.97500e+40 1.65338e+26 1.16848e+40 1.53322e+26 1.08355e+40 1.38923e+26 9.81797e+39 1.34245e+26 9.48731e+39 
7.84282e+13 6.90353e+26 5.41432e+40 2.02966e+26 1.59182e+40 1.88210e+26 1.47610e+40 1.70495e+26 1.33716e+40 1.64739e+26 1.29202e+40 
8.70359e+13 8.47010e+26 7.37203e+40 2.49067e+26 2.16778e+40 2.30953e+26 2.01012e+40 2.09160e+26 1.82044e+40 2.02081e+26 1.75883e+40 
9.65883e+13 1.03878e+27 1.00334e+41 3.05518e+26 2.95095e+40 2.83291e+26 2.73626e+40 2.56483e+26 2.47733e+40 2.47779e+26 2.39325e+40 
1.07189e+14 1.27338e+27 1.36493e+41 3.74599e+26 4.01529e+40 3.47335e+26 3.72305e+40 3.14364e+26 3.36964e+40 3.03661e+26 3.25492e+40 
1.18953e+14 1.56016e+27 1.85587e+41 4.59074e+26 5.46084e+40 4.25647e+26 5.06321e+40 3.85102e+26 4.58092e+40 3.71945e+26 4.42441e+40 
1.32009e+14 1.91043e+27 2.52194e+41 5.62292e+26 7.42275e+40 5.21328e+26 6.88199e+40 4.71478e+26 6.22393e+40 4.55308e+26 6.01047e+40 
1.46497e+14 2.33785e+27 3.42488e+41 6.88299e+26 1.00834e+41 6.38128e+26 9.34839e+40 5.76850e+26 8.45069e+40 5.56979e+26 8.15958e+40 
1.62576e+14 2.85886e+27 4.64780e+41 8.41975e+26 1.36885e+41 7.80565e+26 1.26901e+41 7.05255e+26 1.14657e+41 6.80843e+26 1.10689e+41 
1.80419e+14 3.49322e+27 6.30241e+41 1.02919e+27 1.85685e+41 9.54074e+26 1.72133e+41 8.61542e+26 1.55438e+41 8.31559e+26 1.50029e+41 
2.00220e+14 4.26458e+27 8.53854e+41 1.25698e+27 2.51672e+41 1.16517e+27 2.33290e+41 1.05151e+27 2.10533e+41 1.01470e+27 2.03162e+41 
2.22195e+14 5.20118e+27 1.15567e+42 1.53376e+27 3.40792e+41 1.42164e+27 3.15880e+41 1.28207e+27 2.84869e+41 1.23688e+27 2.74829e+41 
2.46581e+14 6.33655e+27 1.56247e+42 1.86954e+27 4.60993e+41 1.73275e+27 4.27263e+41 1.56143e+27 3.85019e+41 1.50598e+27 3.71347e+41 
2.73644e+14 7.71038e+27 2.10990e+42 2.27620e+27 6.22869e+41 2.10949e+27 5.77250e+41 1.89928e+27 5.19727e+41 1.83128e+27 5.01118e+41 
3.03677e+14 9.36937e+27 2.84526e+42 2.76777e+27 8.40507e+41 2.56483e+27 7.78879e+41 2.30702e+27 7.00589e+41 2.22364e+27 6.75269e+41 
3.37006e+14 1.13681e+28 3.83112e+42 3.36066e+27 1.13257e+42 3.11395e+27 1.04942e+42 2.79793e+27 9.42922e+41 2.69576e+27 9.08488e+41 
3.73994e+14 1.37700e+28 5.14988e+42 4.07406e+27 1.52367e+42 3.77457e+27 1.41166e+42 3.38744e+27 1.26688e+42 3.26229e+27 1.22007e+42 
4.15040e+14 1.66479e+28 6.90957e+42 4.93010e+27 2.04619e+42 4.56714e+27 1.89555e+42 4.09322e+27 1.69885e+42 3.94002e+27 1.63527e+42 
4.60592e+14 2.00852e+28 9.25108e+42 5.95417e+27 2.74244e+42 5.51510e+27 2.54021e+42 4.93539e+27 2.27320e+42 4.74796e+27 2.18688e+42 
5.11143e+14 2.41753e+28 1.23571e+43 7.17503e+27 3.66747e+42 6.64500e+27 3.39655e+42 5.93654e+27 3.03442e+42 5.70739e+27 2.91729e+42 
5.67243e+14 2.90223e+28 1.64627e+43 8.62488e+27 4.89240e+42 7.98649e+27 4.53028e+42 7.12161e+27 4.03968e+42 6.84165e+27 3.88088e+42 
6.29499e+14 3.47391e+28 2.18682e+43 1.03391e+28 6.50847e+42 9.57223e+27 6.02571e+42 8.51767e+27 5.36187e+42 8.17592e+27 5.14673e+42 
6.98588e+14 4.14463e+28 2.89539e+43 1.23560e+28 8.63173e+42 1.14374e+28 7.99000e+42 1.01534e+28 7.09302e+42 9.73653e+27 6.80182e+42 
7.75260e+14 4.92680e+28 3.81955e+43 1.47156e+28 1.14084e+43 1.36188e+28 1.05581e+43 1.20580e+28 9.34810e+42 1.15501e+28 8.95433e+42 
8.60346e+14 5.83271e+28 5.01815e+43 1.74587e+28 1.50205e+43 1.61540e+28 1.38981e+43 1.42604e+28 1.22689e+43 1.36421e+28 1.17370e+43 
9.54772e+14 6.87373e+28 6.56285e+43 2.06248e+28 1.96919e+43 1.90791e+28 1.82162e+43 1.67868e+28 1.60275e+43 1.60351e+28 1.53098e+43 
1.05956e+15 8.05935e+28 8.53936e+43 2.42489e+28 2.56932e+43 2.24261e+28 2.37618e+43 1.96585e+28 2.08293e+43 1.87457e+28 1.98622e+43 
1.17585e+15 9.39578e+28 1.10480e+44 2.83586e+28 3.33455e+43 2.62201e+28 3.08309e+43 2.28888e+28 2.69137e+43 2.17821e+28 2.56125e+43 
1.30490e+15 1.08844e+29 1.42030e+44 3.29688e+28 4.30211e+43 3.04744e+28 3.97661e+43 2.64788e+28 3.45522e+43 2.51394e+28 3.28044e+43 
1.44812e+15 1.25197e+29 1.81300e+44 3.80764e+28 5.51391e+43 3.51857e+28 5.09530e+43 3.04133e+28 4.40421e+43 2.87954e+28 4.16991e+43 
1.60705e+15 1.42872e+29 2.29603e+44 4.36536e+28 7.01536e+43 4.03278e+28 6.48089e+43 3.46555e+28 5.56932e+43 3.27059e+28 5.25601e+43 
1.78343e+15 1.61614e+29 2.88228e+44 4.96411e+28 8.85315e+43 4.58458e+28 8.17629e+43 3.91419e+28 6.98068e+43 3.67996e+28 6.56295e+43 
1.97917e+15 1.81034e+29 3.58296e+44 5.59413e+28 1.10717e+44 5.16492e+28 1.02222e+44 4.37780e+28 8.66440e+43 4.09742e+28 8.10947e+43 
2.19639e+15 2.00595e+29 4.40584e+44 6.24123e+28 1.37082e+44 5.76065e+28 1.26526e+44 4.84351e+28 1.06382e+44 4.50940e+28 9.90437e+43 
2.43744e+15 2.19611e+29 5.35290e+44 6.88643e+28 1.67853e+44 6.35423e+28 1.54881e+44 5.29492e+28 1.29061e+44 4.89903e+28 1.19411e+44 
2.70496e+15 2.37254e+29 6.41764e+44 7.50601e+28 2.03034e+44 6.92369e+28 1.87283e+44 5.71240e+28 1.54518e+44 5.24663e+28 1.41919e+44 
3.00184e+15 2.52592e+29 7.58239e+44 8.07212e+28 2.42312e+44 7.44321e+28 2.23433e+44 6.07387e+28 1.82328e+44 5.53062e+28 1.66020e+44 
3.33129e+15 2.64643e+29 8.81603e+44 8.55418e+28 2.84965e+44 7.88433e+28 2.62650e+44 6.35618e+28 2.11743e+44 5.72925e+28 1.90858e+44 
3.69691e+15 2.72469e+29 1.00729e+45 8.92102e+28 3.29802e+44 8.21800e+28 3.03812e+44 6.53710e+28 2.41671e+44 5.82274e+28 2.15261e+44 
4.10266e+15 2.75283e+29 1.12939e+45 9.14389e+28 3.75143e+44 8.41726e+28 3.45331e+44 6.59780e+28 2.70685e+44 5.79595e+28 2.37788e+44 
4.55294e+15 2.72567e+29 1.24098e+45 9.19996e+28 4.18868e+44 8.46059e+28 3.85205e+44 6.52565e+28 2.97108e+44 5.64115e+28 2.56838e+44 
5.05263e+15 2.64181e+29 1.33481e+45 9.07580e+28 4.58567e+44 8.33521e+28 4.21147e+44 6.31666e+28 3.19158e+44 5.36029e+28 2.70835e+44 
5.60717e+15 2.50435e+29 1.40423e+45 8.77013e+28 4.91756e+44 8.03983e+28 4.50807e+44 5.97722e+28 3.35153e+44 4.96614e+28 2.78460e+44 
6.22257e+15 2.32096e+29 1.44424e+45 8.29523e+28 5.16177e+44 7.58606e+28 4.72048e+44 5.52438e+28 3.43759e+44 4.48195e+28 2.78893e+44 
6.90551e+15 2.10324e+29 1.45240e+45 7.67627e+28 5.30086e+44 6.99799e+28 4.83247e+44 4.98451e+28 3.44206e+44 3.93910e+28 2.72015e+44 
7.66341e+15 1.86530e+29 1.42946e+45 6.94869e+28 5.32507e+44 6.30980e+28 4.83546e+44 4.39031e+28 3.36448e+44 3.37321e+28 2.58503e+44 
8.50449e+15 1.62191e+29 1.37935e+45 6.15405e+28 5.23371e+44 5.56175e+28 4.72998e+44 3.77679e+28 3.21197e+44 2.81927e+28 2.39764e+44 
9.43788e+15 1.38655e+29 1.30861e+45 5.33522e+28 5.03531e+44 4.79534e+28 4.52579e+44 3.17693e+28 2.99835e+44 2.30697e+28 2.17729e+44 
1.04737e+16 1.16982e+29 1.22523e+45 4.53189e+28 4.74657e+44 4.04882e+28 4.24062e+44 2.61809e+28 2.74211e+44 1.85718e+28 1.94516e+44 
1.16232e+16 9.78494e+28 1.13733e+45 3.77734e+28 4.39049e+44 3.35362e+28 3.89799e+44 2.11972e+28 2.46380e+44 1.48039e+28 1.72069e+44 
1.28989e+16 8.15459e+28 1.05185e+45 3.09652e+28 3.99417e+44 2.73240e+28 3.52449e+44 1.69272e+28 2.18342e+44 1.17726e+28 1.51854e+44 
1.43146e+16 6.80279e+28 9.73791e+44 2.50540e+28 3.58637e+44 2.19852e+28 3.14709e+44 1.34015e+28 1.91837e+44 9.40945e+27 1.34692e+44 
1.58857e+16 5.70237e+28 9.05859e+44 2.01123e+28 3.19496e+44 1.75668e+28 2.79060e+44 1.05889e+28 1.68212e+44 7.60214e+27 1.20765e+44 
1.76291e+16 4.81444e+28 8.48745e+44 1.61332e+28 2.84415e+44 1.40415e+28 2.47540e+44 8.41614e+27 1.48369e+44 6.22578e+27 1.09755e+44 
1.95640e+16 4.09753e+28 8.01641e+44 1.30435e+28 2.55182e+44 1.13252e+28 2.21566e+44 6.78586e+27 1.32759e+44 5.16612e+27 1.01070e+44 
2.17112e+16 3.51345e+28 7.62812e+44 1.07198e+28 2.32739e+44 9.29439e+27 2.01792e+44 5.59138e+27 1.21395e+44 4.33181e+27 9.40487e+43 
2.40940e+16 3.02976e+28 7.29992e+44 9.00840e+27 2.17049e+44 7.80499e+27 1.88054e+44 4.72671e+27 1.13885e+44 3.65660e+27 8.81023e+43 
2.67384e+16 2.61992e+28 7.00524e+44 7.74557e+27 2.07104e+44 6.70883e+27 1.79384e+44 4.09345e+27 1.09452e+44 3.09508e+27 8.27576e+43 
2.96730e+16 2.26244e+28 6.71334e+44 6.77528e+27 2.01043e+44 5.86780e+27 1.74115e+44 3.60547e+27 1.06985e+44 2.61632e+27 7.76342e+43 
3.29297e+16 1.94019e+28 6.38898e+44 5.96346e+27 1.96375e+44 5.16455e+27 1.70067e+44 3.19225e+27 1.05120e+44 2.19846e+27 7.23946e+43 
3.65438e+16 1.64022e+28 5.99401e+44 5.20751e+27 1.90302e+44 4.50984e+27 1.64807e+44 2.80138e+27 1.02373e+44 1.82554e+27 6.67122e+43 
4.05546e+16 1.35423e+28 5.49203e+44 4.44183e+27 1.80137e+44 3.84674e+27 1.56003e+44 2.40018e+27 9.73382e+43 1.48641e+27 6.02807e+43 
4.50056e+16 1.07901e+28 4.85614e+44 3.63929e+27 1.63788e+44 3.15172e+27 1.41845e+44 1.97603e+27 8.89324e+43 1.17467e+27 5.28667e+43 
4.99451e+16 8.16563e+27 4.07833e+44 2.80854e+27 1.40272e+44 2.43226e+27 1.21480e+44 1.53481e+27 7.66562e+43 8.88769e+26 4.43896e+43 
5.54266e+16 5.73365e+27 3.17797e+44 1.98635e+27 1.10097e+44 1.72023e+27 9.53465e+43 1.09684e+27 6.07944e+43 6.31486e+26 3.50012e+43 
6.15099e+16 3.58576e+27 2.20559e+44 1.22543e+27 7.53760e+43 1.06125e+27 6.52775e+43 6.90516e+26 4.24736e+43 4.08524e+26 2.51283e+43 
6.82607e+16 1.81466e+27 1.23870e+44 5.79322e+26 3.95450e+43 5.01708e+26 3.42469e+43 3.44403e+26 2.35092e+43 2.26247e+26 1.54438e+43 
7.57525e+16 4.85802e+26 3.68007e+43 8.78621e+25 6.65577e+42 7.60908e+25 5.76407e+42 7.96888e+25 6.03663e+42 8.90904e+25 6.74882e+42 
8.40665e+16 -3.84703e+26 -3.23407e+43 -2.33012e+26 -1.95885e+43 -2.01794e+26 -1.69642e+43 -9.50998e+25 -7.99471e+42 -2.56527e+24 -2.15653e+41 
9.32930e+16 -8.38040e+26 -7.81833e+43 -3.94162e+26 -3.67725e+43 -3.41354e+26 -3.18459e+43 -1.85553e+26 -1.73108e+43 -5.32651e+25 -4.96926e+42 
1.03532e+17 -9.63141e+26 -9.97161e+43 -4.28350e+26 -4.43480e+43 -3.70962e+26 -3.84065e+43 -2.08763e+26 -2.16136e+43 -7.17273e+25 -7.42608e+42 
1.14895e+17 -8.73477e+26 -1.00358e+44 -3.79778e+26 -4.36346e+43 -3.28897e+26 -3.77887e+43 -1.87814e+26 -2.15789e+43 -6.87883e+25 -7.90344e+42 
1.27505e+17 -6.79443e+26 -8.66325e+43 -2.92156e+26 -3.72514e+43 -2.53014e+26 -3.22606e+43 -1.45552e+26 -1.85587e+43 -5.49074e+25 -7.00098e+42 
1.41499e+17 -4.66599e+26 -6.60233e+43 -1.99481e+26 -2.82264e+43 -1.72755e+26 -2.44447e+43 -9.97796e+25 -1.41187e+43 -3.81958e+25 -5.40468e+42 
1.57029e+17 -2.86039e+26 -4.49164e+43 -1.21934e+26 -1.91472e+43 -1.05598e+26 -1.65819e+43 -6.11233e+25 -9.59812e+42 -2.35595e+25 -3.69952e+42 
1.74263e+17 -1.57008e+26 -2.73607e+43 -6.68488e+25 -1.16493e+43 -5.78927e+25 -1.00886e+43 -3.35470e+25 -5.84602e+42 -1.29609e+25 -2.25862e+42 
1.93389e+17 -7.70503e+25 -1.49007e+43 -3.27995e+25 -6.34306e+42 -2.84052e+25 -5.49325e+42 -1.64676e+25 -3.18465e+42 -6.35969e+24 -1.22989e+42 
2.14614e+17 -3.36488e+25 -7.22150e+42 -1.43302e+25 -3.07547e+42 -1.24103e+25 -2.66344e+42 -7.19537e+24 -1.54423e+42 -2.77295e+24 -5.95114e+41 
2.38169e+17 -1.29837e+25 -3.09232e+42 -5.53396e+24 -1.31802e+42 -4.79255e+24 -1.14143e+42 -2.77829e+24 -6.61702e+41 -1.06734e+24 -2.54208e+41 
2.64308e+17 -4.38536e+24 -1.15909e+42 -1.87103e+24 -4.94530e+41 -1.62036e+24 -4.28275e+41 -9.39106e+23 -2.48213e+41 -3.59446e+23 -9.50046e+40 
2.93317e+17 -1.28186e+24 -3.75990e+41 -5.47514e+23 -1.60595e+41 -4.74161e+23 -1.39079e+41 -2.74723e+23 -8.05809e+40 -1.04737e+23 -3.07212e+40 
3.25509e+17 -3.19961e+23 -1.04150e+41 -1.36816e+23 -4.45349e+40 -1.18486e+23 -3.85684e+40 -6.86276e+22 -2.23389e+40 -2.60602e+22 -8.48282e+39 
3.61234e+17 -6.71586e+22 -2.42600e+40 -2.87486e+22 -1.03850e+40 -2.48970e+22 -8.99364e+39 -1.44159e+22 -5.20751e+39 -5.45308e+21 -1.96984e+39 
4.00881e+17 -1.16488e+22 -4.66976e+39 -4.99162e+21 -2.00104e+39 -4.32287e+21 -1.73295e+39 -2.50230e+21 -1.00312e+39 -9.43085e+20 -3.78064e+38 
4.44878e+17 -1.63714e+21 -7.28329e+38 -7.02206e+20 -3.12396e+38 -6.08128e+20 -2.70543e+38 -3.51922e+20 -1.56562e+38 -1.32184e+20 -5.88056e+37 
4.93705e+17 -1.82358e+20 -9.00312e+37 -7.82866e+19 -3.86505e+37 -6.77982e+19 -3.34723e+37 -3.92250e+19 -1.93656e+37 -1.46869e+19 -7.25099e+36 
5.47890e+17 -1.57052e+19 -8.60473e+36 -6.74775e+18 -3.69702e+36 -5.84372e+18 -3.20172e+36 -3.38017e+18 -1.85196e+36 -1.26197e+18 -6.91421e+35 
6.08022e+17 -1.01721e+18 -6.18484e+35 -4.37371e+17 -2.65931e+35 -3.78774e+17 -2.30303e+35 -2.19049e+17 -1.33187e+35 -8.15630e+16 -4.95921e+34 
6.74754e+17 -4.80362e+16 -3.24126e+34 -2.06687e+16 -1.39463e+34 -1.78996e+16 -1.20778e+34 -1.03496e+16 -6.98341e+33 -3.84411e+15 -2.59383e+33 
7.48810e+17 -1.59765e+15 -1.19634e+33 -6.87877e+14 -5.15090e+32 -5.95719e+14 -4.46081e+32 -3.44384e+14 -2.57878e+32 -1.27615e+14 -9.55594e+31 
8.30994e+17 -3.60018e+13 -2.99173e+31 -1.55105e+13 -1.28891e+31 -1.34325e+13 -1.11623e+31 -7.76394e+12 -6.45179e+30 -2.87061e+12 -2.38546e+30 
9.22198e+17 -5.26333e+11 -4.85383e+29 -2.26896e+11 -2.09243e+29 -1.96497e+11 -1.81210e+29 -1.13555e+11 -1.04721e+29 -4.18950e+10 -3.86355e+28 
1.02341e+18 -4.75537e+09 -4.86670e+27 -2.05123e+09 -2.09925e+27 -1.77641e+09 -1.81800e+27 -1.02640e+09 -1.05043e+27 -3.77869e+08 -3.86715e+26 
1.13573e+18 -2.51434e+07 -2.85562e+25 -1.08524e+07 -1.23254e+25 -9.39845e+06 -1.06741e+25 -5.42935e+06 -6.16629e+24 -1.99438e+06 -2.26508e+24 
1.26038e+18 -7.31801e+04 -9.22349e+22 -3.16080e+04 -3.98381e+22 -2.73733e+04 -3.45008e+22 -1.58097e+04 -1.99262e+22 -5.79329e+03 -7.30176e+21 
1.39871e+18 -1.09433e+02 -1.53065e+20 -4.73056e+01 -6.61670e+19 -4.09679e+01 -5.73023e+19 -2.36548e+01 -3.30863e+19 -8.64286e+00 -1.20889e+19 
1.55223e+18 -7.77561e-02 -1.20695e+17 -3.36497e-02 -5.22319e+16 -2.91415e-02 -4.52342e+16 -1.68199e-02 -2.61082e+16 -6.12187e-03 -9.50252e+15 
1.72259e+18 -2.39921e-05 -4.13285e+13 -1.04000e-05 -1.79149e+13 -9.00665e-06 -1.55147e+13 -5.19544e-06 -8.94959e+12 -1.88010e-06 -3.23864e+12 
1.91164e+18 -2.88773e-09 -5.52031e+09 -1.25528e-09 -2.39965e+09 -1.08710e-09 -2.07816e+09 -6.26465e-10 -1.19758e+09 -2.24484e-10 -4.29134e+08 
2.12145e+18 -1.17934e-13 -2.50192e+05 -5.15573e-14 -1.09376e+05 -4.46499e-14 -9.47227e+04 -2.56784e-14 -5.44754e+04 -9.01801e-15 -1.91313e+04 
2.35429e+18 -1.29613e-18 -3.05147e+00 -5.75683e-19 -1.35532e+00 -4.98556e-19 -1.17374e+00 -2.85114e-19 -6.71239e-01 -9.44656e-20 -2.22399e-01 
2.61268e+18 -1.36855e-24 -3.57557e-06 -7.12182e-25 -1.86070e-06 -6.16768e-25 -1.61141e-06 -3.34455e-25 -8.73821e-07 -4.62158e-26 -1.20747e-07 
2.89942e+18 8.17269e-30 2.36961e-11 3.28649e-30 9.52892e-12 2.84618e-30 8.25229e-12 1.68779e-30 4.89362e-12 7.71846e-31 2.23791e-12 
3.21764e+18 6.84652e-36 2.20296e-17 2.84520e-36 9.15484e-18 2.46402e-36 7.92832e-18 1.44338e-36 4.64428e-18 5.99397e-37 1.92865e-18 
3.57079e+18 7.76431e-43 2.77247e-24 3.25313e-43 1.16162e-24 2.81729e-43 1.00599e-24 1.64536e-43 5.87521e-25 6.66141e-44 2.37865e-25 
3.96269e+18 1.26917e-50 5.02932e-32 5.33458e-51 2.11393e-32 4.61988e-51 1.83072e-32 2.69496e-51 1.06793e-32 1.08019e-51 4.28045e-33 
4.39760e+18 2.62679e-59 1.15516e-40 1.10563e-59 4.86214e-41 9.57507e-60 4.21073e-41 5.58264e-60 2.45502e-41 2.22776e-60 9.79679e-42 
4.88025e+18 5.68878e-69 2.77627e-50 2.39593e-69 1.16927e-50 2.07493e-69 1.01262e-50 1.20949e-69 5.90262e-51 4.81702e-70 2.35083e-51 
5.41587e+18 1.02458e-79 5.54900e-61 4.31634e-80 2.33768e-61 3.73806e-80 2.02449e-61 2.17872e-80 1.17997e-61 8.66988e-81 4.69550e-62 
6.01028e+18 1.17892e-91 7.08564e-73 4.96708e-92 2.98535e-73 4.30162e-92 2.58539e-73 2.50708e-92 1.50683e-73 9.97312e-93 5.99412e-74 
6.66992e+18 6.43773e-105 4.29392e-86 2.71250e-105 1.80921e-86 2.34909e-105 1.56682e-86 1.36908e-105 9.13163e-87 5.44541e-106 3.63204e-87 
7.40196e+18 1.19665e-119 8.85757e-101 5.04212e-120 3.73216e-101 4.36660e-120 3.23214e-101 2.54488e-120 1.88371e-101 1.01214e-120 7.49185e-102 
8.21434e+18 5.22983e-136 4.29596e-117 2.20363e-136 1.81013e-117 1.90840e-136 1.56762e-117 1.11222e-136 9.13612e-118 4.42332e-137 3.63347e-118 
9.11589e+18 3.56178e-154 3.24688e-135 1.50080e-154 1.36811e-135 1.29973e-154 1.18482e-135 7.57478e-155 6.90509e-136 3.01244e-155 2.74610e-136 
1.01164e+19 2.39390e-174 2.42176e-155 1.00871e-174 1.02045e-155 8.73565e-175 8.83732e-156 5.09109e-175 5.15034e-156 2.02464e-175 2.04820e-156 
1.12267e+19 9.56095e-197 1.07338e-177 4.02868e-197 4.52287e-178 3.48894e-197 3.91692e-178 2.03332e-197 2.28275e-178 8.08603e-198 9.07792e-179 
1.24588e+19 1.29202e-221 1.60970e-202 5.44419e-222 6.78282e-203 4.71480e-222 5.87410e-203 2.74773e-222 3.42336e-203 1.09269e-222 1.36136e-203 
1.38262e+19 3.16160e-249 4.37130e-230 1.33221e-249 1.84195e-230 1.15373e-249 1.59517e-230 6.72379e-250 9.29646e-231 2.67381e-250 3.69686e-231 
1.53437e+19 0.00000e+00 0.00000e+00 0.00000e+00 0.00000e+00 0.00000e+00 0.00000e+00 0.00000e+00 0.00000e+00 0.00000e+00 0.00000e+00 
1.70277e+19 0.00000e+00 0.00000e+00 0.00000e+00 0.00000e+00 0.00000e+00 0.00000e+00 0.00000e+00 0.00000e+00 0.00000e+00 0.00000e+00 
1.88965e+19 0.00000e+00 0.00000e+00 0.00000e+00 0.00000e+00 0.00000e+00 0.00000e+00 0.00000e+00 0.00000e+00 0.00000e+00 0.00000e+00 
2.09705e+19 0.00000e+00 0.00000e+00 0.00000e+00 0.00000e+00 0.00000e+00 0.00000e+00 0.00000e+00 0.00000e+00 0.00000e+00 0.00000e+00 
2.32720e+19 0.00000e+00 0.00000e+00 0.00000e+00 0.00000e+00 0.00000e+00 0.00000e+00 0.00000e+00 0.00000e+00 0.00000e+00 0.00000e+00 
2.58262e+19 0.00000e+00 0.00000e+00 0.00000e+00 0.00000e+00 0.00000e+00 0.00000e+00 0.00000e+00 0.00000e+00 0.00000e+00 0.00000e+00 
2.86607e+19 0.00000e+00 0.00000e+00 0.00000e+00 0.00000e+00 0.00000e+00 0.00000e+00 0.00000e+00 0.00000e+00 0.00000e+00 0.00000e+00 
3.18063e+19 0.00000e+00 0.00000e+00 0.00000e+00 0.00000e+00 0.00000e+00 0.00000e+00 0.00000e+00 0.00000e+00 0.00000e+00 0.00000e+00 
3.52971e+19 0.00000e+00 0.00000e+00 0.00000e+00 0.00000e+00 0.00000e+00 0.00000e+00 0.00000e+00 0.00000e+00 0.00000e+00 0.00000e+00 
3.91710e+19 0.00000e+00 0.00000e+00 0.00000e+00 0.00000e+00 0.00000e+00 0.00000e+00 0.00000e+00 0.00000e+00 0.00000e+00 0.00000e+00 
4.34701e+19 0.00000e+00 0.00000e+00 0.00000e+00 0.00000e+00 0.00000e+00 0.00000e+00 0.00000e+00 0.00000e+00 0.00000e+00 0.00000e+00 
4.82411e+19 0.00000e+00 0.00000e+00 0.00000e+00 0.00000e+00 0.00000e+00 0.00000e+00 0.00000e+00 0.00000e+00 0.00000e+00 0.00000e+00 
5.35357e+19 0.00000e+00 0.00000e+00 0.00000e+00 0.00000e+00 0.00000e+00 0.00000e+00 0.00000e+00 0.00000e+00 0.00000e+00 0.00000e+00 
5.94113e+19 0.00000e+00 0.00000e+00 0.00000e+00 0.00000e+00 0.00000e+00 0.00000e+00 0.00000e+00 0.00000e+00 0.00000e+00 0.00000e+00 
6.59319e+19 0.00000e+00 0.00000e+00 0.00000e+00 0.00000e+00 0.00000e+00 0.00000e+00 0.00000e+00 0.00000e+00 0.00000e+00 0.00000e+00 
7.31681e+19 0.00000e+00 0.00000e+00 0.00000e+00 0.00000e+00 0.00000e+00 0.00000e+00 0.00000e+00 0.00000e+00 0.00000e+00 0.00000e+00 
8.11984e+19 0.00000e+00 0.00000e+00 0.00000e+00 0.00000e+00 0.00000e+00 0.00000e+00 0.00000e+00 0.00000e+00 0.00000e+00 0.00000e+00 
9.01102e+19 0.00000e+00 0.00000e+00 0.00000e+00 0.00000e+00 0.00000e+00 0.00000e+00 0.00000e+00 0.00000e+00 0.00000e+00 0.00000e+00 
1.00000e+20 0.00000e+00 0.00000e+00 0.00000e+00 0.00000e+00 0.00000e+00 0.00000e+00 0.00000e+00 0.00000e+00 0.00000e+00 0.00000e+00 
