1.00000e+11 4.19041e+20 4.19041e+31 8.69766e+19 8.69766e+30 1.00377e+20 1.00377e+31 1.23857e+20 1.23857e+31 1.21787e+20 1.21787e+31 
1.10975e+11 5.16067e+20 5.72707e+31 1.07115e+20 1.18872e+31 1.23619e+20 1.37187e+31 1.52536e+20 1.69277e+31 1.49986e+20 1.66447e+31 
1.23155e+11 6.35559e+20 7.82723e+31 1.31917e+20 1.62463e+31 1.52242e+20 1.87494e+31 1.87854e+20 2.31352e+31 1.84714e+20 2.27484e+31 
1.36672e+11 7.82717e+20 1.06975e+32 1.62462e+20 2.22039e+31 1.87493e+20 2.56249e+31 2.31350e+20 3.16190e+31 2.27482e+20 3.10904e+31 
1.51672e+11 9.63948e+20 1.46204e+32 2.00078e+20 3.03462e+31 2.30905e+20 3.50217e+31 2.84917e+20 4.32138e+31 2.80154e+20 4.24914e+31 
1.68318e+11 1.18714e+21 1.99817e+32 2.46404e+20 4.14742e+31 2.84368e+20 4.78643e+31 3.50886e+20 5.90605e+31 3.45020e+20 5.80731e+31 
1.86791e+11 1.46201e+21 2.73090e+32 3.03456e+20 5.66829e+31 3.50210e+20 6.54162e+31 4.32130e+20 8.07181e+31 4.24905e+20 7.93687e+31 
2.07292e+11 1.80052e+21 3.73233e+32 3.73717e+20 7.74685e+31 4.31296e+20 8.94043e+31 5.32183e+20 1.10317e+32 5.23286e+20 1.08473e+32 
2.30043e+11 2.21740e+21 5.10097e+32 4.60245e+20 1.05876e+32 5.31156e+20 1.22189e+32 6.55402e+20 1.50771e+32 6.44445e+20 1.48250e+32 
2.55291e+11 2.73080e+21 6.97148e+32 5.66807e+20 1.44701e+32 6.54136e+20 1.66995e+32 8.07149e+20 2.06058e+32 7.93656e+20 2.02613e+32 
2.83310e+11 3.36307e+21 9.52789e+32 6.98041e+20 1.97762e+32 8.05589e+20 2.28231e+32 9.94028e+20 2.81618e+32 9.77412e+20 2.76910e+32 
3.14404e+11 4.14172e+21 1.30217e+33 8.59658e+20 2.70279e+32 9.92106e+20 3.11922e+32 1.22417e+21 3.84885e+32 1.20371e+21 3.78451e+32 
3.48910e+11 5.10064e+21 1.77966e+33 1.05869e+21 3.69388e+32 1.22180e+21 4.26300e+32 1.50760e+21 5.26018e+32 1.48240e+21 5.17225e+32 
3.87204e+11 6.28156e+21 2.43224e+33 1.30380e+21 5.04838e+32 1.50468e+21 5.82619e+32 1.85665e+21 7.18901e+32 1.82561e+21 7.06884e+32 
4.29700e+11 7.73588e+21 3.32411e+33 1.60566e+21 6.89954e+32 1.85305e+21 7.96255e+32 2.28650e+21 9.82510e+32 2.24828e+21 9.66087e+32 
4.76861e+11 9.52688e+21 4.54300e+33 1.97740e+21 9.42947e+32 2.28206e+21 1.08823e+33 2.81586e+21 1.34278e+33 2.76880e+21 1.32033e+33 
5.29198e+11 1.17325e+22 6.20881e+33 2.43520e+21 1.28870e+33 2.81039e+21 1.48725e+33 3.46777e+21 1.83514e+33 3.40981e+21 1.80446e+33 
5.87279e+11 1.44487e+22 8.48541e+33 2.99898e+21 1.76124e+33 3.46102e+21 2.03258e+33 4.27059e+21 2.50803e+33 4.19922e+21 2.46611e+33 
6.51734e+11 1.77937e+22 1.15967e+34 3.69326e+21 2.40702e+33 4.26226e+21 2.77786e+33 5.25926e+21 3.42764e+33 5.17136e+21 3.37035e+33 
7.23263e+11 2.19130e+22 1.58488e+34 4.54826e+21 3.28959e+33 5.24898e+21 3.79640e+33 6.47677e+21 4.68441e+33 6.36853e+21 4.60612e+33 
8.02643e+11 2.69857e+22 2.16599e+34 5.60116e+21 4.49573e+33 6.46409e+21 5.18836e+33 7.97611e+21 6.40197e+33 7.84281e+21 6.29498e+33 
8.90735e+11 3.32327e+22 2.96015e+34 6.89777e+21 6.14409e+33 7.96046e+21 7.09066e+33 9.82248e+21 8.74923e+33 9.65834e+21 8.60302e+33 
9.88496e+11 4.09255e+22 4.04547e+34 8.49450e+21 8.39678e+33 9.80316e+21 9.69038e+33 1.20962e+22 1.19570e+34 1.18941e+22 1.17572e+34 
1.09699e+12 5.03988e+22 5.52868e+34 1.04608e+22 1.14753e+34 1.20723e+22 1.32432e+34 1.48961e+22 1.63409e+34 1.46472e+22 1.60678e+34 
1.21738e+12 6.20646e+22 7.55564e+34 1.28821e+22 1.56825e+34 1.48667e+22 1.80984e+34 1.83441e+22 2.23318e+34 1.80376e+22 2.19586e+34 
1.35099e+12 7.64301e+22 1.03257e+35 1.58638e+22 2.14319e+34 1.83077e+22 2.47335e+34 2.25899e+22 3.05188e+34 2.22125e+22 3.00090e+34 
1.49927e+12 9.41199e+22 1.41111e+35 1.95354e+22 2.92889e+34 2.25449e+22 3.38009e+34 2.78182e+22 4.17070e+34 2.73535e+22 4.10103e+34 
1.66382e+12 1.15903e+23 1.92841e+35 2.40567e+22 4.00259e+34 2.77626e+22 4.61919e+34 3.42563e+22 5.69962e+34 3.36841e+22 5.60442e+34 
1.84642e+12 1.42726e+23 2.63533e+35 2.96240e+22 5.46985e+34 3.41875e+22 6.31246e+34 4.21839e+22 7.78894e+34 4.14794e+22 7.65885e+34 
2.04907e+12 1.75755e+23 3.60134e+35 3.64794e+22 7.47489e+34 4.20988e+22 8.62635e+34 5.19455e+22 1.06440e+35 5.10781e+22 1.04663e+35 
2.27397e+12 2.16424e+23 4.92140e+35 4.49206e+22 1.02148e+35 5.18401e+22 1.17883e+35 6.39652e+22 1.45455e+35 6.28972e+22 1.43026e+35 
2.52354e+12 2.66500e+23 6.72524e+35 5.53143e+22 1.39588e+35 6.38346e+22 1.61089e+35 7.87650e+22 1.98767e+35 7.74501e+22 1.95448e+35 
2.80050e+12 3.28159e+23 9.19010e+35 6.81118e+22 1.90747e+35 7.86032e+22 2.20129e+35 9.69876e+22 2.71614e+35 9.53686e+22 2.67080e+35 
3.10787e+12 4.04076e+23 1.25581e+36 8.38688e+22 2.60653e+35 9.67868e+22 3.00801e+35 1.19424e+23 3.71153e+35 1.17431e+23 3.64959e+35 
3.44896e+12 4.97546e+23 1.71602e+36 1.03269e+23 3.56171e+35 1.19175e+23 4.11029e+35 1.47048e+23 5.07161e+35 1.44594e+23 4.98699e+35 
3.82749e+12 6.12626e+23 2.34482e+36 1.27154e+23 4.86682e+35 1.46738e+23 5.61639e+35 1.81057e+23 6.92994e+35 1.78036e+23 6.81433e+35 
4.24757e+12 7.54305e+23 3.20396e+36 1.56560e+23 6.65001e+35 1.80672e+23 7.67417e+35 2.22926e+23 9.46896e+35 2.19208e+23 9.31103e+35 
4.71375e+12 9.28727e+23 4.37779e+36 1.92762e+23 9.08632e+35 2.22448e+23 1.04856e+36 2.74471e+23 1.29379e+36 2.69895e+23 1.27222e+36 
5.23110e+12 1.14345e+24 5.98149e+36 2.37328e+23 1.24149e+36 2.73875e+23 1.43267e+36 3.37924e+23 1.76771e+36 3.32291e+23 1.73825e+36 
5.80523e+12 1.40777e+24 8.17242e+36 2.92188e+23 1.69622e+36 3.37180e+23 1.95741e+36 4.16032e+23 2.41516e+36 4.09100e+23 2.37492e+36 
6.44236e+12 1.73313e+24 1.11655e+37 3.59716e+23 2.31742e+36 4.15103e+23 2.67425e+36 5.12176e+23 3.29962e+36 5.03644e+23 3.24466e+36 
7.14943e+12 2.13361e+24 1.52541e+37 4.42835e+23 3.16601e+36 5.11015e+23 3.65346e+36 6.30512e+23 4.50780e+36 6.20014e+23 4.43275e+36 
7.93410e+12 2.62651e+24 2.08390e+37 5.45135e+23 4.32515e+36 6.29059e+23 4.99101e+36 7.76155e+23 6.15809e+36 7.63238e+23 6.05560e+36 
8.80488e+12 3.23313e+24 2.84673e+37 6.71036e+23 5.90839e+36 7.74333e+23 6.81791e+36 9.55393e+23 8.41212e+36 9.39500e+23 8.27219e+36 
9.77124e+12 3.97965e+24 3.88861e+37 8.25970e+23 8.07076e+36 9.53105e+23 9.31302e+36 1.17596e+24 1.14906e+37 1.15641e+24 1.12995e+37 
1.08437e+13 4.89824e+24 5.31149e+37 1.01662e+24 1.10238e+37 1.17308e+24 1.27205e+37 1.44735e+24 1.56946e+37 1.42330e+24 1.54338e+37 
1.20338e+13 6.02848e+24 7.25454e+37 1.25119e+24 1.50565e+37 1.44373e+24 1.73735e+37 1.78126e+24 2.14353e+37 1.75168e+24 2.10794e+37 
1.33545e+13 7.41898e+24 9.90768e+37 1.53977e+24 2.05628e+37 1.77668e+24 2.37267e+37 2.19203e+24 2.92735e+37 2.15566e+24 2.87879e+37 
1.48202e+13 9.12947e+24 1.35301e+38 1.89475e+24 2.80806e+37 2.18624e+24 3.24006e+37 2.69731e+24 3.99746e+37 2.65259e+24 3.93120e+37 
1.64468e+13 1.12333e+25 1.84752e+38 2.33137e+24 3.83435e+37 2.68997e+24 4.42413e+37 3.31874e+24 5.45825e+37 3.26378e+24 5.36786e+37 
1.82518e+13 1.38207e+25 2.52252e+38 2.86831e+24 5.23520e+37 3.30942e+24 6.04030e+37 4.08292e+24 7.45208e+37 4.01538e+24 7.32880e+37 
2.02550e+13 1.70021e+25 3.44377e+38 3.52853e+24 7.14705e+37 4.07106e+24 8.24594e+37 5.02249e+24 1.01731e+38 4.93950e+24 1.00050e+38 
2.24781e+13 2.09132e+25 4.70089e+38 4.34018e+24 9.75589e+37 5.00735e+24 1.12556e+38 6.17748e+24 1.38858e+38 6.07554e+24 1.36566e+38 
2.49451e+13 2.57207e+25 6.41605e+38 5.33781e+24 1.33152e+38 6.15812e+24 1.53615e+38 7.59701e+24 1.89508e+38 7.47182e+24 1.86385e+38 
2.76829e+13 3.16285e+25 8.75568e+38 6.56376e+24 1.81704e+38 7.57218e+24 2.09620e+38 9.34125e+24 2.58593e+38 9.18757e+24 2.54338e+38 
3.07211e+13 3.88869e+25 1.19465e+39 8.06991e+24 2.47917e+38 9.30934e+24 2.85994e+38 1.14840e+25 3.52800e+38 1.12954e+25 3.47006e+38 
3.40929e+13 4.78021e+25 1.62971e+39 9.91983e+24 3.38195e+38 1.14428e+25 3.90119e+38 1.41154e+25 4.81235e+38 1.38841e+25 4.73347e+38 
3.78346e+13 5.87492e+25 2.22275e+39 1.21913e+25 4.61253e+38 1.40623e+25 5.32042e+38 1.73461e+25 6.56284e+38 1.70624e+25 6.45551e+38 
4.19871e+13 7.21868e+25 3.03091e+39 1.49794e+25 6.28942e+38 1.72773e+25 7.25425e+38 2.13111e+25 8.94792e+38 2.09635e+25 8.80195e+38 
4.65953e+13 8.86756e+25 4.13186e+39 1.84005e+25 8.57376e+38 2.12218e+25 9.88837e+38 2.61755e+25 1.21966e+39 2.57497e+25 1.19981e+39 
5.17092e+13 1.08900e+26 5.63114e+39 2.25965e+25 1.16845e+39 2.60593e+25 1.34751e+39 3.21407e+25 1.66197e+39 3.16194e+25 1.63502e+39 
5.73844e+13 1.33696e+26 7.67204e+39 2.77406e+25 1.59188e+39 3.19892e+25 1.83568e+39 3.94524e+25 2.26395e+39 3.88147e+25 2.22736e+39 
6.36825e+13 1.64080e+26 1.04490e+40 3.40438e+25 2.16800e+39 3.92542e+25 2.49981e+39 4.84098e+25 3.08285e+39 4.76302e+25 3.03321e+39 
7.06718e+13 2.01292e+26 1.42256e+40 4.17631e+25 2.95147e+39 4.81501e+25 3.40285e+39 5.93767e+25 4.19626e+39 5.84245e+25 4.12897e+39 
7.84282e+13 2.46837e+26 1.93590e+40 5.12105e+25 4.01635e+39 5.90357e+25 4.63007e+39 7.27953e+25 5.70921e+39 7.16335e+25 5.61808e+39 
8.70359e+13 3.02545e+26 2.63322e+40 6.27650e+25 5.46281e+39 7.23467e+25 6.29676e+39 8.92017e+25 7.76375e+39 8.77854e+25 7.64049e+39 
9.65883e+13 3.70628e+26 3.57983e+40 7.68855e+25 7.42624e+39 8.86105e+25 8.55874e+39 1.09245e+26 1.05518e+40 1.07521e+26 1.03852e+40 
1.07189e+14 4.53766e+26 4.86388e+40 9.41270e+25 1.00894e+40 1.08464e+26 1.16262e+40 1.33709e+26 1.43321e+40 1.31612e+26 1.41074e+40 
1.18953e+14 5.55190e+26 6.60418e+40 1.15159e+26 1.36986e+40 1.32677e+26 1.57823e+40 1.63538e+26 1.94534e+40 1.60993e+26 1.91506e+40 
1.32009e+14 6.78791e+26 8.96064e+40 1.40788e+26 1.85852e+40 1.62172e+26 2.14081e+40 1.99869e+26 2.63845e+40 1.96784e+26 2.59772e+40 
1.46497e+14 8.29239e+26 1.21481e+41 1.71980e+26 2.51946e+40 1.98059e+26 2.90150e+40 2.44064e+26 3.57546e+40 2.40330e+26 3.52077e+40 
1.62576e+14 1.01212e+27 1.64546e+41 2.09894e+26 3.41236e+40 2.41662e+26 3.92883e+40 2.97748e+26 4.84065e+40 2.93239e+26 4.76735e+40 
1.80419e+14 1.23411e+27 2.22656e+41 2.55909e+26 4.61707e+40 2.94559e+26 5.31439e+40 3.62856e+26 6.54661e+40 3.57425e+26 6.44862e+40 
2.00220e+14 1.50310e+27 3.00952e+41 3.11663e+26 6.24013e+40 3.58621e+26 7.18032e+40 4.41684e+26 8.84339e+40 4.35158e+26 8.71274e+40 
2.22195e+14 1.82847e+27 4.06277e+41 3.79095e+26 8.42329e+40 4.36058e+26 9.68898e+40 5.36933e+26 1.19304e+41 5.29115e+26 1.17567e+41 
2.46581e+14 2.22121e+27 5.47709e+41 4.60480e+26 1.13546e+41 5.29461e+26 1.30555e+41 6.51773e+26 1.60715e+41 6.42438e+26 1.58413e+41 
2.73644e+14 2.69418e+27 7.37246e+41 5.58482e+26 1.52825e+41 6.41853e+26 1.75639e+41 7.89893e+26 2.16150e+41 7.78789e+26 2.13111e+41 
3.03677e+14 3.26229e+27 9.90682e+41 6.76188e+26 2.05343e+41 7.76732e+26 2.35876e+41 9.55557e+26 2.90181e+41 9.42403e+26 2.86186e+41 
3.37006e+14 3.94270e+27 1.32872e+42 8.17156e+26 2.75387e+41 9.38112e+26 3.16150e+41 1.15364e+27 3.88785e+41 1.13814e+27 3.83559e+41 
3.73994e+14 4.75499e+27 1.77834e+42 9.85441e+26 3.68549e+41 1.13055e+27 4.22820e+41 1.38968e+27 5.19731e+41 1.37149e+27 5.12930e+41 
4.15040e+14 5.72118e+27 2.37452e+42 1.18562e+27 4.92080e+41 1.35918e+27 5.64113e+41 1.66984e+27 6.93051e+41 1.64865e+27 6.84256e+41 
4.60592e+14 6.86575e+27 3.16231e+42 1.42278e+27 6.55321e+41 1.62963e+27 7.50597e+41 2.00092e+27 9.21610e+41 1.97640e+27 9.10315e+41 
5.11143e+14 8.21545e+27 4.19927e+42 1.70251e+27 8.70226e+41 1.94808e+27 9.95748e+41 2.39027e+27 1.22177e+42 2.36211e+27 1.20738e+42 
5.67243e+14 9.79888e+27 5.55834e+42 2.03080e+27 1.15196e+42 2.32105e+27 1.31660e+42 2.84559e+27 1.61414e+42 2.81356e+27 1.59597e+42 
6.29499e+14 1.16458e+28 7.33104e+42 2.41397e+27 1.51959e+42 2.75530e+27 1.73446e+42 3.37478e+27 2.12442e+42 3.33872e+27 2.10172e+42 
6.98588e+14 1.37863e+28 9.63096e+42 2.85843e+27 1.99687e+42 3.25756e+27 2.27569e+42 3.98551e+27 2.78423e+42 3.94539e+27 2.75620e+42 
7.75260e+14 1.62491e+28 1.25973e+43 3.37051e+27 2.61302e+42 3.83422e+27 2.97252e+42 4.68483e+27 3.63196e+42 4.64077e+27 3.59780e+42 
8.60346e+14 1.90598e+28 1.63980e+43 3.95607e+27 3.40359e+42 4.49087e+27 3.86370e+42 5.47854e+27 4.71344e+42 5.43087e+27 4.67243e+42 
9.54772e+14 2.22387e+28 2.12329e+43 4.62017e+27 4.41120e+42 5.23183e+27 4.99520e+42 6.37046e+27 6.08233e+42 6.31971e+27 6.03388e+42 
1.05956e+15 2.57980e+28 2.73345e+43 5.36663e+27 5.68627e+42 6.05954e+27 6.42045e+42 7.36166e+27 7.80012e+42 7.30854e+27 7.74383e+42 
1.17585e+15 2.97388e+28 3.49683e+43 6.19764e+27 7.28749e+42 6.97402e+27 8.20040e+42 8.44958e+27 9.93543e+42 8.39486e+27 9.87110e+42 
1.30490e+15 3.40481e+28 4.44294e+43 7.11330e+27 9.28216e+42 7.97230e+27 1.04031e+43 9.62721e+27 1.25626e+43 9.57154e+27 1.24899e+43 
1.44812e+15 3.86963e+28 5.60369e+43 8.11147e+27 1.17464e+43 9.04806e+27 1.31027e+43 1.08825e+28 1.57591e+43 1.08259e+28 1.56773e+43 
1.60705e+15 4.36353e+28 7.01242e+43 9.18761e+27 1.47650e+43 1.01915e+28 1.63783e+43 1.21978e+28 1.96025e+43 1.21394e+28 1.95087e+43 
1.78343e+15 4.87972e+28 8.70265e+43 1.03350e+28 1.84318e+43 1.13895e+28 2.03125e+43 1.35504e+28 2.41662e+43 1.34871e+28 2.40534e+43 
1.97917e+15 5.40958e+28 1.07065e+44 1.15453e+28 2.28501e+43 1.26265e+28 2.49899e+43 1.49127e+28 2.95147e+43 1.48382e+28 2.93672e+43 
2.19639e+15 5.94279e+28 1.30527e+44 1.28088e+28 2.81331e+43 1.38848e+28 3.04964e+43 1.62535e+28 3.56990e+43 1.61566e+28 3.54861e+43 
2.43744e+15 6.46772e+28 1.57647e+44 1.41156e+28 3.44059e+43 1.51466e+28 3.69189e+43 1.75396e+28 4.27518e+43 1.74023e+28 4.24172e+43 
2.70496e+15 6.97180e+28 1.88584e+44 1.54554e+28 4.18063e+43 1.63942e+28 4.43456e+43 1.87373e+28 5.06837e+43 1.85330e+28 5.01310e+43 
3.00184e+15 7.44196e+28 2.23395e+44 1.68182e+28 5.04855e+43 1.76114e+28 5.28665e+43 1.98140e+28 5.94785e+43 1.95051e+28 5.85512e+43 
3.33129e+15 7.86496e+28 2.62005e+44 1.81931e+28 6.06065e+43 1.87833e+28 6.25728e+43 2.07394e+28 6.90889e+43 2.02759e+28 6.75449e+43 
3.69691e+15 8.22778e+28 3.04174e+44 1.95673e+28 7.23387e+43 1.98961e+28 7.35541e+43 2.14857e+28 7.94308e+43 2.08043e+28 7.69115e+43 
4.10266e+15 8.51807e+28 3.49467e+44 2.09248e+28 8.58473e+43 2.09358e+28 8.58926e+43 2.20289e+28 9.03769e+43 2.10530e+28 8.63733e+43 
4.55294e+15 8.72484e+28 3.97236e+44 2.22449e+28 1.01279e+44 2.18881e+28 9.96549e+43 2.23488e+28 1.01752e+44 2.09910e+28 9.55708e+43 
5.05263e+15 8.83961e+28 4.46633e+44 2.35022e+28 1.18748e+44 2.27375e+28 1.14884e+44 2.24313e+28 1.13337e+44 2.05970e+28 1.04069e+44 
5.60717e+15 8.85800e+28 4.96683e+44 2.46683e+28 1.38319e+44 2.34693e+28 1.31596e+44 2.22714e+28 1.24880e+44 1.98647e+28 1.11385e+44 
6.22257e+15 8.78148e+28 5.46434e+44 2.57145e+28 1.60010e+44 2.40718e+28 1.49789e+44 2.18773e+28 1.36133e+44 1.88082e+28 1.17035e+44 
6.90551e+15 8.61877e+28 5.95170e+44 2.66165e+28 1.83801e+44 2.45393e+28 1.69457e+44 2.12735e+28 1.46904e+44 1.74665e+28 1.20615e+44 
7.66341e+15 8.38604e+28 6.42657e+44 2.73580e+28 2.09656e+44 2.48742e+28 1.90621e+44 2.05026e+28 1.57120e+44 1.59048e+28 1.21885e+44 
8.50449e+15 8.10534e+28 6.89318e+44 2.79323e+28 2.37550e+44 2.50865e+28 2.13348e+44 1.96221e+28 1.66876e+44 1.42100e+28 1.20849e+44 
9.43788e+15 7.80095e+28 7.36244e+44 2.83393e+28 2.67463e+44 2.51894e+28 2.37735e+44 1.86955e+28 1.76446e+44 1.24808e+28 1.17793e+44 
1.04737e+16 7.49429e+28 7.84930e+44 2.85794e+28 2.99332e+44 2.51918e+28 2.63852e+44 1.77807e+28 1.86230e+44 1.08129e+28 1.13251e+44 
1.16232e+16 7.19876e+28 8.36728e+44 2.86432e+28 3.32927e+44 2.50889e+28 2.91614e+44 1.69164e+28 1.96623e+44 9.28362e+27 1.07906e+44 
1.28989e+16 6.91610e+28 8.92101e+44 2.85046e+28 3.67678e+44 2.48553e+28 3.20606e+44 1.61123e+28 2.07831e+44 7.94073e+27 1.02427e+44 
1.43146e+16 6.63578e+28 9.49884e+44 2.81168e+28 4.02480e+44 2.44440e+28 3.49906e+44 1.53475e+28 2.19693e+44 6.79811e+27 9.73121e+43 
1.58857e+16 6.33769e+28 1.00678e+45 2.74176e+28 4.35547e+44 2.37925e+28 3.77960e+44 1.45760e+28 2.31549e+44 5.83992e+27 9.27709e+43 
1.76291e+16 5.99768e+28 1.05734e+45 2.63424e+28 4.64394e+44 2.28357e+28 4.02573e+44 1.37400e+28 2.42224e+44 5.03092e+27 8.86908e+43 
1.95640e+16 5.59420e+28 1.09445e+45 2.48416e+28 4.86001e+44 2.15229e+28 4.21074e+44 1.27861e+28 2.50147e+44 4.32929e+27 8.46982e+43 
2.17112e+16 5.11457e+28 1.11043e+45 2.28995e+28 4.97175e+44 1.98351e+28 4.30644e+44 1.16800e+28 2.53588e+44 3.69786e+27 8.02848e+43 
2.40940e+16 4.55908e+28 1.09847e+45 2.05479e+28 4.95082e+44 1.77962e+28 4.28783e+44 1.04164e+28 2.50973e+44 3.11135e+27 7.49650e+43 
2.67384e+16 3.94228e+28 1.05410e+45 1.78715e+28 4.77856e+44 1.54775e+28 4.13844e+44 9.02182e+27 2.41229e+44 2.55882e+27 6.84188e+43 
2.96730e+16 3.29108e+28 9.76563e+44 1.50017e+28 4.45146e+44 1.29920e+28 3.85511e+44 7.55131e+27 2.24070e+44 2.04191e+27 6.05895e+43 
3.29297e+16 2.64018e+28 8.69404e+44 1.21005e+28 3.98467e+44 1.04794e+28 3.45083e+44 6.07870e+27 2.00170e+44 1.57044e+27 5.17142e+43 
3.65438e+16 2.02591e+28 7.40345e+44 9.33635e+27 3.41186e+44 8.08552e+27 2.95476e+44 4.68341e+27 1.71150e+44 1.15698e+27 4.22804e+43 
4.05546e+16 1.47985e+28 6.00146e+44 6.85755e+27 2.78105e+44 5.93881e+27 2.40846e+44 3.43645e+27 1.39364e+44 8.11762e+26 3.29207e+43 
4.50056e+16 1.02377e+28 4.60756e+44 4.77010e+27 2.14681e+44 4.13103e+27 1.85919e+44 2.38865e+27 1.07502e+44 5.39343e+26 2.42735e+43 
4.99451e+16 6.67047e+27 3.33157e+44 3.12454e+27 1.56055e+44 2.70593e+27 1.35148e+44 1.56382e+27 7.81049e+43 3.37370e+26 1.68500e+43 
5.54266e+16 4.06795e+27 2.25473e+44 1.91519e+27 1.06153e+44 1.65860e+27 9.19308e+43 9.58197e+26 5.31097e+43 1.97448e+26 1.09439e+43 
6.15099e+16 2.30592e+27 1.41837e+44 1.09083e+27 6.70968e+43 9.44686e+26 5.81075e+43 5.45625e+26 3.35613e+43 1.07384e+26 6.60515e+42 
6.82607e+16 1.20553e+27 8.22906e+43 5.72830e+26 3.91018e+43 4.96085e+26 3.38631e+43 2.86480e+26 1.95553e+43 5.38570e+25 3.67631e+42 
7.57525e+16 5.76259e+26 4.36531e+43 2.74947e+26 2.08280e+43 2.38111e+26 1.80375e+43 1.37491e+26 1.04153e+43 2.46964e+25 1.87081e+42 
8.40665e+16 2.49464e+26 2.09716e+43 1.19478e+26 1.00441e+43 1.03471e+26 8.69843e+42 5.97429e+25 5.02238e+42 1.02549e+25 8.62090e+41 
9.32930e+16 9.67928e+25 9.03010e+42 4.65206e+25 4.34005e+42 4.02881e+25 3.75860e+42 2.32611e+25 2.17010e+42 3.81492e+24 3.55905e+41 
1.03532e+17 3.32904e+25 3.44663e+42 1.60526e+25 1.66196e+42 1.39020e+25 1.43930e+42 8.02644e+24 8.30995e+41 1.25662e+24 1.30101e+41 
1.14895e+17 1.00339e+25 1.15285e+42 4.85348e+24 5.57641e+41 4.20324e+24 4.82932e+41 2.42676e+24 2.78823e+41 3.61903e+23 4.15808e+40 
1.27505e+17 2.62072e+24 3.34155e+41 1.27154e+24 1.62128e+41 1.10118e+24 1.40407e+41 6.35771e+23 8.10641e+40 8.99230e+22 1.14656e+40 
1.41499e+17 5.87250e+23 8.30953e+40 2.85810e+23 4.04419e+40 2.47519e+23 3.50237e+40 1.42905e+23 2.02210e+40 1.90201e+22 2.69133e+39 
1.57029e+17 1.12101e+23 1.76030e+40 5.47375e+22 8.59537e+39 4.74040e+22 7.44381e+39 2.73687e+22 4.29769e+39 3.38226e+21 5.31114e+38 
1.74263e+17 1.81978e+22 3.17122e+39 8.91762e+21 1.55401e+39 7.72289e+21 1.34582e+39 4.45881e+21 7.77007e+38 5.00878e+20 8.72847e+37 
1.93389e+17 2.52657e+21 4.88612e+38 1.24296e+21 2.40374e+38 1.07643e+21 2.08170e+38 6.21478e+20 1.20187e+38 6.15791e+19 1.19087e+37 
2.14614e+17 3.03567e+20 6.51499e+37 1.49942e+20 3.21797e+37 1.29854e+20 2.78684e+37 7.49710e+19 1.60898e+37 6.33272e+18 1.35909e+36 
2.38169e+17 3.18485e+19 7.58530e+36 1.57882e+19 3.76026e+36 1.36730e+19 3.25648e+36 7.89412e+18 1.88013e+36 5.55421e+17 1.32284e+35 
2.64308e+17 2.89665e+18 7.65608e+35 1.43991e+18 3.80579e+35 1.24699e+18 3.29591e+35 7.19953e+17 1.90289e+35 4.24081e+16 1.12088e+34 
2.93317e+17 2.22150e+17 6.51604e+34 1.10622e+17 3.24472e+34 9.58012e+16 2.81001e+34 5.53108e+16 1.62236e+34 2.81514e+15 8.25727e+32 
3.25509e+17 1.38462e+16 4.50707e+33 6.90171e+15 2.24657e+33 5.97705e+15 1.94558e+33 3.45085e+15 1.12328e+33 1.56995e+14 5.11033e+31 
3.61234e+17 6.79937e+14 2.45617e+32 3.39121e+14 1.22502e+32 2.93687e+14 1.06090e+32 1.69560e+14 6.12510e+31 7.00009e+12 2.52867e+30 
4.00881e+17 2.58009e+13 1.03431e+31 1.28741e+13 5.16098e+30 1.11493e+13 4.46954e+30 6.43705e+12 2.58049e+30 2.39660e+11 9.60751e+28 
4.44878e+17 7.45696e+11 3.31744e+29 3.72240e+11 1.65602e+29 3.22369e+11 1.43415e+29 1.86120e+11 8.28008e+28 6.15722e+09 2.73922e+27 
4.93705e+17 1.60115e+10 7.90497e+27 7.99559e+09 3.94746e+27 6.92438e+09 3.41860e+27 3.99779e+09 1.97373e+27 1.16973e+08 5.77502e+25 
5.47890e+17 2.43642e+08 1.33489e+26 1.21699e+08 6.66778e+25 1.05395e+08 5.77447e+25 6.08496e+07 3.33389e+25 1.60037e+06 8.76826e+23 
6.08022e+17 2.45887e+06 1.49505e+24 1.22842e+06 7.46909e+23 1.06385e+06 6.46842e+23 6.14212e+05 3.73454e+23 1.49549e+04 9.09291e+21 
6.74754e+17 1.52936e+04 1.03194e+22 7.64130e+03 5.15600e+21 6.61756e+03 4.46523e+21 3.82065e+03 2.57800e+21 8.85684e+01 5.97619e+19 
7.48810e+17 5.45138e+01 4.08205e+19 2.72388e+01 2.03967e+19 2.35895e+01 1.76641e+19 1.36194e+01 1.01984e+19 3.06347e-01 2.29396e+17 
8.30994e+17 1.03701e-01 8.61753e+16 5.18180e-02 4.30605e+16 4.48757e-02 3.72915e+16 2.59090e-02 2.15302e+16 5.71338e-04 4.74779e+14 
9.22198e+17 9.79387e-05 9.03188e+13 4.89396e-05 4.51320e+13 4.23829e-05 3.90854e+13 2.44698e-05 2.25660e+13 5.31498e-07 4.90147e+11 
1.02341e+18 4.25551e-08 4.35514e+10 2.12650e-08 2.17628e+10 1.84160e-08 1.88472e+10 1.06325e-08 1.08814e+10 2.27889e-10 2.33224e+08 
1.13573e+18 7.83493e-12 8.89839e+06 3.91521e-12 4.44664e+06 3.39068e-12 3.85090e+06 1.95761e-12 2.22332e+06 4.14301e-14 4.70535e+04 
1.26038e+18 5.58351e-16 7.03736e+02 2.79019e-16 3.51671e+02 2.41638e-16 3.04556e+02 1.39510e-16 1.75836e+02 2.91689e-18 3.67639e+00 
1.39871e+18 1.39265e-20 1.94792e-02 6.95947e-21 9.73430e-03 6.02708e-21 8.43015e-03 3.47974e-21 4.86715e-03 7.19404e-23 1.00624e-04 
1.55223e+18 1.08583e-25 1.68546e-07 5.42627e-26 8.42279e-08 4.69928e-26 7.29435e-08 2.71313e-26 4.21139e-08 5.55435e-28 8.62160e-10 
1.72259e+18 2.32976e-31 4.01321e-13 1.16427e-31 2.00555e-13 1.00829e-31 1.73686e-13 5.82134e-32 1.00278e-13 1.18233e-33 2.03666e-15 
1.91164e+18 1.19137e-37 2.27748e-19 5.95378e-38 1.13815e-19 5.15613e-38 9.85668e-20 2.97689e-38 5.69076e-20 6.01066e-40 1.14902e-21 
2.12145e+18 1.23546e-44 2.62097e-26 6.17414e-45 1.30981e-26 5.34696e-45 1.13433e-26 3.08707e-45 6.54907e-27 6.20888e-47 1.31718e-28 
2.35429e+18 2.16955e-52 5.10775e-34 1.08422e-52 2.55257e-34 9.38963e-53 2.21059e-34 5.42111e-53 1.27628e-34 1.08828e-54 2.56213e-36 
2.61268e+18 5.28540e-61 1.38090e-42 2.64133e-61 6.90095e-43 2.28746e-61 5.97640e-43 1.32067e-61 3.45047e-43 2.65651e-63 6.94060e-45 
2.89942e+18 1.44107e-70 4.17827e-52 7.20133e-71 2.08797e-52 6.23653e-71 1.80823e-52 3.60066e-71 1.04398e-52 7.38842e-73 2.14221e-54 
3.21764e+18 3.63132e-81 1.16843e-62 1.81411e-81 5.83716e-63 1.57107e-81 5.05513e-63 9.07056e-82 2.91858e-63 2.12014e-83 6.82185e-65 
3.57079e+18 9.25092e-93 3.30331e-74 4.61448e-93 1.64773e-74 3.99625e-93 1.42698e-74 2.30724e-93 8.23866e-75 8.81840e-95 3.14886e-76 
3.96269e+18 3.90210e-105 1.54628e-86 1.94263e-105 7.69803e-87 1.68237e-105 6.66669e-87 9.71315e-106 3.84902e-87 5.55876e-107 2.20276e-88 
4.39760e+18 1.40321e-118 6.17077e-100 6.98299e-119 3.07084e-100 6.04744e-119 2.65943e-100 3.49149e-119 1.53542e-100 2.13390e-120 9.38406e-102 
4.88025e+18 1.82090e-133 8.88646e-115 9.06131e-134 4.42215e-115 7.84732e-134 3.82969e-115 4.53065e-134 2.21107e-115 2.78303e-135 1.35819e-116 
5.41587e+18 5.38614e-150 2.91706e-131 2.68028e-150 1.45160e-131 2.32119e-150 1.25713e-131 1.34014e-150 7.25802e-132 8.23620e-152 4.46062e-133 
6.01028e+18 2.38081e-168 1.43094e-149 1.18475e-168 7.12068e-150 1.02602e-168 6.16669e-150 5.92375e-169 3.56034e-150 3.64167e-170 2.18875e-151 
6.66992e+18 9.96239e-189 6.64484e-170 4.95758e-189 3.30666e-170 4.29339e-189 2.86365e-170 2.47879e-189 1.65333e-170 1.52181e-190 1.01504e-171 
7.40196e+18 4.43257e-209 3.28097e-190 2.20945e-209 1.63542e-190 1.91344e-209 1.41632e-190 1.10472e-209 8.17711e-191 5.46319e-211 4.04383e-192 
8.21434e+18 7.29632e-229 5.99344e-210 3.63694e-229 2.98751e-210 3.14969e-229 2.58726e-210 1.81847e-229 1.49376e-210 8.98082e-231 7.37716e-212 
9.11589e+18 7.87678e-251 7.18038e-232 3.92628e-251 3.57916e-232 3.40026e-251 3.09964e-232 1.96314e-251 1.78958e-232 9.69513e-253 8.83797e-234 
1.01164e+19 3.19007e-275 3.22719e-256 1.59013e-275 1.60864e-256 1.37709e-275 1.39312e-256 7.95066e-276 8.04319e-257 3.92649e-277 3.97219e-258 
1.12267e+19 2.62553e-302 2.94760e-283 1.30873e-302 1.46927e-283 1.13339e-302 1.27243e-283 6.54366e-303 7.34635e-284 3.23163e-304 3.62805e-285 
1.24588e+19 0.00000e+00 0.00000e+00 0.00000e+00 0.00000e+00 0.00000e+00 0.00000e+00 0.00000e+00 0.00000e+00 0.00000e+00 0.00000e+00 
1.38262e+19 0.00000e+00 0.00000e+00 0.00000e+00 0.00000e+00 0.00000e+00 0.00000e+00 0.00000e+00 0.00000e+00 0.00000e+00 0.00000e+00 
1.53437e+19 0.00000e+00 0.00000e+00 0.00000e+00 0.00000e+00 0.00000e+00 0.00000e+00 0.00000e+00 0.00000e+00 0.00000e+00 0.00000e+00 
1.70277e+19 0.00000e+00 0.00000e+00 0.00000e+00 0.00000e+00 0.00000e+00 0.00000e+00 0.00000e+00 0.00000e+00 0.00000e+00 0.00000e+00 
1.88965e+19 0.00000e+00 0.00000e+00 0.00000e+00 0.00000e+00 0.00000e+00 0.00000e+00 0.00000e+00 0.00000e+00 0.00000e+00 0.00000e+00 
2.09705e+19 0.00000e+00 0.00000e+00 0.00000e+00 0.00000e+00 0.00000e+00 0.00000e+00 0.00000e+00 0.00000e+00 0.00000e+00 0.00000e+00 
2.32720e+19 0.00000e+00 0.00000e+00 0.00000e+00 0.00000e+00 0.00000e+00 0.00000e+00 0.00000e+00 0.00000e+00 0.00000e+00 0.00000e+00 
2.58262e+19 0.00000e+00 0.00000e+00 0.00000e+00 0.00000e+00 0.00000e+00 0.00000e+00 0.00000e+00 0.00000e+00 0.00000e+00 0.00000e+00 
2.86607e+19 0.00000e+00 0.00000e+00 0.00000e+00 0.00000e+00 0.00000e+00 0.00000e+00 0.00000e+00 0.00000e+00 0.00000e+00 0.00000e+00 
3.18063e+19 0.00000e+00 0.00000e+00 0.00000e+00 0.00000e+00 0.00000e+00 0.00000e+00 0.00000e+00 0.00000e+00 0.00000e+00 0.00000e+00 
3.52971e+19 0.00000e+00 0.00000e+00 0.00000e+00 0.00000e+00 0.00000e+00 0.00000e+00 0.00000e+00 0.00000e+00 0.00000e+00 0.00000e+00 
3.91710e+19 0.00000e+00 0.00000e+00 0.00000e+00 0.00000e+00 0.00000e+00 0.00000e+00 0.00000e+00 0.00000e+00 0.00000e+00 0.00000e+00 
4.34701e+19 0.00000e+00 0.00000e+00 0.00000e+00 0.00000e+00 0.00000e+00 0.00000e+00 0.00000e+00 0.00000e+00 0.00000e+00 0.00000e+00 
4.82411e+19 0.00000e+00 0.00000e+00 0.00000e+00 0.00000e+00 0.00000e+00 0.00000e+00 0.00000e+00 0.00000e+00 0.00000e+00 0.00000e+00 
5.35357e+19 0.00000e+00 0.00000e+00 0.00000e+00 0.00000e+00 0.00000e+00 0.00000e+00 0.00000e+00 0.00000e+00 0.00000e+00 0.00000e+00 
5.94113e+19 0.00000e+00 0.00000e+00 0.00000e+00 0.00000e+00 0.00000e+00 0.00000e+00 0.00000e+00 0.00000e+00 0.00000e+00 0.00000e+00 
6.59319e+19 0.00000e+00 0.00000e+00 0.00000e+00 0.00000e+00 0.00000e+00 0.00000e+00 0.00000e+00 0.00000e+00 0.00000e+00 0.00000e+00 
7.31681e+19 0.00000e+00 0.00000e+00 0.00000e+00 0.00000e+00 0.00000e+00 0.00000e+00 0.00000e+00 0.00000e+00 0.00000e+00 0.00000e+00 
8.11984e+19 0.00000e+00 0.00000e+00 0.00000e+00 0.00000e+00 0.00000e+00 0.00000e+00 0.00000e+00 0.00000e+00 0.00000e+00 0.00000e+00 
9.01102e+19 0.00000e+00 0.00000e+00 0.00000e+00 0.00000e+00 0.00000e+00 0.00000e+00 0.00000e+00 0.00000e+00 0.00000e+00 0.00000e+00 
1.00000e+20 0.00000e+00 0.00000e+00 0.00000e+00 0.00000e+00 0.00000e+00 0.00000e+00 0.00000e+00 0.00000e+00 0.00000e+00 0.00000e+00 
