1.00000e+11 1.03043e+20 1.03043e+31 2.60579e+19 2.60579e+30 2.85441e+19 2.85441e+30 3.07258e+19 3.07258e+30 2.63223e+19 2.63223e+30 
1.10975e+11 1.26902e+20 1.40830e+31 3.20914e+19 3.56135e+30 3.51532e+19 3.90114e+30 3.78401e+19 4.19931e+30 3.24170e+19 3.59748e+30 
1.23155e+11 1.56285e+20 1.92473e+31 3.95220e+19 4.86733e+30 4.32927e+19 5.33171e+30 4.66016e+19 5.73923e+30 3.99228e+19 4.91669e+30 
1.36672e+11 1.92471e+20 2.63054e+31 4.86730e+19 6.65221e+30 5.33167e+19 7.28688e+30 5.73918e+19 7.84383e+30 4.91665e+19 6.71966e+30 
1.51672e+11 2.37036e+20 3.59517e+31 5.99427e+19 9.09162e+30 6.56617e+19 9.95902e+30 7.06802e+19 1.07202e+31 6.05504e+19 9.18378e+30 
1.68318e+11 2.91919e+20 4.91352e+31 7.38219e+19 1.24255e+31 8.08649e+19 1.36110e+31 8.70453e+19 1.46513e+31 7.45700e+19 1.25515e+31 
1.86791e+11 3.59509e+20 6.71532e+31 9.09145e+19 1.69820e+31 9.95882e+19 1.86022e+31 1.07199e+20 2.00239e+31 9.18356e+19 1.71541e+31 
2.07292e+11 4.42748e+20 9.17782e+31 1.11965e+20 2.32094e+31 1.22646e+20 2.54237e+31 1.32020e+20 2.73667e+31 1.13099e+20 2.34445e+31 
2.30043e+11 5.45259e+20 1.25433e+32 1.37888e+20 3.17202e+31 1.51043e+20 3.47465e+31 1.62587e+20 3.74020e+31 1.39285e+20 3.20414e+31 
2.55291e+11 6.71504e+20 1.71429e+32 1.69814e+20 4.33520e+31 1.86015e+20 4.74879e+31 2.00231e+20 5.11171e+31 1.71533e+20 4.37908e+31 
2.83310e+11 8.26978e+20 2.34291e+32 2.09132e+20 5.92490e+31 2.29083e+20 6.49014e+31 2.46590e+20 6.98613e+31 2.11248e+20 5.98485e+31 
3.14404e+11 1.01845e+21 3.20203e+32 2.57552e+20 8.09752e+31 2.82122e+20 8.87003e+31 3.03682e+20 9.54787e+31 2.60157e+20 8.17942e+31 
3.48910e+11 1.25424e+21 4.37618e+32 3.17182e+20 1.10668e+32 3.47441e+20 1.21226e+32 3.73992e+20 1.30489e+32 3.20389e+20 1.11787e+32 
3.87204e+11 1.54463e+21 5.98086e+32 3.90618e+20 1.51249e+32 4.27882e+20 1.65678e+32 4.60578e+20 1.78338e+32 3.94564e+20 1.52777e+32 
4.29700e+11 1.90224e+21 8.17393e+32 4.81055e+20 2.06710e+32 5.26946e+20 2.26429e+32 5.67210e+20 2.43731e+32 4.85912e+20 2.08797e+32 
4.76861e+11 2.34264e+21 1.11711e+33 5.92429e+20 2.82506e+32 6.48943e+20 3.09456e+32 6.98528e+20 3.33101e+32 5.98406e+20 2.85357e+32 
5.29198e+11 2.88499e+21 1.52673e+33 7.29586e+20 3.86095e+32 7.99182e+20 4.22925e+32 8.60244e+20 4.55239e+32 7.36941e+20 3.89988e+32 
5.87279e+11 3.55288e+21 2.08653e+33 8.98494e+20 5.27667e+32 9.84200e+20 5.78000e+32 1.05939e+21 6.22160e+32 9.07545e+20 5.32982e+32 
6.51734e+11 4.37539e+21 2.85159e+33 1.10650e+21 7.21146e+32 1.21205e+21 7.89933e+32 1.30465e+21 8.50282e+32 1.11764e+21 7.28403e+32 
7.23263e+11 5.38828e+21 3.89715e+33 1.36266e+21 9.85564e+32 1.49264e+21 1.07957e+33 1.60666e+21 1.16204e+33 1.37636e+21 9.95472e+32 
8.02643e+11 6.63563e+21 5.32604e+33 1.67812e+21 1.34693e+33 1.83818e+21 1.47540e+33 1.97859e+21 1.58810e+33 1.69497e+21 1.36045e+33 
8.90735e+11 8.17168e+21 7.27881e+33 2.06659e+21 1.84079e+33 2.26369e+21 2.01635e+33 2.43660e+21 2.17036e+33 2.08731e+21 1.85924e+33 
9.88496e+11 1.00633e+22 9.94749e+33 2.54498e+21 2.51570e+33 2.78770e+21 2.75563e+33 3.00061e+21 2.96609e+33 2.57046e+21 2.54089e+33 
1.09699e+12 1.23926e+22 1.35945e+34 3.13409e+21 3.43805e+33 3.43298e+21 3.76593e+33 3.69515e+21 4.05352e+33 3.16542e+21 3.47242e+33 
1.21738e+12 1.52610e+22 1.85785e+34 3.85954e+21 4.69854e+33 4.22760e+21 5.14660e+33 4.55041e+21 5.53960e+33 3.89806e+21 4.74543e+33 
1.35099e+12 1.87932e+22 2.53895e+34 4.75288e+21 6.42112e+33 5.20610e+21 7.03341e+33 5.60359e+21 7.57042e+33 4.80022e+21 6.48506e+33 
1.49927e+12 2.31428e+22 3.46972e+34 5.85296e+21 8.77515e+33 6.41103e+21 9.61186e+33 6.90046e+21 1.03456e+34 5.91112e+21 8.86235e+33 
1.66382e+12 2.84987e+22 4.74166e+34 7.20758e+21 1.19921e+34 7.89477e+21 1.31355e+34 8.49739e+21 1.41381e+34 7.27903e+21 1.21110e+34 
1.84642e+12 3.50938e+22 6.47980e+34 8.87564e+21 1.63882e+34 9.72180e+21 1.79506e+34 1.04638e+22 1.93205e+34 8.96338e+21 1.65502e+34 
2.04907e+12 4.32145e+22 8.85498e+34 1.09296e+22 2.23956e+34 1.19715e+22 2.45305e+34 1.28850e+22 2.64023e+34 1.10373e+22 2.26163e+34 
2.27397e+12 5.32137e+22 1.21006e+35 1.34588e+22 3.06048e+34 1.47416e+22 3.35220e+34 1.58663e+22 3.60794e+34 1.35910e+22 3.09054e+34 
2.52354e+12 6.55257e+22 1.65357e+35 1.65730e+22 4.18225e+34 1.81525e+22 4.58085e+34 1.95370e+22 4.93025e+34 1.67351e+22 4.22317e+34 
2.80050e+12 8.06849e+22 2.25958e+35 2.04074e+22 5.71511e+34 2.23522e+22 6.25973e+34 2.40567e+22 6.73707e+34 2.06063e+22 5.77080e+34 
3.10787e+12 9.93493e+22 3.08764e+35 2.51287e+22 7.80966e+34 2.75230e+22 8.55378e+34 2.96212e+22 9.20588e+34 2.53724e+22 7.88540e+34 
3.44896e+12 1.22329e+23 4.21907e+35 3.09417e+22 1.06717e+35 3.38894e+22 1.16883e+35 3.64722e+22 1.25791e+35 3.12401e+22 1.07746e+35 
3.82749e+12 1.50620e+23 5.76498e+35 3.80985e+22 1.45822e+35 4.17275e+22 1.59712e+35 4.49066e+22 1.71880e+35 3.84639e+22 1.47220e+35 
4.24757e+12 1.85450e+23 7.87712e+35 4.69098e+22 1.99253e+35 5.13772e+22 2.18228e+35 5.52901e+22 2.34849e+35 4.73568e+22 2.01151e+35 
4.71375e+12 2.28327e+23 1.07628e+36 5.77575e+22 2.72255e+35 6.32568e+22 2.98177e+35 6.80726e+22 3.20877e+35 5.83038e+22 2.74830e+35 
5.23110e+12 2.81110e+23 1.47052e+36 7.11118e+22 3.71993e+35 7.78810e+22 4.07403e+35 8.38074e+22 4.38405e+35 7.17788e+22 3.75482e+35 
5.80523e+12 3.46083e+23 2.00909e+36 8.75510e+22 5.08253e+35 9.58830e+22 5.56622e+35 1.03176e+23 5.98958e+35 8.83648e+22 5.12978e+35 
6.44236e+12 4.26057e+23 2.74481e+36 1.07787e+23 6.94403e+35 1.18042e+23 7.60468e+35 1.27015e+23 8.18277e+35 1.08779e+23 7.00792e+35 
7.14943e+12 5.24490e+23 3.74980e+36 1.32695e+23 9.48696e+35 1.45316e+23 1.03893e+36 1.56356e+23 1.11785e+36 1.33902e+23 9.57324e+35 
7.93410e+12 6.45633e+23 5.12252e+36 1.63353e+23 1.29606e+36 1.78884e+23 1.41928e+36 1.92465e+23 1.52703e+36 1.64819e+23 1.30769e+36 
8.80488e+12 7.94718e+23 6.99740e+36 2.01084e+23 1.77052e+36 2.20195e+23 1.93879e+36 2.36900e+23 2.08587e+36 2.02863e+23 1.78619e+36 
9.77124e+12 9.78171e+23 9.55795e+36 2.47518e+23 2.41856e+36 2.71032e+23 2.64832e+36 2.91576e+23 2.84906e+36 2.49673e+23 2.43961e+36 
1.08437e+13 1.20390e+24 1.30547e+37 3.04658e+23 3.30361e+36 3.33586e+23 3.61729e+36 3.58847e+23 3.89122e+36 3.07261e+23 3.33183e+36 
1.20338e+13 1.48161e+24 1.78294e+37 3.74965e+23 4.51224e+36 4.10549e+23 4.94046e+36 4.41607e+23 5.31420e+36 3.78101e+23 4.54999e+36 
1.33545e+13 1.82324e+24 2.43485e+37 4.61464e+23 6.16263e+36 5.05232e+23 6.74713e+36 5.43408e+23 7.25695e+36 4.65233e+23 6.21297e+36 
1.48202e+13 2.24345e+24 3.32484e+37 5.67874e+23 8.41601e+36 6.21699e+23 9.21371e+36 6.68615e+23 9.90902e+36 5.72388e+23 8.48291e+36 
1.64468e+13 2.76025e+24 4.53972e+37 6.98762e+23 1.14924e+37 7.64944e+23 1.25809e+37 8.22588e+23 1.35289e+37 7.04146e+23 1.15809e+37 
1.82518e+13 3.39573e+24 6.19783e+37 8.59737e+23 1.56918e+37 9.41099e+23 1.71768e+37 1.01191e+24 1.84691e+37 8.66129e+23 1.58084e+37 
2.02550e+13 4.17702e+24 8.46057e+37 1.05768e+24 2.14234e+37 1.15769e+24 2.34490e+37 1.24464e+24 2.52102e+37 1.06523e+24 2.15763e+37 
2.24781e+13 5.13740e+24 1.15479e+38 1.30106e+24 2.92452e+37 1.42395e+24 3.20076e+37 1.53068e+24 3.44068e+37 1.30990e+24 2.94441e+37 
2.49451e+13 6.31767e+24 1.57595e+38 1.60022e+24 3.99176e+37 1.75120e+24 4.36838e+37 1.88218e+24 4.69511e+37 1.61051e+24 4.01743e+37 
2.76829e+13 7.76785e+24 2.15036e+38 1.96789e+24 5.44768e+37 2.15333e+24 5.96103e+37 2.31400e+24 6.40580e+37 1.97974e+24 5.48047e+37 
3.07211e+13 9.54919e+24 2.93362e+38 2.41965e+24 7.43344e+37 2.64735e+24 8.13295e+37 2.84434e+24 8.73813e+37 2.43311e+24 7.47479e+37 
3.40929e+13 1.17367e+25 4.00137e+38 2.97460e+24 1.01413e+38 3.25408e+24 1.10941e+38 3.49549e+24 1.19171e+38 2.98963e+24 1.01925e+38 
3.78346e+13 1.44221e+25 5.45656e+38 3.65611e+24 1.38327e+38 3.99903e+24 1.51302e+38 4.29471e+24 1.62489e+38 3.67252e+24 1.38949e+38 
4.19871e+13 1.77177e+25 7.43913e+38 4.49278e+24 1.88639e+38 4.91338e+24 2.06298e+38 5.27530e+24 2.21494e+38 4.51013e+24 1.89367e+38 
4.65953e+13 2.17603e+25 1.01393e+39 5.51959e+24 2.57187e+38 6.03521e+24 2.81212e+38 6.47791e+24 3.01840e+38 5.53706e+24 2.58001e+38 
5.17092e+13 2.67174e+25 1.38153e+39 6.77925e+24 3.50550e+38 7.41105e+24 3.83220e+38 7.95214e+24 4.11199e+38 6.79546e+24 3.51388e+38 
5.73844e+13 3.27926e+25 1.88179e+39 8.32393e+24 4.77664e+38 9.09764e+24 5.22063e+38 9.75840e+24 5.59980e+38 8.33666e+24 4.78394e+38 
6.36825e+13 4.02345e+25 2.56223e+39 1.02172e+25 6.50658e+38 1.11641e+25 7.10958e+38 1.19702e+25 7.62293e+38 1.02230e+25 6.51029e+38 
7.06718e+13 4.93447e+25 3.48728e+39 1.25366e+25 8.85982e+38 1.36946e+25 9.67821e+38 1.46769e+25 1.03725e+39 1.25303e+25 8.85542e+38 
7.84282e+13 6.04902e+25 4.74414e+39 1.53762e+25 1.20593e+39 1.67913e+25 1.31691e+39 1.79870e+25 1.41069e+39 1.53503e+25 1.20390e+39 
8.70359e+13 7.41155e+25 6.45071e+39 1.88506e+25 1.64068e+39 2.05783e+25 1.79105e+39 2.20317e+25 1.91755e+39 1.87940e+25 1.63575e+39 
9.65883e+13 9.07588e+25 8.76624e+39 2.30986e+25 2.23106e+39 2.52060e+25 2.43460e+39 2.69697e+25 2.60496e+39 2.29953e+25 2.22108e+39 
1.07189e+14 1.11070e+26 1.19055e+40 2.82884e+25 3.03221e+39 3.08560e+25 3.30743e+39 3.29927e+25 3.53646e+39 2.81156e+25 3.01369e+39 
1.18953e+14 1.35833e+26 1.61578e+40 3.46232e+25 4.11854e+39 3.77477e+25 4.49021e+39 4.03311e+25 4.79752e+39 3.43486e+25 4.08588e+39 
1.32009e+14 1.65990e+26 2.19121e+40 4.23480e+25 5.59031e+39 4.61450e+25 6.09154e+39 4.92615e+25 6.50296e+39 4.19261e+25 5.53461e+39 
1.46497e+14 2.02669e+26 2.96904e+40 5.17578e+25 7.58237e+39 5.63648e+25 8.25728e+39 6.01149e+25 8.80667e+39 5.11249e+25 7.48965e+39 
1.62576e+14 2.47220e+26 4.01920e+40 6.32063e+25 1.02758e+40 6.87867e+25 1.11830e+40 7.32861e+25 1.19145e+40 6.22739e+25 1.01242e+40 
1.80419e+14 3.01251e+26 5.43512e+40 7.71171e+25 1.39134e+40 8.38632e+25 1.51305e+40 8.92437e+25 1.61012e+40 7.57622e+25 1.36689e+40 
2.00220e+14 3.66665e+26 7.34138e+40 9.39950e+25 1.88197e+40 1.02133e+26 2.04490e+40 1.08542e+26 2.17323e+40 9.20480e+25 1.84299e+40 
2.22195e+14 4.45715e+26 9.90355e+40 1.14440e+26 2.54279e+40 1.24232e+26 2.76037e+40 1.31834e+26 2.92929e+40 1.11668e+26 2.48120e+40 
2.46581e+14 5.41042e+26 1.33411e+41 1.39162e+26 3.43147e+40 1.50912e+26 3.72121e+40 1.59883e+26 3.94241e+40 1.35245e+26 3.33489e+40 
2.73644e+14 6.55734e+26 1.79438e+41 1.68997e+26 4.62450e+40 1.83053e+26 5.00914e+40 1.93576e+26 5.29710e+40 1.63501e+26 4.47410e+40 
3.03677e+14 7.93372e+26 2.40929e+41 2.04926e+26 6.22315e+40 2.21682e+26 6.73196e+40 2.33940e+26 7.10421e+40 1.97258e+26 5.99028e+40 
3.37006e+14 9.58085e+26 3.22881e+41 2.48093e+26 8.36090e+40 2.67985e+26 9.03128e+40 2.82146e+26 9.50851e+40 2.37452e+26 8.00228e+40 
3.73994e+14 1.15459e+27 4.31808e+41 2.99823e+26 1.12132e+41 3.23331e+26 1.20924e+41 3.39528e+26 1.26981e+41 2.85128e+26 1.06636e+41 
4.15040e+14 1.38822e+27 5.76167e+41 3.61641e+26 1.50096e+41 3.89279e+26 1.61567e+41 4.07580e+26 1.69162e+41 3.41442e+26 1.41712e+41 
4.60592e+14 1.66497e+27 7.66870e+41 4.35294e+26 2.00493e+41 4.67594e+26 2.15370e+41 4.87962e+26 2.24751e+41 4.07651e+26 1.87761e+41 
5.11143e+14 1.99146e+27 1.01792e+42 5.22765e+26 2.67208e+41 5.60254e+26 2.86370e+41 5.82490e+26 2.97736e+41 4.85098e+26 2.47954e+41 
5.67243e+14 2.37497e+27 1.34718e+42 6.26288e+26 3.55257e+41 6.69456e+26 3.79744e+41 6.93125e+26 3.93170e+41 5.75183e+26 3.26268e+41 
6.29499e+14 2.82332e+27 1.77728e+42 7.48366e+26 4.71095e+41 7.97618e+26 5.02099e+41 8.21948e+26 5.17416e+41 6.79332e+26 4.27639e+41 
6.98588e+14 3.34489e+27 2.33670e+42 8.91780e+26 6.22987e+41 9.47370e+26 6.61821e+41 9.71132e+26 6.78421e+41 7.98947e+26 5.58135e+41 
7.75260e+14 3.94845e+27 3.06108e+42 1.05961e+27 8.21471e+41 1.12155e+27 8.69496e+41 1.14290e+27 8.86045e+41 9.35354e+26 7.25143e+41 
8.60346e+14 4.64311e+27 3.99468e+42 1.25523e+27 1.07993e+42 1.32322e+27 1.13843e+42 1.33950e+27 1.15243e+42 1.08975e+27 9.37561e+41 
9.54772e+14 5.43820e+27 5.19224e+42 1.48237e+27 1.41533e+42 1.55562e+27 1.48526e+42 1.56315e+27 1.49245e+42 1.26314e+27 1.20601e+42 
1.05956e+15 6.34323e+27 6.72104e+42 1.74511e+27 1.84905e+42 1.82222e+27 1.93075e+42 1.81604e+27 1.92421e+42 1.45629e+27 1.54303e+42 
1.17585e+15 7.36786e+27 8.66350e+42 2.04793e+27 2.40806e+42 2.12673e+27 2.50071e+42 2.10033e+27 2.46967e+42 1.66973e+27 1.96335e+42 
1.30490e+15 8.52186e+27 1.11202e+43 2.39574e+27 3.12620e+42 2.47312e+27 3.22718e+42 2.41812e+27 3.15541e+42 1.90368e+27 2.48412e+42 
1.44812e+15 9.81511e+27 1.42134e+43 2.79389e+27 4.04588e+42 2.86564e+27 4.14979e+42 2.77151e+27 4.01347e+42 2.15812e+27 3.12522e+42 
1.60705e+15 1.12574e+28 1.80912e+43 3.24814e+27 5.21993e+42 3.30879e+27 5.31739e+42 3.16253e+27 5.08235e+42 2.43270e+27 3.90947e+42 
1.78343e+15 1.28578e+28 2.29310e+43 3.76443e+27 6.71359e+42 3.80712e+27 6.78973e+42 3.59303e+27 6.40793e+42 2.72665e+27 4.86279e+42 
1.97917e+15 1.46238e+28 2.89428e+43 4.34856e+27 8.60652e+42 4.36496e+27 8.63899e+42 4.06439e+27 8.04411e+42 3.03857e+27 6.01384e+42 
2.19639e+15 1.65589e+28 3.63698e+43 5.00553e+27 1.09941e+43 4.98582e+27 1.09508e+43 4.57691e+27 1.00527e+43 3.36598e+27 7.39298e+42 
2.43744e+15 1.86604e+28 4.54836e+43 5.73865e+27 1.39876e+43 5.67146e+27 1.38239e+43 5.12902e+27 1.25017e+43 3.70466e+27 9.02990e+42 
2.70496e+15 2.09148e+28 5.65738e+43 6.54831e+27 1.77129e+43 6.42080e+27 1.73680e+43 5.71621e+27 1.54621e+43 4.04788e+27 1.09494e+43 
3.00184e+15 2.32948e+28 6.99271e+43 7.43073e+27 2.23058e+43 7.22866e+27 2.16992e+43 6.32986e+27 1.90012e+43 4.38556e+27 1.31647e+43 
3.33129e+15 2.57549e+28 8.57970e+43 8.37661e+27 2.79049e+43 8.08453e+27 2.69319e+43 6.95637e+27 2.31737e+43 4.70373e+27 1.56695e+43 
3.69691e+15 2.82300e+28 1.04364e+44 9.37022e+27 3.46409e+43 8.97181e+27 3.31680e+43 7.57667e+27 2.80103e+43 4.98453e+27 1.84274e+43 
4.10266e+15 3.06359e+28 1.25689e+44 1.03890e+28 4.26224e+43 9.86757e+27 4.04833e+43 8.16672e+27 3.35053e+43 5.20710e+27 2.13629e+43 
4.55294e+15 3.28734e+28 1.49670e+44 1.14036e+28 5.19199e+43 1.07432e+28 4.89130e+43 8.69890e+27 3.96055e+43 5.34939e+27 2.43554e+43 
5.05263e+15 3.48349e+28 1.76008e+44 1.23793e+28 6.25483e+43 1.15657e+28 5.84373e+43 9.14445e+27 4.62035e+43 5.39100e+27 2.72388e+43 
5.60717e+15 3.64152e+28 2.04186e+44 1.32775e+28 7.44492e+43 1.23002e+28 6.89691e+43 9.47662e+27 5.31370e+43 5.31660e+27 2.98111e+43 
6.22257e+15 3.75221e+28 2.33484e+44 1.40578e+28 8.74760e+43 1.29119e+28 8.03453e+43 9.67408e+27 6.01976e+43 5.11935e+27 3.18555e+43 
6.90551e+15 3.80868e+28 2.63009e+44 1.46812e+28 1.01381e+44 1.33696e+28 9.23237e+43 9.72381e+27 6.71479e+43 4.80370e+27 3.31720e+43 
7.66341e+15 3.80722e+28 2.91763e+44 1.51120e+28 1.15810e+44 1.36470e+28 1.04583e+44 9.62284e+27 7.37438e+43 4.38645e+27 3.36151e+43 
8.50449e+15 3.74741e+28 3.18698e+44 1.53203e+28 1.30291e+44 1.37250e+28 1.16724e+44 9.37810e+27 7.97560e+43 3.89549e+27 3.31292e+43 
9.43788e+15 3.63184e+28 3.42769e+44 1.52834e+28 1.44243e+44 1.35913e+28 1.28273e+44 9.00433e+27 8.49818e+43 3.36611e+27 3.17690e+43 
1.04737e+16 3.46527e+28 3.62943e+44 1.49875e+28 1.56975e+44 1.32412e+28 1.38684e+44 8.52052e+27 8.92414e+43 2.83530e+27 2.96961e+43 
1.16232e+16 3.25366e+28 3.78180e+44 1.44284e+28 1.67704e+44 1.26766e+28 1.47343e+44 7.94613e+27 9.23596e+43 2.33550e+27 2.71460e+43 
1.28989e+16 3.00343e+28 3.87410e+44 1.36135e+28 1.75599e+44 1.19072e+28 1.53589e+44 7.29844e+27 9.41419e+43 1.88964e+27 2.43743e+43 
1.43146e+16 2.72132e+28 3.89546e+44 1.25636e+28 1.79843e+44 1.09513e+28 1.56763e+44 6.59211e+27 9.43633e+43 1.50883e+27 2.15983e+43 
1.58857e+16 2.41470e+28 3.83591e+44 1.13145e+28 1.79738e+44 9.83818e+27 1.56286e+44 5.84085e+27 9.27857e+43 1.19332e+27 1.89567e+43 
1.76291e+16 2.09219e+28 3.68834e+44 9.91690e+27 1.74826e+44 8.60857e+27 1.51762e+44 5.06032e+27 8.92091e+43 9.35899e+26 1.64991e+43 
1.95640e+16 1.76401e+28 3.45111e+44 8.43451e+27 1.65013e+44 7.31402e+27 1.43091e+44 4.27040e+27 8.35460e+43 7.26303e+26 1.42094e+43 
2.17112e+16 1.44181e+28 3.13033e+44 6.93871e+27 1.50648e+44 6.01317e+27 1.30553e+44 3.49558e+27 7.58931e+43 5.54817e+26 1.20457e+43 
2.40940e+16 1.13765e+28 2.74105e+44 5.50136e+27 1.32550e+44 4.76590e+27 1.14830e+44 2.76302e+27 6.65722e+43 4.14184e+26 9.97936e+42 
2.67384e+16 8.62650e+27 2.30659e+44 4.18673e+27 1.11947e+44 3.62637e+27 9.69635e+43 2.09894e+27 5.61224e+43 2.99778e+26 8.01558e+42 
2.96730e+16 6.25494e+27 1.85603e+44 3.04429e+27 9.03332e+43 2.63661e+27 7.82363e+43 1.52458e+27 4.52388e+43 2.08711e+26 6.19310e+42 
3.29297e+16 4.31277e+27 1.42018e+44 2.10375e+27 6.92760e+43 1.82196e+27 5.99966e+43 1.05290e+27 3.46716e+43 1.38719e+26 4.56796e+42 
3.65438e+16 2.81003e+27 1.02689e+44 1.37325e+27 5.01840e+43 1.18929e+27 4.34612e+43 6.87034e+26 2.51068e+43 8.73581e+25 3.19240e+42 
4.05546e+16 1.71796e+27 6.96712e+43 8.40871e+26 3.41012e+43 7.28220e+26 2.95327e+43 4.20587e+26 1.70567e+43 5.17222e+25 2.09758e+42 
4.50056e+16 9.77722e+26 4.40029e+43 4.79195e+26 2.15664e+43 4.14996e+26 1.86771e+43 2.39650e+26 1.07856e+43 2.85518e+25 1.28499e+42 
4.99451e+16 5.13420e+26 2.56428e+43 2.51928e+26 1.25826e+43 2.18176e+26 1.08968e+43 1.25981e+26 6.29210e+42 1.45614e+25 7.27272e+41 
5.54266e+16 2.46340e+26 1.36538e+43 1.21001e+26 6.70669e+42 1.04790e+26 5.80817e+42 6.05053e+25 3.35361e+42 6.79253e+24 3.76487e+41 
6.15099e+16 1.06840e+26 6.57168e+42 5.25286e+25 3.23103e+42 4.54911e+25 2.79815e+42 2.62655e+25 1.61559e+42 2.86644e+24 1.76315e+41 
6.82607e+16 4.13961e+25 2.82573e+42 2.03704e+25 1.39050e+42 1.76413e+25 1.20421e+42 1.01855e+25 6.95268e+41 1.08128e+24 7.38087e+40 
7.57525e+16 1.41462e+25 1.07161e+42 6.96676e+24 5.27749e+41 6.03339e+24 4.57044e+41 3.48344e+24 2.63879e+41 3.59880e+23 2.72618e+40 
8.40665e+16 4.20412e+24 3.53425e+41 2.07203e+24 1.74189e+41 1.79443e+24 1.50852e+41 1.03603e+24 8.70951e+40 1.04198e+23 8.75953e+39 
9.32930e+16 1.06998e+24 9.98218e+40 5.27729e+23 4.92334e+40 4.57026e+23 4.26374e+40 2.63866e+23 2.46168e+40 2.58426e+22 2.41094e+39 
1.03532e+17 2.29286e+23 2.37385e+40 1.13164e+23 1.17161e+40 9.80028e+22 1.01464e+40 5.65821e+22 5.85807e+39 5.39828e+21 5.58895e+38 
1.14895e+17 4.06008e+22 4.66483e+39 2.00514e+22 2.30380e+39 1.73650e+22 1.99515e+39 1.00257e+22 1.15190e+39 9.32262e+20 1.07112e+38 
1.27505e+17 5.81862e+21 7.41904e+38 2.87535e+21 3.66622e+38 2.49013e+21 3.17504e+38 1.43768e+21 1.83311e+38 1.30395e+20 1.66260e+37 
1.41499e+17 6.59494e+20 9.33179e+37 3.26080e+20 4.61400e+37 2.82394e+20 3.99585e+37 1.63040e+20 2.30700e+37 1.44390e+19 2.04310e+36 
1.57029e+17 5.76202e+19 9.04804e+36 2.85042e+19 4.47599e+36 2.46854e+19 3.87632e+36 1.42521e+19 2.23800e+36 1.23424e+18 1.93812e+35 
1.74263e+17 3.77181e+18 6.57288e+35 1.86674e+18 3.25304e+35 1.61664e+18 2.81721e+35 9.33368e+17 1.62652e+35 7.91947e+16 1.38007e+34 
1.93389e+17 1.79233e+17 3.46617e+34 8.87408e+16 1.71615e+34 7.68518e+16 1.48623e+34 4.43704e+16 8.58076e+33 3.69799e+15 7.15151e+32 
2.14614e+17 5.96967e+15 1.28118e+33 2.95665e+15 6.34539e+32 2.56054e+15 5.49527e+32 1.47833e+15 3.17270e+32 1.21434e+14 2.60614e+31 
2.38169e+17 1.34036e+14 3.19233e+31 6.64021e+13 1.58149e+31 5.75059e+13 1.36961e+31 3.32011e+13 7.90745e+30 2.70042e+12 6.43156e+29 
2.64308e+17 1.94237e+12 5.13385e+29 9.62399e+11 2.54370e+29 8.33462e+11 2.20291e+29 4.81200e+11 1.27185e+29 3.90143e+10 1.03118e+28 
2.93317e+17 1.72952e+10 5.07296e+27 8.56931e+09 2.51352e+27 7.42124e+09 2.17677e+27 4.28466e+09 1.25676e+27 3.49897e+08 1.02630e+26 
3.25509e+17 8.93778e+07 2.90933e+25 4.42735e+07 1.44114e+25 3.83420e+07 1.24807e+25 2.21368e+07 7.20571e+24 1.85281e+06 6.03107e+23 
3.61234e+17 2.49908e+05 9.02753e+22 1.23705e+05 4.46865e+22 1.07132e+05 3.86996e+22 6.18525e+04 2.23432e+22 5.47935e+03 1.97933e+21 
4.00881e+17 3.42592e+02 1.37338e+20 1.69281e+02 6.78615e+19 1.46602e+02 5.87698e+19 8.46405e+01 3.39308e+19 8.49027e+00 3.40359e+18 
4.44878e+17 1.90413e-01 8.47104e+16 9.35661e-02 4.16255e+16 8.10306e-02 3.60488e+16 4.67831e-02 2.08128e+16 6.37265e-03 2.83505e+15 
4.93705e+17 1.48509e-05 7.33198e+12 6.79908e-06 3.35674e+12 5.88817e-06 2.90702e+12 3.39954e-06 1.67837e+12 2.07328e-06 1.02359e+12 
5.47890e+17 -1.38024e-08 -7.56218e+09 -7.00338e-09 -3.83708e+09 -6.06511e-09 -3.32301e+09 -3.50169e-09 -1.91854e+09 2.36262e-10 1.29446e+08 
6.08022e+17 -2.70669e-12 -1.64573e+06 -1.35961e-12 -8.26672e+05 -1.17745e-12 -7.15919e+05 -6.79804e-13 -4.13336e+05 2.74437e-15 1.66864e+03 
6.74754e+17 -1.34432e-16 -9.07083e+01 -6.73337e-17 -4.54337e+01 -5.83127e-17 -3.93467e+01 -3.36668e-17 -2.27168e+01 -4.75814e-19 -3.21058e-01 
7.48810e+17 -1.88521e-21 -1.41166e-03 -9.42994e-22 -7.06124e-04 -8.16657e-22 -6.11521e-04 -4.71497e-22 -3.53062e-04 -1.06965e-23 -8.00963e-06 
8.30994e+17 -6.66235e-27 -5.53638e-09 -3.32998e-27 -2.76719e-09 -2.88384e-27 -2.39646e-09 -1.66499e-27 -1.38360e-09 -4.72773e-29 -3.92871e-11 
9.22198e+17 3.94325e-33 3.63646e-15 1.97327e-33 1.81974e-15 1.70890e-33 1.57594e-15 9.86633e-34 9.09871e-16 -1.71200e-35 -1.57880e-17 
1.02341e+18 8.41156e-38 8.60848e-20 4.20509e-38 4.30353e-20 3.64171e-38 3.72697e-20 2.10254e-38 2.15177e-20 2.42497e-40 2.48174e-22 
1.13573e+18 1.93730e-43 2.20025e-25 9.68478e-44 1.09993e-25 8.38727e-44 9.52570e-26 4.84239e-44 5.49966e-26 5.69748e-46 6.47082e-28 
1.26038e+18 1.02741e-49 1.29492e-31 5.13613e-50 6.47349e-32 4.44802e-50 5.60621e-32 2.56807e-50 3.23675e-32 3.01530e-52 3.80044e-34 
1.39871e+18 1.08188e-56 1.51324e-38 5.40845e-57 7.56487e-39 4.68386e-57 6.55137e-39 2.70423e-57 3.78244e-39 3.16931e-59 4.43296e-41 
1.55223e+18 1.89324e-64 2.93874e-46 9.46458e-65 1.46912e-46 8.19657e-65 1.27229e-46 4.73229e-65 7.34558e-47 5.53873e-67 8.59736e-49 
1.72259e+18 4.51850e-73 7.78351e-55 2.25886e-73 3.89108e-55 1.95623e-73 3.36978e-55 1.12943e-73 1.94554e-55 1.32071e-75 2.27503e-57 
1.91164e+18 1.18121e-82 2.25805e-64 5.90502e-83 1.12883e-64 5.11389e-83 9.77595e-65 2.95251e-83 5.64415e-65 3.45064e-85 6.59640e-67 
2.12145e+18 2.65200e-93 5.62610e-75 1.32577e-93 2.81256e-75 1.14815e-93 2.43575e-75 6.62886e-94 1.40628e-75 7.74507e-96 1.64308e-77 
2.35429e+18 3.90445e-105 9.19219e-87 1.95189e-105 4.59530e-87 1.69038e-105 3.97965e-87 9.75943e-106 2.29765e-87 1.14017e-107 2.68428e-89 
2.61268e+18 2.79437e-118 7.30077e-100 1.39694e-118 3.64976e-100 1.20979e-118 3.16078e-100 6.98471e-119 1.82488e-100 8.16019e-121 2.13199e-102 
2.89942e+18 6.97456e-133 2.02222e-114 3.48668e-133 1.01093e-114 3.01955e-133 8.75495e-115 1.74334e-133 5.05467e-115 2.03689e-135 5.90581e-117 
3.21764e+18 4.19984e-149 1.35136e-130 2.09956e-149 6.75563e-131 1.81827e-149 5.85054e-131 1.04978e-149 3.37781e-131 1.22668e-151 3.94700e-133 
3.57079e+18 4.05385e-167 1.44754e-148 2.02658e-167 7.23647e-149 1.75507e-167 6.26696e-149 1.01329e-167 3.61823e-149 1.18416e-169 4.22839e-151 
3.96269e+18 3.98462e-187 1.57898e-168 1.99197e-187 7.89354e-169 1.72509e-187 6.83601e-169 9.95983e-188 3.94677e-169 1.16406e-189 4.61279e-171 
4.39760e+18 2.41071e-209 1.06013e-190 1.20514e-209 5.29975e-191 1.04369e-209 4.58972e-191 6.02572e-210 2.64987e-191 7.04324e-212 3.09734e-193 
4.88025e+18 6.77586e-232 3.30679e-213 3.36610e-232 1.64274e-213 2.91513e-232 1.42266e-213 1.68305e-232 8.21371e-214 1.20055e-233 5.85901e-215 
5.41587e+18 2.06738e-250 1.11967e-231 1.02680e-250 5.56101e-232 8.89233e-251 4.81597e-232 5.13399e-251 2.78050e-232 3.74348e-252 2.02742e-233 
6.01028e+18 6.06730e-271 3.64661e-252 3.01340e-271 1.81114e-252 2.60968e-271 1.56849e-252 1.50670e-271 9.05569e-253 1.09938e-272 6.60756e-254 
6.66992e+18 9.64257e-294 6.43152e-275 4.78912e-294 3.19431e-275 4.14750e-294 2.76635e-275 2.39456e-294 1.59715e-275 1.74692e-295 1.16518e-276 
7.40196e+18 4.66675e-319 3.45430e-300 2.31781e-319 1.71563e-300 2.00729e-319 1.48578e-300 1.15888e-319 8.57816e-301 8.45346e-321 6.25672e-302 
8.21434e+18 0.00000e+00 0.00000e+00 0.00000e+00 0.00000e+00 0.00000e+00 0.00000e+00 0.00000e+00 0.00000e+00 0.00000e+00 0.00000e+00 
9.11589e+18 0.00000e+00 0.00000e+00 0.00000e+00 0.00000e+00 0.00000e+00 0.00000e+00 0.00000e+00 0.00000e+00 0.00000e+00 0.00000e+00 
1.01164e+19 0.00000e+00 0.00000e+00 0.00000e+00 0.00000e+00 0.00000e+00 0.00000e+00 0.00000e+00 0.00000e+00 0.00000e+00 0.00000e+00 
1.12267e+19 0.00000e+00 0.00000e+00 0.00000e+00 0.00000e+00 0.00000e+00 0.00000e+00 0.00000e+00 0.00000e+00 0.00000e+00 0.00000e+00 
1.24588e+19 0.00000e+00 0.00000e+00 0.00000e+00 0.00000e+00 0.00000e+00 0.00000e+00 0.00000e+00 0.00000e+00 0.00000e+00 0.00000e+00 
1.38262e+19 0.00000e+00 0.00000e+00 0.00000e+00 0.00000e+00 0.00000e+00 0.00000e+00 0.00000e+00 0.00000e+00 0.00000e+00 0.00000e+00 
1.53437e+19 0.00000e+00 0.00000e+00 0.00000e+00 0.00000e+00 0.00000e+00 0.00000e+00 0.00000e+00 0.00000e+00 0.00000e+00 0.00000e+00 
1.70277e+19 0.00000e+00 0.00000e+00 0.00000e+00 0.00000e+00 0.00000e+00 0.00000e+00 0.00000e+00 0.00000e+00 0.00000e+00 0.00000e+00 
1.88965e+19 0.00000e+00 0.00000e+00 0.00000e+00 0.00000e+00 0.00000e+00 0.00000e+00 0.00000e+00 0.00000e+00 0.00000e+00 0.00000e+00 
2.09705e+19 0.00000e+00 0.00000e+00 0.00000e+00 0.00000e+00 0.00000e+00 0.00000e+00 0.00000e+00 0.00000e+00 0.00000e+00 0.00000e+00 
2.32720e+19 0.00000e+00 0.00000e+00 0.00000e+00 0.00000e+00 0.00000e+00 0.00000e+00 0.00000e+00 0.00000e+00 0.00000e+00 0.00000e+00 
2.58262e+19 0.00000e+00 0.00000e+00 0.00000e+00 0.00000e+00 0.00000e+00 0.00000e+00 0.00000e+00 0.00000e+00 0.00000e+00 0.00000e+00 
2.86607e+19 0.00000e+00 0.00000e+00 0.00000e+00 0.00000e+00 0.00000e+00 0.00000e+00 0.00000e+00 0.00000e+00 0.00000e+00 0.00000e+00 
3.18063e+19 0.00000e+00 0.00000e+00 0.00000e+00 0.00000e+00 0.00000e+00 0.00000e+00 0.00000e+00 0.00000e+00 0.00000e+00 0.00000e+00 
3.52971e+19 0.00000e+00 0.00000e+00 0.00000e+00 0.00000e+00 0.00000e+00 0.00000e+00 0.00000e+00 0.00000e+00 0.00000e+00 0.00000e+00 
3.91710e+19 0.00000e+00 0.00000e+00 0.00000e+00 0.00000e+00 0.00000e+00 0.00000e+00 0.00000e+00 0.00000e+00 0.00000e+00 0.00000e+00 
4.34701e+19 0.00000e+00 0.00000e+00 0.00000e+00 0.00000e+00 0.00000e+00 0.00000e+00 0.00000e+00 0.00000e+00 0.00000e+00 0.00000e+00 
4.82411e+19 0.00000e+00 0.00000e+00 0.00000e+00 0.00000e+00 0.00000e+00 0.00000e+00 0.00000e+00 0.00000e+00 0.00000e+00 0.00000e+00 
5.35357e+19 0.00000e+00 0.00000e+00 0.00000e+00 0.00000e+00 0.00000e+00 0.00000e+00 0.00000e+00 0.00000e+00 0.00000e+00 0.00000e+00 
5.94113e+19 0.00000e+00 0.00000e+00 0.00000e+00 0.00000e+00 0.00000e+00 0.00000e+00 0.00000e+00 0.00000e+00 0.00000e+00 0.00000e+00 
6.59319e+19 0.00000e+00 0.00000e+00 0.00000e+00 0.00000e+00 0.00000e+00 0.00000e+00 0.00000e+00 0.00000e+00 0.00000e+00 0.00000e+00 
7.31681e+19 0.00000e+00 0.00000e+00 0.00000e+00 0.00000e+00 0.00000e+00 0.00000e+00 0.00000e+00 0.00000e+00 0.00000e+00 0.00000e+00 
8.11984e+19 0.00000e+00 0.00000e+00 0.00000e+00 0.00000e+00 0.00000e+00 0.00000e+00 0.00000e+00 0.00000e+00 0.00000e+00 0.00000e+00 
9.01102e+19 0.00000e+00 0.00000e+00 0.00000e+00 0.00000e+00 0.00000e+00 0.00000e+00 0.00000e+00 0.00000e+00 0.00000e+00 0.00000e+00 
1.00000e+20 0.00000e+00 0.00000e+00 0.00000e+00 0.00000e+00 0.00000e+00 0.00000e+00 0.00000e+00 0.00000e+00 0.00000e+00 0.00000e+00 
