1.00000e+11 2.37073e+20 2.37073e+31 5.09521e+19 5.09521e+30 5.72949e+19 5.72949e+30 6.91131e+19 6.91131e+30 6.78187e+19 6.78187e+30 
1.10975e+11 2.91966e+20 3.24009e+31 6.27498e+19 6.96367e+30 7.05612e+19 7.83055e+30 8.51158e+19 9.44575e+30 8.35216e+19 9.26883e+30 
1.23155e+11 3.59568e+20 4.42826e+31 7.72790e+19 9.51730e+30 8.68991e+19 1.07021e+31 1.04824e+20 1.29096e+31 1.02860e+20 1.26678e+31 
1.36672e+11 4.42823e+20 6.05214e+31 9.51724e+19 1.30074e+31 1.07020e+20 1.46266e+31 1.29095e+20 1.76436e+31 1.26677e+20 1.73131e+31 
1.51672e+11 5.45355e+20 8.27149e+31 1.17209e+20 1.77773e+31 1.31799e+20 1.99902e+31 1.58986e+20 2.41136e+31 1.56008e+20 2.36620e+31 
1.68318e+11 6.71627e+20 1.13047e+32 1.44347e+20 2.42963e+31 1.62316e+20 2.73208e+31 1.95797e+20 3.29562e+31 1.92130e+20 3.23389e+31 
1.86791e+11 8.27134e+20 1.54502e+32 1.77770e+20 3.32058e+31 1.99899e+20 3.73394e+31 2.41132e+20 4.50413e+31 2.36615e+20 4.41977e+31 
2.07292e+11 1.01865e+21 2.11158e+32 2.18930e+20 4.53825e+31 2.46183e+20 5.10318e+31 2.96962e+20 6.15580e+31 2.91400e+20 6.04050e+31 
2.30043e+11 1.25450e+21 2.88589e+32 2.69620e+20 6.20243e+31 3.03183e+20 6.97452e+31 3.65720e+20 8.41313e+31 3.58870e+20 8.25556e+31 
2.55291e+11 1.54496e+21 3.94415e+32 3.32047e+20 8.47686e+31 3.73381e+20 9.53206e+31 4.50396e+20 1.14982e+32 4.41961e+20 1.12829e+32 
2.83310e+11 1.90267e+21 5.39045e+32 4.08927e+20 1.15853e+32 4.59830e+20 1.30274e+32 5.54677e+20 1.57145e+32 5.44289e+20 1.54202e+32 
3.14404e+11 2.34320e+21 7.36710e+32 5.03607e+20 1.58336e+32 5.66295e+20 1.78045e+32 6.83102e+20 2.14770e+32 6.70308e+20 2.10747e+32 
3.48910e+11 2.88572e+21 1.00686e+33 6.20207e+20 2.16396e+32 6.97409e+20 2.43333e+32 8.41259e+20 2.93524e+32 8.25503e+20 2.88026e+32 
3.87204e+11 3.55384e+21 1.37606e+33 7.63802e+20 2.95747e+32 8.58877e+20 3.32561e+32 1.03603e+21 4.01156e+32 1.01663e+21 3.93642e+32 
4.29700e+11 4.37664e+21 1.88064e+33 9.40641e+20 4.04194e+32 1.05773e+21 4.54506e+32 1.27590e+21 5.48253e+32 1.25200e+21 5.37985e+32 
4.76861e+11 5.38992e+21 2.57024e+33 1.15842e+21 5.52406e+32 1.30261e+21 6.21166e+32 1.57129e+21 7.49288e+32 1.54186e+21 7.35255e+32 
5.29198e+11 6.63778e+21 3.51270e+33 1.42662e+21 7.54963e+32 1.60419e+21 8.48934e+32 1.93507e+21 1.02404e+33 1.89883e+21 1.00486e+33 
5.87279e+11 8.17452e+21 4.80072e+33 1.75690e+21 1.03179e+33 1.97558e+21 1.16022e+33 2.38306e+21 1.39952e+33 2.33843e+21 1.37331e+33 
6.51734e+11 1.00670e+22 6.56101e+33 2.16365e+21 1.41012e+33 2.43295e+21 1.58564e+33 2.93476e+21 1.91268e+33 2.87980e+21 1.87686e+33 
7.23263e+11 1.23976e+22 8.96672e+33 2.66455e+21 1.92717e+33 2.99619e+21 2.16703e+33 3.61417e+21 2.61400e+33 3.54649e+21 2.56504e+33 
8.02643e+11 1.52676e+22 1.22545e+34 3.28140e+21 2.63379e+33 3.68981e+21 2.96160e+33 4.45084e+21 3.57244e+33 4.36749e+21 3.50554e+33 
8.90735e+11 1.88020e+22 1.67476e+34 4.04103e+21 3.59949e+33 4.54398e+21 4.04748e+33 5.48118e+21 4.88228e+33 5.37854e+21 4.79085e+33 
9.88496e+11 2.31545e+22 2.28881e+34 4.97650e+21 4.91925e+33 5.59586e+21 5.53148e+33 6.74999e+21 6.67234e+33 6.62359e+21 6.54740e+33 
1.09699e+12 2.85143e+22 3.12798e+34 6.12849e+21 6.72286e+33 6.89119e+21 7.55954e+33 8.31248e+21 9.11867e+33 8.15682e+21 8.94792e+33 
1.21738e+12 3.51147e+22 4.27480e+34 7.54710e+21 9.18771e+33 8.48632e+21 1.03311e+34 1.02366e+22 1.24618e+34 1.00449e+22 1.22285e+34 
1.35099e+12 4.32426e+22 5.84205e+34 9.29403e+21 1.25562e+34 1.04506e+22 1.41187e+34 1.26060e+22 1.70306e+34 1.23699e+22 1.67117e+34 
1.49927e+12 5.32514e+22 7.98382e+34 1.14452e+22 1.71595e+34 1.28695e+22 1.92948e+34 1.55236e+22 2.32741e+34 1.52330e+22 2.28383e+34 
1.66382e+12 6.55764e+22 1.09107e+35 1.40943e+22 2.34503e+34 1.58481e+22 2.63683e+34 1.91165e+22 3.18063e+34 1.87585e+22 3.12108e+34 
1.84642e+12 8.07531e+22 1.49105e+35 1.73563e+22 3.20470e+34 1.95159e+22 3.60346e+34 2.35406e+22 4.34659e+34 2.30998e+22 4.26521e+34 
2.04907e+12 9.94413e+22 2.03763e+35 2.13730e+22 4.37949e+34 2.40322e+22 4.92439e+34 2.89883e+22 5.93991e+34 2.84456e+22 5.82871e+34 
2.27397e+12 1.22453e+23 2.78454e+35 2.63191e+22 5.98486e+34 2.95935e+22 6.72946e+34 3.56962e+22 8.11719e+34 3.50280e+22 7.96524e+34 
2.52354e+12 1.50788e+23 3.80519e+35 3.24093e+22 8.17862e+34 3.64412e+22 9.19607e+34 4.39558e+22 1.10924e+35 4.31330e+22 1.08848e+35 
2.80050e+12 1.85677e+23 5.19988e+35 3.99083e+22 1.11763e+35 4.48727e+22 1.25666e+35 5.41257e+22 1.51579e+35 5.31126e+22 1.48742e+35 
3.10787e+12 2.28634e+23 7.10565e+35 4.91418e+22 1.52726e+35 5.52542e+22 1.71723e+35 6.66476e+22 2.07132e+35 6.54002e+22 2.03255e+35 
3.44896e+12 2.81526e+23 9.70973e+35 6.05105e+22 2.08699e+35 6.80364e+22 2.34655e+35 8.20649e+22 2.83039e+35 8.05290e+22 2.77742e+35 
3.82749e+12 3.46647e+23 1.32679e+36 7.45080e+22 2.85179e+35 8.37739e+22 3.20644e+35 1.01047e+23 3.86755e+35 9.91556e+22 3.79517e+35 
4.24757e+12 4.26822e+23 1.81296e+36 9.17417e+22 3.89679e+35 1.03149e+23 4.38134e+35 1.24416e+23 5.28465e+35 1.22088e+23 5.18577e+35 
4.71375e+12 5.25528e+23 2.47721e+36 1.12959e+23 5.32460e+35 1.27003e+23 5.98661e+35 1.53186e+23 7.22081e+35 1.50320e+23 7.08572e+35 
5.23110e+12 6.47044e+23 3.38475e+36 1.39080e+23 7.27539e+35 1.56369e+23 8.17981e+35 1.88604e+23 9.86607e+35 1.85076e+23 9.68150e+35 
5.80523e+12 7.96634e+23 4.62464e+36 1.71236e+23 9.94061e+35 1.92519e+23 1.11762e+36 2.32204e+23 1.34800e+36 2.27861e+23 1.32278e+36 
6.44236e+12 9.80778e+23 6.31853e+36 2.10820e+23 1.35818e+36 2.37019e+23 1.52696e+36 2.85873e+23 1.84170e+36 2.80527e+23 1.80726e+36 
7.14943e+12 1.20744e+24 8.63252e+36 2.59546e+23 1.85561e+36 2.91794e+23 2.08616e+36 3.51934e+23 2.51612e+36 3.45353e+23 2.46908e+36 
7.93410e+12 1.48643e+24 1.17935e+37 3.19522e+23 2.53512e+36 3.59213e+23 2.85003e+36 4.33242e+23 3.43738e+36 4.25142e+23 3.37312e+36 
8.80488e+12 1.82981e+24 1.61112e+37 3.93340e+23 3.46332e+36 4.42190e+23 3.89343e+36 5.33309e+23 4.69573e+36 5.23341e+23 4.60796e+36 
9.77124e+12 2.25239e+24 2.20086e+37 4.84191e+23 4.73114e+36 5.44307e+23 5.31856e+36 6.56457e+23 6.41440e+36 6.44190e+23 6.29453e+36 
1.08437e+13 2.77242e+24 3.00631e+37 5.95994e+23 6.46276e+36 6.69970e+23 7.26493e+36 8.07995e+23 8.76162e+36 7.92899e+23 8.59793e+36 
1.20338e+13 3.41230e+24 4.10629e+37 7.33571e+23 8.82763e+36 8.24595e+23 9.92299e+36 9.94450e+23 1.19670e+37 9.75877e+23 1.17435e+37 
1.33545e+13 4.19960e+24 5.60836e+37 9.02849e+23 1.20571e+37 1.01484e+24 1.35526e+37 1.22385e+24 1.63439e+37 1.20100e+24 1.60387e+37 
1.48202e+13 5.16816e+24 7.65932e+37 1.11111e+24 1.64669e+37 1.24887e+24 1.85086e+37 1.50604e+24 2.23199e+37 1.47793e+24 2.19033e+37 
1.64468e+13 6.35957e+24 1.04594e+38 1.36730e+24 2.24877e+37 1.53676e+24 2.52747e+37 1.85315e+24 3.04783e+37 1.81857e+24 2.99096e+37 
1.82518e+13 7.82494e+24 1.42819e+38 1.68242e+24 3.07073e+37 1.89083e+24 3.45111e+37 2.28003e+24 4.16148e+37 2.23751e+24 4.08387e+37 
2.02550e+13 9.62697e+24 1.94994e+38 2.06997e+24 4.19272e+37 2.32624e+24 4.71180e+37 2.80496e+24 5.68144e+37 2.75267e+24 5.57553e+37 
2.24781e+13 1.18427e+25 2.66200e+38 2.54651e+24 5.72406e+37 2.86158e+24 6.43228e+37 3.45032e+24 7.75564e+37 3.38603e+24 7.61115e+37 
2.49451e+13 1.45665e+25 3.63363e+38 3.13238e+24 7.81376e+37 3.51968e+24 8.77988e+37 4.24361e+24 1.05857e+38 4.16459e+24 1.03886e+38 
2.76829e+13 1.79144e+25 4.95921e+38 3.85254e+24 1.06649e+38 4.32852e+24 1.19826e+38 5.21853e+24 1.44464e+38 5.12142e+24 1.41775e+38 
3.07211e+13 2.20283e+25 6.76733e+38 4.73757e+24 1.45544e+38 5.32241e+24 1.63510e+38 6.41638e+24 1.97118e+38 6.29707e+24 1.93453e+38 
3.40929e+13 2.70823e+25 9.23312e+38 5.82497e+24 1.98590e+38 6.54337e+24 2.23082e+38 7.88776e+24 2.68916e+38 7.74121e+24 2.63920e+38 
3.78346e+13 3.32896e+25 1.25950e+39 7.16065e+24 2.70921e+38 8.04287e+24 3.04299e+38 9.69463e+24 3.66793e+38 9.51466e+24 3.59983e+38 
4.19871e+13 4.09109e+25 1.71773e+39 8.80085e+24 3.69522e+38 9.88389e+24 4.14996e+38 1.19127e+25 5.00181e+38 1.16918e+25 4.90905e+38 
4.65953e+13 5.02654e+25 2.34213e+39 1.08143e+25 5.03896e+38 1.21434e+25 5.65827e+38 1.46347e+25 6.81909e+38 1.43636e+25 6.69277e+38 
5.17092e+13 6.17427e+25 3.19267e+39 1.32852e+25 6.86965e+38 1.49156e+25 7.71274e+38 1.79738e+25 9.29410e+38 1.76412e+25 9.12213e+38 
5.73844e+13 7.58189e+25 4.35082e+39 1.63160e+25 9.36285e+38 1.83152e+25 1.05101e+39 2.20679e+25 1.26635e+39 2.16601e+25 1.24296e+39 
6.36825e+13 9.30743e+25 5.92720e+39 2.00322e+25 1.27570e+39 2.24824e+25 1.43174e+39 2.70855e+25 1.72487e+39 2.65857e+25 1.69305e+39 
7.06718e+13 1.14216e+26 8.07186e+39 2.45865e+25 1.73757e+39 2.75878e+25 1.94968e+39 3.32314e+25 2.34852e+39 3.26193e+25 2.30526e+39 
7.84282e+13 1.40105e+26 1.09882e+40 3.01648e+25 2.36577e+39 3.38389e+25 2.65392e+39 4.07548e+25 3.19632e+39 4.00055e+25 3.13756e+39 
8.70359e+13 1.71786e+26 1.49516e+40 3.69931e+25 3.21973e+39 4.14879e+25 3.61093e+39 4.99582e+25 4.34816e+39 4.90416e+25 4.26838e+39 
9.65883e+13 2.10529e+26 2.03346e+40 4.53462e+25 4.37991e+39 5.08406e+25 4.91061e+39 6.12084e+25 5.91201e+39 6.00879e+25 5.80379e+39 
1.07189e+14 2.57869e+26 2.76407e+40 5.55565e+25 5.95506e+39 6.22675e+25 6.67440e+39 7.49489e+25 8.03371e+39 7.35804e+25 7.88702e+39 
1.18953e+14 3.15663e+26 3.75491e+40 6.80268e+25 8.09202e+39 7.62158e+25 9.06613e+39 9.17155e+25 1.09099e+40 9.00455e+25 1.07112e+40 
1.32009e+14 3.86150e+26 5.09752e+40 8.32430e+25 1.09888e+40 9.32252e+25 1.23065e+40 1.12153e+26 1.48052e+40 1.10117e+26 1.45365e+40 
1.46497e+14 4.72025e+26 6.91503e+40 1.01790e+26 1.49120e+40 1.13944e+26 1.66925e+40 1.37036e+26 2.00755e+40 1.34558e+26 1.97123e+40 
1.62576e+14 5.76518e+26 9.37278e+40 1.24372e+26 2.02199e+40 1.39151e+26 2.26225e+40 1.67294e+26 2.71979e+40 1.64279e+26 2.67078e+40 
1.80419e+14 7.03493e+26 1.26923e+41 1.51831e+26 2.73931e+40 1.69774e+26 3.06303e+40 2.04031e+26 3.68111e+40 2.00371e+26 3.61506e+40 
2.00220e+14 8.57552e+26 1.71699e+41 1.85170e+26 3.70748e+40 2.06920e+26 4.14296e+40 2.48566e+26 4.97679e+40 2.44128e+26 4.88792e+40 
2.22195e+14 1.04415e+27 2.32005e+41 2.25587e+26 5.01242e+40 2.51902e+26 5.59713e+40 3.02454e+26 6.72036e+40 2.97082e+26 6.60099e+40 
2.46581e+14 1.26974e+27 3.13094e+41 2.74493e+26 6.76849e+40 3.06266e+26 7.55195e+40 3.67527e+26 9.06251e+40 3.61037e+26 8.90249e+40 
2.73644e+14 1.54188e+27 4.21925e+41 3.33556e+26 9.12756e+40 3.71828e+26 1.01749e+41 4.45928e+26 1.22026e+41 4.38106e+26 1.19885e+41 
3.03677e+14 1.86939e+27 5.67690e+41 4.04724e+26 1.22906e+41 4.50704e+26 1.36869e+41 5.40147e+26 1.64030e+41 5.30740e+26 1.61174e+41 
3.37006e+14 2.26249e+27 7.62473e+41 4.90266e+26 1.65223e+41 5.45340e+26 1.83783e+41 6.53051e+26 2.20082e+41 6.41769e+26 2.16280e+41 
3.73994e+14 2.73290e+27 1.02209e+42 5.92797e+26 2.21702e+41 6.58542e+26 2.46291e+41 7.87911e+26 2.94674e+41 7.74420e+26 2.89628e+41 
4.15040e+14 3.29395e+27 1.36712e+42 7.15309e+26 2.96882e+41 7.93492e+26 3.29331e+41 9.48417e+26 3.93631e+41 9.32336e+26 3.86957e+41 
4.60592e+14 3.96058e+27 1.82421e+42 8.61188e+26 3.96656e+41 9.53757e+26 4.39293e+41 1.13867e+27 5.24462e+41 1.11957e+27 5.15665e+41 
5.11143e+14 4.74931e+27 2.42758e+42 1.03422e+27 5.28633e+41 1.14327e+27 5.84377e+41 1.36315e+27 6.96766e+41 1.34056e+27 6.85216e+41 
5.67243e+14 5.67809e+27 3.22085e+42 1.23856e+27 7.02562e+41 1.36631e+27 7.75030e+41 1.62666e+27 9.22712e+41 1.60004e+27 9.07613e+41 
6.29499e+14 6.76596e+27 4.25916e+42 1.47871e+27 9.30848e+41 1.62739e+27 1.02444e+42 1.93419e+27 1.21757e+42 1.90298e+27 1.19792e+42 
6.98588e+14 8.03257e+27 5.61146e+42 1.75944e+27 1.22912e+42 1.93117e+27 1.34909e+42 2.29076e+27 1.60029e+42 2.25434e+27 1.57485e+42 
7.75260e+14 9.49741e+27 7.36296e+42 2.08564e+27 1.61691e+42 2.28226e+27 1.76935e+42 2.70113e+27 2.09407e+42 2.65885e+27 2.06130e+42 
8.60346e+14 1.11788e+28 9.61765e+42 2.46216e+27 2.11831e+42 2.68499e+27 2.31002e+42 3.16951e+27 2.72687e+42 3.12070e+27 2.68488e+42 
9.54772e+14 1.30926e+28 1.25004e+43 2.89360e+27 2.76273e+42 3.14310e+27 3.00095e+42 3.69911e+27 3.53181e+42 3.64305e+27 3.47828e+42 
1.05956e+15 1.52504e+28 1.61587e+43 3.38401e+27 3.58556e+42 3.65939e+27 3.87735e+42 4.29166e+27 4.54727e+42 4.22756e+27 4.47936e+42 
1.17585e+15 1.76580e+28 2.07632e+43 3.93658e+27 4.62883e+42 4.23532e+27 4.98010e+42 4.94681e+27 5.81670e+42 4.87383e+27 5.73089e+42 
1.30490e+15 2.03134e+28 2.65070e+43 4.55333e+27 5.94165e+42 4.87059e+27 6.35565e+42 5.66165e+27 7.38790e+42 5.57873e+27 7.27970e+42 
1.44812e+15 2.32049e+28 3.36034e+43 5.23480e+27 7.58060e+42 5.56286e+27 8.05567e+42 6.43017e+27 9.31165e+42 6.33593e+27 9.17518e+42 
1.60705e+15 2.63096e+28 4.22809e+43 5.97983e+27 9.60991e+42 6.30747e+27 1.01364e+43 7.24297e+27 1.16398e+43 7.13545e+27 1.14670e+43 
1.78343e+15 2.95931e+28 5.27773e+43 6.78552e+27 1.21015e+43 7.09753e+27 1.26580e+43 8.08723e+27 1.44230e+43 7.96349e+27 1.42023e+43 
1.97917e+15 3.30098e+28 6.53319e+43 7.64725e+27 1.51352e+43 7.92412e+27 1.56832e+43 8.94704e+27 1.77077e+43 8.80263e+27 1.74219e+43 
2.19639e+15 3.65039e+28 8.01766e+43 8.55902e+27 1.87989e+43 8.77694e+27 1.92775e+43 9.80417e+27 2.15337e+43 9.63233e+27 2.11563e+43 
2.43744e+15 4.00126e+28 9.75284e+43 9.51381e+27 2.31894e+43 9.64507e+27 2.35093e+43 1.06392e+28 2.59324e+43 1.04299e+28 2.54224e+43 
2.70496e+15 4.34688e+28 1.17581e+44 1.05039e+28 2.84127e+43 1.05179e+28 2.84506e+43 1.14328e+28 3.09252e+43 1.11717e+28 3.02191e+43 
3.00184e+15 4.68041e+28 1.40498e+44 1.15212e+28 3.45849e+43 1.13859e+28 3.41785e+43 1.21669e+28 3.65231e+43 1.18341e+28 3.55240e+43 
3.33129e+15 4.99508e+28 1.66401e+44 1.25569e+28 4.18308e+43 1.22406e+28 4.07771e+43 1.28256e+28 4.27260e+43 1.23942e+28 4.12888e+43 
3.69691e+15 5.28418e+28 1.95352e+44 1.36008e+28 5.02811e+43 1.30747e+28 4.83359e+43 1.33952e+28 4.95210e+43 1.28306e+28 4.74335e+43 
4.10266e+15 5.54105e+28 2.27330e+44 1.46406e+28 6.00652e+43 1.38807e+28 5.69476e+43 1.38638e+28 5.68784e+43 1.31229e+28 5.38389e+43 
4.55294e+15 5.75897e+28 2.62202e+44 1.56607e+28 7.13022e+43 1.46502e+28 6.67012e+43 1.42206e+28 6.47453e+43 1.32524e+28 6.03374e+43 
5.05263e+15 5.93143e+28 2.99693e+44 1.66429e+28 8.40902e+43 1.53731e+28 7.76744e+43 1.44560e+28 7.30407e+43 1.32024e+28 6.67066e+43 
5.60717e+15 6.05277e+28 3.39389e+44 1.75667e+28 9.84993e+43 1.60381e+28 8.99284e+43 1.45626e+28 8.16552e+43 1.29603e+28 7.26707e+43 
6.22257e+15 6.11925e+28 3.80774e+44 1.84125e+28 1.14573e+44 1.66345e+28 1.03509e+44 1.45378e+28 9.04624e+43 1.25215e+28 7.79159e+43 
6.90551e+15 6.13036e+28 4.23333e+44 1.91649e+28 1.32344e+44 1.71544e+28 1.18460e+44 1.43864e+28 9.93452e+43 1.18927e+28 8.21255e+43 
7.66341e+15 6.08984e+28 4.66689e+44 1.98153e+28 1.51853e+44 1.75954e+28 1.34841e+44 1.41235e+28 1.08234e+44 1.10957e+28 8.50312e+43 
8.50449e+15 6.00583e+28 5.10765e+44 2.03637e+28 1.73183e+44 1.79616e+28 1.52754e+44 1.37751e+28 1.17150e+44 1.01678e+28 8.64718e+43 
9.43788e+15 5.88978e+28 5.55870e+44 2.08167e+28 1.96466e+44 1.82615e+28 1.72350e+44 1.33746e+28 1.26228e+44 9.15904e+27 8.64419e+43 
1.04737e+16 5.75415e+28 6.02673e+44 2.11830e+28 2.21864e+44 1.85040e+28 1.93806e+44 1.29576e+28 1.35714e+44 8.12621e+27 8.51116e+43 
1.16232e+16 5.60941e+28 6.51994e+44 2.14656e+28 2.49499e+44 1.86919e+28 2.17260e+44 1.25529e+28 1.45905e+44 7.12405e+27 8.28044e+43 
1.28989e+16 5.46111e+28 7.04423e+44 2.16546e+28 2.79321e+44 1.88149e+28 2.42691e+44 1.21756e+28 1.57051e+44 6.19692e+27 7.99335e+43 
1.43146e+16 5.30808e+28 7.59830e+44 2.17215e+28 3.10934e+44 1.88457e+28 2.69768e+44 1.18217e+28 1.69223e+44 5.37271e+27 7.69082e+43 
1.58857e+16 5.14224e+28 8.16879e+44 2.16185e+28 3.43423e+44 1.87398e+28 2.97694e+44 1.14681e+28 1.82178e+44 4.66064e+27 7.40374e+43 
1.76291e+16 4.95036e+28 8.72705e+44 2.12843e+28 3.75224e+44 1.84410e+28 3.25100e+44 1.10768e+28 1.95275e+44 4.05320e+27 7.14545e+43 
1.95640e+16 4.71725e+28 9.22881e+44 2.06563e+28 4.04119e+44 1.78924e+28 3.50047e+44 1.06044e+28 2.07465e+44 3.53129e+27 6.90861e+43 
2.17112e+16 4.42985e+28 9.61772e+44 1.96856e+28 4.27398e+44 1.70496e+28 3.70167e+44 1.00125e+28 2.17382e+44 3.07095e+27 6.66739e+43 
2.40940e+16 4.08107e+28 9.83294e+44 1.83529e+28 4.42194e+44 1.58945e+28 3.82963e+44 9.27743e+27 2.23531e+44 2.64991e+27 6.38471e+43 
2.67384e+16 3.67252e+28 9.81973e+44 1.66784e+28 4.45954e+44 1.44440e+28 3.86211e+44 8.39786e+27 2.24545e+44 2.25254e+27 6.02294e+43 
2.96730e+16 3.21537e+28 9.54099e+44 1.47253e+28 4.36943e+44 1.27525e+28 3.78405e+44 7.39611e+27 2.19465e+44 1.87221e+27 5.55541e+43 
3.29297e+16 2.72912e+28 8.98692e+44 1.25926e+28 4.14671e+44 1.09055e+28 3.59116e+44 6.31518e+27 2.07957e+44 1.51095e+27 4.97553e+43 
3.65438e+16 2.23841e+28 8.18002e+44 1.04014e+28 3.80106e+44 9.00784e+27 3.29181e+44 5.21123e+27 1.90438e+44 1.17680e+27 4.30048e+43 
4.05546e+16 1.76888e+28 7.17364e+44 8.27589e+27 3.35626e+44 7.16713e+27 2.90660e+44 4.14376e+27 1.68048e+44 8.79891e+26 3.56836e+43 
4.50056e+16 1.34298e+28 6.04415e+44 6.32580e+27 2.84696e+44 5.47831e+27 2.46554e+44 3.16603e+27 1.42489e+44 6.28741e+26 2.82968e+43 
4.99451e+16 9.76803e+27 4.87865e+44 4.63192e+27 2.31342e+44 4.01136e+27 2.00348e+44 2.31758e+27 1.15752e+44 4.27662e+26 2.13596e+43 
5.54266e+16 6.78571e+27 3.76109e+44 3.23900e+27 1.79527e+44 2.80505e+27 1.55475e+44 1.62030e+27 8.98076e+43 2.75888e+26 1.52916e+43 
6.15099e+16 4.48719e+27 2.76006e+44 2.15555e+27 1.32588e+44 1.86677e+27 1.14824e+44 1.07815e+27 6.63166e+43 1.68220e+26 1.03472e+43 
6.82607e+16 2.81372e+27 1.92066e+44 1.35985e+27 9.28240e+43 1.17766e+27 8.03880e+43 6.80078e+26 4.64226e+43 9.66269e+25 6.59582e+42 
7.57525e+16 1.66564e+27 1.26177e+44 8.09495e+26 6.13212e+43 7.01043e+26 5.31058e+43 4.04807e+26 3.06651e+43 5.21198e+25 3.94820e+42 
8.40665e+16 9.25999e+26 7.78455e+43 4.52287e+26 3.80222e+43 3.91692e+26 3.29282e+43 2.26163e+26 1.90128e+43 2.63148e+25 2.21219e+42 
9.32930e+16 4.80492e+26 4.48266e+43 2.35707e+26 2.19899e+43 2.04129e+26 1.90438e+43 1.17860e+26 1.09955e+43 1.23943e+25 1.15630e+42 
1.03532e+17 2.31020e+26 2.39180e+43 1.13740e+26 1.17758e+43 9.85021e+25 1.01981e+43 5.68717e+25 5.88805e+42 5.42461e+24 5.61622e+41 
1.14895e+17 1.02046e+26 1.17246e+43 5.03893e+25 5.78948e+42 4.36384e+25 5.01384e+42 2.51949e+25 2.89477e+42 2.19520e+24 2.52218e+41 
1.27505e+17 4.10047e+25 5.22830e+42 2.02941e+25 2.58760e+42 1.75752e+25 2.24093e+42 1.01471e+25 1.29381e+42 8.15875e+23 1.04028e+41 
1.41499e+17 1.48199e+25 2.09700e+42 7.34729e+24 1.03964e+42 6.36294e+24 9.00351e+41 3.67365e+24 5.19819e+41 2.75980e+23 3.90510e+40 
1.57029e+17 4.75622e+24 7.46864e+41 2.36092e+24 3.70733e+41 2.04462e+24 3.21064e+41 1.18046e+24 1.85367e+41 8.39632e+22 1.31847e+40 
1.74263e+17 1.33608e+24 2.32830e+41 6.63784e+23 1.15673e+41 5.74853e+23 1.00176e+41 3.31892e+23 5.78366e+40 2.26382e+22 3.94500e+39 
1.93389e+17 3.23292e+23 6.25211e+40 1.60708e+23 3.10791e+40 1.39177e+23 2.69153e+40 8.03539e+22 1.55396e+40 5.31537e+21 1.02793e+39 
2.14614e+17 6.61935e+22 1.42061e+40 3.29169e+22 7.06442e+39 2.85068e+22 6.11797e+39 1.64584e+22 3.53221e+39 1.06544e+21 2.28658e+38 
2.38169e+17 1.12444e+22 2.67806e+39 5.59294e+21 1.33206e+39 4.84363e+21 1.15360e+39 2.79647e+21 6.66031e+38 1.78360e+20 4.24798e+37 
2.64308e+17 1.55055e+21 4.09824e+38 7.71353e+20 2.03875e+38 6.68012e+20 1.76561e+38 3.85677e+20 1.01937e+38 2.43502e+19 6.43596e+36 
2.93317e+17 1.69428e+20 4.96961e+37 8.42932e+19 2.47246e+37 7.30000e+19 2.14121e+37 4.21466e+19 1.23623e+37 2.64225e+18 7.75015e+35 
3.25509e+17 1.42835e+19 4.64939e+36 7.10667e+18 2.31328e+36 6.15456e+18 2.00336e+36 3.55333e+18 1.15664e+36 2.21623e+17 7.21404e+34 
3.61234e+17 9.01963e+17 3.25820e+35 4.48787e+17 1.62117e+35 3.88661e+17 1.40398e+35 2.24394e+17 8.10586e+34 1.39400e+16 5.03561e+33 
4.00881e+17 4.12902e+16 1.65524e+34 2.05453e+16 8.23622e+33 1.77928e+16 7.13277e+33 1.02727e+16 4.11811e+33 6.36077e+14 2.54991e+32 
4.44878e+17 1.32159e+15 5.87949e+32 6.57623e+14 2.92562e+32 5.69518e+14 2.53366e+32 3.28812e+14 1.46281e+32 2.03014e+13 9.03164e+30 
4.93705e+17 2.84172e+13 1.40297e+31 1.41407e+13 6.98135e+30 1.22462e+13 6.04603e+30 7.07037e+12 3.49067e+30 4.35389e+11 2.14953e+29 
5.47890e+17 3.92740e+11 2.15178e+29 1.95437e+11 1.07078e+29 1.69253e+11 9.27320e+28 9.77183e+10 5.35389e+28 6.00251e+09 3.28872e+27 
6.08022e+17 3.32235e+09 2.02006e+27 1.65332e+09 1.00525e+27 1.43182e+09 8.70576e+26 8.26659e+08 5.02627e+26 5.06580e+07 3.08012e+25 
6.74754e+17 1.62976e+07 1.09969e+25 8.11043e+06 5.47255e+24 7.02384e+06 4.73937e+24 4.05521e+06 2.73627e+24 2.47931e+05 1.67293e+23 
7.48810e+17 4.36659e+04 3.26975e+22 2.17306e+04 1.62721e+22 1.88193e+04 1.40921e+22 1.08653e+04 8.13606e+21 6.62799e+02 4.96311e+20 
8.30994e+17 5.98008e+01 4.96941e+19 2.97609e+01 2.47312e+19 2.57737e+01 2.14178e+19 1.48805e+01 1.23656e+19 9.05740e-01 7.52665e+17 
9.22198e+17 3.88958e-02 3.58696e+16 1.93576e-02 1.78515e+16 1.67642e-02 1.54599e+16 9.67880e-03 8.92577e+15 5.87875e-04 5.42137e+14 
1.02341e+18 1.10750e-05 1.13343e+13 5.51189e-06 5.64094e+12 4.77344e-06 4.88519e+12 2.75595e-06 2.82047e+12 1.67049e-07 1.70960e+11 
1.13573e+18 1.26118e-09 1.43236e+09 6.27686e-10 7.12884e+08 5.43592e-10 6.17376e+08 3.13843e-10 3.56442e+08 1.89858e-11 2.15628e+07 
1.26038e+18 5.19587e-14 6.54879e+04 2.58602e-14 3.25938e+04 2.23956e-14 2.82270e+04 1.29301e-14 1.62969e+04 7.80709e-16 9.83992e+02 
1.39871e+18 6.92987e-19 9.69289e-01 3.44910e-19 4.82431e-01 2.98701e-19 4.17797e-01 1.72455e-19 2.41215e-01 1.03926e-20 1.45363e-02 
1.55223e+18 2.64674e-24 4.10833e-06 1.31735e-24 2.04482e-06 1.14086e-24 1.77087e-06 6.58675e-25 1.02241e-06 3.96025e-26 6.14720e-08 
1.72259e+18 2.53411e-30 4.36522e-12 1.26133e-30 2.17275e-12 1.09235e-30 1.88166e-12 6.30666e-31 1.08638e-12 3.77707e-32 6.50633e-14 
1.91164e+18 5.31826e-37 1.01666e-18 2.64733e-37 5.06075e-19 2.29265e-37 4.38274e-19 1.32366e-37 2.53038e-19 7.84630e-39 1.49993e-20 
2.12145e+18 2.23377e-44 4.73883e-26 1.11221e-44 2.35949e-26 9.63200e-45 2.04338e-26 5.56104e-45 1.17975e-26 3.18619e-46 6.75934e-28 
2.35429e+18 2.02847e-52 4.77561e-34 1.01063e-52 2.37932e-34 8.75235e-53 2.06055e-34 5.05317e-53 1.18966e-34 2.64413e-54 6.22504e-36 
2.61268e+18 4.58761e-61 1.19859e-42 2.28716e-61 5.97560e-43 1.98074e-61 5.17502e-43 1.14358e-61 2.98780e-43 5.41629e-63 1.41510e-44 
2.89942e+18 1.79935e-70 5.21707e-52 8.97254e-71 2.60152e-52 7.77045e-71 2.25298e-52 4.48627e-71 1.30076e-52 2.05882e-72 5.96939e-54 
3.21764e+18 7.23746e-81 2.32875e-62 3.60909e-81 1.16128e-62 3.12556e-81 1.00569e-62 1.80454e-81 5.80638e-63 8.26531e-83 2.65948e-64 
3.57079e+18 2.08585e-92 7.44814e-74 1.04015e-92 3.71414e-74 9.00793e-93 3.21654e-74 5.20073e-93 1.85707e-74 2.38658e-94 8.52197e-76 
3.96269e+18 3.16111e-105 1.25265e-86 1.57634e-105 6.24653e-87 1.36515e-105 5.40965e-87 7.88168e-106 3.12326e-87 3.62162e-107 1.43513e-88 
4.39760e+18 1.81695e-119 7.99024e-101 9.06051e-120 3.98445e-101 7.84663e-120 3.45064e-101 4.53025e-120 1.99223e-101 2.08292e-121 9.15985e-103 
4.88025e+18 2.76323e-135 1.34853e-116 1.37793e-135 6.72463e-117 1.19332e-135 5.82370e-117 6.88963e-136 3.36231e-117 3.16832e-137 1.54622e-118 
5.41587e+18 7.46009e-153 4.04029e-134 3.72009e-153 2.01475e-134 3.22169e-153 1.74483e-134 1.86004e-153 1.00738e-134 8.55364e-155 4.63254e-136 
6.01028e+18 2.29656e-172 1.38030e-153 1.14522e-172 6.88307e-154 9.91787e-173 5.96091e-154 5.72608e-173 3.44153e-154 2.63296e-174 1.58248e-155 
6.66992e+18 4.93312e-194 3.29035e-175 2.45998e-194 1.64079e-175 2.13041e-194 1.42097e-175 1.22999e-194 8.20395e-176 5.65510e-196 3.77190e-177 
7.40196e+18 4.28741e-218 3.17353e-199 2.13799e-218 1.58253e-199 1.85155e-218 1.37051e-199 1.06900e-218 7.91266e-200 4.91438e-220 3.63761e-201 
8.21434e+18 8.23478e-245 6.76433e-226 4.10642e-245 3.37315e-226 3.55626e-245 2.92124e-226 2.05321e-245 1.68658e-226 9.43823e-247 7.75289e-228 
9.11589e+18 1.78676e-274 1.62879e-255 8.90998e-275 8.12224e-256 7.71627e-275 7.03407e-256 4.45499e-275 4.06112e-256 2.04788e-276 1.86683e-257 
1.01164e+19 1.07658e-315 1.08911e-296 5.36638e-316 5.42883e-297 4.64742e-316 4.70151e-297 2.68319e-316 2.71442e-297 1.32511e-317 1.34054e-298 
1.12267e+19 0.00000e+00 0.00000e+00 0.00000e+00 0.00000e+00 0.00000e+00 0.00000e+00 0.00000e+00 0.00000e+00 0.00000e+00 0.00000e+00 
1.24588e+19 0.00000e+00 0.00000e+00 0.00000e+00 0.00000e+00 0.00000e+00 0.00000e+00 0.00000e+00 0.00000e+00 0.00000e+00 0.00000e+00 
1.38262e+19 0.00000e+00 0.00000e+00 0.00000e+00 0.00000e+00 0.00000e+00 0.00000e+00 0.00000e+00 0.00000e+00 0.00000e+00 0.00000e+00 
1.53437e+19 0.00000e+00 0.00000e+00 0.00000e+00 0.00000e+00 0.00000e+00 0.00000e+00 0.00000e+00 0.00000e+00 0.00000e+00 0.00000e+00 
1.70277e+19 0.00000e+00 0.00000e+00 0.00000e+00 0.00000e+00 0.00000e+00 0.00000e+00 0.00000e+00 0.00000e+00 0.00000e+00 0.00000e+00 
1.88965e+19 0.00000e+00 0.00000e+00 0.00000e+00 0.00000e+00 0.00000e+00 0.00000e+00 0.00000e+00 0.00000e+00 0.00000e+00 0.00000e+00 
2.09705e+19 0.00000e+00 0.00000e+00 0.00000e+00 0.00000e+00 0.00000e+00 0.00000e+00 0.00000e+00 0.00000e+00 0.00000e+00 0.00000e+00 
2.32720e+19 0.00000e+00 0.00000e+00 0.00000e+00 0.00000e+00 0.00000e+00 0.00000e+00 0.00000e+00 0.00000e+00 0.00000e+00 0.00000e+00 
2.58262e+19 0.00000e+00 0.00000e+00 0.00000e+00 0.00000e+00 0.00000e+00 0.00000e+00 0.00000e+00 0.00000e+00 0.00000e+00 0.00000e+00 
2.86607e+19 0.00000e+00 0.00000e+00 0.00000e+00 0.00000e+00 0.00000e+00 0.00000e+00 0.00000e+00 0.00000e+00 0.00000e+00 0.00000e+00 
3.18063e+19 0.00000e+00 0.00000e+00 0.00000e+00 0.00000e+00 0.00000e+00 0.00000e+00 0.00000e+00 0.00000e+00 0.00000e+00 0.00000e+00 
3.52971e+19 0.00000e+00 0.00000e+00 0.00000e+00 0.00000e+00 0.00000e+00 0.00000e+00 0.00000e+00 0.00000e+00 0.00000e+00 0.00000e+00 
3.91710e+19 0.00000e+00 0.00000e+00 0.00000e+00 0.00000e+00 0.00000e+00 0.00000e+00 0.00000e+00 0.00000e+00 0.00000e+00 0.00000e+00 
4.34701e+19 0.00000e+00 0.00000e+00 0.00000e+00 0.00000e+00 0.00000e+00 0.00000e+00 0.00000e+00 0.00000e+00 0.00000e+00 0.00000e+00 
4.82411e+19 0.00000e+00 0.00000e+00 0.00000e+00 0.00000e+00 0.00000e+00 0.00000e+00 0.00000e+00 0.00000e+00 0.00000e+00 0.00000e+00 
5.35357e+19 0.00000e+00 0.00000e+00 0.00000e+00 0.00000e+00 0.00000e+00 0.00000e+00 0.00000e+00 0.00000e+00 0.00000e+00 0.00000e+00 
5.94113e+19 0.00000e+00 0.00000e+00 0.00000e+00 0.00000e+00 0.00000e+00 0.00000e+00 0.00000e+00 0.00000e+00 0.00000e+00 0.00000e+00 
6.59319e+19 0.00000e+00 0.00000e+00 0.00000e+00 0.00000e+00 0.00000e+00 0.00000e+00 0.00000e+00 0.00000e+00 0.00000e+00 0.00000e+00 
7.31681e+19 0.00000e+00 0.00000e+00 0.00000e+00 0.00000e+00 0.00000e+00 0.00000e+00 0.00000e+00 0.00000e+00 0.00000e+00 0.00000e+00 
8.11984e+19 0.00000e+00 0.00000e+00 0.00000e+00 0.00000e+00 0.00000e+00 0.00000e+00 0.00000e+00 0.00000e+00 0.00000e+00 0.00000e+00 
9.01102e+19 0.00000e+00 0.00000e+00 0.00000e+00 0.00000e+00 0.00000e+00 0.00000e+00 0.00000e+00 0.00000e+00 0.00000e+00 0.00000e+00 
1.00000e+20 0.00000e+00 0.00000e+00 0.00000e+00 0.00000e+00 0.00000e+00 0.00000e+00 0.00000e+00 0.00000e+00 0.00000e+00 0.00000e+00 
